0.025871742419406128,1.1269147363157304
-0.23679548740198678,0.11683456154766393
1.507048661040499,1.023015103599008
1.3235652324710294,0.3637856671782503
0.08040685080357764,-0.3143002970640237
-0.8524123520179484,0.192780969918707
-0.3665576686347247,1.0406226750567407
-0.4688867974061996,-1.0717109873740518
1.1321825733159194,-0.611579321390795
0.14910553395080206,0.03339946317345773
1.0784676362401162,-0.1974365000741986
-0.13974636091005743,0.4573016858954851
0.6817809812778581,-0.9652297354758634
0.586065932322967,-0.41653754464139875
-0.7493628754270923,0.5607422917148686
0.0729615808784395,-0.6989954179460147
-1.2951180358250765,1.416004756448827
-0.46307069343699014,1.996467984114611
-0.728982951359042,0.10963363680590169
2.3142059423798744,0.9786041076450019
0.5805922303873217,-1.1903308236898302
0.37210750033634576,-0.1543469907251845
-0.5997182459375007,-2.8808044443893763
1.7258386821649372,-0.30533684431251984
0.06296655612459638,-0.4997524081179405
-2.0930506776653504,0.48014877327734384
-1.9960683417192673,-0.5348900057865977
-0.26463922045348504,-1.2275746837584836
1.1256376369227232,-1.197065764147872
0.584809884195144,-1.9622100399926825
0.9974762417460885,1.363144786728827
0.7673911269185408,-1.0230219598298995
0.2312541517605235,-0.9391391553616463
0.1912343018965371,1.0439295723698598
-0.11409176735193172,2.862087241688076
-0.8849636821508174,-0.13484644589449007
0.5627155474010754,-1.5117269041453718
0.5491685808222506,0.10193560910132998
-0.8518091043706,-0.260381419728872
0.044761683455952585,0.28487511534875337
-0.2934514017847023,1.3854040281309052
0.6927821921024457,0.6396331866737122
-1.207408869153677,-0.5529104178619446
-1.301517664471077,-0.3912198092778426
0.6473483345257466,-0.5088808538215768
-0.582718801227464,0.2910516305597792
1.5766132540927158,2.4225748684879123
-0.7988328330982987,0.960740632837564
-0.08179891668570202,-0.09268111843367675
1.9733017321088573,0.09672106491003056
-0.8079622375221212,-0.03644053577392651
-0.025903596031944184,1.6722703896916438
-1.0671686454451714,-0.8172585989759256
-0.6127240628909673,-1.2682971757808283
-0.9340926676047332,0.9804683707639054
0.1733785097005645,-0.7834177274574289
-0.5275646934005805,-0.33158886455638786
-0.18400392019878767,-0.7808636334315163
-0.7896475859912255,1.0636771598191213
-1.1535503869821921,-1.7105352211636087
-0.3019602247412073,0.2794595049437681
-0.049224250493329576,-0.1592022713095616
1.226921382464154,0.7685356296673929
-0.8426629198533112,-1.3591295643360832
-0.28996229075855007,0.54712245392053
0.8205923603160231,0.6180871034188499
-0.626943435404929,-0.1119377036661723
0.9957150130213797,-1.2176493574682565
-0.05995692042660504,-0.6072398843895159
0.8174886595051312,-0.03419473307056437
0.05122287834873342,-0.7837963601196094
-2.5798824998755703,-1.5962430486389616
1.0958974828131038,0.9306297626354156
0.6327009903630498,-0.14138941785147882
-0.6119578379609886,0.8360311301199256
0.321084600121421,-0.2740063945951786
1.1369475817777352,0.7090314947479545
0.32263916936671566,0.970452542369099
-0.656527637033646,1.1425047178331744
2.061037254876227,-0.10406839535476833
-2.163092374283783,0.44753522473179275
-1.285212646304883,-0.8034715143731341
0.16131494514651165,0.5922471151489228
-2.670547814349241,-0.3994140239880228
-0.87766946934829,0.6806971854859254
-1.0199305411938604,0.43612408422622195
0.891482012079723,1.3883414942604724
0.4157871152530699,2.0799067859802625
0.9265343894681999,-0.17714400164347602
-0.9526490718629382,-0.9557640891882042
0.21282301477235704,-0.5325672821448585
1.2649590126911179,-1.9219541961700004
0.6318278785384337,-2.0575286922445435
1.0493406949682593,-0.437822936913981
0.61260282907521,-0.1151334126353919
0.8254403313875524,0.541143762167091
-2.2492026936617053,-0.12335490662962592
-0.5664650851723335,-0.06434862325991503
-0.2699582969118208,-0.978674250588965
-1.783780839726213,-1.4860978162925684
0.22924764654957078,-0.5347490709908884
-1.3884429292027458,-1.2573096381144266
1.499759279523915,0.8755356972542079
-0.2789035630324581,-0.5816289669718078
2.7044133957146514,-1.9275682133195589
0.2768445095599365,0.2432874660054389
-2.7338154124771803,1.18948384771392
-0.16869064551309954,-0.29147711917113583
1.3708842105937595,-0.14596408601445596
1.575520898015953,0.7385008647220636
-2.080835195374831,0.42353562268737543
0.6087098462409762,-0.5576889792280786
-0.4211178554815851,-1.418736325181868
-0.9431247104371447,-1.4337417510800166
-1.2361305217555227,-0.5791395750622511
-0.3548803503288077,-0.8570627075469127
0.6288880093567825,-1.3929301051285794
2.049343101881489,1.377815123832898
-0.5650954084741451,0.1871936833578085
-0.41455950148486354,-0.24641274876718472
0.891222973847466,1.285242573859987
-0.7035695968434955,-2.121535815216814
0.6511126983837116,1.1000500920202916
0.0412823820406767,-0.41291297680986117
-2.145518166885446,-0.02520608144030338
-1.2444784594578202,-1.88110240545971
1.9294650462425353,0.49428701992500795
-0.4028508469459683,0.8414181033924771
-1.3623960888013094,-0.5842088952592879
-0.008071954097714048,-0.1126469558271837
-1.5426690365686144,-2.001703592978641
-0.15079998572611228,1.9125199744354868
-1.881829769294343,1.950303464330347
1.5572391599181061,0.1622313511337922
-0.5731454703888638,-0.024723981225488214
1.0307810169918876,0.2284061974211963
0.07824638813872306,-1.3204505701518585
0.31608729606125024,-1.0953638856049555
-1.536686210141432,0.26567659079363615
-1.2171594624189777,1.1648858116377487
-0.3099513332102823,0.2751722003313089
-0.5142322416260799,0.19161863952738487
-0.7524823456473191,0.1308232609876358
-0.263280420238053,0.8700809717188462
-0.25301413610331813,-0.157772915510796
-0.824656575569583,-0.14070135217231
1.8756349008227988,1.5864364918448786
0.5237484299974611,1.7943998224651696
0.16134974498891191,0.019552393754966747
0.20392615080880608,-1.4330692034215424
-2.7603784818094,-1.825571485063871
1.7556347900211555,0.8892309511900854
0.37889632077457547,0.5044998816326428
0.43167370681011985,0.03201413012477892
0.8480516260551441,0.8086035648871965
-1.1951815129062617,-1.074175051673212
-0.050397899243131185,0.4598561386292675
-0.05491217989313348,-1.5592710248831811
-0.31159628894644387,1.8882468543278772
0.9398342470613589,0.9039518867579109
0.6369851106598091,0.5685289815898042
0.4219477149763416,-0.26551766804185145
-0.8835510086826933,1.3734141589553033
-0.050668992805207105,-0.7389325356215787
0.8576319966915761,-0.5377707570011743
-0.8655197302277543,-0.3026114546618655
-0.31526458272990643,0.4036462841215199
0.4538697852627846,0.7009250096717272
-0.519179853114599,1.2768960077060174
0.23302536701342613,1.562898028011843
-1.3929609200782342,-0.23842996399853528
0.045236240888970033,0.3591266768140365
0.9117120094032821,-1.1398470567822492
-0.5051354214433018,1.4235169416764586
-1.7588500403490077,0.6620193704361534
0.9516588317203467,2.346193713559513
-1.1179172389465144,-0.11073717722428555
1.2812596799938971,1.0083231331777895
-0.5479867296274422,0.3549078789697086
-0.5271586049697041,1.5421318403819417
1.010722731267272,0.8145853257040089
0.39403238672090096,-0.29363045083924055
2.9347085022520494,0.39467503610099414
0.21740302027561167,1.1998727017352813
-1.0275514017716956,2.091825801563432
0.2509124292722685,0.5373148576995904
1.7656472047691851,1.0570005379123455
-0.2159682823923948,2.0184661806804556
-1.0182744047948316,-0.49772446306310053
-1.9377611602086602,-0.7458748069497264
0.5363672834154616,1.4270422348000131
-0.6880289290909002,0.48368312745240416
1.44411816693949,-0.27861935565192847
0.0550058672231674,0.6491923818363554
0.9206492025448318,1.4605606904583581
-0.2962062092215275,-0.1330763315645339
-1.177547022472907,-0.2647150871993943
0.9176419888521248,-0.22645050770483838
-1.1986473248094076,-0.45294601357828096
-0.41407696065361954,-0.23613006013782548
