0.05398656584546406,-0.8219417446876294,1.3362835286426458,-1.2288299199630526,0.022289199869276338
-0.9146532951574439,0.5562573790928008,0.0063035960682780254,-0.17459561547333707,0.5311433224447139
0.3725037303624152,-1.0841294443405578,-0.4122467155441561,0.23884927464683028,0.6736242627369087
1.274162823413786,0.5778927260379564,-1.499537961084072,-1.112040139001331,2.2697817211755806
-2.801893994393161,1.1342655616933301,-0.28345621997246884,-0.02148073417803517,1.153717193295038
1.0312889481203258,-1.3460515308290049,0.9606731613964978,2.2219451099970113,-1.0510145659186503
0.004011926846473961,-1.0457698446822605,-1.0996825506973007,-0.12522732128406283,0.022457575653693815
-0.022209717713681812,-0.6754881420483689,-1.4819952441120834,0.16856001311929514,1.600737828287931
-0.26611099225302365,-0.20105892001823564,-2.046001533429613,-0.5612707814485581,-0.2597327647384911
-0.4888183747180839,-2.309441321604355,0.11107933449388727,-1.4094394003798252,0.04714677508358176
0.09251935444216434,-1.9772439787257037,-0.8317524229313425,-0.4107645363956123,-0.9279487653361292
-0.3884365763076205,-1.5927990724226682,-2.3188034761480596,2.2060911705183432,-0.7419790755457745
0.8523500501643262,0.40377324499488815,0.6111937036142036,0.6031862989779623,0.3684724059688608
0.15796479938752914,0.9712556844610309,0.025051622243238054,-0.24773057180623323,-0.8261259067643447
0.678311693168577,0.2584433446588825,0.5431230645916862,-0.34653808823197596,-0.3100185566096671
-0.2818169166848419,0.6660768382127085,-0.8897697224655327,-0.18855471124754408,-0.17543893430368346
-0.43339056092297856,-1.1939473092648785,-1.6123709203941317,-1.6416170705669728,-1.3812780778297036
0.5082091663820485,0.4598054599934962,-0.45462796006362366,0.20805027790733727,0.6712375592488391
0.4653774754189109,0.42806202347977584,0.009574405521788953,0.456899347764238,0.9831673445514452
2.245201439784836,0.510412310609992,-0.25561010088924635,0.04781122488022484,-1.9146191138966537
1.6670239671118552,1.3876937810088896,0.2632924927229089,0.11242533728678392,-1.7279988004193052
0.3321973242474453,-1.9994731936953054,-0.06311276654098842,0.3326642118323389,0.3351290502439229
-0.1852568794916524,-1.7093053279724961,0.2183620507680422,0.7245477344023853,-1.0164728634539129
-0.21314737895147431,0.4714478574033527,0.5332213100347746,1.8059749331195645,1.0736258826862888
-0.015357210152443058,-0.27554145551263276,0.36962893148393117,-0.22293809346168614,-0.11105229293384325
0.221078664584676,1.5752013709696884,0.2939952262726038,-0.03226238310101046,0.3981451215519009
-0.048545042467872515,-0.27669309854039953,-0.1653737848170398,-0.08922765686500615,0.8412255754619136
0.25535401226603965,-1.5683120972485305,-0.18978950146370763,0.6127594032523276,-1.035157285213866
1.7526438490619778,0.5792802403488354,1.446188282588485,0.17788107391641594,1.9084047478399684
0.6423860618347204,0.590105300692914,-0.3498691879958317,-0.2522218353445813,-0.2993306763660105
-0.828334381972828,0.21935384168874159,0.8313825407490505,0.10752852828266941,0.4404861109885283
0.6994319112456531,-0.00481196271663784,-0.7513085396280009,-1.7437584734970095,0.2456932260988012
-0.07495042307693392,-1.5741880746553605,0.57013909217139,-0.7721938819019877,0.6932582254795905
1.1834941661527825,2.27064493741125,-0.28478960414765886,0.42312005315642265,0.7846869944069463
-1.1194061784769125,-1.2552167090848037,0.7200079476488368,-1.3077183856944607,-1.2417144972383072
-0.36326044690574133,-1.3386244283744015,0.14834163870452755,1.9444790251951576,-0.36033333240241483
0.8394826567522218,0.1741781043045352,-0.7031589302281789,-0.6399975231950593,-0.7971225689855476
-2.1553922498761113,2.1651378430516934,-0.5420044966725354,0.5553676456728106,-1.0747327661438477
0.4565147021680724,0.7432510481053004,1.0603402415579724,-1.5446111145595884,0.5654018281158574
-0.4363369880996608,-1.1441484571686131,1.2150522895585518,1.1670876220690138,0.013176363499213634
0.5224417277461629,-0.2356828982010989,0.36715797154449736,0.231075769397737,-0.7573031470782613
-0.8500613035504515,0.5648131474191894,-0.2921503012773842,0.9861561188713076,0.17818690216151586
-1.1402423777573312,1.2813134448639363,0.9584706489109452,-1.1211150455058925,0.7028054407626491
1.6396940506091484,-0.4346390933715568,-0.2572640421394433,-0.32296024957531994,1.0104366137401366
0.6570381619834909,-1.4796349672039466,0.673592986289054,-1.2603013485882995,-2.2016286936766662
-0.6163772722890279,-0.22788783289126305,0.9241285729415828,-1.2280555272403013,-0.47191248126843977
-0.07919073307577026,0.0007666620132866288,-0.8760625209768588,-1.4895658213019314,0.6516497873382615
-0.4742419138885018,0.022938755739873508,0.6062833484180072,0.39748303535397356,-2.456959163665006
-0.5030496870331044,0.2695075232211373,-1.174163270810674,0.211431704009737,-1.3352808586131106
-1.280040796859614,0.2891702009539266,2.0769337055208283,1.8431670731670333,-1.5120115496885025
0.33142499254722096,0.691873009803816,-0.14038715854731706,-1.0326368685069434,-1.8618350488666213
0.017026968898223235,0.08006566967348015,0.9050170469083876,1.6013027160289548,-0.2226268215984017
-0.31990402679763946,0.15245908919727125,0.21251018902890223,-1.1756590062212255,-0.429957811881605
1.9592259547812,-0.4024558329762722,0.7988875172356594,0.4940013636726837,-2.4506351580363344
1.1655457630701274,0.3895525957887141,1.5453533572524467,-0.07668265995749064,0.7489774870194212
-0.6284518182694091,-0.877393963540951,1.690204983508151,0.44950680738211285,1.1950277124171296
-1.5430100575322034,-1.8190723213392204,-0.12506055389360238,0.1609640716027979,0.8516887153364179
-0.8139415883086228,-0.17609363978134834,-0.10455246445210456,1.4612278375068137,0.055339818883255044
0.7638203733833807,-0.756942373003496,0.5783645977664515,1.3458086821719588,-0.601097342192598
0.4823696212126005,0.14168814242451686,0.5221449449723169,0.19506652677049705,1.8690486239304935
-1.1731751614345667,1.2387626795817472,0.07357552002156365,-0.3786328162563595,1.116276840345309
-0.14275742631994354,0.2294959467853386,-0.6517391929030384,-0.5889802629175369,0.34496524581348564
0.8505035754417116,-0.061280938147172954,-1.015906884535866,1.3515772373886135,0.042101696652317715
-0.08781535592258582,0.4668107218195843,-0.9225932089636653,-0.6965564182792701,1.7709904561958176
-0.7070887213532687,-0.33315238172768835,-1.0032546466727754,-0.796921795847545,-0.4605220785403206
-1.0809243138786104,0.07100333834059365,1.3898273766903324,-0.3540022475815379,-0.5221389756061424
-0.9945530349823415,-0.28881327243305027,-1.7763646802588748,0.8557472143471953,1.395165953118735
0.7877809044717489,0.35586089548290056,0.609787428641174,1.0660095044704085,-0.6922625377977938
-0.0680431118899952,0.5553017254745196,-0.23633058543168606,0.18385444849243265,-0.013707867338297219
1.2401225397497475,-0.3601861976216611,-1.8720779259871598,-0.13925780360569637,0.9284908396974696
-0.4063702096949003,-0.11253662408218935,-0.5528792516955373,-0.3132903974969846,-1.1860778439179078
-0.9020871427862921,-0.5395470931506708,0.2988757908177795,-0.020545837949250745,-0.5400655825259748
0.5250171548932893,0.1382607388585584,-1.1407950114057057,0.848975752333187,-0.25503918907740314
0.9782285364000827,0.6369395747667578,-0.17830679580590053,0.08375705687930682,-0.2907837409908016
-0.20250668814561257,0.6282717245729652,0.328957040636123,-0.44163248922007325,-0.1967235766279821
0.6574105877164649,-1.8813439341278773,-1.1342566717420284,-0.24383958223874208,-1.0423202132634468
0.8123211693818699,-0.5658053457642213,-0.2624268003740278,-0.4032108594991714,-0.1240914402299772
0.1893100456994213,0.3419670258280232,-0.8090282555194357,0.5388001661337712,-1.494024500151015
-0.7798120447046675,-0.43127388841765174,-1.1821167935961943,0.9836893719068658,1.2740969808924292
0.5255197860999344,0.1928609000913748,1.1799203721782603,1.2089892019358834,-1.9430851139404441
-0.7706116333897335,-0.17206433491694645,0.2870867432843293,0.19607707164247895,-0.6206204496025278
0.09920045118172993,-0.380557779765986,0.6197575363434581,0.5836123742648194,0.7920423116199519
-0.20660371056948473,2.3181900221121228,-0.16525283844559352,0.5801011385630348,0.036744538644196474
-0.28344835079823605,0.5569622481097651,0.20797353057962312,1.5344602144307566,-0.11507147950235307
-2.2453280114731586,0.06861598545555694,-0.8457092149246036,-0.4737868674040325,-1.9558351217069057
-1.397926452250529,-0.566790506326973,-0.7329138962479894,0.3769705611219869,1.067004184025402
-0.38974598983597736,-1.0925198556585554,0.4015184333934668,1.49814818888389,0.0012292799238775836
1.5342354656492747,-0.8547263071204149,0.056043250588204314,0.07291693174249923,-0.41587305667390306
0.39104964042733664,-0.5506418133144436,-0.15654875275016555,0.4538279082052422,0.4298113616999115
-0.6735396750266732,-0.7471723472180328,-0.47573704114502374,0.20265360212669056,0.6797801154727645
1.266973185333021,1.9203394513235539,0.2491096036905762,-0.921303016948304,0.1694567357450292
0.6456987098972389,1.3957683381035748,-0.2847166720413914,-1.7036893728005658,-1.724829324771762
0.34245443419928623,-0.40427101601792764,-0.7084435151030556,1.087751282788405,-1.1665276392052453
-0.6178214048363975,-1.259663830938249,0.4701936672200027,1.211584958404101,-0.35226850486219824
-1.0313898933475214,-1.067008151248143,-0.00260409746948718,-0.2163458917789113,-0.35976684111761037
-1.5602164145280295,1.0328725460774204,-0.45602333737482553,0.43549779441928504,-1.1159936170255844
-0.026604949472566055,-1.6003762879240853,-1.6277733770005511,1.9159940439369203,0.19451191235740808
0.9417985903395558,0.5162030676616648,-2.5613632825736325,1.8682634338923723,-0.5432561310672496
-0.338385414791365,1.753011870312627,-0.7349020705635423,-1.2557656110814046,0.03666425071021502
-0.43654874937256705,0.7625968789765933,-1.6738738832911833,0.4086989949348325,-1.0515285316318341
0.35367963093932947,-1.430288094707153,1.0039174410308742,1.0163302015572577,-1.7448593445489626
-1.010587210749647,-1.7986269643746684,-0.1520713742280193,0.945712141369018,1.3144964525262215
0.4461128954397416,-0.28246495613111017,1.3193157912378555,1.2878913445069824,-1.0454502532325352
-0.9262380412632207,-0.2280829320363967,0.5288654519365642,-1.2001310551173663,1.0598218482587487
0.7371576133523232,-1.262769573692594,-0.08157152621169156,-0.34837256302024644,1.347325496797948
-0.23291078924476097,0.6856313389012212,1.123068065729106,-0.7576254181491806,1.1485545956740117
-1.2064753148189444,-0.6411909774726345,0.6469169984489894,-0.5728840509149579,-0.8879778464435248
-0.08273347295189844,0.7465089254818483,0.8604966683105655,1.0525510376628702,-0.7339194013159491
0.8254262644375454,-0.8996968688305235,-1.039731223472847,-0.16964964351972445,-0.8346114039019307
0.2659479289605712,-0.3306364806453238,-0.10393783343606805,0.7190221096533519,-0.08996854662753624
-0.7999191458912254,0.5439110616779508,0.9129823433180704,1.0433436952311592,-0.1282588753578871
-0.3708062838847396,-0.817480719087602,-0.09481768277614483,-1.1521860519637144,0.46799945071322485
-0.9812995186794126,2.076117225555228,0.4546846363468997,1.1746566087351997,1.1871511419962144
0.05113910747788209,1.7455212646351672,-1.444069293104546,0.23659615455988153,-0.4049487297704524
-0.32109386689123076,2.207971216523348,-0.15904958706354622,-0.656671833249181,0.906312484910234
0.5609316034648155,-0.029588192453070962,-0.12555706656561033,0.8793213983471523,0.41473871728934025
1.2863308149710122,-1.091674340525476,1.186253410133539,1.4735393435661857,-0.028494555016036486
-0.48168249371923894,1.145670211805276,0.2436882854734739,-2.0687881050968633,0.831524132842113
-1.8623748701089131,-0.13802444743214232,-1.3121007627848678,0.670445491821356,-0.19362187530329955
1.4331991592335258,0.13932892304895597,-0.16477725736160884,-0.9016888925389395,1.1279789859666343
0.8657772509737213,-0.8107081189464156,0.5893276906267189,-1.0634781596327925,0.10690831158224272
-0.03723983083725042,0.3517596051431402,0.6767091985914525,0.08223066277129949,1.1191879419626765
-2.215916550874453,0.937137678467649,-1.1205052190373614,-0.5493336268541955,-0.736203083110026
-0.32947573035811345,-0.6776516231599325,1.120655935194292,1.236630209588319,-0.7420720103882789
-1.1967238414074552,0.4302925358423422,1.385858251444622,2.3851364118682796,-0.4484480280604769
-1.2963922117107305,-0.36632345336816335,0.4324160561614023,1.2509270510244397,-1.127442787354634
-1.0806526174481486,0.5455655148954043,0.08479395163481605,1.0188790032696304,1.0587887461184013
1.1358544949062133,0.4728479314784254,0.7694126868657941,-0.5049568794099564,-1.0524921527530637
0.49568232392130257,0.3023490400458548,0.18573166301811367,-0.07274704305958747,-0.09843272966962426
-0.19303170057232194,-0.7169027782780915,-1.781818706943399,0.52807781805709,-1.0276090800802595
1.0957374469967915,-0.3477128908051029,-0.8860057785896905,-0.40912038615605933,0.81900461419064
0.6794532841223547,-1.8343809165830955,0.5243310726045369,0.11988713977291923,-0.5976333503047564
-0.6986972393712183,-1.059201399149909,-0.8198703424912087,0.35267002847614604,0.8279620314291659
-1.0694755166646415,-1.6578395569701292,0.5693517087837885,0.29189073126270704,-1.4518359314639737
0.7872006473372509,-0.3251841566851446,-1.829767619045574,-0.341016275707075,-1.3099122536675745
-0.5034982517416102,0.11524487667266098,-0.6424320337833582,0.37018494786685757,1.6413147379687212
0.23770886211750838,0.9889225233436635,-1.4145781531241035,-2.4676182897873105,0.6330107347791013
0.39396963058063283,1.9117272891736883,1.2732329976186483,-1.0573308543762856,-1.8081100327705104
-1.2419062309412867,0.4803005929459215,0.9552256148842798,1.6715902940726979,0.021617967194595515
-0.5264517500695961,1.7316317108294277,0.33412509387214034,-1.1074559746525245,0.03729648464399264
-0.15817580560841268,0.0189554338665953,0.501434262794054,-0.8741215143576496,1.8573274642556947
0.3746484525620609,-1.487031830645795,0.578560455193644,-0.331227464421483,0.8223351181826521
2.559564027194111,-0.06151242922437396,1.924670285404381,-1.2603712110182803,-0.05975168898150498
-0.29383508361719496,0.84989257690071,-2.349087090762914,1.0412122911746189,-0.3113961372232484
-2.6505662565345016,0.8970420763380341,-0.34564367863351153,0.7909733162983512,2.1855757514912053
0.5772453834819132,0.12089068598137968,-0.5800834666490557,-1.9469765228706095,-0.5518116482614345
2.568211766582196,0.724841271648254,1.0872226572157613,-0.5032741129304205,0.29019613353220286
-1.0152303258665798,0.6232704312626864,-0.2154543188378367,0.23454697604956617,1.0497194067655669
0.3225262495603341,1.3247479883063773,-1.483940746330468,-0.5207601097198028,0.9965892120570071
-1.7109883438329436,-1.466728186789888,0.4934431415560403,-0.05156627426510683,-2.4831145021207184
-0.8177092247595306,0.8025625406229161,-0.5603626402612482,-0.09600845049075718,0.4977985347620967
1.783613286023436,1.593417457623171,0.24756060035534988,-0.8758153097458777,0.018346970146110832
0.7037506022258831,0.7864767812159943,-0.8729257902588492,-0.6114703434623835,-0.13040759581763295
0.37398234282603837,0.7513742003096333,1.2388164579231673,-0.9478837366385046,-2.8156409174183747
-1.9995979210543424,-0.1280659180659571,-0.24869784946138843,-0.4629448485171202,0.6865659040010653
1.1327003458061906,1.7022575160461122,0.5152742832523294,0.6181854773151476,-0.2980886313315648
-2.0170926248339285,-0.9523718602788932,0.5618204344383391,-2.0878449489384323,0.5427864317849159
-0.7138464023255673,0.43441418707364626,-1.2706651402903995,-1.0151896689268705,-0.39740272647769803
-0.08381549350853014,-1.6025362599307889,1.4049558558466604,-1.0410519915189158,-1.4036105848773852
-0.4727380928289775,0.31850365627100097,-0.14491342075850944,-0.5928451529114012,-0.7982174937871818
0.4614600667412832,-1.5184176892608017,-0.9886539426351445,-0.7062802102686199,1.34346258401246
1.537327823432668,-1.1457939803894288,0.9199722305189871,0.1907049629135833,-0.708605134983324
-1.3981458596418643,-0.5603435402210439,-0.9711449297816193,-1.2795266101811036,-0.6124312754029889
-0.2834690215186636,0.23958552990789286,0.5427587228309699,0.8462534725088623,0.13586530736475358
1.2480957324127389,-0.8101479709706833,-0.9304466996296004,-1.5027778394095233,-0.42906999072593155
1.6328135812227305,0.7018553049989148,-0.15055061906409134,-0.5925177767492221,1.5090197719465357
-0.7163126719202867,-0.10280893660761241,-1.8618118954274407,-0.10669792966929478,1.1684764904229445
2.082369387749572,0.6774556352934555,-0.7291528775651541,1.0329784711720291,0.3271740824781212
-0.29332788120159226,0.06810886160278211,-1.475483471258374,-0.3699186957946928,-0.4627253165498975
-0.5901247791170756,0.0408346738389066,0.7054122422085392,1.3023505009059164,0.35771504560344747
0.9373185835783125,1.0061223866029032,0.004896365642015977,0.1959292428068148,0.1865882484036721
-1.0884368981064234,1.0682964153541537,0.6335423138626195,-0.49315430640178676,0.04656088046000286
0.5435730284895012,0.7055829481091753,-0.34028281794055343,0.856848517869186,-0.22995454870389515
-0.25378986452330776,0.7375977623352254,-2.077978651250976,0.6991609756215574,-0.044887932291832626
-1.122806721640978,-0.93705600582694,0.6592216681360691,0.15010380753817038,0.009623905440251816
0.3111157335757625,-2.258094741048527,-1.384210186076253,-0.7578193973878871,1.687238852284784
-0.3847902302733942,-0.7332883553040704,0.9571978052019546,0.1648492899060409,-0.2968073261241396
0.8845791247041989,0.3142946713137938,-0.6159345446751876,-0.315866850957912,1.4433603614399022
-0.8065453084385504,1.404093778310082,0.19211044948341358,-1.6050758067212654,0.6378716995787133
0.551593498662608,-0.1537339303478495,0.6605709975199525,-0.0010500192186664323,0.8892056960634701
0.8717806674141647,-0.7241733718225586,-0.11158031027595465,0.9779420735927097,-0.7798120532853569
-1.101438819676522,-0.09795803856558846,0.6839187203569013,-1.5087608108523118,-0.6087561767646197
-0.3430526952659456,0.13499825548023248,1.506319937901019,0.05325834533683074,0.5517976769448818
0.967596470012652,-1.5694583461838658,2.020211084561765,-1.0049204362823747,-0.8015056876170172
-0.4166245352080968,-0.10123852506556034,-2.018693018432452,-0.22000771338322564,-1.4254599105580714
-1.9707551971514667,-0.18545996469621898,-1.9559159221454359,-0.5383600766682625,0.4456638475111827
-0.29000982877298537,-0.8711969096868917,0.19443586610759525,-0.7836429475243617,0.6180637006663965
0.2543707693807968,-0.60330441282672,-1.5027162440471011,-1.0245437999141749,0.5030950335149127
0.5616002563216824,-0.6509373914413358,-0.14738207961109506,-0.29312725355863295,-1.6117793708775492
0.2474647903685215,-0.0835426830303443,-0.13710878253362982,-1.3702433244528656,0.647598176067667
-0.37545917441128185,0.892596650486423,0.9410363988543744,-0.7945981084587077,0.35993289452227395
-1.598648736128907,-1.1746025233910593,0.542400527269555,1.8089005403404812,-0.5028650618363115
-0.1865132431404779,0.9331131519976582,0.27886790403982276,0.7769669651021195,1.2043897708632598
-1.284772705977976,-0.24301328648640352,-0.41917376601867634,-0.3437386463095915,0.19074115166652872
2.0826167949964978,0.7509909663526105,0.9826190430813501,0.6736454922644761,-0.3748974697234667
0.5421307120193892,0.7846349809122475,-0.16213408068379628,0.20000813293082026,-0.1769713945915698
0.03151475544823888,-1.9367145230068925,-0.8367658736653236,-0.19320188127236687,-0.8670224261681915
0.2976481560410999,2.1275486839630338,-0.18444354301473068,0.10666734597947682,-0.5302302057709308
-1.3715863437272329,1.9024772367689187,2.1325501541837273,0.5571004817198879,0.4268326122781861
-1.1399069816205625,1.3583401975614067,-0.33319082278168055,0.39189606531051796,-1.872878585915891
-0.9258251102169633,-0.5970335663875583,-1.6333836600651583,0.031145659209441342,1.2284180160144718
-0.31314243706176803,1.372394352261448,0.4083816316656281,0.4656403209997273,0.5745533249921475
-1.333964884384236,2.323006917144775,-1.2634262315670994,0.9158478936464346,1.8071036920671806
-0.19701437714711442,0.6475151047324126,0.8239554041128025,-0.33606283290935735,0.08355780670038448
0.598563352219349,1.4986147691917089,-1.1307912384511922,-0.3556046752095036,1.1770999585910789
0.6710532274958912,-0.9589164140710966,0.5143797548258393,-1.2129780469327989,0.52385635181703
-0.15323549686366153,0.06694222313731264,0.9959420797188125,-0.4976527000999482,-1.9017979060790853
-0.3468173289368506,0.8753408439671584,0.3166975188881965,-0.2100636128324097,2.0961572782235693
-0.41645454236210927,0.79532695427652,-0.4425776348382599,-2.2371574277111406,-1.016261722896769
0.5796908634672497,0.18983917069830572,2.1287220467658763,0.6115512099546817,0.49493873426985574
0.2841287547637445,-0.538732578289016,-0.03990483745708141,-0.6569423167068318,-1.2091471853096232
-1.024476277641978,-1.0250470150877167,1.4614811915319996,3.366703626427222,0.36890608597318014
-0.8112070987338649,-0.7840405878745986,-2.097277566889839,0.736369235764206,1.2529430489423135
-1.1476485125617901,1.193672583220541,-2.1779735525744734,-1.0349826728288747,0.8432785827705367
-0.2363797676912447,-0.8152303162856827,0.24050455175245342,-0.5112345624977549,0.27694558232048194
-1.609177311323404,-1.3751454304983493,0.6694013376447635,2.0495934254230215,1.1001584336226193
-0.47115010917072,-1.0848803736014714,-0.3011197235265521,-1.3839366730401428,0.17900891416302572
0.7258740412531349,-0.8891023420502806,0.634381545403928,-1.0346160483088942,-1.855351516457554
-1.5254275901615126,-1.3347399359920886,0.807411482473653,1.0175585481896927,-0.6251522501749226
-1.4162497650397745,0.44683054162710373,-0.16034045660192167,0.28413764695688803,1.3724793992344329
0.09200483138634132,-0.5137257483783687,0.48439262885662965,-0.29440432474167233,0.718989905819171
-0.39594140735723293,-0.8740974984986406,0.720962010896491,0.8025643324287662,0.8324952544896783
-1.1820823420960924,-1.28751167301372,-1.3719417781603584,-0.295507900341542,-0.7665320855975011
-1.1486179396293332,-2.0464305985113658,1.407424998886188,0.968609530188649,0.7010481452016389
0.8035275762160041,0.6452069774530724,-0.4713820719834979,1.0085661578579643,0.5921100750973166
-1.0250456538008037,-0.9885097791013449,-0.1127696300166682,1.5399768453468308,0.41392082155858384
-0.47567777788856436,-0.382717725042403,-0.5135220004542027,1.3930320095437552,-1.3005160511262464
0.9693955217141415,-0.4962213689728392,0.009415735357762281,-0.09219695370229546,2.242357689138684
-0.69074482469052,-1.0817167435174935,0.43212011082328433,-0.35602581239607334,1.2909732647186238
1.777328822062916,-0.295005758680021,0.6528795213821184,0.9309702089656052,-0.34350285717315693
0.81408053517512,1.1170614728543065,-0.7119127634502352,1.1585633539965652,0.049121479524572804
0.999557376301817,0.5018969365755761,0.595745545973023,1.5184886933338642,-0.5694618575557183
0.9279402245922761,0.8685614017779228,-1.2601385324745622,2.2057326221013507,-0.6197932669867107
-0.06806194050458454,-0.3623811365435682,-0.07055391239983966,-1.2815900127099091,-0.4748231829262852
0.4511004310087709,0.3985838073090537,0.05136514840348776,0.8486013753467816,-0.7913847663889765
0.2336816996794872,-0.7894892503868597,-0.9370953590244789,-0.6364771430640799,-3.201452740494445
-0.24563667335644768,-0.4791590966398099,1.052751439710845,0.6132239210501532,-0.4407763963237208
1.4357905450848019,1.531297099168908,-0.1974112234402031,2.147007740336073,-1.572212819165452
0.5540558088199444,-0.3838038044910795,0.6578813135127414,0.007197722639499605,-0.9148206255225982
0.46416275965556175,-0.6064953308438938,1.3255534292918163,-0.3139930759851791,-0.1770982927759348
0.8416059967676848,0.7965257633505046,-0.224974671281881,0.5297743983136274,-1.5788456082516438
1.0486683142993307,-0.035623471065326866,0.2302456546454126,-0.6534698060297376,-0.4912088795281513
0.42981256466294054,-1.0540428821087608,-0.846402627430539,1.189029250762348,1.2285158716859077
-0.3555214469448262,-0.018211640264046355,-1.326566918046621,-1.425994987635314,1.7623560716684994
1.6047509191659515,-0.1972391098533625,-0.5439613945212218,0.9961051220746916,0.8909359550497761
0.6607898933396769,-1.1572239793618333,0.5425664551369014,0.8085831564731665,-0.6497618530315076
0.8226414791076416,1.1857390618463335,2.1264582962774665,0.5246138435460265,0.27223552837477877
-0.7627557585613131,0.7550315391014599,-1.941709539415563,-0.5728391163480812,1.3007123001438528
-1.358514332073584,0.32187156555976487,-0.17005876895871952,-0.25914876045189983,-2.0182716510454948
-0.49134282322702816,0.42858860265983006,0.8943793330541655,1.1500095807609745,1.1173110286005792
0.7334307861787073,-0.31737219874262157,-1.1033659738721449,-0.7555082463815205,0.8274203881864101
-1.2017636429706073,-0.554328102439787,0.9580436967792568,-1.0867392192531482,-1.1250163116306577
-0.5696820527613834,0.7104981611455816,-1.0829154019838652,1.3725869170615779,0.7028364493090014
1.1482232709639517,0.5691349715897234,0.6435650529089866,-1.1410887487281267,1.4323967216719005
-0.22781671247336935,0.27782577189259205,-0.8230052885554261,1.0376591809786364,-0.6301676085214168
1.59477400957908,-0.13899207761870747,-0.8169930541558154,0.7424072310272889,1.285895678546372
1.381950742949343,0.6800152277999136,0.9012579155650985,-1.2541037347565434,-0.23481533520215384
-0.642394677835801,0.2550675552859612,0.6356932753533568,1.478314932937408,-0.3426956565864699
1.0719279676105102,0.3555695624767011,0.4668092363939826,0.5814184554157475,1.2450356493054786
-0.3724003214050685,-0.43574287877143886,0.8482774822217765,-2.9271472160275995,-0.41521022586397976
1.2923188430234036,-1.1384053211640583,0.09134574678674222,-0.08986369927985675,0.7287300885076193
0.26687965430752375,-1.0481999627826153,-0.5391533152761918,-0.07103778150083148,-0.2774898382373188
-0.2067569819521926,2.1166444736496794,-1.007226303023273,1.5162950422759023,0.529858216225644
-0.4228235722977152,-0.5486427406476079,0.3469479315066211,0.06664498208240385,1.7804000379751883
0.7917545947429467,-2.1465044119796493,-1.5960780137458306,0.49657204664982313,-1.2685969551285274
0.8731033140475556,-0.36524419568230154,-1.445468258972246,0.23007427277166514,-0.9909294627668689
-1.133010275102941,-1.6742807264901372,0.4784099011503332,-0.9792212023981424,-0.4566104516309244
-0.6776743981076737,0.9426661522633604,0.3248166501301082,0.9552117516700778,1.6611744455245916
0.32684356908666806,0.7493025624594404,-1.9481117375616823,-0.32716217440192985,0.2989989192449605
-0.05127616205355759,-0.08873854261720261,2.5838282620621817,0.15805323325391418,-0.3578073729901949
0.2416151221777425,0.3687313514539013,-0.4589325946142362,0.30976170885896714,0.7750657162990577
-0.566986025384355,0.2419422245562602,-0.9797993653226957,0.16769873485099718,1.4826427819885177
-0.6254819062558854,0.2492114215469652,-0.7715112667191024,-0.09769749951700031,-0.31389485268737943
1.617466644924423,1.1011811603810457,-0.29454810556811306,1.8037178404445804,0.7950311312615461
-0.3531047604713306,-0.41284966641185494,0.4892072535504161,-0.5950438240716067,-1.152299288163431
-0.09187488318747013,-1.3427353878612953,0.37090991355901215,0.5709118943464236,0.46799189611242575
-0.4528614764960639,0.26134365092189316,0.18363853262788085,0.6828085211944999,-1.400479771851721
-0.7070165018162543,-0.025424860443813774,-0.18912432747108443,1.8774589736633651,-0.7349510239961059
0.6033869929868458,-0.7107019152981944,-0.02142669750419425,-0.5368206551041304,-0.44579109595788985
-0.21527149742540805,0.6876239835092637,0.7585159955357387,-0.4104389767328679,-0.05150818438258399
-0.87612505419446,2.118904126520517,0.13910741513183164,0.8195984237228876,0.06761704678452624
0.442107722467358,-0.6568026002424249,1.7891067535632597,0.4073667586260788,-2.0310222930450417
1.5038635004762182,0.7773762599357538,0.9209937419531626,0.025493834813659192,-0.26320917995812376
-1.9106044932606132,4.034928920180779,-0.17987164994981275,-1.2174361863450038,1.0212093784045893
0.24370612401769387,-0.9076896855294695,0.4017485808324601,-0.06136182701620871,1.0730131654969837
1.986103564931113,0.6395325867115615,0.7411400750783954,-0.12941653407315132,-0.8736523487276621
-0.40151189622096595,0.5095181769481868,-2.148348686009293,0.422582099341965,-2.4123862680348513
-0.45678216523978793,1.7209759092326646,0.2572354646661987,-0.29519828501589135,0.13373476920804378
-0.5365098101579707,0.7543039206830864,1.013993290495664,2.022156840263785,0.41102340729135184
-0.10382511334973836,0.8467107832589978,-0.40643905436871136,0.16671348411482625,0.9756019284751667
0.5848410078255648,-1.0059997080785623,-0.7299804366369622,-0.39686964508613315,-1.7310590545330706
-0.2731440131976496,-0.4349409871840501,0.4761323366141178,0.9839033960426106,0.5759374371276199
1.376899099896306,0.9784754340133198,-0.9367918488460507,-0.6012168023620901,0.09476729213833233
0.2866433573299561,-0.6173088838084808,-0.3610643128894134,0.23525629031502862,1.1613766995245778
-0.23764214663309555,0.49714213176087746,0.3118602274655394,2.5725870567238878,0.8672788556804163
-0.2990020595159468,1.0501730220547918,1.7531607983209156,0.209108154010128,1.2569172678616582
0.864145670343596,0.2592237540582465,0.9450582600186999,1.3543934254628542,1.383075543577098
0.15788235386913896,-0.4335568707539961,2.1702473125950092,1.4528751802043949,0.16210867907852122
-0.4979664768274734,-0.42546735368121624,1.1103969362987798,0.32377631300263593,0.1501713876366601
0.5516988535536936,-0.05369755430745489,0.5315231302816943,-0.45006296574281024,1.9670940470561316
0.1695769497751174,-0.07112695996545323,2.225777859692312,-0.4999468238827997,-1.1810644132567811
0.39384543298230884,-1.0242007617399647,-0.26282206030164756,-0.7871653673128626,0.7246657737587598
0.8765777774836854,-0.09742611552299454,-0.015448986781993072,-0.9148038142066656,-0.9993918990272567
0.7400867494812446,-1.3415846858707152,0.632694666305507,-0.9956345326600367,-0.5945039759829918
-1.415692478095387,0.31779816018264073,0.5928362482378486,-0.7293139418489254,-2.9333483906003193
-0.1904495462740902,0.6244671922152139,0.6510356502091105,-0.263527512500173,1.4010085546299478
1.44005595302217,0.0038387025779478743,0.11202628902814443,-0.22148614900556346,0.09530180150610948
0.3344060917864875,-0.37609807647379073,0.4820631543358879,0.6123799360276003,-0.6902440687755323
-2.000012576507383,-0.2726874294573622,-0.5425828333319489,0.2959639862476096,-1.0799870384009194
0.3423247416921356,1.1108077920011257,0.06892221032153555,0.16522468842394317,0.949816858756554
-0.10368260121491862,-0.0090351378031974,-0.5296711781963683,-0.6993336633669047,0.13481998384165886
-0.6263221103404284,1.635695972230111,-1.0281442880862584,-0.009367741448880869,-0.14998003107681437
-0.41778985319730444,-0.8620722125961902,-0.8901470575027612,0.6227977654796755,-0.6401984979977355
-0.7492319483260805,-0.07033477228739135,0.4174146510997155,0.022003686347646708,-0.5607759250743205
0.20454601489322888,-0.025449212441338045,-0.5721615727433007,-1.2991792481212228,-0.376571096572302
0.09718134788032587,-0.5806521111472789,0.16578766594596442,-0.07439963935742493,0.46516400135499786
0.7547940317380405,0.6115109935417917,-0.11980245791319652,0.21028885451906212,0.7529682886231704
1.648002034259069,-0.5079403440486073,-0.630686158451883,-0.06289886763084489,-1.261904123124222
-0.9822699361214573,2.109110518854349,0.054796898718298834,0.8695616812634325,0.014425892307433817
1.6399447139151098,1.164093226254642,0.8185543118967347,0.4936900501833106,-0.048208092695949833
0.6923056044095053,-0.6132167489495369,-1.1257449552237453,-0.7869135193856901,1.3167701466499846
1.6312476619355054,-1.0710715255997227,1.4610390112326102,-0.9407655921227267,1.2542309140859935
0.7062291695532672,-0.010171613138259608,-0.03958623233617757,-0.9939437931197241,-0.5932098700375084
-1.3705028661266938,0.2998396399512823,1.1031599745626446,1.7275119488089523,-0.2742163772403167
-2.4656761966710237,-0.2875324071981587,-2.034942519110071,-0.37662646471295685,1.2363259402752822
-0.17971573970284216,-1.6275239245381243,0.2850123807610669,-0.31490121584565167,1.9398056004462596
-1.3454750110445874,-0.363428595590366,0.7511733864303572,-1.2382959287814506,0.7827072953551112
2.0660896996597127,-2.052707654457079,0.18943775463141846,0.2819497665271154,1.1358958729749666
-0.6073729697128184,0.8206106298066246,0.341327433131089,-1.2570841168767988,-0.907403596842021
-0.22888205242260307,-1.098536054615558,1.4047194627115853,1.004989611334141,-2.012642366246838
0.7617716342773843,0.08960282040598685,0.024702367395732894,1.7222561659972486,-0.1704852106099478
-0.1046788394679851,0.8619205140385827,0.7810111310571872,1.2910846689724655,-1.1449770345403194
0.16523182219018173,1.0280431957452587,0.16311811306623764,-0.41634358668709154,1.3387272808790602
-1.2115138173563234,-0.40403703803029306,0.3969867299213517,-0.6811236566588553,-0.0487288849584048
0.5406189973194411,-0.2515794342758792,-1.2063624858090054,1.3753073100462525,-0.03762083184318288
0.07033049212163517,-0.3120191136223877,0.4443011724607603,1.1353374480395226,-1.3842352911177167
0.7542607713146082,1.8713264191869536,1.4367840718129399,-0.010912462666359441,0.25302442049176904
-0.32280491849812326,2.1193147784182145,2.4011607478711965,0.41900936811412115,0.07177941878875507
1.1396860391416996,0.3967910909751784,0.5661012213511109,1.2927204878683216,-0.20408117307485832
0.8226085524930913,0.5572142871040007,0.14986299270544148,1.078725287576648,0.5619565438425849
-0.9127944444446524,0.18144823325763196,-0.5022834742638024,0.6032207557267604,1.1506732951405898
2.2915994945342764,-0.21664988502434077,-0.7356312305193135,-1.3773818174394261,-1.0354986240656245
-1.3487151096276138,-1.005438508723254,0.7280373063415712,-1.2307641269592995,1.7458152505346813
1.359769741579509,-2.3350369525000914,0.8257970075942106,-1.5407768863607414,1.533756002527738
0.5019868047208654,0.07377268456072128,-1.0944674257764706,0.5658383800332247,-1.2175878909330724
1.9608505831911425,1.600073219284514,0.665703541738047,1.1527365609689024,-2.3999141535738846
-1.0481195773227328,-0.9786737294470961,0.8874389434223279,-0.05048242866241685,1.510239829115982
0.11140501337272847,-0.5054565630659804,0.10987200045673046,1.3035663677002924,-1.1788370603375504
-1.23957126083024,-0.07119715744008541,0.42733581296448436,-1.1262741311781133,-1.2615394277259393
0.44009014464428625,1.5895883086143545,0.6775842259380154,-2.5972448185243464,-1.5153080770155185
-1.1848196319552782,0.5588896798153565,-0.7374700755253378,0.5667395970583758,-0.4858843425125253
-1.2624376543656706,0.659453225600605,0.3555239925068581,-0.6807275862512545,0.6002967091778902
0.5803797587631796,-0.19528047009904792,1.2337823466628972,0.26356079060293613,0.3957768571121494
-0.11026694086268664,0.9998394108991739,-0.4214480966132921,-0.12632386078254287,1.2863213918918877
-0.06034437285904223,0.13199583507795898,-1.812336030827559,0.463203660459757,-0.5175001278340813
-1.3558943188225752,-0.7657218426026167,-0.9526156157793911,-1.318735160634036,-0.14343311632587943
0.08444035790339247,1.0437164727283352,-2.549297251273667,1.1424486049529377,-0.33317734189088083
0.2041093669834544,-0.3733994053139765,-0.7671864848841146,0.08718732795370164,0.4202381671517504
-0.7712837622756796,1.9752890204598403,-0.343153141377535,-0.3235308420555364,-0.1405188326133705
-0.46209813742581646,-0.5235738400109888,0.22327202793751727,-0.3474484208016938,-1.0234296556414506
0.04295167020150193,1.0418202989133478,0.36270348353635107,0.14778382105783847,-0.05704534030521311
-0.11840141800616684,-0.15146370378850263,-0.2007960519385576,-0.3359082918500811,-0.2670956825812203
1.6496640597897916,-1.1537450064574304,1.1304194889683954,-0.692462732078641,0.20561795068714595
0.20225034892170204,-1.0718929668409234,0.8579000713081352,0.25070210302684787,-0.8324316965175724
0.6851057165605685,0.7430230805908172,0.16138888150626518,-0.02956081800903755,0.4005925566847757
0.005904754464931842,0.5767173654533115,-0.14939732426097996,0.2877809115555449,1.4066253127901744
-0.8065744023546979,2.8934398828683383,-0.09224557114061036,0.005280735348426717,0.07490999356424756
-0.4917155374732546,0.5179677062188752,0.5519415388343618,1.4140695517731556,-1.575279807499823
-1.8500985720302445,0.7457294879029945,1.1402595909548419,1.044278714151704,-0.14710425743060287
-0.6990523371902946,-1.1984876234815722,-1.1136591154093698,1.3757830830682758,-1.4362585649308106
0.8752977021478899,1.0294971455291517,-1.107483962146793,1.2330287226026626,-1.5176558645662814
-1.1764523718731645,0.23970026914118414,-0.08313393500764908,-1.0777210419191106,0.13829859234749683
-0.2727319675781599,-0.7111656458204096,1.0670276801844985,0.7460727000651854,1.1645150684687442
-0.9035223145571171,-2.119086115425612,-0.0035424209663617486,1.1479553898748847,-0.25312193411457634
-1.3587497114922613,0.5743780376323983,-0.819441615487536,1.1746388770083345,-0.31715504418731233
-1.0590408617930867,2.7066874919216586,-0.7562719555708564,-0.09539375572536543,0.906534116301382
1.8966294938242625,-0.6420295401636273,1.0791027940263207,0.2812345857090435,-0.5179219376227268
-0.7695828326378404,-0.3395489463139783,-1.4269005918886593,-1.806365618955784,-0.7737328127038284
0.4275768813259799,-0.22712978484012575,-0.5466773648377562,-0.2584480156508199,-0.08826652905335557
1.0854545129022453,-2.601819343232717,0.4688932964401782,-0.6167893979496797,0.9476566246792485
-0.9441433664727712,0.31866703019455517,-0.6669256802534902,-1.2900320625323778,0.31955242547517926
1.6331147447660674,-0.2211590285780886,0.8063108197904656,-1.6580664016410795,-0.03276511834622377
1.6339206270942574,1.4105446188467394,0.33912802304937145,-0.47309744893413724,-2.096758233783985
2.212388877817331,-0.9488864518167718,0.23926431108940896,0.8786337845721822,-1.5173241258463128
-2.05340039605367,0.8630284894480614,-0.5465548835290328,0.2055730936659412,1.8313946963213428
0.9502821341729787,0.4475056404657829,-0.0267201260916896,-0.959282714330936,-0.23442871022969547
-1.1671273921932113,0.27863313818363006,0.265576230037613,-1.2494144506089102,-0.030732517486357632
0.8471089553038613,0.18683088730353606,1.160679837921434,-0.7143374681265383,1.3115273831410241
1.079062940276485,-0.25226484494004003,0.628550822295676,-0.037558737049722436,1.2713755700216873
-0.9245828527851165,-0.6661686201604224,-0.8570488292062064,-0.19702916950588772,2.9781607723437724
1.8710333505410417,-0.8584007471634815,-0.2335815099621276,0.40578315037530216,1.009583737554527
0.40888713240761954,-1.581851703163311,1.187379712258386,-0.4175447839951989,-1.0783132534789805
-1.089994766764701,-0.6767492001773932,-0.2969621987964554,0.9640726605958428,0.32001517918229616
0.0947077894778419,-0.08682581142256747,-0.11146880801343516,-1.6058803389592562,-0.9723914107232454
1.5950670457526652,1.2166073361364147,-1.0359168710366171,-1.0152508585275306,0.9494194912166323
-0.0220762203721875,0.5633352266109483,-2.1787800747260557,-1.7339395984480892,1.1159656568227665
2.4704271882606,0.828439055933067,-0.2396568961354098,1.2226862496491215,-1.0532303585012204
0.14171297003952268,0.6913606096706881,1.6752853028830146,-2.1154329408329096,-0.05391869460412765
-0.5442538067230143,1.6427321881329333,0.7020205683788181,0.06085873354289831,-0.40474129878962967
-0.9365275703015951,-1.9016070548136652,-0.6541192568879436,-0.6318035642268199,0.36817974885016364
-0.27616701432992585,0.6951762850074674,2.073089525545803,1.081358331240724,1.0021333471076186
-1.0200823647562818,0.193796274627084,1.0277556036914408,-0.13970015224981627,-2.6636608820480125
0.6687939753614424,1.2987345745723002,1.5271809965956746,-0.2959688986460631,0.8946421751236455
0.8872030557287078,-0.1563520896109724,-0.25916305175554744,0.5859392874564977,0.2443260623546585
-1.1495534389957893,-0.6944638764143319,0.33536614937269454,-0.2512672592454,1.4737371738787262
0.9466776303925599,-0.8255754524850958,0.96145071491299,1.0011293551723879,-1.0993643558250605
-0.44757079682258694,-0.23764505502761868,-2.5125117492333686,-0.8061963631412871,-1.9527872122131646
1.0320433811872196,0.4228148518453031,0.22758960990552626,-0.8570852675749653,-0.47768666063119675
-1.1613762674651003,-0.21587032126939523,0.5428242165032632,-0.6751363787456847,-0.17508463054693396
0.6851973537233451,-1.9840843558351062,0.5367503297598665,-1.1395803883694708,-0.7621238662411481
0.4849504142234565,-0.7789241336149235,0.9149350967954133,-0.9065890837884996,0.9417879012674258
0.7763619708646265,-0.5743778564648946,1.0798730297980874,-1.3765856597942518,1.3764174868045507
-0.3963406339556738,-2.7843871797656474,-0.9141997858943516,1.54336279667865,0.5089332988969792
-0.6695267645834755,0.8372967902782621,-0.7366019858457495,-0.3804507950739595,-0.4692577199730524
0.1495378109900217,-1.1813530713754339,-1.6863500268128242,-0.12316009308174254,-0.16650629563720876
-1.2760630775798354,0.8593426915411975,-1.650011183379662,1.2906478247762465,0.8010773937025338
0.2444604402913018,1.6225358837195614,-0.5660585277660135,-0.44990812514891265,1.0882503729991662
-0.09242501137375755,-0.2783517036738129,-0.048359454628427515,-1.8689317702333688,-0.8245532662453922
1.2175658540379952,-0.4368796913772802,-0.7033540616838115,0.3441414417548178,-0.9321177189514387
0.31590554964768836,1.7244707950126783,-1.9715546898009444,0.6126293213497737,-0.25720610759135326
-0.7139753123300103,-0.8154693465844894,0.2208353435758216,-0.2171258691953284,-0.24817393537379193
0.48575913129031323,0.4106629740748605,-1.2486892997777888,-0.37160865973558804,-0.8437581849992651
-1.2090262318147353,1.2625919340303493,1.1623411300893338,-0.44148813818485677,-1.6395544428089932
0.9731390311551162,-1.6042931540080934,-1.2649231608435734,-1.0281428952112548,-0.30203964809213324
0.7332097204055122,1.3199399649043053,-0.8155887347729739,-0.6323471927915196,1.1048059067004015
-1.0336479938135337,0.2047624840911298,0.8237230951839053,-0.20544732500808394,-0.7843083818087087
-0.4917634907927855,1.9509245933736064,0.007763744982554397,-0.06367609900583752,-1.1962050017864965
-0.011003387990532878,1.6776219230001737,0.37319125175322854,-0.11518001727459617,-0.03889108185353306
-0.8167007854499698,-0.5914551155375036,0.4784507314390246,-0.9074915427155265,2.8774772115197673
1.4194034426179154,-0.22555254779321154,-1.0730162844820093,0.13202544434886387,0.7313744145728415
-1.0339930231252155,-1.177265201401832,0.6645294971913911,0.30589286076640715,0.09059445291894169
-0.5661774607271637,-0.764864158499173,1.0741593041402149,0.6914726022796058,-0.6918032842523761
-0.6682789098413071,-1.3771944493826482,1.99780709838677,-1.9042981155882917,-2.0637868870804184
-0.3580062455247842,1.0836333558336113,-0.1951201634961375,0.12191457529050653,-0.04436258638843031
-0.34440836791940405,0.3405918951544715,-2.8786156948763786,-1.5700324213207213,0.5448014029476884
-0.8161092363683302,0.6180465076564435,0.501109087648107,0.13095603888656457,0.7575436110166729
1.9260792588299178,0.7595303772676846,0.5119974978420228,0.047957256916975395,0.012526690223139883
-1.5676991313659074,1.6103875440846964,-0.6013338450255962,1.1731144663604134,0.4421000512884174
-0.5239300518112155,1.6076922580186088,1.7986591017131213,-0.8451138709606092,0.8377029335364446
0.002383145140024866,1.326325588391489,-0.20831989430375464,0.46075998897693354,-1.0254312323293664
-0.2345155289893182,0.6085399282887948,0.023725153682067374,0.7412958287909103,-0.3233869447447421
0.639444100793471,1.6571669012676389,-0.3151931415653635,-0.054673703464327206,-0.4339187079585722
1.7284158454740097,1.3746493548900955,0.39453331281165316,-1.1153240686079886,1.2160247273034022
-0.6868655905740064,2.154622941022792,-0.19421171071126858,0.9092838387415275,-1.2256737198576673
-0.34222145293778206,1.2545430340942558,-0.9651699032507934,-0.6612390950298297,1.326457663959652
0.2569858431915088,0.10755219893966089,-0.8102932464826617,2.1836310827299443,-0.4600427363007935
0.1185471106596136,-0.02715093105560042,0.9491506472903897,1.301730638250903,0.17897823259167675
-1.813487326696199,0.34337979616006287,-1.4096036449672371,0.1311550118572447,0.17875458308756362
0.3601594994948277,0.05683538763896806,-0.611101442543179,-0.336215696501386,0.31717991222030095
-0.6668594309010933,2.170133698524786,-1.556241121101665,-0.08087283357128772,1.9036677248806093
-0.5365034340122626,1.4870442731043856,-0.05953004549030338,-0.06362223649712484,1.1860805850008196
0.030953667699491625,1.2015992335912282,-0.08525066011626216,1.1613938765416851,-0.24237387137983762
-1.6688078501531645,-0.27338517898640385,-0.5266196831480622,1.4097578194576192,1.9087302299696849
-2.3792674007584163,1.1572143927002372,1.2882663508884802,-0.13106007828159766,-1.4932686096046894
-1.6162875937914587,-0.7012389189243312,-0.19586435433769342,-0.8998113065576789,1.4766185283095785
1.9723894281508763,-1.438349282158952,-0.8759473132377896,-1.5825307037885155,-1.007949459878175
-0.26955368028611343,1.2251201047342788,0.37584536485709696,-0.11059785919581099,-0.056450967400063376
0.5049257202656429,-2.4918979350365422,1.6069267512435514,-0.39326360881037503,-0.6576982475871475
-0.5633179958463708,-1.3552546831436665,-0.018759172847130096,-0.12819941180453723,-0.6574814471140253
0.821229173770334,-0.4421961548599513,1.137702465756667,0.9850960995209943,1.1678087262124337
-0.48213749024167385,-0.4276866092073943,0.34331603745997324,1.3152149774341793,-0.7600058116370849
-0.600230086679032,-0.009742988669646895,-0.6220781906655951,-2.114046179443782,0.45792425422970723
-0.25432079409781977,0.543556436840264,-1.0569360593374957,-0.8054011115401155,0.8695727277642323
-1.7489097318806546,0.4234644644667894,-0.7890063858796047,-0.42912635027053864,0.7186582479706661
-0.08395842385625563,0.2193778477781174,-1.4434856834695153,-0.5804053501434142,-0.3133277103551026
0.6688957124581212,0.2184189188614098,-0.10800762067961951,-0.34397655984421893,-1.0850524975872695
-1.4949221937059531,1.3434011807208344,-0.6581900896924185,0.5471191276933641,0.24596232451988045
-0.3045322053417665,1.766332245491383,0.7399772565342355,-0.6004892413143927,0.45369042728059383
0.7603801175789732,-0.8425560905228683,-1.05312164418711,-0.858012969429939,0.9210042915236559
-1.2107053037790956,0.021164974622533164,1.0380419471537838,-0.6337887298677468,0.6048268393101154
0.6571984632897229,-0.12784062044443287,-0.4780316096652885,-0.3563632353307429,0.5422208545338137
-0.7888145448969357,-1.9757226962053562,2.842762495672141,0.14523451780692212,0.7608806112347436
0.3655013041074001,-0.28821381140146357,2.0371373183663053,-0.05901250596042306,0.9902991989161919
-0.5456665712311828,-1.59708010084579,0.2825157736449759,-1.4312104942032655,0.32145764797333815
0.6950663476244386,-1.3556204765916569,1.792251602099034,1.0206200409513233,0.3456571552053635
0.5546957698723533,1.644245267582184,0.3998630386907221,0.6468001454249337,-1.1634513971693652
0.3087866948718093,-0.6181727847601584,-0.939529377267725,1.035261066051059,0.4075730054899615
0.47075181113379894,1.1494347285661852,0.21062127740591172,-1.5583840422759065,1.0741136373592428
-1.2546485384327515,-0.6028172009525107,0.1894978920179248,0.9741752316635167,-1.2792865110156393
-0.44964402325470904,-1.3234699082398491,1.1779046398912791,0.49199425932439705,0.45888097638305914
-0.3930742807739867,0.006599141536867512,-1.5801881088320877,1.419081409721093,1.5200099830854792
-1.3275573592803869,0.49033191185491803,0.20442975070073346,-1.618271797472151,-0.017098540325855182
0.2799358359374487,-0.10842297591057146,-1.6619559755667939,1.928032169193369,-0.5348037238920298
0.3399171473489884,-0.04233241214657086,-0.43580797638034385,-0.8103758527645036,-1.1763628358407225
-0.009817981681979757,-0.7030664967231004,0.9601064393537422,0.6960880601748455,-0.0466923320537256
-0.47648796677985467,-0.05035670017996398,0.01176130387007812,-1.3051011257565543,-1.2285534450004956
-1.3249848358195018,1.1822023852456658,2.7625387907426475,2.009715125697649,-0.32884208893636796
-0.8026856584344993,-1.8319444583231967,0.6002846539124769,0.48693346091888023,1.5932031345589577
-0.714613753177883,-0.9035132641327879,0.35174886936409,1.016313945227691,-0.2983203114384687
-0.16703931572472255,-0.0773652389286566,-1.5905192744632677,-0.7414850912092031,1.0600892781443478
-0.6095496765311911,0.2808998724621184,-0.1279047407338907,0.40445822346431853,0.2629613492721486
0.07101919790887569,-1.0180705213442869,-0.08530442720373962,-1.4042341113385615,0.23655438907266493
1.4328444214584168,-1.4810537668395687,-0.6536997014554102,0.2493989455219817,1.0387155037329734
0.5515892275161428,-0.8051297202534947,-0.2483404964283422,0.3679636773525128,0.16294969921766111
0.8722639615448152,-0.8646472787763078,-0.3296881332844938,0.5552514172912464,0.5199261322465337
1.4685390845926969,0.046220554435143314,-0.12704681266396547,0.6784477847131766,0.8505354487485642
0.7414558924077558,0.09968012432118335,0.3799047309882138,-0.6913528132271135,0.8011609843237542
-0.7509516750136548,0.8714433352780793,0.1674255865291847,0.5113924833194661,-0.8635020073215063
0.47828006674317,1.3034459213341525,0.07737985090737053,-2.1566833537095835,-2.602078140328533
-0.8560810264380211,-0.24198479170884263,2.558762914154344,1.4773891949157971,2.478674225533785
0.7253128447889166,2.2872087688121057,1.3575275863210126,0.8650759794270176,-1.165562685039614
-0.9170009458662741,-0.28080995297966,-0.5099566773041065,0.35976639437116853,-0.11802551403487971
1.8071283087213694,-0.17581160118901668,-1.2319160515047434,-0.004535892138936394,-0.12295747553156532
0.9591639284433601,-1.2677954514657737,-0.05177660203950562,1.4355723446979556,1.6135367675499066
0.0027889471372910895,0.5492524146355982,2.3041294548036952,-0.6032597575678901,2.646549890160652
2.3743985010700834,0.12088876161751018,-0.26751832884171334,-0.2764781177614027,-0.15134989294836013
-1.2220212286878933,0.7445532477280156,1.3606422810006222,2.588220307607707,0.7454852099061602
-0.8858629116205211,-2.840982492941525,0.9609541564008653,0.22108539386156986,-1.236769410944756
-0.5450232888865316,1.6009236091632506,0.4303608708748263,-0.7724335805315067,0.6556382762775994
0.4105729975953493,0.00604375943125748,0.10348274903154314,-0.573427254135173,-1.8091709970611503
-1.0989119909921348,-0.25051386943631,0.6524903456437088,-0.7456505783804865,0.04206067360245745
-0.06170696587399065,-2.693929746935415,0.7635919457361992,-0.9722459996587098,2.7443498152809593
-1.1101547978708712,-0.28125911824365063,-0.5197130667326434,1.3780981548795004,0.021312694474445594
1.621526866999908,1.2996225709437086,0.8074294435146676,-0.38408732282703556,0.1160813295564431
-0.43609176134745653,-0.6493173830947246,-0.6735937123478701,-1.6653486488008866,0.5802074930488087
0.11417720146779757,1.1300789768217043,-0.4105772908620467,0.8948259830591095,-0.36691297227527697
-1.225216902401076,-0.6910296007783047,1.1141027373752046,-0.3365406183997441,-0.6129552980465743
-1.9064288865357244,1.3565242879055779,-0.04903924077945465,-0.4084711161121822,-0.381193260427944
0.22560754130953659,-1.039399532488597,-1.0688202002770046,1.9991538704419087,-0.32305541875641275
-0.9854644645639438,-0.4437775500226225,-0.8815931301826205,-2.0809853813612786,0.06991806239301318
0.21102371709156764,-1.2222288081962298,1.0202772507391349,0.8455949410689371,-1.1837242961324992
-0.16030977991494771,2.3038002520405665,-0.23001949829003926,-1.5390356496291513,0.9188834103040185
-1.1295866843509987,1.4676050547099875,1.2941015196564676,-0.4986066064502035,0.4510050223832158
-0.18846779960653023,-1.0000695019910248,0.08155737233038457,-2.804791665971696,-0.14660778272053848
1.6079974348190547,0.06039795480667854,-0.4967329615437264,1.3182036547815366,-0.7229939944276964
1.5470878902191527,1.4874619929575557,1.263529440904017,-0.8385009452525712,1.3350625633664472
-1.0551579980980612,-0.3921882557812589,-1.3735630643635135,0.11098357267913779,0.8459036954020517
0.8396453990132494,-0.07542509514693632,-0.04554886201861165,-0.13973867040450808,1.4880913494144108
0.08815586817314834,0.7595765231115786,-1.85823531946865,0.3301384935239579,-0.29924624623971524
-0.04154003917434881,0.8733245212042757,-0.14770910435692755,2.3653202076550888,0.18036313380258484
-0.925621632266419,0.4330205840550329,-1.2113835700236348,-0.2893016582815008,-1.5712768380445925
1.6378395963304422,-0.4001658179985621,0.11427135818950099,0.07290988783169583,0.8865472838200026
0.6466123741700428,1.0565335542843861,-1.8859628589960362,1.879961047792277,-0.9059140351285836
0.6444569471323032,1.0008164817840755,-0.42390477520279063,0.45821098335870203,0.6210642718919992
1.1527596390633454,-0.9225649855356194,-0.1863723833893213,0.03920949639497045,0.5297798374987088
-0.14988780756397774,-1.638730094891111,-0.5935684904260231,0.7399263755509692,-0.8178686671452416
-0.9217715771565058,-2.707726051154856,-0.7326408196424377,-0.3781822107980633,0.3948721529071145
2.021219648770256,-1.719757056041883,-1.331719653189673,0.4665969569670448,1.1762281427806263
-1.1698256867263284,1.7199034960197785,0.3530085511943643,-0.24279865912737347,0.7391354222732494
1.8731228160265392,0.9565269004881707,-1.9149293205001183,0.5796116308508765,-0.5720475402828842
0.10097373949550253,-0.1373491887831894,-0.1823706855749574,1.473162859906609,-0.7316717133318261
-1.3007393413934571,-0.43774200635346827,0.9864285563827665,2.7722816687612015,0.21037511281464508
-1.6666723538601476,0.6794913584958139,0.16918397492390608,-1.5763464373927787,2.7846499340528603
0.6866944969843237,-2.03533730701823,0.238224082605918,0.6639247994724957,-0.4925831436955327
-0.9256324556542642,-1.6575933910591825,-0.20913982586691443,-0.1544294292842806,-1.8402400818704172
0.3171573265629929,-1.4081886220901818,0.39134497100812776,0.3636287462461027,0.9945911154091671
1.0056650334599322,1.1751940461849932,-0.8459338400469932,0.40390169243445895,0.3623166774316571
-0.2048321121930922,-0.3083731442809528,0.5435178163163236,-2.0376310381693887,0.844713511004587
0.13274161566169854,-0.8846879759246288,-0.25288579773330017,-1.34119853332658,1.0350327291841377
0.4594174043825116,-1.2263110062830669,-1.683136353759488,1.0832070960299134,-0.09786195779837935
0.6911277316931755,0.2273153312961501,-2.418204537362388,0.6599562318417128,0.19008736609286153
0.8178029305350659,0.0827440691185249,0.23854724780942688,0.6449902628405785,-0.295477951724621
-0.15909440809571207,0.14681281722493686,1.0741872175446683,1.8688289310735928,1.1963353767541092
-0.5171866960380628,-1.6412615886780615,-0.4646418505502663,-2.313711679342625,-0.5539160502599884
-0.7239469908385352,-1.437755435107029,1.1410329069819758,-2.0181286548182378,-0.9372999603635667
1.1853177194269207,0.4348042130507791,0.5347141220443105,2.3982191702764317,1.629604842305781
-0.10277669418604131,0.7120160799876988,-0.099699619314766,-1.3683803296687647,-1.1330406017496217
-0.2192938417057432,-0.34282477487790936,1.029583193850045,0.3532986835845995,0.10026520099243254
-0.038212155720459905,0.6699026943660995,1.568510717248233,0.2700411939855937,0.9035008474598302
1.0939606248529663,-2.123656011591279,1.1484693898986913,-0.16662349751756414,0.24205610240217537
0.6147665707130587,-1.7023242536760828,1.0891430038785588,-0.9722978494578373,1.3602774439132512
1.410583122947016,0.6218625870570996,-0.22112695780687908,-0.4165683928187618,0.04654219815395474
-0.31822292914877487,-1.014819077439461,-0.08282487803142728,0.5778390262522797,-0.03586598478952372
-1.4950603283035786,-0.2848723710427737,-0.12747846286247186,-2.906626436775743,0.017914123081453286
0.0755021297658046,0.3599227049915822,-0.8441715363548846,0.51351166218571,1.3265268756550304
1.1650746873596467,0.04302985779057482,0.7392905560606259,-1.0299619137506202,0.1971386407607347
-0.25347563873548223,-0.047007744243561814,0.046491131698833475,0.5941161515578914,0.1590153864317961
-1.4154362495080475,-0.4479715471350918,-0.4556062914604577,-2.4570201558201115,0.3561914974735249
0.03261686958494188,0.5164506256175507,-1.1695887391035769,-0.20675939427352977,-0.26424220268235105
-0.4121803524401602,0.24707274341477495,1.3982036838387055,-0.8060463695444192,0.7167664253969621
1.4512260441753535,-0.43907678958774055,-0.8654688513302149,0.5259608143809007,-0.02081816705983514
0.9971742142768435,-0.3757556426239135,-2.021364434149127,0.6159455128024117,-0.35947424849752246
1.8288042322960534,0.2073456654472698,-0.5940501625498712,1.8681594777759556,0.6546260300840102
-0.9123279366502363,1.3001261926896814,1.0738346593599615,3.053785908414732,-0.25875393514731926
1.7475739643522983,-1.5913240866540326,-0.41101224364599265,0.015545405391514288,1.4892377677518565
0.277542346571272,-1.1484185833061504,0.34948072815273235,0.4433862282810899,-0.23525230562447688
-2.045583820237978,-1.2351613735648477,-1.4881633538900616,-1.078727741599086,1.5731556915706473
1.2306836184225824,-0.5040607984780906,1.0501935136699152,0.33335121127085643,0.12895507659779218
0.40273028047041337,-0.4108658934196222,0.88642616266603,0.09995693585780283,-1.0910398549144533
0.13339712155200972,-0.27738250748238896,-1.7503584220960167,-0.11085810952626692,-0.43439845712063424
0.050218570044087814,-0.23962355447402642,-0.5382188496980184,-1.3709622203799452,-0.029944235691985618
0.41546047193437247,-0.11928474187523043,-1.9019234496728339,-0.36857068054734293,0.9175410442072005
1.0903747715214205,1.330926901645804,0.2535189147275278,2.4782316731669027,-0.3258237728150381
0.7408958970138846,0.19521301433914484,0.58336280373561,0.8417333735599618,-1.895731958194632
2.463091494342946,-0.6869475026347117,1.215481704888013,-0.015867221381445154,-0.4642912556914458
0.22858262177357877,-0.3781555619229285,0.6794766736073885,0.05853428062128968,-0.18611707201133848
0.2055245262109431,0.103729951344261,0.2610054121711829,0.7497132111254761,0.7340496283705682
0.780335941134387,-0.22191390941594538,1.9245326841176285,0.2624401387986296,-0.3572968727745711
-0.7721944372492079,1.1067166311189611,-0.1514213212467465,0.5386871934209428,-1.0607414132982347
-1.1640419767496368,-0.4989096222582289,-0.23219119839501826,-1.7988080164078362,0.5400298747336608
1.0299154336929524,-1.2415233758727484,-0.5156902926855625,1.402241003605498,0.34152180431173734
-0.398127182971041,0.16422951864804175,-1.0974377423824466,2.20871703929127,0.5540545524500552
1.9069633852917742,0.7506148781713556,0.5025161665279656,1.0845528055634304,-0.907138874638387
1.3249245680869162,0.6320632965477784,0.2851469208825851,-1.6067660468673197,0.5246422212453945
-0.4661953752427005,0.06299200612261052,0.6985400271469924,-1.5635123784033187,0.028556180915757425
0.05655370780655585,-0.9206316837745275,-0.06528246170967279,0.27652776079350133,-1.2869104444232582
2.371690603133136,-1.152348657879643,-1.3170387942827824,0.3837213597418427,-0.7836446629536409
-2.048128701840934,-0.24847367492513864,-0.20562724806101618,1.155689754139322,-0.1572995241564643
-2.15178302454126,-1.149150365654804,0.24284104425952996,1.0075636910688848,0.686526959286611
-0.7172102098124844,1.952809805961624,1.2377591944355477,1.5449271562290767,-0.28762848847726097
