15.155771792543245,7.108596928159528
-11.39024876268477,-15.963773779775437
7.058127456857312,-2.643392091949056
-11.315918650510792,1.4494497434037417
15.774546486766576,5.46983907458701
12.6609273480832,1.708797624594189
16.461575487699612,0.3345553284107148
-9.07784769638578,-0.4627387797898468
0.03221259692540224,-1.4853106454800025
-3.0795753100304335,-1.4728622198027033
-5.036097014356583,-0.5753637707959001
1.1240903020014759,-27.53127767588523
-15.497714537084427,2.46311252906571
-0.819945518122501,-1.3857763667460619
-10.47723531995137,6.371803167468538
-6.07490334443135,-2.4180547187965193
10.39448948469509,-6.768505553329366
4.837736845275579,-1.6757069653759151
7.152276190991672,-4.990802687400706
20.41756722779482,-9.11004395493148
5.533412662910185,-3.645828422875419
4.648317900689143,2.1297468216945816
-12.386064633229902,15.998523313752141
5.290151258085665,-4.263580709663368
8.790200216252583,6.849818906051656
0.9038494376408845,-11.536687858414949
19.367752657491042,6.400484469516164
1.9138553647264347,6.298356084066269
8.621393242775369,0.4450719976288031
5.827182826775526,14.632399893530732
-6.1757919467672515,-4.833405272083756
-3.5170415339289436,-4.081204603706763
-1.8706586343416531,4.4188879822920475
-5.156244756650851,-9.133118335981836
2.6552744432675146,11.567264592720004
-2.5720318278876686,8.17747239859683
-14.855284802336925,10.706395437790274
11.61142775307427,6.855201402967232
-4.470375896051829,11.10427300092767
7.561675131417143,-7.978414754866127
-14.239566430693008,-10.53736133268646
2.752078773644334,-2.3481949276650846
0.8228676041620719,0.5864995389092433
-5.217123337968855,-11.749847488563638
-1.3613201869758327,3.717009643490792
3.9633549209879764,-14.356964087929935
-4.1424609764515115,-11.810149325547695
13.609788609678846,-0.5433051931160047
-18.032959220069696,8.143803657507
6.349703114785958,7.7781738307893775
6.457389171783143,-9.373244141843848
8.19804099469784,1.0622512018570287
2.0764972306773863,3.9356054247465293
10.566412544827712,-5.856322665695307
-1.861511199462547,-23.479052491737367
-0.47423600604167104,-9.081152979991678
6.945123002980799,-26.53881910801362
1.134578763291344,-0.4187225610282841
8.20583589359341,2.1580481210509075
7.095677038320197,-11.941557571127612
-8.131004459556406,1.9881942871547196
-5.640280187552922,14.478016653945266
8.028359265749378,2.0431483918978044
-2.7864927587882184,0.07978678503699754
0.2311758842872369,8.900643399553545
-6.077496997489838,-3.3361659907888823
0.13520980373070612,-4.239121472371233
-1.7847454656542672,6.27247539351611
9.95710921962673,-1.7429903484019857
1.6856148085466742,12.721857610675098
6.3744381158873455,0.5438901198029349
8.041435931852277,4.956811239816927
-7.839752044601221,-3.50419780278994
13.643239737336517,-12.62305015780515
15.76225711163784,10.85594211827269
-1.388066102342786,0.641100084063364
11.556012126156018,1.0476509276328687
-4.8788229407817845,-2.855017376079717
6.946823302966832,-0.29411366878664524
-9.554324869576925,18.177216988419303
-1.820284851989899,3.620944021421102
9.069977242078023,-10.767071771122593
1.7885642184020112,10.833795430199569
-1.5828851361247498,-0.18147420150729054
2.367149155290068,0.9351048502193082
-5.584144472835749,7.435967702586037
-1.1822464613521038,-6.073344610017831
13.598819610215793,-5.537529496564254
-2.4265553970078333,-16.031724235193348
-9.412064327533468,22.530049512454976
-1.0639769342755216,-13.826219492234218
-7.669603272670814,5.843021530551486
-3.6930904183777784,-4.268890538566236
-14.797413092222401,1.8241616941111234
-3.939252935807085,-5.231473951775819
-14.214636380310392,-16.02034135690544
7.463514052962538,8.15127001646352
20.517501552301855,2.7003330458229824
-5.166541169129501,-11.14714381267149
-9.066016470267163,-3.28965386051046
