-0.09915342901772567,0.9165547553629999
-0.21889707184235893,-1.820293050257539
-0.10952819683348194,-0.936602557805157
-0.5882102837365151,-1.1248493521754515
0.36806297956515566,0.9405857015064479
0.1259497955760357,0.3867681417973579
-2.486367547614816,0.8362968781941659
-1.6525003278901487,-1.230667981236197
-0.16705550703325778,-0.7805719515434841
-0.6781984816203286,-0.4924297692730388
0.26944034857954774,-0.38625048071157886
0.09220009755103273,0.08753247827846111
-0.45595018799947007,1.0187393265746347
-0.27368050615671463,1.2945570496620897
-0.36513902606116677,0.5264315806005789
-0.6119621239506257,0.39378350149006575
0.4913883284871317,-1.3432264783919614
1.6669390058764053,-1.4241121188848942
1.187237587258262,1.2412458932545973
0.8129669389796824,-1.623318090894211
0.633861063248945,0.8292488299397213
0.306379706874846,-1.6606460221577937
-0.0385434062317943,-1.0243349375144044
0.38301177495604394,-1.0845364734314766
-0.4488168414169428,0.599860877074737
1.2998852125438973,-0.3101673712115197
1.005370752066023,-0.3592005169496268
-1.0675483172457916,1.472268441210248
-0.8989040744630219,-0.9438798569875153
0.1180760917940821,-2.7872312010768905
-1.4218710616129986,-0.9895095770617605
-1.3218540671970298,-2.1514391185453703
-1.545737225469238,0.7495821512199078
-0.18236794462052985,-0.3546139928922189
1.97814394970173,-0.919619904539545
0.6439228826548583,0.993330977331546
-0.17344584917673553,0.9386802570399979
-0.4996476297685355,1.0963930125417447
0.039610075561980755,1.4112889705956366
0.5447454350652339,-1.1518596281247822
0.9334291064799005,1.268527328019836
-0.017127013348197998,-0.20826136678019178
-0.652673544720036,1.5137930540142832
-0.5027536547466717,0.15848315283459372
0.285218894096749,0.03796057420721355
-0.9556906168696122,-1.353499178694874
-0.8230088731917646,-1.4250129887699123
-0.24106895745334894,-0.0015476168095137843
0.03081926001732607,0.43663713782593677
-1.7306450987657171,-2.0263462738653955
0.06950032423957271,-1.22827009932895
1.6665178446196272,-1.0434699645433576
0.878430744854174,0.7943956339835448
0.3956773088585627,0.07765962468796918
0.23994699867231545,1.2974525683987632
-0.7777777259681352,-0.7065265978962997
0.33919722696947424,0.705069464788859
-0.11867922614825042,-0.24999528674269997
-0.8607560828062005,0.18912027439754775
0.7954515872230322,-0.5902386600245658
-0.1842849714058245,-0.39430540313939405
0.2968354022675643,-1.1377463645892278
-1.5486039898578514,-0.16284416395368403
-0.9219832986525517,-0.024958238879608723
-0.010205073351445609,-1.3393101805500294
1.013456379496505,-1.7499628745409541
1.5658232661563778,-0.7842216011778284
-0.963104695921271,-0.45913467129658125
-0.0920741588021318,1.321430741187667
1.2149440637369358,-0.15271880780450103
1.522202160978298,0.9276010547647583
1.5142887960050344,0.5703635538947796
1.749363680206011,-0.6750635082029712
-1.5297491566209462,0.6987047009731496
0.4780415583242052,1.4651473915093978
0.5494701460531998,0.7388080361752516
0.5168800691715786,1.90190185531218
-0.2828987877337068,1.462046981723129
0.14850727338795075,-0.14690875211765966
0.7035051919749987,0.6957760671847928
1.6932675474673502,-1.3504101109306303
0.8006747175094029,-0.5521361496365167
-0.7730548716937691,-0.166795535507857
0.4351659841052674,-1.5086489463229011
-1.0211913418334557,-0.09642802287048133
-0.2307612320203124,0.012985960443958175
0.40246261850546877,-0.9505649874858583
0.3361282898885278,-0.23325489129318627
-1.1395558859653268,-0.31117694287099484
-0.2939428506657518,-0.22270154721665514
-1.4168549385806903,0.3462431465900846
0.4551677759242065,0.49225025789424215
1.2703844103564812,-0.45076455233168977
-2.095239160791864,-1.7632030620209564
-0.5902581189825141,0.38274522557922985
-0.7311826730217851,-0.3978853102501082
1.5275624970758335,-1.9114076046519803
-0.5132781327396818,0.3455589074417174
1.5359474412942224,0.1254381055157201
1.992175347237531,-0.3602261791327504
1.3371945997911605,-0.6769189042680079
-0.5521752773485867,0.06140612890329456
1.307669061851361,1.6131557065961755
1.2560307705477343,0.43907504315595763
0.24659247520816396,-0.4573833995234564
1.222676049734075,0.9184108871918432
-0.18059663721473637,1.0804701262452538
-0.05854034554944849,0.6002815324602659
0.6012591499028065,0.05261291081038095
-1.1389877086576543,-0.2177051087834163
2.0796836956475357,-0.2888653872602736
-0.19317604655528686,0.7556246028390987
-0.6955670705496494,-0.43058872598456976
-1.3986848086488988,-1.330759126454306
-0.5733257202122668,0.3583050070402086
-1.7966563213803943,0.1968838032556424
0.6353968237475627,-0.6626192498807923
-0.23066064480196072,-1.1480204831861758
0.2766838188797742,1.6755926316570107
0.0008112971348363695,-0.07625617519244621
0.03355821871887017,-0.07945376717027529
0.912520856088077,0.6182679525296862
1.2245153555009487,0.40424662119708404
0.6438604056276317,-0.5325356585709985
-1.011234488233461,1.1276757982809464
2.7137934121323806,-0.2008081569653569
-0.43243856606133724,0.29702832280680497
1.0056719636871305,0.8287422211943867
1.9868981490186186,-0.38835083590449276
-0.37422185167297173,1.4971978183964922
0.013788138046709754,-1.5186710138924429
-0.14269198582309192,0.2919548050314339
0.40792380105037546,0.5265127158698479
-0.003237119015615318,-0.11524463901539313
0.8130172939153303,-0.54368220023492
0.7803775230735686,0.253564622691457
-0.7236584284761989,0.26368523932545546
1.1061164529366236,-1.5822582274044361
0.6978512015575588,-1.051448975484101
0.6279455417667672,0.03004930171774685
-0.771824057379944,0.9227444841696439
2.0646600029220443,0.747662408047006
1.8762108993406406,0.78344485338058
-1.7628086518814128,0.6364185624607153
-0.17772309411668052,2.0455680377715546
1.2658058424778365,-0.3831539914239889
0.5872906104714916,2.0088321583956508
0.6205617191034989,1.7644855041644691
-1.4543246718389657,-1.2875946596711447
-2.914554200172068,-0.1603995865716022
-0.38717719228497754,0.040624703571523486
-0.1083291667153983,0.054675803920278966
1.113006469780815,-0.5852221374750799
-0.30323296111834713,0.7372860131101182
0.053383788946913376,1.8058771222108991
-1.8420821770848597,-0.33654309938924387
-1.5522926139472981,0.8227966010960548
2.645143667054833,-0.11355876962045873
-0.26141723219137436,0.11638332612390487
0.0577487409624976,0.8272360552452941
1.123256771169235,1.3712217415639045
1.1168066398262537,0.850098268183893
0.09166211778314591,-0.6865453857261782
-1.7984326772829904,-0.35527949336800685
0.9359086448637425,-1.6255399656555407
1.032925842939605,0.4425657268587521
1.0772464436490587,-0.9033778174703468
1.1814913866117214,-0.25116899919028657
0.09990314751647271,-0.25127688569659956
1.0751159732042086,0.33699604734516403
-0.21404227010740426,0.7551472819235169
1.0911625906875428,1.362985328208468
0.375471928691162,0.8585392479557487
1.322983124565455,-0.10989504796480642
0.8471599261268667,1.780568172938664
0.6129200416236159,-0.8165790647361466
-1.1317923599660418,-0.9849566604642948
0.3746128614482172,-0.13417157685273848
-0.05722962840929337,-1.069539192979502
0.5857428954136447,0.5224083822618389
-0.8083265085174167,0.2071751878550373
-0.5114934160450805,0.13161115461225714
0.5205050940272499,1.7465744502427605
-0.7311051615071509,-0.2332595486876431
-0.9125749474502054,-0.2649435723505691
-0.8323207612719363,-1.6425439998459228
-0.5380420262723993,0.8583734016506787
-0.49802917099261496,-1.0381763286312762
0.07284026845458923,-0.843085482722071
-1.7129173154783623,-0.7635784141419478
-2.323645782250171,-0.14570656160984652
1.4384381827394614,-0.4005486620105273
-0.13085152350624293,0.1999446375368374
-1.1724620840077453,1.1478643499017336
-0.1319275578167607,-1.5439929510559192
-1.1537365453396733,-0.5126877064004262
1.249041134277279,0.16908010085374867
-1.2032648525787708,-0.31436027469531896
-1.3964497283736104,1.3121931468440662
0.21221817155429662,0.028544636082052915
