-0.8825335475678066,0.39522151597150157,0.36615331663879896,0.3382513297605889,0.4763141283365874
-0.6839220113189235,0.17322099535984964,-0.08031589252832569,-1.8609181252080906,0.05155069792140711
1.7657223068681052,0.3767016418310458,-0.12953811980865554,0.07820320638009903,1.349343572525862
0.5561744893400936,1.4683068245374613,-0.14324176961837187,0.9836122050882515,1.464026130484172
-0.8185042822534656,0.5853241101417835,-0.7017663764615185,-0.15658917070488762,0.32022238739377923
1.2987714047246532,0.37460290172029415,-0.40080779925590787,0.34366005068396227,-0.46810543335038685
-0.6454296824174186,-0.24773177516083997,-1.1882388200173624,0.4717686459923565,0.051451711638946136
-1.7697436570136182,-0.8996833576090704,0.353114212448565,0.6354223763601197,0.1614293496877358
1.1140584071301998,0.7759942634648922,0.6647607068313801,1.0074262212157026,-0.9948453422517929
-0.722590540989467,0.39843079803175596,-0.9528717920937595,-0.5911317415796028,1.451063548718134
0.35275829127473474,2.1218479656893208,-0.760744780195525,-0.8769759397725102,-1.5915188137649725
-0.709190036371646,2.2831558831656,1.7436626352894775,-1.537999150689128,1.3427303254663265
1.723860834129517,-0.5548377607502488,-1.003641822959099,-0.33133698096211617,0.34741614370029095
-2.2524461549269894,-0.5025429037849661,1.1073004744848212,-0.08991043844679351,1.626090637811129
0.8240883372596308,0.31718967598521236,-0.5429998426592446,0.42346371491375834,0.784756416554093
0.057543144029531784,1.2400477886795145,0.16269676780768946,-0.33225550661116593,0.24866673348321983
-0.4276420776493834,0.1760169850711674,-0.5269193971406981,-0.7404791377858668,-0.8849311501984125
-1.1554917234491269,1.1548943714769933,-0.20297479667444304,1.6377944452186468,1.2441244457213958
-0.30945275222462637,0.9933322632946304,0.7287212856459422,-1.3350041621816353,0.2765252894864942
-0.6618439530833145,-1.2386376846356486,-0.9426143217291695,0.2687023403047481,0.5334934248902379
0.5708600281864876,-1.959161067290289,-2.4946038827507078,-0.46132641579491157,1.7732458572065524
-1.6859968961970015,-0.29453569136117846,-0.7717586662459881,1.3973789270939172,0.6600507866324666
-1.6520477618734892,-0.3329752060931245,-1.1990516310849888,1.6335874461168343,-0.6563886360532071
1.7271308967442385,-0.2849254689881447,0.7513886655992214,1.1634620818095995,0.2762804956200091
-1.064190358964805,-1.2243793465092372,0.1323518675200966,0.6306309124559433,-1.7173295514087248
0.0860605027625406,-0.31870386078972357,-0.11496889888311866,-0.03497944508075694,-0.44918639921313025
0.3283553965019093,-1.7617525469947786,0.6585512972606641,-1.616421291875723,1.2715301357843587
-1.3114776946743734,-0.03363130931271473,0.056605659839204785,-0.477899786456846,0.3840575849457638
-1.149806554567358,0.7910928110123073,-0.8439986116485462,-0.5642295539684744,-1.821333457422065
0.5666941395271557,-0.923119200362638,1.800291185497586,-1.2397699711901389,1.579680657088897
-0.3101189533032736,0.2887771691656757,0.8172477939435586,-1.2974828890974657,0.42629673325530487
-1.2770032436789442,-1.1792117481029414,-0.4587173526692115,0.15379294266560728,0.2461207273108123
1.1399546493485604,-1.2019616219636413,-1.2176009926429359,-1.1755035853778755,-0.3251062637975297
-3.238624272775096,0.6909511482887026,-0.9706098485783532,-0.1364133969205433,0.6935100666217068
1.2429790313305094,-0.44612823319992356,0.6954714489005265,-0.05165963459443103,0.14433512664075274
-1.355196370736551,1.6882862021170537,0.5909215953761545,1.5994862170294661,-0.5400683315776552
-1.9377929874413726,-0.5584238616310322,-0.6782412627223006,-1.2818283019481445,0.05144427086519102
0.052265616492675096,1.1718024385250336,-0.7044867948574046,0.4084627991122778,0.6037214967661271
0.8428385817079423,-0.37152228053387426,1.0458447098269537,0.46729173911097066,-0.9538519278920651
-1.2391684411436101,1.0783457472759894,-0.006094213718676688,-0.4407114969877223,0.24628958465608164
-2.705067026968663,-0.9372731890920274,-1.8709046019759232,1.3826423797263268,0.27460070410583554
0.21869146209790077,1.0732209210778567,0.5696981926328901,0.07812507196318899,0.32495143676594146
-0.37061990652518784,-0.8890564393962127,-1.0395475198132464,-1.1927404923548748,-0.9817885152988188
1.6403835074345834,0.12059937311733596,1.3947356876376626,-0.7156672771915538,-0.7248722669905884
-0.549407147178035,-1.031153173573036,-0.7797995069409623,-0.7990864886767021,0.4178821975510031
0.49503666036031374,0.785657935103365,-1.2454577962251687,1.3690149497248854,0.5839659382673553
0.7523345385601647,0.9666358381412868,0.46544853755505977,0.9552089916653205,-2.429807879286843
0.1366536535913119,-2.190901947116474,0.2898973804173074,0.12427999730768523,-0.3446143049093429
0.7866759229809085,-0.3701350637678618,-2.4012589349271374,1.2146325233113773,-0.6654558917980048
-0.42583553295320387,1.9414949878597454,0.359927049933825,-2.867851696315967,1.1158117216274284
0.16413385711953457,0.6178216447751583,-1.6155263598645022,-0.06940996696876592,-0.11098710356163384
0.6382960013418743,-0.8427596914178168,0.25420144393143806,-0.5916312961897181,-0.124396960129868
0.6962944539923966,-2.1261494226667876,0.8577349655230954,-0.8628953508477405,0.11975537599138388
1.5243858796781045,-0.25914037151610364,0.37021370233308126,0.8640714258783757,1.4084696658038052
0.7543939997918782,-0.35534460527495265,-0.44697047864255995,0.4452216202939817,-1.1761488296993363
0.18123615638115104,0.06774662689816666,0.11843491740834061,0.021793930743255314,0.7891114245747355
0.5862866378047499,0.445315550973412,1.0679089855063093,1.7517272016444632,1.0432145723781079
1.39064186970876,0.09150319015615382,-0.6433479481296113,-0.6737543279844874,0.14984135831539386
0.05977565502648641,-0.6555310883269105,0.40776785397543397,-1.23350513629503,-0.569707988699134
-0.4489297321845984,0.16939296214416372,-1.0654262397110816,-0.5750135891087288,0.25586265229184907
-0.01570434237993984,0.37430711558673413,1.0407566126242493,1.0867620955507826,-0.3200318004949887
-0.03160849867676132,0.8873595626572726,0.15036742669766012,1.9751942345854743,-1.0396191454994037
0.9852406771214048,0.5910043814667884,0.24568855887830396,-0.26977205994311765,-3.132386105486039
0.4774362313928003,-0.8402266638799591,0.4346059208258659,1.1133412636261266,0.5012416205287853
-0.1984984295664462,0.41048487726498,1.0148783337471907,1.6906548333308264,-0.6207703341281178
0.3794314192868023,-0.21790479833421963,-0.7337243337076669,0.24137740760545245,0.5298618186558177
-0.28214168662077155,0.2709588375422212,-0.22385310356154156,-3.1164802431194167,-1.2837972637558566
0.6470547503055902,0.017242856761776504,-0.4185681374615729,1.7760992089909913,0.3166723704189352
1.1364837340088678,0.64528065210062,1.251638164205895,-0.1510347507344356,-1.4312394162912283
1.8626529706698476,0.24504462976660876,-3.373949610021987,0.5412580035278493,-0.3587627016295808
0.9237074623271025,1.1518712194477758,0.37312655041384374,0.015467833051915014,-0.31638120697250377
0.6435400161260523,0.0929608526444552,-0.1850833004226457,1.5912910296409366,1.1190304422563326
0.5524462110441152,-1.5985127492769435,0.34540980967881346,0.06625356345272912,0.4703819831533299
1.9620155643092876,-0.5247339496599945,0.5349134519900053,-0.9429787851082742,-0.6307753108139159
1.6054456662574632,-0.6899485860856718,-1.3191947175132517,-1.04133339174457,-1.1332419911292901
0.8418119789343418,-0.3930238792658061,-0.7217524578780633,-0.20930376603773662,-1.1833737672059492
-0.6935559273093097,0.2213624112382513,-1.313015395412114,3.1423408160524073,2.521585050250842
-0.9240011448860788,0.026610899950503187,-0.08524738053561219,0.6013711910072318,-2.463390234401725
-0.7655001328333351,-0.7428658857615889,2.0042488880752325,-1.9645940671870767,0.5003018150292998
0.42545589663389566,-0.02196597616311128,-1.68565592484627,-0.5781649457731686,-1.039486933932972
1.2110287857767705,-0.5668262577368598,0.6379594128850169,-1.641925208505618,-0.8312954829090183
0.2880690276798995,0.7881130094436799,-1.0882823721988963,0.8310690872162686,0.8654922165007468
1.411829921700928,0.871659192412575,0.4090656786597143,0.8040185286804331,0.982672048887045
0.5327344144818703,0.38538362018676053,1.3392656225390684,-1.5529218801302855,-0.02796091134550418
-2.565176139755174,1.456695854871262,-1.2575378885676456,0.3034981911724632,-1.4519880705194206
0.1585367289259717,-1.1989114160934806,-0.18709045699053828,0.9781831440069556,-1.027038292894349
0.9622045832151457,-0.4642787686529421,0.41599743982836745,-2.091417435439055,1.1314722975576126
1.235209592136923,-1.3938251616570418,-0.8834834219831822,1.2398984095761436,0.3616779716106869
-0.6628012159369876,-0.8226805683248876,-0.03471985545482156,0.3454282674478953,-0.8151002804856198
0.7351900365974479,-0.25647667641713756,1.2561613123577098,2.223719010119542,-0.8706212955093968
2.0100631226960917,0.4761699983554584,0.4685894337127116,1.839146922819465,-0.44451372429446767
0.7080293985787836,-0.22782887046047753,0.04489830845298853,-0.2930280972878,-0.6447960602056978
1.3546779009437164,0.23640242270598114,0.6050978946224597,1.2304503189895764,-0.058936631298780025
0.5894563157898228,0.9897757845402296,-0.7423300676582455,0.4421301631234579,0.29984124695639847
0.12548980303760326,-0.8580534614429409,0.24243424381914924,-0.1381904646827356,-0.3403923578526425
1.1398230246823118,0.12006315117762709,-0.3618218776872011,-0.906259240571593,-0.21140951818623724
1.4643440964464471,0.34635405607053454,-1.7143910765288417,-0.7590263926239993,0.6885046646879179
0.34693280028701534,-0.04926842453222826,-1.6027358784211831,1.1582731556927683,-0.6466345321224617
-1.5176897472825073,0.5741563137077499,0.0872230576555374,-2.130315248286004,2.5618479938476337
0.47125806231807216,0.04477447339701744,-0.9726718074916042,-0.7599786250577439,-1.3643869884690285
-0.9121056781527263,2.090788167179901,0.45600791930661744,1.54789490453692,0.5478380185739007
1.3647727417525939,0.23642248343560998,0.07049164426873779,-0.9344869973964781,-0.7205146742830304
-1.6000986267321216,0.9830576162422662,-0.3042413908740604,-0.0007808993087999467,0.03086208452073506
0.44936114549998873,-0.2432495897862569,-0.051831755689754164,0.6589987796204395,2.8710651854153904
0.10375223596935358,-0.11195882814419297,0.24482863361918242,0.8657179589187429,-1.3276728911721198
1.1538087770577012,1.2683454645887668,0.04849227649014832,-0.041549018694973246,-1.4154165251735673
0.5189647705541154,0.03134066198188473,1.896469284511973,0.913638979840282,-0.4860877361399948
1.3394348032030094,0.500672974637331,0.3198290674611837,0.6064244308255028,-0.4456423838776224
1.0114266365794387,0.08461818954404889,0.8494009800299104,-2.387128575633207,0.05489223276089622
0.600918212805172,0.38618434370929144,1.2044742081438582,-0.6049136723589551,-2.2221551913454203
0.6942331903967041,2.302349815140976,-0.7572193161942501,-0.2711253810214967,-1.9318599577077853
1.985294425092814,-0.07075836426771812,-0.5136073093779063,-0.8995379056961584,0.7539775316834446
0.6289477033775133,-0.13876355460423534,1.3196599469695411,-0.2395430103215064,0.09173712167106451
1.104415461220634,-0.12513085083383346,0.6655043096700377,0.3548104722314411,-0.00026603186226010605
0.27257597819652174,-1.1425952055073858,-0.7822580793439993,1.0064295967668568,-0.09720418773794394
-0.904745206430061,2.1926969863064736,-0.6231792708664753,1.8611034082829763,1.1959402024310228
0.38873210264908004,3.4054563948055896,0.9516206814988785,-0.47104067934111726,-0.8297984887204107
0.8814263847646576,1.229557560711176,-0.7918112468046163,-0.7570932825767681,-0.002079032340307584
-0.759066508276117,0.17490984607432772,-1.5038200427047341,1.2592526067507577,-1.9733591303032054
-0.8036584551017183,-0.8481939796288255,1.0402526053449992,-1.8532693347080365,0.5858910101844342
1.4203900630855266,-1.5559658859298318,1.3399151273806726,-0.4800982044683108,-1.760680456158884
-0.08314905626886687,1.1849920527688629,0.6539193802454947,-0.007594007246181413,-0.11340718253430745
0.8118252499148129,0.39006995307734116,0.3178037963179239,2.282077602827683,0.9705345962069297
-1.9029521980678843,0.47386117209551154,0.8459369398725962,-0.6331546679311628,1.228775314447901
-0.4970083126204169,-0.6167456937413418,0.4598548802651267,1.4393136707327951,-2.361745452066087
-1.5766739741252727,-1.2644621179776177,0.7320048568046125,-0.9098585896235304,1.1097846318068014
1.5787952606151483,-0.17589049451703703,-2.330373758709771,0.2749477859372657,-2.019419111917182
-2.4394303496272496,-0.198975433104421,1.6180191495982519,-0.11640681428419968,0.06068672944833477
-1.2239996188305506,0.4189310448626673,0.6671380708263233,-1.1451629381797388,-0.14470887757745055
1.95856482489126,0.9742799610672429,0.143143154743703,-1.5207673748931818,-0.20075768024628535
-0.060792622300820526,-2.9546084947998446,-0.26186707648247676,-0.9895804473055706,-0.39249427523504515
-0.49527244493026185,-2.3373638121079288,1.6280693653003107,1.8085437446098813,-0.4743598227667827
-0.6049076266717293,0.016161979325994776,-0.6205031154360908,0.360121364440112,-2.4098328291966666
-0.2747679957233423,-0.17332899563726314,-0.3131670831313244,0.4892239558078463,1.3483278800928542
-0.7918449316329145,0.8798612491512517,0.2968120689340854,-1.3353500110028502,0.08775935657377146
1.0527118379142146,1.326943431245989,-0.0405213018901741,-0.46835124551771223,1.2694856401535202
0.5776937674441684,-0.9030556052901566,-0.46664817485815835,-0.9049277683959144,-1.2916760312941693
0.3727077919490169,-0.308351849233454,-0.636835631765458,2.0537201911490843,-0.9561282444336576
-0.48466080805993134,-0.31549379915592757,-1.5128089383968313,0.5653644537860169,0.40290458000753276
-1.5123599664938168,-0.4889755649745276,0.06967072015533513,0.9883173876363954,-1.2722140303904113
-0.11774753679345527,0.6071905391269719,-0.29984214489476835,-0.9801821591723672,-1.5374365789674636
-0.6263471927409858,-0.06487144228156569,0.32915955120398194,0.7248190489124255,-0.5147438416443237
-0.3263309568104655,0.14993143478052903,2.807082029771804,-1.527028171884629,-0.1669168763119562
0.7738824062260876,0.17938782277593768,0.3773074389589361,1.4589887134486108,0.9586872659554214
0.25224148905159344,-1.9230362028420258,2.267949565568778,0.5385951228567059,1.2831411698379664
1.1344962088109893,0.17011350255987567,-0.15429226806871577,-1.074763939711946,0.20370616691948942
-0.2540029182508557,0.6413578239424506,1.110993702297183,0.26287282218353275,0.38406819627138167
1.3552864942861387,0.21806453742561735,0.14132044937282948,-0.8574013447093118,-1.012014972710511
-0.7723750025185057,-0.5395019676318007,-1.9690761305727584,1.2550705393915595,-2.042549950309806
0.8663895164185584,-0.365373899040464,-1.1584957405766687,0.3100739206724394,0.34290577530933214
-1.1560511006026464,2.432828284720809,1.4797948982107914,0.6896265260681538,1.4993529644936714
-0.11580850373508367,-0.9433708363274655,-0.6478635533944241,-0.41493106877130687,-0.6796975700583636
0.3057068471690573,1.3229393297445957,-0.7852931268874671,0.1778320184152314,-0.6801040993222591
-0.528325878238373,-1.1122001453936006,-0.1540659486922643,0.09254354647573668,-0.145374881398999
1.0096304426162042,0.561466748748642,-0.39927097292723746,-1.0341538718606544,0.9918226179445236
0.06741153011910594,-1.9616386129943968,-0.9372586706629931,-1.4693747372410488,-0.1502187896279845
-0.4862365238401702,-0.5330181761996561,1.5672077935845885,-3.122681114935378,0.36728441893380054
-0.5983251288945783,0.851137864473486,0.16578374434584017,-0.06592001633492918,-0.05064176211366066
0.3790612767248426,1.247685403899635,0.9204921453935547,0.524246646184773,0.7017707679741271
1.0709277358351763,0.3960079921016065,-0.226874517854391,-0.9427741706418764,-0.6590568250780625
-0.021741541389876235,0.35713451077422353,0.2848329644128892,-0.15777324803282577,-0.5734662348847235
-0.28050930389204903,-1.5416305415196598,-0.7501689209872533,0.4451747171523163,-0.10153714574228433
-0.3635977569677931,0.04635488855461335,-0.9701869613259636,0.846981403675956,1.254600997067548
-0.054444385321318234,0.17927991937417295,1.3674048689939853,1.8652413370016574,3.1856516561891377
-0.9806394505281774,1.7903875633147404,-0.39302746403931277,0.44127874284857393,0.6655797784170876
0.4094372091812344,0.6226812175991241,0.3313133971260464,0.3506479204160072,-0.6241892145602731
-1.6128890191723304,0.6560301275988228,-1.022568759414657,-0.8980972331908776,-0.6609069724360938
2.008138341867044,-1.3356560078436739,-0.47241110396726976,-1.762649328330253,1.6366239194643202
-0.2074239406902546,2.4122652922441743,1.1408273493352656,0.39354231593359956,1.4890192164664957
1.227647332419425,1.264549313370142,-0.407294948043756,-0.15644959394902228,-0.061838462982975
1.698053477039703,0.5166546748826083,-0.22005325607840734,-0.6903351136576481,0.9076734714137883
1.1227220969239573,-0.011179734300730187,1.182756451129307,-0.1929770919957665,-0.23340847791828864
-0.2804070553395437,0.3736212861664803,-0.9860513975363913,0.8776846181788355,1.2437242258344166
0.5835543783431882,0.22075859360806824,1.2205637600131347,-0.7582617057868885,-2.2886927775293646
1.0704400301059962,1.388566436652205,-0.389086429446239,-0.9885516111795262,-1.4899997369260771
-0.18066828490769388,-0.5867332940318845,-0.30377817347145625,0.017522106853540012,-1.4545179108062771
0.48226332417834694,-1.5422742498271178,2.0414063543871577,0.17608130058529806,-0.025850305845205326
1.2258112400642838,-1.145945339002893,0.606790542379881,0.37718742544350975,0.10729263745171848
0.8427719904438151,-0.7996907345686535,1.3132231395580183,-0.3762199623930947,1.4645494602227056
-1.83573729030325,-0.2618624137041239,-1.9082670811739173,0.3389598369068345,-0.6025732668691526
-0.1817242959668186,0.5456512992427901,-0.19674621525776062,0.5294872961468943,-0.2950746545368521
1.7067271907467283,-0.0062950434335464775,1.4584026081884667,-0.28298787236378853,-2.600910067056314
0.1507187537422664,0.9198761522461563,-0.19785005740246292,0.3927569689284267,0.6434377147712201
-1.73234875716109,1.0334710049863411,1.155616371584942,-0.42236105582688493,-0.45710792277037054
2.126164623683645,-0.096558574158893,0.32057841668249154,1.9659121838838247,1.1675210764311725
0.3262125695296271,-0.7576080526696456,-0.935215625760665,0.10440894559902612,0.7610346316700779
0.913768968778324,0.7430102716460655,0.530138134419265,2.7154473145402847,-0.4945455585327519
-0.4150950408520362,0.1972925788856651,-0.6795009872398755,-1.4873914413394804,0.0481399179441702
0.5693663440897502,-0.7750808218325063,1.439545908792165,-1.3689768374890252,1.036034392131577
-1.4462305243320737,-0.7347506079685744,-0.4880356486786724,-0.1481058418655849,1.0100230112294557
0.9157622098637646,-0.25396812178498046,1.3636777437630867,-1.091979635396463,1.6397743484763732
-0.5784380332295931,-0.9526296490953262,0.2518865709661083,-0.04984588141489436,0.6303172811107974
0.5350274071751013,-0.2517518780461563,-1.300760659232707,-0.1406802721777446,-0.20428274139297117
-1.7081689771350264,0.7338737658660184,-1.1857542774818954,0.45857410210003535,-0.010381408858076147
-0.437683439793423,-0.2771883919380454,-0.8611870763681987,1.0571227106544479,-0.22272154974490996
-0.8698299986827431,-0.12548818720330565,-0.08187836633087947,-0.05619184040020831,-0.717876862337062
0.9152026725063236,-2.150558083817936,0.39177839006583914,0.09370595903534666,-1.1906760998833397
1.7172569789269374,-0.7308799324128247,2.2313860883687466,1.3294569800841192,0.24642580699102745
1.9615768489141978,-1.8719427604731542,-0.11577441531267488,0.6037497663088608,-0.2414212214802633
-1.0085218332755013,0.07204302798027656,-0.14424956437363534,0.46621918097575177,0.6278939242981401
0.2541088055786075,-0.4426814476834452,1.4340778777828698,-1.4091206223659563,-1.3226514508260894
0.689927033841051,0.5787731322557838,-0.01738414214023882,-1.3072394382242618,0.2577433604765215
1.8516820132740086,-1.4757181188845305,-1.2340199012841853,-1.8371848794453434,-0.9219528911852743
-0.03338350846223772,-0.6145816058892744,0.25395091441718054,0.3834523524939255,-0.1055279729422157
-0.22639944301009537,-0.355990997455773,-1.6902294833022156,-1.2310511613803303,-0.6809243704603354
0.03886438651436543,0.20270281538025894,-0.01696962395406138,0.7980249574578735,-0.7224226218087573
0.7964210551765705,1.5199096248122186,0.009568093196916108,-0.2401564678463,-0.8890920631132999
0.6523797888160986,-2.855247803564766,0.5199164744052226,-1.7065060123150195,-0.20213908303761455
0.2438450375750671,0.21456501811555456,-1.1421451228479294,0.21828760070869815,-1.303632390246796
0.02558834409201455,1.0805432670212325,-0.564961171981935,0.4937850784521846,-1.4047595707221059
0.1858139999736301,2.2667576204806577,0.6535241864309255,1.0057659434704118,-0.5685394268751652
1.2369717249000165,1.222680275851093,-1.2617258712184305,1.8651301293349065,-0.1572429691569289
-0.7946415326197258,1.7377664922084095,0.04412121551014187,-1.5361829762500487,2.335097540970876
-0.4695309435679207,0.18375202468828386,-0.2813427866668602,-1.4675220207402937,1.0199161444656444
-0.5264238677537663,-1.548686232064102,0.7486633161618144,-0.11819479271742754,0.850442351517052
-0.38415502040685867,-0.4750667176174852,1.2418693939632846,-1.0836920303836495,1.0690465580812716
0.5049385339890525,1.8290927764598006,1.7269790626956285,-0.7551904934099702,0.296515896215157
-1.1382271581680004,-0.8811774431704172,-0.3965638194789207,2.6687545315429935,-0.17007484362798642
-0.7880539049727112,-0.057726653752914775,-2.0240876149713887,1.9824359532277211,-1.1924676711207056
-0.29785376323648344,0.2865622284916803,-0.006842979593229483,0.00918241189742857,0.09761314010100569
-0.25631456522676965,0.11447013851131349,0.10835222113229488,1.711327328767264,-0.17742517774936614
0.28422696337747433,0.34565994514269655,1.9441870065532254,-0.2053684068100905,0.9193221207123792
-0.14904413060088317,-0.5077593871336255,0.12968791507497923,1.6000349948681665,1.2287577545665376
-1.1326363675745905,1.7877223261368178,0.4654970376716217,0.8302643679991063,-0.9051917418186922
1.4021080590400634,0.5663777075117306,0.09102573359397353,0.16101704368362973,-1.1703451971544458
0.31471072367695047,-0.4321229447176005,-0.5705067289001232,-0.1833663160259764,0.37446440517334956
-0.5438463740301057,-1.7987203677284562,1.4713119024766255,-1.1913555697624134,0.42160598433327345
0.5674428337778439,0.10027515786616346,1.2421136563922377,1.5012603167553562,-1.0642407047113447
1.385595867906542,-2.2481897903344574,-1.0745515183908707,-2.0825743967375323,0.1045917940743088
0.06246972204566397,1.5530090127530571,0.08566592279352898,-1.282199364995176,-1.768613755951633
-0.35936736763522314,-0.5417811524407318,-0.6685961798763492,0.00726254327163673,-0.2652120200206604
0.9545662146376798,-0.08032486229064492,-0.12651574880449284,0.06459403410854116,0.49760927343877775
0.40741417437149285,0.3196941566747345,0.5810655533798704,-0.34085190107801905,-0.7120150966833767
-1.4706784490044946,1.1696924901769563,-0.48198238729864223,0.8637879184350918,-0.3122117566909971
-1.317676606373703,0.03730369935879068,1.2060472391399704,0.10380937076609445,-0.9822352163128398
1.048103857709624,2.0083312002740237,-0.46507597239367837,-0.9751003512999115,0.4624054334100051
-0.9812517879280857,0.8541538692600105,-1.0213903248583434,-1.3123273007105225,-0.6328500629997768
0.8169934310736099,2.369323424658201,-0.37444161051858305,-0.32811941228623465,0.6803664066672395
0.9946774411886766,-0.14581530073125784,1.245163482152221,2.7228982184405535,1.5953901573799238
-0.9130139908661421,0.05202396974504056,-0.5245462795585507,-0.8681652338153147,0.8973416880055476
-2.1904215568334124,-1.044942697475977,1.5080580261303258,-0.6426539666803056,-0.5911326397734377
0.7527979515953617,-1.2940179631840876,0.35290698599966674,1.7319093521949804,0.3793812152720925
0.7579209474987922,-0.12817969655108827,-0.8172189271306257,0.22933692377320736,-1.4256298672848466
-1.3775208914904042,-0.4973209534572896,0.4865777083572346,-2.584731086878493,-1.1151609966660665
0.2457102825996929,0.6112551434007443,0.5553854701824003,1.4466491633076415,-0.1487852527071229
-0.4599600577528373,1.02162445533526,1.2965806364353363,1.3451756313321908,-0.1354426767060137
-0.6295696620314032,-0.5925016270854904,1.1470896109921143,-0.21583894039888077,0.837310480674931
-0.45483052440256955,-1.7565068647764994,-0.9615095162343213,0.0895736859732915,1.9629731832572874
-0.6756874005758795,-0.795945558728022,-1.2563797778698365,0.31777144275890945,0.31715043914682906
0.2225171873279959,0.2609557667304839,-0.3329337694205491,1.4708707106446275,-1.7372938092698287
0.5456897410842949,1.7066681473719807,-1.3967334621907816,0.8372408937345461,-0.03876385970475407
-0.010097035710882184,-1.4107879486345456,1.2808252335960686,0.41467432523731046,-0.11058580910075813
2.150041902978211,-0.12402465901155008,-0.7960645543353353,-1.0585243992499866,-0.9385922207295436
-1.1829288914497889,-0.6998613066450617,-0.2926560593086925,0.018687643678958348,0.36932592833625266
0.5341329607521662,-1.601139492855576,0.3635283370531246,0.8898547524091448,-0.4850585788880907
-0.5546893466902021,0.5728610604821004,-0.6777749807625747,1.9802572837650187,0.5700550351737264
0.8482440918459906,-1.9890534768791908,0.1435215367060588,0.17890772656756204,1.2294010203455732
-0.22622425187784678,-1.1821105746847922,0.33673613980221495,1.4744592425814418,1.124830655750013
-1.7473852877905787,1.066768135511315,-1.5981419140275157,1.5931045993637414,1.4593212269014548
-0.6775442515569159,0.4521906387786165,0.5872692209531704,2.550864104811511,0.341111245802068
0.5274624585571855,0.46909282292131566,-2.9420870981546816,-0.38193137525200044,0.8453029762120295
-0.8244127578312499,-0.7431213020444108,1.1786197189676393,-1.1111042987770654,0.5828934355093375
0.4201137231678669,0.7747006041403657,0.08695672791691236,-0.3499218745359563,-1.3797211642386886
-0.4084838881343034,1.2690951041668448,-0.13712057924130958,-1.3239359737685978,0.48066428762062124
1.160019083559302,0.6259939721590695,1.523778188559124,0.5784188777653149,-0.594376471063785
1.760330749016176,0.9895494634507305,1.0476737032004835,0.9758235748349771,2.322130141106638
-0.81592408512527,-0.5581556749462872,-1.2216334039401835,-2.5950894342691835,-0.2654844983879788
-1.0688822386066896,-1.9456318947769555,-0.22577911714881538,0.11047823982164275,-0.7170993749422105
-1.5071106210391312,-1.0751101725377417,-0.7538425033232445,1.9104743075690334,0.7247667575803671
0.8894971804464632,-0.4398747798946084,0.14997703373116358,0.3163983869647972,1.0177951766791413
2.130320570202626,1.6873893797303452,0.23469502869058523,-1.2457396829078855,0.047656978215838114
-0.12127568229086216,0.3673433489763563,0.47926678021708524,-0.028717048413083812,-0.0785717864559094
0.6654168511964098,-0.0934807678103328,1.610331176915839,-0.11445525746001514,1.1834117647033697
0.20519040023255347,0.4343833538932122,-2.586120955256831,1.4747066970447704,-0.5998506965376124
-2.031493806744302,0.4116120920831407,0.4622344565451263,0.8469813043228036,1.3820918217383042
0.49946089476799566,0.19838281884785633,-1.8436661417711344,-0.3530006695679972,-0.0868205072528685
1.1080520659549362,1.876931937650681,0.4922954785485822,0.35839261455819243,0.632384986782309
-0.1288962587451631,-0.5518908919617568,1.9622590854034758,-0.6592878336473772,1.8481659687100618
-0.16788785244006088,0.10114014419182642,-0.4988445898235028,-0.11670658893431243,-0.7799175399273375
1.4431597078941543,-0.9321316973853013,0.19582959931836816,-0.18536802264194166,1.3786157348859414
-1.0006480962926434,1.3469886770670692,-0.7157883778647673,0.025031620323816544,0.551576226125492
0.17268974759943498,0.30847299728414823,1.737438357217571,-0.06280444447608684,1.2724629682322735
0.8770123921807235,1.1210687493724991,1.208792331817208,-0.0856855195720627,-0.20654256218831032
1.0184025204751739,0.48927901220570214,-0.620148294363135,-1.7913920558456076,0.7224664245373267
0.37324295955205405,-0.1083601629156503,0.3879069479080323,-1.679211273268073,-0.5926255694612684
0.3567776907331549,-0.08257306250294565,-1.1031719977128385,-0.37740983937291644,0.472109575940233
-0.135943438845457,-0.32270639008806823,0.7352064720415107,-0.07635179637667,-1.3480441253950597
-0.302621829290229,-0.19672108584125955,2.813885626676,-0.06813507109660957,-1.9918553692169212
-0.8040007755510664,-0.6852200723429067,-0.5285656062562186,0.09620205354142321,-0.3887159443843575
-0.4485834239724479,1.9150836750399498,-0.9762385916454064,1.5304427548112622,0.950400970183436
0.34678084012507665,0.11844244793181233,0.9535634550657305,0.6175189199844995,-0.7158792534372934
0.6905202026927278,0.6791627004786066,0.1119731074196485,-0.11357749818683889,-0.8459567063697631
0.582850637716727,0.2126016237288149,-0.7953049249427383,-0.7027338010968048,1.1466489999683716
0.48889922909152866,0.07263816128819935,0.4458708516167288,-0.24752284782475736,-0.5408117943259088
0.6973617304338939,0.17819622795936912,-0.7272494367949466,-1.094055144265672,0.021937003001899776
-0.10932549778939701,-0.5964327695454296,-0.4753491812612663,0.7207979869940428,0.8851055288550632
0.5012214396216293,-0.9407152364330033,-0.29177935101012276,-1.0399417824535182,-0.7594868948614087
0.584113515484479,0.8926031687433683,1.0032227295526424,1.939525716408961,-0.09985888046651092
0.4981222473692388,-0.30632151092625143,0.12247768292225253,0.9625948919371958,0.04726280777428297
0.5195095400532403,-0.5775208190360135,1.248157226099335,0.8129287223874972,-0.48545343354674547
0.3884666011787166,-0.03559355745828233,0.022397391024521107,1.5306850408866428,1.1316801419406073
0.6313438793211098,0.5626780896753466,-0.14056925762493158,0.5531728147797692,1.6034184826002322
-0.4918560101234664,0.2623080023991804,-0.34999497488480524,0.04342669465898716,1.0509210155818833
-1.3779196723719453,-0.8495972691433812,0.3303993180931091,1.1532943507995932,-1.1609061599522403
-1.1321265609059379,1.0293856345170878,-1.4235531844406126,-0.7597437226604346,0.8765848973546995
-0.8368837985584442,0.6721367803924451,-0.27543703833996513,-0.2935997612839721,-1.5941794416326247
0.6680292990656419,-0.351758515233261,-0.10321291911570105,0.7151351280009596,-0.887784564705719
0.14665852434825086,-0.2610155718693841,-0.7102351072393831,0.026774093869908172,-0.36513204419423656
-1.423046319900635,0.9859479337107578,1.0466079245320967,0.42537358588932644,1.3408721375758927
-0.9392427848185446,1.8887968513386275,0.2527756157300928,1.4424079540249293,-1.7352746753748463
-0.2473664664711556,1.3723194950177509,1.4314179773024447,-0.19863005132227926,1.3517124430162515
-0.48189223928642777,-1.2380171912174247,-0.31508781931219265,-0.8981788478891002,1.272338464985589
-0.48010943131351874,0.6319958209042267,0.48693637955776514,-0.6470224003186231,-0.2961341263404446
0.7233853079842778,0.5545282385269558,0.06298731910206132,-1.4099223003445385,-0.23775909369601578
-0.2885228922740872,-0.710370419988076,2.391527939269378,0.4412241146478686,0.988197907929666
1.3170590713210157,-0.5933081486868725,0.17350796837932836,-0.713421107931835,-0.8996219532266598
0.22037309581427825,-0.2196558554731554,-1.488786771818434,0.5961689865390818,0.8880173449875626
0.859752239189456,-0.8149856259953678,0.27214841561042263,-1.119601643393179,-0.4096459600582348
-1.629036146700464,-0.7490480724413742,-0.8060093223031823,0.9452709699008414,1.221820378369544
-1.0216272838383518,1.6271934979637124,0.36643587914611425,-0.24720656509463199,1.2219734969301403
-0.3179794693553266,0.2700368272103852,0.9736461430536469,0.5594367445450179,-0.2837520177813383
-1.1349846680681026,0.4373767192724876,0.07119402326950261,0.6292494240648907,0.8708086563596436
1.2507973418731586,0.6238454057705104,0.7360261886415826,-0.43456295196066247,0.109217925329739
1.0600795852134834,0.10295864912872506,-0.6206550315658431,-2.095911231990338,0.949988466873945
0.8136901462781064,0.45348317317804476,0.9140297343252567,1.2051706539895655,-0.23881830223342188
0.627286528351984,1.2703502295695532,0.02610043245019749,0.4870852599574553,-1.2295182307468608
-0.8309302604275703,0.220821357342428,-0.41631817104484414,0.5111564878889551,0.12603094270101445
0.45229842360767447,-0.3337918443603771,-0.8089563091752909,1.7421510130840265,-0.450517459663556
0.4381399397008356,-0.6350339038221714,-1.445067003306769,-0.6026584154938721,0.06389603064071295
1.4619460393240316,-0.4596301563226568,-0.48880820217039866,2.803978861979811,-0.17115128087940137
-0.24217954559788438,0.9347934428735442,0.17858226629482007,-1.6427152689627806,0.9151716348765083
-1.4541716665586328,1.0292017476965807,-0.42355420742114025,-1.5073873038101155,0.5068247728735125
-1.710300366997618,-0.36911488500732387,-1.750169584926318,1.1696790577743286,1.2285600927465454
2.3938186109305004,0.683935810202662,-0.8504311269527495,-1.0449345920378175,0.7182853465948854
0.9296565452150682,-1.3768153240640433,2.1718274240851616,-0.13898369405139685,-1.171634397114958
0.24737797712219536,-0.991541597642444,0.24778714585115594,0.9301245863114581,0.14291607160756203
-0.25212108174138514,-0.09988159324825387,1.476713492924402,0.41802146329294576,0.5618124549221005
1.057560966458162,-0.960191138261272,-0.4761162461588849,-1.1763509161541303,-1.5112917530743797
0.01458579484825693,-0.079067873388879,0.39305662416487097,1.2352351737324445,-0.16700109975023383
0.9411523597151984,-0.7160548850079574,-0.20754483206788552,0.19260607554597522,-0.5196253704904945
0.6139247420402565,-1.318484496315074,-0.8504416061959673,0.7931685688749969,1.8178052721543543
0.2699745540499548,0.15436719061491758,-0.8276682031326464,-0.078915611499001,0.8507840830701319
-1.925531664983961,-0.16519192848680472,-0.4782637212622382,0.7243062261455652,-1.2069296087649357
-0.0963534966053401,-0.4785048528559776,-0.1866341910385826,-0.42971524894447094,1.779008140421987
-0.3301194038021947,0.7805290921126778,-0.09834117766578393,0.7298169501044152,-0.4162656728335795
2.2428229276666327,1.0980329806082685,-0.9740383419843686,0.4752070515064479,1.4127732282653604
-0.6332547964966513,-2.605332364558541,-0.7630451668798615,0.6131624330372635,0.0808330379579842
2.959757106577083,-1.450351003880161,-0.5789827556308038,0.12153052823196347,0.9981817585463081
-1.66540336750678,1.7921897118413428,-2.281739931667171,-0.3581171264896071,1.6539687613872172
-0.4140234983227704,0.28571961140837354,1.3882705752662794,0.2444745059534099,-1.1482869055094356
1.1190152407445173,1.9229977341463922,-0.07282075564526276,-0.5065436990338863,-0.7514899416883081
1.0854787243634865,0.1057109442816352,0.9121154197735445,-1.4881758042211561,0.7799873073849082
-0.5939717336591622,0.33742252065010875,1.1354416322401029,0.7759564423803879,-0.41550949584367053
-0.6460932735440391,-0.42626556338054095,2.593207303854182,1.0798824429953877,1.3317858905948274
-0.7496786194670431,-0.07379537447082332,-1.371031866600481,-0.005805228292597532,-0.548309384782907
0.2949701658867891,-0.6493578206346283,0.45054336735251294,-0.6348038344930926,0.423142137321216
-0.7642588493540352,0.2199504190215277,-0.707851005825432,-0.024847467587370217,-0.5017895809541111
-0.7844674934507282,0.7016992261936588,-0.30775574321552773,2.1404460750250363,0.4098147178794407
1.2988163508598731,-1.1696451571215203,0.17423766988911038,-0.7473142346248999,1.700575972712942
0.9455139655799074,-1.6160526601033778,0.7292510839885393,-1.2086994372713766,2.374570519112228
-0.48659650081804035,-1.660178652884953,-0.11549953312109768,0.39702310852978046,0.8405611517925644
0.39296981431483463,-1.1726248302464282,-0.08249722031891937,0.9716123897694035,0.5429398262262005
2.6332841497825767,-0.7698456829774107,-0.17865986363499395,-0.0034641157555535787,0.42115364645326997
-0.10318746514357652,0.40234354986002696,0.2765014005155787,-1.7613468700158585,-1.2045331517595472
-0.3818735870192697,-1.0394515970483797,0.5876803231916088,-0.0741544600828579,-2.0605402197498672
1.2975231475504507,-0.8064843716484961,0.6756920669231588,1.5090135407075334,0.5322927654974093
1.0501010093859344,-1.219566190849148,-0.10314711474840862,0.5865942208920075,1.2038531221862026
1.8536455369056777,-0.9070486687332058,-1.369859901232442,-0.4913084581239463,-0.2651766624861317
0.9667143135972599,0.3350669481538701,-0.19434728913329752,0.6676152598876189,-0.19273528202392368
0.19786155210539438,-0.4124970135263714,0.4370033371160132,-1.7777010701203053,1.4324649603101194
-1.1484977866914987,1.5484399411886722,-0.780718571563861,1.0426554038544056,-0.5571923766100534
-0.8841324622842058,-0.7757339691124591,0.8913127617363749,0.43480634357889486,0.6158283899372963
0.24266456971037462,-2.289836733516881,0.35050692974072867,-0.6627331876725268,-0.6943392967549441
0.6627089695406159,-0.04947236320911538,0.9016478492052049,0.6735282482249798,0.974596088573507
-2.185233237000473,-0.35123460759290925,0.6428437406578206,-0.574744706115855,-1.810561423835812
1.0303163613515176,2.1746043294695743,1.5927714544928033,-0.8613357650299572,-0.1791549997788595
0.97327933433459,1.0521236128126772,1.1019867687358225,0.5620962450372171,2.2383253592505024
-0.20137003585111382,0.9257188418723439,-0.41889846795299746,0.04582407063822732,-0.6188714210940703
0.9415525786865585,-0.3942766924602916,-0.39081419178041243,-0.17043171361538884,0.6646110794067365
1.7551580002568152,-0.508447643563928,0.5373924787909571,0.6032109644554575,0.9646194138341326
1.6911179711586213,-1.1040519290955306,0.8392705949361304,-0.651765266561521,-0.6494183907310349
-0.585061259381723,0.05556637983603253,0.936492729215586,-0.056319351851834294,0.804216210070775
0.2965349075957396,-0.8231499534125812,0.125673215595474,-0.29321763971769127,-0.877484276087058
3.076335108752812,1.2135355930504492,-0.5259404254046415,0.16482900538051495,0.8623874821199369
-0.3162619933062331,-1.0736920847751665,-0.8623491251457704,0.3471018040963125,0.35102097003631594
1.627791045392648,0.30882539643963036,-0.36012246213965377,-0.4461229348519006,-1.7096283198154028
0.6441056824842447,0.3445951072051484,1.2057469095196394,-1.1543038378266506,-0.6359213232021871
0.5444000477481183,-0.23870019280060492,-0.6506937984996091,-0.11133599352493713,0.49375000788383633
-0.5246910533453567,0.43569473457605884,-0.8534258419605985,1.4581625081413836,0.32453990427622376
-1.3898615097282168,-1.0816067916848808,-0.34784295036157814,0.4173029569221863,-0.39493104649838856
-0.15861603112463973,-1.257536609992721,-0.31233281735094987,0.31749202010283395,-0.1584663204043179
1.0470482510482877,0.014889308116704823,-0.7813946092584536,1.3456311434549315,-0.13118249134204213
-0.24738601781657021,-1.2781716131296788,-0.5945050745310682,0.4405638126413667,0.5168526320729033
0.48452940855063203,0.3774546063064477,-0.06683261718401942,-1.374770070049664,-0.8653918125368908
-0.8579813219958929,-0.864334024477598,-0.18083869090473925,0.8424120311003948,0.8666611844374043
0.00609380217904783,0.7520751196658059,0.7932209365597991,1.4161310736228074,0.6457454394225669
1.1165810981153483,-0.1822821419087822,-0.8949029780209503,0.6100227315525011,1.6504306961327357
0.4739536249418276,0.2776212962087404,0.6518323379700106,0.465627064046027,-0.8445505680278242
-0.9590851469888988,1.044078217147219,-0.48821702036805315,-0.7402787145125841,-0.9487243147114618
-0.7860962401225939,1.5621289885861556,-1.2293861939561967,-0.7628814197746974,0.3812972309576172
0.76542798090238,-0.5280487087888497,-2.4964521466233944,0.7832659938424391,0.4778186107136393
0.8605089235084684,0.8571132297345264,-0.16074865981305592,-0.36662765577046114,1.1236767813307293
1.0896338295934302,0.5481467897194902,1.231547106072501,-1.1069167019901534,0.5614563267966591
1.3056646148973239,-1.2288713285193942,0.34816803295924603,1.1129886827106839,-0.9863003256305515
-0.2940527326196914,-0.5190437185375406,0.3852471509512967,-0.23540621053710592,1.1824740801123468
-0.047962783259004174,-1.3871528786423308,0.9454906774485012,0.7880897684106284,-1.0119305663618667
-0.6036492170718166,0.38341588199735294,-0.3324281900319615,0.08776160021914292,-0.6614470413277591
-0.6163568775650083,1.5451001662350943,0.9052205802481744,0.7760955142486977,-1.3200013201759084
0.6263196996266395,-0.5096882902759043,-0.06375142084438197,-0.9103840639324975,1.6501667409688614
-0.25039462879194213,1.0247256735620736,0.32615110709101813,0.7049606802544887,-0.9711956588784169
-0.2488956977585603,1.0657804359057381,-0.35215866493242315,0.4012763373008302,1.355317655011178
-0.10861957098461567,0.6567018442528487,-0.163343861557966,0.10260557860765675,-0.18459353255024968
-0.374784935884372,0.3523577787340892,-1.5348808857426672,-0.6921841975454848,-0.17660143413046756
-0.016352724082936455,-0.7012678412709733,1.0280238998885975,0.36154950560487276,1.1215401726797813
-1.2172624790128432,-2.2604389346361082,-1.3585024373541452,-2.599353409987673,-1.1543662051191041
-0.6308362263858955,-0.7046419253447547,-0.16129072091674632,2.1733491214944682,-1.2189405750959772
0.20551521016224475,-1.4870587225147949,-0.3457687018759953,0.5235005706523547,1.9467694709110257
-0.23459882238651714,-0.32861590277888414,0.48534334635852455,1.8592870396368717,-0.14044525112172246
1.5294691074127642,0.7478230149070465,1.0898015249543642,-0.0011232858099259932,-1.2946490030591833
0.9313764591463425,-0.11067865063963125,1.2450675436542125,-1.272699327252297,-0.6018643295711873
-0.15123218402316177,-0.5017437649328937,-0.19633678063782356,0.8598048610472155,-0.1857652255858926
-1.2037420545516266,-0.0849166814814982,0.2262021826888707,-0.6487575735224864,0.14867723039177477
-2.515693684313552,0.6025858511038313,-0.7846546452933683,-0.38816440276006053,0.8335616333097204
-0.06608927226283147,0.14980462847297338,-1.0246692312439123,-1.2739781176983758,-1.0819433021346696
-0.6171396742414876,-2.065740808858616,0.846321570273086,1.5542238242851893,1.0104891940547815
-2.075626024314753,1.509189712204507,2.8685383585225903,-1.5416667241806186,2.4211500737256535
-2.0219140281527586,-0.7297442760115213,-1.4022353915474004,-0.18208014448773277,0.43407202307969445
-0.9353533845038274,-0.2085213065339358,0.6852829533776531,0.7649616365347225,0.741932340345327
-1.1207111802244223,0.7915576033398798,-0.6375486174051741,-0.07592227391882836,-0.7563902495798168
-3.378016681838176,-0.7581559293405604,0.3680451140589753,-0.14433932099304878,0.4375808947588474
-0.33181688380512037,0.43788431760518615,0.5714812116985355,1.526624657348619,1.791446650517424
0.24660181722870778,-2.276470682199782,0.17315896049681645,-0.4205663919071531,1.253925708639373
1.3622314225025114,-1.201897708553962,-0.7313622530282582,2.414720833816121,0.6761353630471324
-1.6302060033721415,0.24865252206599817,0.5844366372084138,1.3795107834943043,-0.5181763154380477
0.44197832306099877,0.4855207530536261,1.9271577117233434,0.016289349299296742,-0.3445234769416853
0.7899272526914157,-0.21360486898866987,0.5020720568176957,-0.6863833446815657,-0.31844722348945864
0.2779184462782365,0.8580841832680148,-0.2596428630497034,1.991001547738291,-0.9726339023099476
0.6909091008752541,-1.290170350179251,0.03767720417421971,0.17438402949749526,0.5629752768130531
0.26011513655185486,1.1857205736441376,1.824370671693522,-1.3990036400452022,-0.02851804947288589
-0.63142022164251,0.6802935741573524,1.7036999674499713,-0.5289644832672884,0.6189592807043117
-0.8995415994673711,-0.6086189583723208,-0.724661475722171,0.044955448250750325,1.0266948684303927
0.7914361192071482,-0.3943317657855551,-0.29358536496497206,0.61727284086412,0.8805786441022595
-0.5104854178889533,-1.8803662820769758,0.10150847602677844,-0.8897433215699687,-0.04095817505936881
0.08059169336920237,-0.743627751840689,-2.057046231466718,1.5113710609723883,-0.9609434577572795
0.7176246797575583,0.2044434644693081,1.7231974717795293,-0.5429797023699224,-0.27511397782226715
-0.5285698143691407,-1.293793429411697,-0.813300147442516,-2.162740560244891,0.08438137462322345
0.5207507397158222,-0.04829778252552555,-0.1783120026853695,-0.7420431657049578,-0.21646784422537133
-1.140675911316415,-0.42644337153782924,-0.41224087838143775,-0.34878000432426126,2.2304542045969855
0.6709097210209515,0.15256023570389132,-0.6573887207398191,2.2902722332716743,-0.9856759040372995
-1.0911380781769657,0.05861578978227673,1.308037130864321,0.44211955949339454,0.2117144638850272
0.03117342032420717,-0.8672600847749373,-0.5885449446233844,0.8854086769398233,-0.669409045602956
1.3387531894576339,-0.9228043778625789,-0.6494024826978112,2.567523761562188,2.560871691851361
0.11371499347652822,-1.9667260744966684,-0.9322220192776939,1.1538899700946337,-2.8830685847507955
2.520594689170218,-0.741210099799079,-0.35514020528645285,0.5476861908322141,-1.6173695445877003
-0.3851269592606888,0.004751404448960056,-1.6458477741633948,-1.2589241298155007,-1.1289815884146115
-0.890083393425263,-0.6526104200512873,-0.4431863976497032,0.9032717258133591,-0.35532579401579406
0.39242274949508604,0.2818555978564076,-0.0978873266141552,-1.7126829303642295,0.6562384535507924
-1.9152031932873752,0.48401153168222866,0.17892630488134725,-1.2598049076209903,-0.39824246623134174
-1.2812721078572271,0.5845593937568029,1.211857321906305,0.8455757489499419,0.37041192925143174
-0.8161116124914944,1.0863221320130216,-0.7642880646334762,-0.32565948377721976,-1.2735547983404243
0.9451218697950593,0.4817997484793371,0.43216213559245353,1.9334279181758054,-2.2206870767539226
0.39596914836042635,0.26473962250364236,-1.216528044370121,1.2468283766132615,-0.2781934690202044
0.01893793589563637,0.22724500927312358,-0.10837176865963631,-0.5343592437653444,-1.9873424380443059
1.896651018310667,-1.263189375022968,-0.2997878712502719,0.5938334207373369,0.921796861144166
0.7333082680257139,0.720432260564298,-0.07017304013315022,0.5411175969005004,-0.0007246060210659381
-0.22372194511114496,-1.1151637155861007,0.36791712758015876,0.1039084574136653,-1.8307312203592396
1.715584044796915,-0.4249202891338932,-1.4685334299476,1.2505439504731595,-0.26710718718340926
2.091544349620099,-0.23681352945395162,-0.3009503759128269,-2.683527142261749,0.49754441987970055
1.0136892853796542,-0.27141695342614597,0.14286879565320154,0.27307190885307686,-1.1390754415957498
0.03823671455692478,0.10070112608453827,-0.20945684896795486,1.2237406888333937,-0.47641935576090844
1.511456413576076,-0.9491709604542964,-1.3354361563378647,-0.6284690238126611,-0.18391916878789782
1.19651528054608,-0.8290720752543062,-0.07090192115253496,0.42329441766779097,-0.37393390890198264
0.0965266031315372,0.4282706902495927,-1.869399943180462,0.7074003452052332,0.5420059736538406
0.19856905422859636,0.9553802195663971,0.8932879762379783,1.0257379413323058,-1.6492128884667663
-0.452830049148949,-1.3042104257633036,-0.7244924012763979,1.9694687419125303,-0.6456728926127151
0.7198631798068953,-1.462832630793278,0.802626814217062,-0.24209884970980966,-2.566003823112
0.3823398883677053,-1.4550414320089164,-0.09540306105274257,-0.46326273070492974,-0.9635427054389789
0.873249728346761,0.44276603600119446,1.6365323186941987,0.3878288408964899,-0.7953677405314122
1.4792915259629529,0.734770500622148,-0.45575469448934564,0.468545967380697,0.10997024289844674
0.29867405925478874,-1.4216047418183837,1.315684649411014,-0.7291504732035377,-0.43052444001343293
-2.4069741119218513,-1.0532229612013428,0.9029413411862368,-0.4441300079524506,0.49330914357917127
-1.232263653893092,-0.1224963756188581,0.0002307785490691633,0.7888597723297478,0.21252215155863816
0.12989249584729998,-0.030115503538218933,0.4129328310076657,0.606554738423774,-1.103967751171395
-1.2761262347623397,-0.6284670022025308,-1.2244881965388021,-0.32501809972420875,-2.0667188630465416
1.4806690869910548,0.5412598213446226,0.9060864787369011,-1.2773308304640614,1.773454118823525
1.1182859132332752,-0.6725459412592399,2.5050348791523525,0.511034985409275,0.9887110633426673
-0.41236963424689865,0.4038102151262661,-0.6932396590158912,-2.120404003799167,-0.8811971580703244
0.933727489050201,0.3207359981938873,1.5906255123359418,-0.03376364090286595,1.6866202562802952
-0.45511422120270995,-2.3648474347179147,0.3823284831955307,-0.36196225028448964,-0.09474828955936242
-0.10269175259354513,0.42696540697068985,1.7753258649548975,-1.0051035658045604,-0.4013017049092452
0.44247156300957907,1.4356451039681015,0.04990945870424072,1.1952932455766148,-1.421314689767854
0.28610009774466055,-0.4814344928675648,-1.1467800526312457,-0.5072179227719847,-0.31329031055744433
0.38767158341413466,-0.022340475557469843,-0.22539192836381178,0.17028578361880597,0.502690694377205
0.3496429222214458,-2.746885494426965,-1.5699074564743825,-2.36229105625897,0.03442119705494916
1.264885515212754,-0.060243309094458554,1.0835991181741198,-1.145625503459258,0.035418894150756226
-0.14737848367487902,-1.04412638848964,0.0019580305033339526,-1.2248940640456398,1.0650316837341192
0.1600414973176143,-0.9569792877615197,0.8652809168692843,0.015275264554011705,2.610350851959704
0.45993545771454064,-1.0901668630780728,0.5886221193724316,0.5496073097584913,0.15832053144087097
-1.1417863334277667,-1.4504799199616272,1.843967455179141,-0.3235985745089958,-1.748165295998301
0.5387872056297569,0.13200661187033388,0.7113890917231599,1.339825283665221,1.672717264331958
-0.8403372687515307,-1.2322891019653168,0.30632618498734965,-1.0168374418902228,-1.4275805392670256
-0.6528609183713975,-0.2100292070473395,-1.3547244103933034,0.3411124660389287,-1.1168921893400154
0.0037454672753580473,0.2521563730112262,1.20362112613577,0.15513783582906704,0.41805841475005207
0.2664386136146419,-0.29405088126306,-1.0796918514550673,0.18299283664668964,-0.4093872767167352
-0.35572852428454604,-2.358528242525671,-0.04924024675684555,0.7242308756598822,0.658926168358432
0.5996726824027989,0.6086979392112775,-1.1015799996315911,-0.1839243618088748,0.7663482481280331
0.6222552934031084,1.485665088747471,-0.6366834851349028,0.18790399894932175,-1.0689836434607667
-1.2204007489152908,1.5721476581554177,-0.14203393880105789,-0.8580441481459846,-1.0707467381473732
1.174196045372592,-0.5956427856547079,-0.33628999389028724,-1.6214170425982917,0.9157351668847952
-0.3048271907027211,-0.35492095318573114,-0.010803341875830241,-0.9941083789113515,-0.7336260591980746
0.4164279800101815,-0.8880646486822411,-2.1409654826704005,-0.14879358025660622,-0.9186928356187578
-1.2659922670363748,1.5984971009775162,0.43915117033153045,-0.15413393481397644,-1.8241810525812656
-0.30444957901510694,0.2165138859209225,0.5790040487227429,2.0429837987479815,-0.39322525802905256
1.0457894222491209,-1.7995355112551956,0.29142234368589515,-1.3293139223612724,-0.48082252400878994
1.7030048384973715,-1.0380882844327184,0.21158809744518675,0.29940613025437457,-0.5381896801229189
0.31342821420789946,-0.10621118871553459,-0.6987623221667587,0.17203632477293393,0.16557333551297904
1.4479747498397502,-0.13366074627218724,-0.4289073144383443,0.47299157945163467,0.8659797669663789
0.8376820737759009,0.47288194208215995,0.3086861155760526,1.6406562750828046,-0.5980679271433194
0.5511294071774008,0.2963240896592944,-0.7384343130504415,-0.207079920008769,-0.17246976521189494
0.7889605621596651,-0.5834958449914949,-1.8273628185273545,0.07961918055222542,1.1839843640953853
0.6533496156782647,-0.8277015843610097,-0.09811533382797208,-0.5634420280087602,-1.9763676151946676
-0.7816640168276203,-0.3177756506673809,0.4557777000835669,1.5773738378590205,-1.5262580498584215
0.7678987728638218,1.8079298210667802,0.8860690315308365,0.33123872178694325,0.7497025995516352
-0.3813795467667221,0.9460303150442854,-0.19515000573730493,0.8479370328389398,-0.6925879751401227
0.6601732372939724,-1.5506637887502908,0.4471912075838303,-0.696557596258812,-0.19793401595109994
0.5592621454643139,0.7949425559351587,-0.9282490384471656,0.7211015377976417,1.5462608389935535
0.2982544819160982,-2.0337625621510376,1.110636044913507,-1.3057336342183028,-0.4151830320489976
0.026920199922311754,1.0140066531029637,-3.3820046334151033,-0.15466940700833912,-0.1470019833947627
0.47917229845771814,-0.40104612656977023,2.3310885165168997,1.0312129652497233,0.10093101201843523
1.1313335073934123,-0.1371415513537732,-0.5320793802577849,0.45946054235482164,-0.24263091339731876
-0.1975375109835361,0.08376098518496657,-1.5436350672092027,-0.6337820367499997,0.8216889906466436
1.2913148946022361,-1.808476235155829,0.6672817453379336,-1.1477732399346254,-0.23925904215437505
0.3249430846258089,1.4592009436718834,0.056607525194667066,-3.217696864908929,-0.9350248051356332
-3.257103382527372,0.4015428698137782,-0.2720065120202832,-0.4443828919320088,0.1116586581288461
0.6542350267716709,-0.15895124663969676,0.5689575650922865,-0.023751043617040855,1.940651260947761
2.632526129680005,-0.1551498903719402,1.0096739378839403,-0.930951730397779,1.8158132908254059
-0.07806222090330991,0.7739216863208543,0.4546477135745285,0.6414903643845218,1.3151533520222862
-1.021431976565384,2.616169006455929,-0.8175607677868645,-1.0978027177200071,-0.410444684245942
-0.15888648305283926,0.007327892007443733,1.4470194887564705,0.5981915090306981,1.231819777548449
2.958586628362939,-1.9927702166793715,1.0016918762881983,0.3639467788200092,-0.2157354474537126
-1.667042126709056,-2.5243719978528345,-0.9912619679309329,0.8745310967558212,1.416126141975946
0.4918196262929078,0.8759239165792023,0.21079673343714858,0.6152104468681421,1.5355371182676867
2.1024122473342284,-0.3674335929985222,0.002057955727134939,-0.0996216130649511,0.9949968699191893
1.1979254194187545,0.7924892083745412,-0.03144588866177752,0.4450599431899984,-0.7744181069475851
-0.3142308417662788,0.157396302129993,-1.4377625936790903,0.37212998867038166,0.26817409270386894
0.31066830139558116,-1.4370180768149707,0.007716606396782802,0.2706797794186458,0.1346456091351593
-0.826946065496974,-0.02268508258906804,-0.04046009464157766,-0.3449174453352379,0.7352295667213533
-0.6471005333932448,-0.13375026362976256,1.3078327566959285,0.15515456271283704,-1.394214589945384
-0.7412804716184795,0.35128421821316974,0.08918087804131239,0.11889820246774115,-2.0261568542861013
-0.07718940127399272,2.4498044720692937,-1.6147278925480384,-0.6632969398124439,0.466818265236609
0.424652627850215,1.0335703157660532,-1.6936326948412896,-0.5476411630254108,-1.938035324090107
-1.2991104200488721,0.5054686058214046,-0.6073510632638859,1.6943510800601085,-0.7260598858447774
-1.00017735876272,0.6158030181061872,-0.5824453066349261,0.2897534867447001,-0.002467267811739492
-0.5186667202266082,-0.6195730731979465,-1.8776663257235178,1.1360294956053942,-0.1725240777251025
0.724598430202385,-1.232329054862956,1.0661584930836052,0.9573072556806237,1.2364408855197426
0.7281108019407319,1.4849938244251693,0.8301444626118244,0.32208951868554775,0.39885305539743765
0.3686809877180992,-0.2316955817257052,-2.1020263188013026,-0.7454118004265721,0.47785905903720444
-0.2649402739150821,1.9201324222689113,0.42990085837167424,1.1964527931244875,-0.8030629750076611
-0.14020916847062104,0.09162343517314897,0.5220919326661652,0.6194723517234582,-2.835028330948024
-0.18913347547694084,-1.3660733527391544,0.518375454205689,0.567283777547216,-1.8049042337606223
0.24731964430825884,0.581733952768693,-1.0660784261795537,0.781220715835022,0.4291339422629383
0.7607202994206432,-0.9420373506407882,0.9604584563095041,-0.431684445018548,1.2753696940439174
-0.7228884306420592,1.0076871480603384,0.25441123086597023,-0.39465328511985565,-2.160063403119679
0.560194435893398,-0.8005755899640196,-0.9351264259142965,0.44713726797534586,0.023769823331201288
0.15470191005358805,0.010556541934354414,-0.80640541064938,-0.7401285338318995,0.5217830941149877
0.6040280229930609,0.4751007595065878,1.7874766428615294,-2.2000382104731155,-0.2664777025371622
-0.3463628010186372,-0.2477846495050511,-0.7689304433898754,-0.15482328253724484,0.031927568940405555
0.07554582457603405,-0.41848446951837803,1.8837241109311087,1.0602409125056922,0.5421982668710535
0.6878781388455821,0.3005495770968551,0.6665975058732001,-0.9027894294357605,0.8301010353685335
0.28821808577756325,-0.45230231536535176,0.3508902965734593,-0.4151846498329981,-0.24078775110596404
0.42342438048836417,-1.4551268089139149,-0.2537163014809159,0.19389489458333628,-0.5378088321638528
0.7622776342488907,1.3554953352028893,-0.8817919765752781,1.0223719575865504,0.09044642888612649
0.9678595147790698,0.2416010850433252,-0.0654689264093501,-0.989341295515385,0.31939506905176185
-0.09956264799378968,-0.06843548089335508,-0.982660263853297,2.267297011436686,1.4018297605720658
0.5187547193639525,0.3647131126035378,0.1061912970391342,0.33522150398574696,-0.6824562580058339
1.4190720157997794,-0.13889402024385167,-1.2637041337688342,-0.8506159762723902,-0.10559466166389007
0.010549572781002794,0.26024722448902804,0.3763627719260202,-1.1234561397746328,-0.6789823205292607
-0.03133107178386166,0.6290215148790679,0.19402983555759684,-2.5453984122615103,-0.8513148156415771
1.0978453803608414,0.6078880792589269,-0.5929940480907989,-0.4778811405767705,-0.5112202974217385
-0.11025626895889314,-0.29658435801076727,-0.204442789120582,1.2431331518549158,-0.7387948699564805
0.22050098583795172,0.11163628594020886,-1.1139056482235095,-0.3999219153429416,2.094350177230196
-0.42559700190492233,-0.9399557808744509,-1.4688596563892067,1.4133661384617726,0.561638331821132
-0.09461444472006958,-0.24524779726041027,0.929345873946389,-1.0810592559982413,-0.8370306819531185
-0.6315876915490534,-0.2260668921248379,0.3465602941084293,-0.3115395019278306,1.0589249753387278
0.3946092916302493,-0.32500266747122675,0.8701616617023918,0.4434183730601076,0.13126448101741484
-0.21474038066476883,1.423042151976007,-1.1833660737323328,0.353489114708911,-0.8366432049149392
0.4588457857624603,1.292327981928088,1.1306585678747478,-0.6211929797000858,-0.9553180638380293
-0.056907792770133976,-1.0258858344649318,-0.9205697117270399,-0.3907719242185274,1.215011713049977
0.906344916443782,-0.7846111949267282,0.4676901508417337,-1.627007183614958,0.48079654691454937
-1.2280902750253908,1.0672600670942072,-0.16299749638490788,-0.2200610219256782,-0.7939557961241482
0.7401613242278446,1.050666820084304,0.07618837781965163,1.2740225427557124,-0.5579173097691184
-0.6421676661218199,0.4496532260633406,-0.16459866998967718,0.009238156471054857,-0.5198358435716116
-1.0382257385628397,0.5128103340587886,0.36489813443512537,0.9844006620110275,0.35718581815257067
-0.803473454452168,-1.5072142991912312,-0.5352859283895847,1.6273813603589025,-0.5673826168554355
-1.2556254413666363,-0.9187949459361354,-0.09031384083629033,-0.06187898157902439,-0.5836965368981594
-1.108792796584659,0.8755602102180134,0.49654525688722395,0.024529530588669492,-1.0752952363163513
-0.716231836811548,0.9148721638456582,1.2750801612195093,-0.08396381938511595,-1.90065709909902
-0.10705976328615291,0.09061412673974283,-1.2200696932834558,0.22756103436131356,-0.0697760780620207
0.3222645110889319,-0.4617767263161686,-1.2388757489791804,1.7195898136633865,1.2138861170366146
-0.7914279456406254,-0.32909410817449836,0.5453601348470952,-1.277675908619063,-1.5504768765309116
