25.913491349138607,1.582954891548436
-7.3494178735298,1.3093870716573397
-19.47486225678479,-18.622689175803874
13.194440395394311,31.7741902898928
-14.355184674047717,-1.6763818554700896
1.5950430940569165,-0.8433686565297647
-20.247218154862107,-18.860929036214454
-26.763715431172884,12.061222983877613
-5.979533655560323,-31.790667149969618
-9.146407831929452,19.85719093016817
-7.705553080993338,1.9159858372411849
-26.8901165587151,16.182712816690582
5.038698784193945,-4.56969218425826
-10.638982255452229,-18.45005432639222
25.21815034906695,-12.633186718898086
-12.837703269537544,-4.360193311187361
25.34491162702377,11.236783504075103
11.612724371890483,15.290601001983656
0.82882078929405,-10.243857613601495
-18.01986010081997,5.767192542780517
41.37550583089754,-10.003524905441683
25.129090317607023,8.709693189919157
-5.229445613402531,4.4279573060542425
26.53198451006583,6.165123491478752
-12.335814447557535,2.7019586613492947
-21.376653385699786,0.7146684194280226
8.662951830032323,34.982214881107055
-1.2115973160494367,0.6458790430379775
-19.035683957533735,19.609147602200753
-19.560836561217013,10.434125386857888
5.029247888940706,12.713456961611886
-2.92585797205819,-21.2242660197943
-7.313609833081106,-15.038872205758123
-3.7434098460449157,-13.598502091391136
-12.444823901723082,24.352813260477802
3.6659960893677184,5.702719154554474
7.712659520940161,5.892976178441669
17.888164957329785,-13.421774015746214
0.07336144078190676,-16.175241977408156
-5.604971225962132,7.55379717014579
-38.82161563458057,18.269006688938717
-3.8119488518245133,-9.635860509789197
-21.571444951715716,15.826993407342243
6.002435210082956,37.15274199802625
4.290648139166853,-11.219643323183588
-0.9509412347010864,19.332818255593345
4.938141609811605,-2.3646253213162867
-9.735927327472094,-34.79425083721888
-32.38043328300956,-10.113886988677788
-3.5155595005148967,2.9583927931901997
-6.698104832050465,-39.72837813932614
-19.69156947077046,-1.5766715553971586
8.39587740840046,-16.008691889297467
1.3659658820669414,12.413046992070122
-6.191621144389847,19.138327146879778
10.355410389417141,-18.42282651819564
-14.08004476032667,-2.239762391476087
-20.202327846106183,-0.796355567770151
-43.6243926038089,-4.506127787917356
-27.762858609226203,-25.43046962210049
-2.6907081405682582,-20.54075469688452
-4.219962572172744,-6.809966390090268
21.63535778429411,-26.67809544902228
14.646381269487154,9.239716322907064
-44.06513650657511,21.30047711478638
12.802753410084119,-50.295149311297685
5.484400044596018,-3.2932074611839974
-10.549436681918666,4.439962037004027
-5.563055759764908,16.926711029759407
11.512372619994409,13.26157979831531
22.624603838302715,-26.567780948798788
1.7918252323579225,-34.13019066472165
-26.74715727545407,-3.563808952935001
-33.62017261719576,10.97109631423958
31.641269104621415,15.14954656586033
-3.256642901951034,-3.671634167112458
2.110481836407744,5.413209707418115
17.725115158930997,-14.179218283615175
10.14365765565511,5.4124052054921
-3.1389476785205916,-8.100664662278561
-11.240778354733752,21.056771423021466
-5.365621367838784,4.875364925388965
-9.264155819082236,0.9971828769581998
-27.25034974982665,-30.56056875772088
-6.32210614588887,1.1365916327196417
3.697906851203765,3.3047136523401246
7.135740770173312,-29.108436109059387
7.24490286855618,-3.2918610658915393
23.54185387515341,-16.75094835828335
2.9003784266115584,3.487031939717556
-25.648011048913148,5.5764508532016315
-6.274316445514377,11.295505590344574
20.38047912636304,16.49862477787094
2.690255682651505,18.365659474263463
13.586331378923063,-0.8197681989337688
-29.14816986376463,18.68352562722207
-12.08560103484252,-13.427440362196151
-17.278845874773786,-16.538814804575537
-9.088077769677477,-5.378098090800936
-22.542606925686417,38.93750474944375
