-8.701775656390225,-22.778510399926073
-4.88864805927732,-17.29306223992142
-5.170741808091839,-24.748914730002703
-9.979323137528086,6.181600019826922
-3.0777456105641487,8.563950815630298
0.3306102309868111,-14.737342335435814
-26.029662959225774,-13.068284617315445
-21.143265896241047,-15.785095469048892
-13.612109596473276,2.640108456063013
13.130257381690708,14.75572279380265
15.452428609027923,6.105731744956561
2.2362749723276187,25.272778948248117
8.079963688268593,-3.6879649927359965
-11.589267281145862,-9.254833725751723
16.53098120207192,-16.62855127246156
-0.398341171120153,-4.078747608345164
-16.45354950925734,1.6701161554307515
2.7459171728501364,9.85390126642611
10.660767431553724,8.797114125105976
34.98290210229839,-3.7444456932757597
-16.784110924751058,-13.542331110172993
-1.587525974425109,33.27138749101449
-7.415760377595987,4.223820860387288
-26.255106262418675,32.703762324577475
-10.64594654550588,-9.993027898479546
10.21374400838398,10.345505315834465
13.777150868959325,-5.066945270283719
0.09853956072980452,7.339497283023277
-35.21762093451879,-16.38958192029631
12.742304943443608,-2.5417911465005223
6.078654012223307,-10.834521958793173
33.800206103771046,2.7337603903148224
28.940624725826257,-16.153567814919022
5.169658498555912,8.056715912744384
-20.935554801563622,0.9884241937730274
-2.4080436384432247,-0.8370447425491454
-18.023183516823305,-13.86523299513238
-12.976177375916306,-2.5870882338278305
-19.316339547164198,5.563679646253908
-18.00195890798009,10.660059673854008
-4.990467636732772,7.67770277236623
7.704554376088147,-8.794168815713967
23.31253934962434,7.0857434382975235
4.256165940511039,9.92471887891157
7.279945596360629,29.95200149876829
2.01670229117647,-7.565307806437106
27.940470117338847,13.027052521446807
6.280626716121144,10.519107301329177
-12.397052952477733,26.205426789310398
-11.119312513435428,-3.4213521284687562
-24.988924915134206,22.57979720162435
-15.538406577629814,0.740728331448409
0.13520774534644264,5.34679619239124
-7.312720476231728,-16.51235017433051
9.451018504186296,-13.340792520949346
-15.283793324693502,-14.294332851094863
-1.230631030896753,8.889836069047078
17.047446495683303,2.883039244956814
-1.7302748445882372,-7.392338067740207
0.11788033136521103,7.747094094047577
-8.685461750617486,-8.997641854425382
25.380372234634166,-17.881195264942292
5.996286627590159,-11.102633291102066
-18.4159293357066,9.81259976493307
2.414396069041357,10.375431483116197
-3.4996609468009687,-5.65269847763928
0.0007857076675152896,5.359085848451308
-19.003886135502775,20.95973385162358
-19.21235088221463,-29.958117361752187
18.575730050194608,13.236504774605715
1.1680085307827976,-10.80689156578475
-15.22249391024178,-7.3627033093880065
19.888963255682505,-8.543237227310954
6.376557974599544,22.576115242420624
1.9716304387185657,11.5518412723841
10.620175821134893,-5.3736873640885765
0.22260642471038472,9.851757878958361
19.69017007299776,-18.315381721890354
-2.8509407338427906,13.163960892248618
-4.038801154824011,15.843936877517752
12.94342186798296,-16.93376997723899
0.5957529518354339,-6.3643349532971
-1.258420262513503,-2.0767041138465476
-9.860176305026028,-5.623355386853671
-11.009799387603444,-1.5262475928246473
-5.832962570942742,14.554555130980543
18.77159775250958,-15.237700825004303
15.054268547959914,3.17382871218096
-7.041752704424457,-0.776763754783274
-8.755137482732508,26.42383306001904
20.966082401560307,-15.494134823389716
-1.7526422350918152,-13.199189803285574
17.17116518569615,2.428692719432476
13.555702540772472,9.996567954849256
9.168639128321018,-7.223360605507776
10.194298627529623,-3.0771296045097527
-15.885824690898463,-12.626936895494142
-1.5422562519924847,-13.482780048320366
-15.827702332848958,-3.309952514502603
3.4841363691306784,-13.443311979486868
