0.5877700469874559,-1.7347956245749518
-0.6334870562104495,0.3281311567463882
-0.8507007341343245,-1.3601901925789686
-0.052980332921457804,0.7784749625272327
1.4034112514200714,0.8520144568479789
0.38718206502485214,-1.4129827638153651
0.974274470003801,-0.4007921164702698
-0.7516435242690569,1.1986217809355615
1.1859257422165643,-0.2919867214216155
-0.04174346196522871,-0.6073528988567017
0.9994310957534795,0.8190379407592114
-1.5448782694824084,-0.20945066733846388
0.8836584769810815,0.3272772334934741
0.9330973650971169,0.4549801125830831
0.6878741642246154,-0.3595211757033387
3.2823280295521595,0.34656536125746534
-0.752951129619459,-0.4286444478907076
1.4232141451832478,1.1339581065728284
-0.837869204440981,0.6543674589416628
-0.5617998147018073,-0.6001191825693598
-0.776009657359933,0.12693505191686516
-0.129701362711267,1.0096136844460653
-1.37719434140856,0.392515110731612
0.254834965380106,-0.5486852796196975
-1.3519855537193037,2.3235391809930115
1.3104129155997983,-0.10072600632800971
-1.7060579924157027,0.24917195102703346
-1.8002344845898581,-1.7537084309934328
1.3651004696489217,-0.8157383214488683
-1.371759388517668,0.7299876289021077
-1.3019649351693914,-0.10945752680968857
0.4127332477525938,1.8627421026629103
0.7125048842426958,0.8483973235332279
-2.2427489286393163,-1.3940850894477081
0.48759364629309615,-0.03026087739074861
-0.5553874386735848,1.2055319245952836
-0.2714537345623842,-1.660619452230663
-1.7289494447008797,-0.12180005267367867
1.0078304623453593,1.946344785231087
-0.3586465177835445,-1.7322374601104642
-0.30323952271934224,0.7526673102285941
1.187700402392025,-2.202848647221932
-1.596843890657502,0.3873377901950757
0.8060911323794437,1.2764061654023342
1.774707046433281,-0.03613556925308546
1.0188498713745653,-0.43597263505963946
0.24908671920500752,-0.13634089412719538
-0.28970400073921665,-1.871981410291258
-0.4442418694497615,1.0642084352905454
-0.5391524680342001,0.07522937801223424
-0.24232233346289786,1.286089010284243
-0.1159560935190748,0.174162806589979
0.5205944068645393,0.8133567389836666
-0.033892187699432426,-0.7515551167154276
1.4489613929348832,-0.31971171858942427
-1.0624190091849985,-1.8141626888348188
-1.0103455096844254,-0.037848624583699565
1.1389229557702396,-1.5855306505014595
0.6772644990180479,0.8024907717417038
-0.8687923590889093,-1.2402176687806743
-0.8514141692047796,1.3822449825976697
2.1969208452503937,-0.08282506135897984
2.310866962997797,-0.08619159738140951
-0.9607585142023481,-0.7364903576714722
-0.03159027308459057,-0.9915003439161906
2.692228449281196,-0.4889192303479095
1.1178607523009005,0.8375429683280867
-1.6504313248946672,0.7103288969060984
1.1279087215531172,0.5761778888463336
0.30894068832697374,0.4265322917543137
-0.3188986893383665,1.1168693289761564
1.474786563642349,0.33805221356804943
0.0034721210641337355,1.3964651357749
0.21486797885267092,-1.4786833618623596
-0.988859089337013,-1.0599641069080667
0.16398667021570215,-0.7011822943978765
0.28163426312666956,0.15240680202133575
0.34611146727652736,-0.9370306985612139
0.6060592262270222,2.1926306168841596
0.5625793040665747,0.04910177685597087
0.9153507657218231,-3.1079737981377082
-0.7951075925604937,-0.284151514757291
-0.624125125442181,0.9903349720325177
0.17349120627521916,-0.1569491615724389
-1.4477036369357772,1.9529947945615527
0.02644186251136015,0.114658589782371
1.421268869506459,-0.18504705809036978
0.9943560652048793,2.156358870228182
1.3611513074265942,-0.6192358554742765
-1.039467504434836,0.08568514529416099
0.4728634554397013,1.7044117436894344
0.06334374335033505,-0.5574990726089964
1.4298398308243225,-0.788669549511239
0.5799660774782628,-0.679088153026903
0.2576600317167749,-0.2375541584267842
-0.7614450810133939,0.38159664471366256
0.021436567897607537,-0.49608061400832604
0.27341214441905876,0.30615974253533607
-1.4855076995616385,1.9710383835808214
0.20488603379254303,-0.5061597902341906
-0.4707985638466234,0.315838472624069
-0.5584323213339164,0.15171865888349526
0.31064242799972924,-1.4598831008825144
0.4420310645635385,-1.0375994760553038
-0.009110530390794803,-1.2534515676726818
0.27911184742833123,0.2926343450120095
-0.17659322097582503,-1.4557832859007138
-0.7549679458399299,-0.5547294168489576
-1.046692314583802,-0.30966573635763955
-1.4863899040331785,1.209521524037259
-0.2575526047918616,-0.2961756047324622
0.6386699451503276,0.5085426152518275
0.17635240828819157,-0.6886563363536232
-0.6220549369158355,0.4923720526918298
-0.3070132226214061,0.06468639731480527
0.7444103224674612,-0.18536810125529443
0.3795743122661588,-0.5336300602247168
0.8137360380286539,-1.6450417205575836
0.4151923659312869,-0.5837985473157999
-0.7305750653801656,1.5509759517260062
-0.08878682745646439,0.9276841718367953
1.0224087942678668,0.48714253105134114
-0.018731238331667555,0.3667038766463677
-0.09860029080404954,1.436426658970804
0.30280847625444895,-0.2306051084343803
0.972389770378323,-0.48015566795874615
0.6008133018133431,-1.335684402329485
1.114508391861114,-1.5222250554691752
-0.6183729473995412,-0.5428759813010671
2.3476484230470724,-0.5015669170379856
0.34131760102286945,-0.7441366571202092
0.32926124065304624,1.1332959031282426
-1.0363882876913144,-0.41756970508425606
0.4868028220465293,-1.6968017779035118
-0.6667211258882906,-1.183703138983134
-2.0752635267665234,1.3290193519499836
-1.2893220607265958,-0.5283100682039846
2.054913649131811,0.7481972477709243
1.2178885437882319,0.5657570820812274
-0.23069768089147635,-0.660659430256274
0.3696184102849151,-0.13041722277214446
0.9212710708942975,0.8949196526604979
-0.290453308831932,0.4133709004937918
-0.1720882033962566,-0.3874286621224424
0.37558271343080474,0.785193855778674
0.7850042130467274,-1.8990425762753333
0.26869832478039113,-0.027033292151655397
-0.40026987237557216,-0.30621734599447387
-0.9517805642426039,0.9174017182201868
-1.2052496108389072,0.004268560370338883
0.4427474973927472,1.1048679062054274
0.4458118911840731,-1.0642984148522334
-0.28957715279456764,-0.6446866038645406
-0.16377215032203787,-0.14770651709170493
0.5556265007047738,1.005427103930931
-0.7023283590839413,0.3723833619341702
-0.9567610994958078,1.934384923068963
-1.549729273217341,-0.4370419432046342
1.4631490588755058,-0.09412601080705509
0.09968256701249774,-1.3382325951833234
-0.04114780312483643,0.3191744553110642
1.470113909312634,-0.44089050532267976
-1.573572512461075,0.2809733487172168
0.5284177857223681,0.36546418445895756
1.0525269703440132,0.6120852613148856
0.08424476817930956,0.1865959692999076
-1.44584846540941,-0.05752426582564517
-0.10489463202563883,1.861883687066403
-0.06725598659345326,1.2320949933561676
-1.2894493597084473,0.7032710709458528
0.7029022212932414,0.25381910343559083
-0.6032843251703057,0.4712783430598319
1.3320633071430903,-0.4698918341438534
0.23009074551464845,-0.2856633994916112
-1.7039974121913841,-0.622490656570675
-1.609646903172408,-0.6162358279608866
-0.5761662861764317,1.3327714439823304
0.329586433348176,0.9912763012236099
0.6161304588137421,-1.1760042465597933
0.06444384315515056,-0.3199170002278232
0.5773278625719453,-1.2171491698576247
1.5369429057088808,0.07345283993664675
-1.4810445628754674,0.6998462687288012
-0.21705007943532875,-0.9365316531305286
0.10860958616234237,-0.9122285557990129
1.5024353825953494,-0.8304460405794539
-1.2633930728671277,-0.6415126382896951
0.8222644808819973,-0.829872809931929
-1.7833103702205,-1.1864322431247025
-1.372886144121266,-0.20002136469796153
-2.0479509686542943,0.3843220723152473
0.17597926207695244,1.561358314480247
0.899147027073479,0.9289153914030883
-0.7101931853515508,0.8151848335403478
0.5344430904548532,-0.03720166961664106
0.7275395970026449,0.25734754500658874
-0.11379874019680399,-0.1298839805383505
-0.4268369929403308,0.9459214649844927
0.2237258513079115,2.4179979794791318
0.588882855160875,-0.7299292386395421
