-14.2084670937096,-13.036836739060739
-2.768961321512916,-2.613672459204806
-16.793868941593892,3.412557616093613
-23.79064591154042,-36.101213309605356
-17.87769697701497,-11.245988693912635
-12.78020927793811,-10.995715066123564
-17.432649068115253,16.419357732812013
-23.749402803995743,9.677250449866335
23.367566991703125,0.19054019777286024
26.65387012321013,-11.907989824635855
-5.295084367111967,2.6959943956263466
1.299991582800951,10.852689627234847
-17.293585027329875,1.3433462659806725
15.020240876427746,10.655413611758672
-6.290123729874178,-24.136234484877992
4.939229340771843,13.777041328501394
25.46152171463529,-9.496350552274333
1.079218520811715,-1.1736792446067916
-9.884165355134117,-4.493909786767464
-2.841110944918636,24.73388329302177
45.724523311334536,14.417462202780976
-9.790798493765067,-21.61933051258029
-6.6689872432739286,-21.181684953941414
17.962638506212905,-28.438198109277554
4.762853061043453,-9.22820868167889
-19.440264293658725,-9.809087129471282
-20.265691167782926,8.991378518447835
7.30965280978112,7.759960069800547
38.154685954518634,8.581560895929178
6.555181191914347,15.968346418024296
18.983648587371214,2.408173550941121
-33.33242965763398,-21.333825846622727
8.4223546310984,-7.90401456914113
11.419053176869063,-18.093126314708314
-5.9733732800376576,-11.15180479535304
-3.3435627684114673,-4.293283397632239
-30.728594039437052,-11.824354410587137
-12.14842296275835,-2.9482339245721016
-0.6298287026927898,-6.070516152709032
8.789964750846341,-0.5160189518414686
15.649373287175589,-5.036327936501812
-5.150957347077175,5.4191422223439
-7.201011061531871,-24.990706277998367
12.509736787787515,0.8901427279282523
0.40029673293177526,14.393945387360773
-13.478043342113562,17.524064139714064
4.387226644600695,-4.478163266042346
27.392742597231145,-11.176269812768403
-14.099983981605972,40.0070695713783
3.608233775874365,5.593171108607916
24.45222503474095,-0.18243305944044597
6.388513709848447,-1.1017925361423342
0.8768226923693645,-9.818790058315665
-14.680599416081318,-7.196199317608985
15.654295884403968,-7.95406717842612
-16.906862368758997,-12.578662579026256
-17.510529797947445,1.4293634685925038
-1.694622026563278,17.64677777183537
4.491674205847923,-14.970206163660091
-9.47686244749537,1.3369454348685736
-25.762287170239865,-15.437482973916168
14.033640259237874,-7.705699925520184
-11.146127563730987,-6.260620349489343
-9.596489290490679,-17.93944630656935
-1.229284472526548,-30.429522327366666
-7.814605173078436,3.9993931869542196
12.24254047920833,-4.635997127588741
12.791303797218525,-19.00350153821142
15.326421464420669,6.883527233868355
21.279750349453337,-2.7510461318121555
1.0202068646759228,7.733204732767586
1.7724634738161038,-3.1635333057333983
-3.634814802132447,-9.694645222155403
26.4519313644859,12.976548659263738
-23.97014516845011,27.12883618214473
-9.641819992732952,-2.1250229044502023
16.302616532359018,-16.99092710089198
24.73183410164677,-6.954820629882888
17.09436359421753,-0.7098454146908679
-18.871938046259988,7.87280865021345
-28.343258955454072,2.185080578334711
22.895783660457056,43.96218411875562
19.32641233743296,0.20172460011718352
12.355099039984045,-2.554678974794339
-2.2516203192135644,-18.56546569943955
-3.7107989158905537,30.428174051059905
29.30559027556337,-22.041728327953898
-6.479595089336471,6.3802110029721675
-17.543494467957196,-4.414670135145139
-24.403834195829454,-15.331296980558148
23.01002882573418,-10.440658552435071
-1.1799695394437295,-9.538221805011423
19.063815448512617,1.3616293328036204
37.690969232790835,-19.89819432846826
-11.501862238799735,2.4417630280214286
-8.332668708774541,18.78128418138522
1.4468523061115732,-12.467335797445614
8.412848386721663,-7.8183380794526505
-30.2333574659824,3.247837344396972
-29.978552939426677,11.984496684659245
