-0.17165621137171846,-0.39595510949846635,0.921814162067489,1.2514558760235444,0.5567670607684843
-0.09689707231670774,-1.5957358755881403,-0.05158069036718764,0.7895592908520775,-1.4816220591015323
1.8716400087885126,0.9131607195418926,0.6639079141738813,0.04369722648315495,-1.7202549721953455
0.011447007234145129,-0.256085355403236,0.6186631182832908,-0.8334388945294736,1.6022738675713177
1.1813622981129102,1.4433421655159877,-0.869908799440472,0.803682148868524,-0.22255634687320158
0.16067009892914672,0.0076046066158171255,1.4719161284191435,-0.08234215796818212,1.5022421752464576
1.5675826634265888,-0.24781471473757308,-0.8487493143320859,0.440507119104383,0.08894244051350421
0.7177326245008018,-0.3559337321170125,-0.07704883850978178,-0.42000290491243025,-0.543902905806782
-0.518043543909893,1.374526801908073,0.1916547707723501,1.8638949328218066,-0.23175885045770714
1.0750516076207972,-0.26339315885778164,0.5716888566218584,-1.1629535302937297,-0.9470929236610683
0.9290987435328498,1.0994788336667651,-0.8287588314604876,0.4789981025136553,-0.5133395142273668
-0.34370844716782295,-1.7490799918639273,1.821528094118035,-0.4020077518574307,1.4372829904522588
-0.9861458450137403,1.1697646069484195,0.8150107565716088,1.1203351759856497,-0.961116096594912
-0.4622380412267211,-1.723638879381428,-1.4186891588881,0.0705790634636355,0.5816967683324841
-1.5986078588660388,-0.5761568752697367,1.3501834173993414,-0.6304739512708761,-0.08685737166766391
-3.1072802420167682,0.7197773224620744,2.3359557224707266,1.0627097600067636,-1.0345429696174042
-0.6986226485488953,1.8515000277716975,-0.5302268928224577,-0.4962806629026032,1.6500027749976702
0.7470553495727486,-0.4875897019498763,-1.023247859006397,-0.29597403734435695,-0.8187395719557709
1.5470738398902213,-3.122487278498297,-1.2830723176364556,-1.7584048161536183,-0.9499496969779485
-1.5963431724648414,-0.6692483710072787,0.32256209254052204,-0.05467276866717577,-0.15483851040109936
1.057414329001178,0.01575012003142659,-0.22332323390913728,-0.14488399370484364,1.07078665489923
0.0017783097907358857,-0.4986623042527226,-0.519976967665299,-0.3048820519061873,-1.1045589755697902
-2.9090834676814272,2.982625152267358,0.4066850209527076,-0.9915281504122672,0.3274148644711717
-0.2868609887029401,0.9425762294137461,0.82939355592277,1.3424921023297423,-2.716042555205083
1.7946468516410872,0.27246943615206876,1.0686343902549433,-0.22779511145138862,-0.6127823936896754
0.40537320129929644,0.49354860424601493,0.5281683263148642,1.8796003402972226,1.1992201522773318
0.3693552973264872,-0.17771461548637,0.0029380170821483842,0.7911597485738189,-0.7050521572834286
-1.162580905260451,-1.4725812904463078,0.7851160927426487,0.7465913537471065,1.5510664214854486
1.3270389059908019,-0.29448138714136873,0.9186870971710956,1.654447089643353,-0.4760464689967047
0.1950039870372455,0.8747783400342172,0.041927282940408456,-1.1033666349217541,1.237375949193513
0.5205053492798772,-0.5968343729234984,0.08869448667831784,0.6683719149300695,-0.39610855151508384
-0.27786224331030734,-0.02388347152439709,-0.7648008155020346,-1.4232780792807371,-1.9383096696253157
-0.4735971424279758,1.043988907922656,-1.8909990548299003,-0.3069671765011234,-0.04425341425644984
0.4674576686421926,1.03863786592116,-1.7158952727492731,-1.702921787784146,1.2203436093446858
0.3125430646561428,-2.17218997479327,2.0959764947539363,0.34826377677202375,0.7072241759430467
-1.1551444052289364,0.04000660891341845,-0.5100134576440069,-0.4359398693125293,0.4182606782270784
-2.797979596699344,0.5202263203841053,0.8537769700881187,2.152715587922292,1.1723512588973046
-0.5800711664978335,-1.7062571299299436,-1.62398250286995,0.8537678782463929,-0.46050896118863
-1.4340201929534915,-0.2193348909406093,-0.4496757740120132,0.21892245245232214,-1.3422586315660112
-1.1586027166683939,-0.8111147228577431,0.7467735762367408,0.06496993188485983,-1.7568104401171525
0.13313179139264242,-0.6996449790856861,0.8419893435291451,3.201174496799053,-0.12473651231630559
-1.2359651073269362,-0.32336594620411,-2.047035197606151,0.3995635299304894,0.30559089508341325
-1.151182370334919,0.2670484104167255,-0.697202891061809,-0.09395327648495656,0.15861053883350726
0.2562435862446575,-1.370050777389224,-0.19066814179567443,0.6402701047254404,0.2919973584823019
0.12878664150742822,0.06131573403297465,-1.674400461123668,0.93980188585034,-0.44202753974488707
-0.14903696317581072,-1.7628105646607375,0.20134199058642635,-0.42128076449663443,1.2042307055651842
-0.9138719344443316,-0.034868597571741634,0.14714571699447823,2.630919473487134,-0.45609688430736717
-0.4067925283840396,-0.5135576224228297,-1.0810030108581252,0.7693118963469423,0.5212434074281805
-0.9385129718350322,-2.3074246594765544,-0.2094170929555675,0.06392970715645514,0.861346754585679
-0.6581575926322731,-1.00876244749069,-1.3650401877225113,-0.1359259155280753,-0.11376872376075584
-0.21521415274264866,0.45718726434228546,0.48844821989614584,0.1272626140246772,0.758977356965508
-0.6873037246805254,0.9061933435600298,1.0829433995656739,1.5426177884918322,-0.5933212960010087
0.5059224820460451,0.08220524775634853,1.6330616789149865,1.0913601043127763,-0.4911873192714249
-0.9705795551038863,-1.156064215308373,1.1791326865390235,0.14975681945049837,0.36107946018059994
1.4870937411713374,2.323246840365489,-1.538281383067871,-0.6126814915872234,1.0176832223859553
-0.5693311673623411,-0.21395288910548813,0.08438684641378312,0.25764578310577585,0.7582203785157784
0.644415426955976,-0.7144915001264934,-1.01320417643239,0.7121350141591146,1.1678123002342538
1.2001626412385977,-1.2896695289313758,-0.39314820084775304,-0.534427680366333,-0.21006972187436906
0.20349763754788672,0.6064160257401358,1.7997730093149666,1.139549264891173,-0.023313839217991288
0.8075921067753983,0.1089432859210983,0.0019458442964846218,0.7713988481765676,-0.9051015039870599
-1.4333274358368102,-0.014834089847413112,1.6895080367385336,-0.36480117694565706,1.3961058151554888
1.774804224491497,1.0084564538383827,-1.1739187668036164,-0.39763226881194985,-0.047233942502933356
1.1911062724431472,-0.9135003464974537,-0.5430043339640611,0.659150783055446,-0.8253611601006163
1.3309323121833623,1.714569947445985,-1.1068073545101969,-0.040207153687795295,-0.37822412329466276
-2.4716655976519717,0.21261454501144278,1.4645348791983304,1.5163438927270372,-0.44851027432103796
1.5427367514355892,-0.4375474822421915,-0.8844519550699254,-0.4365914219409214,0.4124457980471707
-1.6000579131152795,5.792216029910667e-05,1.1217744562752445,0.1468823111027041,-0.13601017670992996
0.3028800075174823,2.3829577769589947,0.9438662451242166,0.39197093078944323,0.2162373192603238
-1.2990361462646491,0.15232573037999977,-0.3483246672008686,0.27049271446221607,1.182661116511606
1.742301505050276,-0.8933244313031193,1.499597401049615,-0.3403918946021415,0.8498167004537864
1.2638560090333633,-1.132302277644129,0.8051701970760686,0.17214552818321502,-1.012904574397996
0.40950975876403983,-0.3407749687555363,1.224497231919406,-0.41839977393347083,-1.0612169055518827
-0.5390783122423131,1.0654561335470156,2.2262091947606524,0.49128051149534285,-0.8219397578181988
0.17613661400270783,0.49909629731026367,0.6911315812642873,1.3916142822521966,-2.0483755609261936
-0.016774583833449444,0.10393076320769787,-0.01101112232084815,0.5768387392649976,-1.2748821214835886
0.19483775422358152,-0.4615299596905059,-1.2537352642795425,0.10423187496660333,-0.20695568605605358
0.8408314841412817,0.3275166218357419,1.1007545222990665,-0.5485510538037338,-1.925369151786121
-1.0531632047470518,-0.9160213690361615,-0.04928404951361871,0.6366027698357581,-2.334446907138121
1.6963913840974976,-1.1043978222068405,-0.2496650764848477,-0.38200290482468835,-0.09231654488871577
0.33890052850194435,-0.32323016290714723,0.8245081033500478,-0.5044938484772195,-0.7956372885937455
0.4451261176220188,-1.262464521682929,-1.1043203928821934,-0.7946034443994663,-1.771529586590665
-1.6398273388750406,-1.0219836927862618,-1.4496837358645676,-0.5288632731118008,0.05411664124010426
0.8456197618343135,-1.1949024782379745,2.418655239734071,-1.9999478038556002,2.101546214119224
-0.5789029520301489,1.6084847889243872,-0.5503434888879868,1.7627845949530936,-0.4639954765666593
-0.7735834722084416,-0.8020317122133801,0.456155966843485,0.4367418550002553,0.38301673867467834
1.655069693275881,1.005122132152169,-0.24461503148164165,-0.17037499986372887,-1.1835973357018916
-0.17574575304149154,1.1709223286876127,-1.0438697500454859,-0.8323451203018043,0.054780483469741764
0.22766744649831125,1.6389606419914349,-0.03499108488885532,-0.486238876303733,2.7416886007809556
-1.679583430758726,-1.2746079287177867,1.195630390443406,-0.7416549188946553,-0.3893746893495159
-1.2136308345932942,-0.39626140602980503,0.4950294753264875,1.4633999954785892,0.23186746065537092
-0.7675435140762124,-0.6918594328741711,0.11864469956445045,-0.285685706152117,-0.12392458107676728
0.5550875015931613,0.5013405392301675,-0.9701452924674661,2.5160668358538882,-1.0449089400936542
-1.136058255838551,-0.38158079647962995,0.10671921160852137,1.5949355512280163,-1.0943942164748452
0.20929656719972262,-0.2764267621705462,-0.23215583358361963,1.1074724125476463,1.3457716695663673
0.18807333223198558,-0.37178950687073753,-0.7074666098944944,0.026682899821421954,-0.3712801669459064
-1.0771741404434443,-1.0150045295467687,-0.921001975154299,1.3470987144037856,-0.04239690783733846
-0.06503667428901921,-1.4049609915135535,-1.0029337276166204,2.1378050518986775,-0.33202380093497114
-0.49202050488428606,0.49012151196973114,-1.3445156853919555,-0.9090424460804791,-0.5290645259480888
0.11653863999172881,0.7222542332341675,-0.318429882434429,0.43985716113728485,1.2901731580776907
-0.5279533624633154,0.8817006402575293,0.8500333706043601,0.5347410467195858,1.4509997500409764
1.4057266784169162,0.7490355137563008,1.3201832273624696,0.7262204345402031,-0.8630642677748066
-0.1544168493341131,1.9217768831272508,-0.5747425444091433,0.6892394293159069,-1.7978767395040234
-0.914329774695138,-1.069478999025758,-0.8223132566959491,0.13879877178857855,0.9354538169643298
-1.6427180853293333,-0.7244246054694997,0.7828485243147791,0.3172886026563867,0.7396490591394705
-0.27401786267446054,1.0242111654132242,0.9437698470686108,2.2829927542814015,0.21919594542784426
0.8965092028490316,0.3582745849743621,-0.6767874045467044,-0.019764622272488014,0.45412905384952124
-0.3390957994910119,0.653917186919086,-0.659491488466405,-1.3949489576880636,0.2552344710560397
0.14250850405986162,0.014215929945679535,-2.3118766108183073,-0.5110050513074857,-0.4271203094803716
1.47176209409103,1.643556480794484,-1.0327242153923766,0.0832342255872105,0.816077622832608
0.09194864292513952,-0.09814858662731304,0.39057840196339744,-0.8796934554100244,-1.0761205918591905
-1.7949985869323581,1.4699385116778971,-1.261471903082353,2.819208750899535,0.6523445206276994
-0.6325383750631136,2.01905343746898,0.5159839437106787,0.984207638407433,1.1381785109329636
-1.8391891530060565,-0.8117229991423178,1.134832839380772,-1.021493258816593,0.7383978453056281
-0.5056493126591576,-0.731814393359135,-0.7609874507190675,-0.7712883924874859,-0.5585864481508961
1.472792022215148,1.5570019749708794,-0.40726037775293505,-1.2927493283972546,-1.2015127769191463
-1.0957555624692894,0.2361628669932304,-1.0207653174675058,-0.32546996302502484,1.3978769080686326
-1.5291979945975158,-0.2561262357777051,0.5669557743618695,0.6306209279082521,0.005026759763344038
0.14291858123720166,0.8489652137257448,-0.2985217297683792,0.24570800707019105,0.26889520548748613
0.6937076479407951,-1.2285282175204602,0.426252705042592,-0.2802033046297841,-0.30103047746531786
0.4596326836458844,-0.5481246537958859,1.0266737010995994,0.8671567050438088,0.36702934421295724
1.2289469059612754,-0.3143727307360446,-1.9517314482565276,1.284689983140872,0.5724865268933754
-1.933938337096854,-0.2472982409851333,-1.3578558213502887,0.5753459740273027,2.4056461440898955
-0.8154607171548187,0.5072683034110481,0.13694898619858362,0.6746053608937378,1.1964820357285646
1.1092963271397265,-0.4753013534719449,0.08620269549639191,1.1868739286767294,-1.271059722476579
-0.9134315735797189,0.420446577486114,0.5550523089283964,0.2711119296257638,0.6745711740839857
-0.7721948774702312,-1.8733971229735298,0.15127933733848098,0.16579066085104002,1.4837064709010694
-0.13185601034195155,-0.5559815387572752,0.08936069854023727,0.06556868085062773,-1.425950730136146
-0.0885207967941726,-1.079676738399181,-0.9240107630552675,0.25549800687187724,-0.057366249186576686
1.516353628095534,0.6951744305262006,0.1480970402457693,1.1516048665277745,-0.7036141916930528
-0.19235850772621682,1.0264882845509276,-0.8770093957387348,0.3168883656643062,-0.2779224880399692
0.6192877360052558,-0.08368847726438496,-0.11061197734552004,-0.3269789007584997,0.5408093666564282
-1.296650367790259,-0.6186625566585343,-2.23158202383853,0.5791991166997373,-1.2696820599732952
-0.597511087443074,-0.9322867275529283,-1.705733406212603,0.34714898687561346,0.02917957827903676
0.8035190058638172,-0.8856736000206434,-0.3148003363903482,-0.5577548514927134,-0.2548031215324717
1.7207984888415158,1.2681447831185175,1.3322993390592228,-0.22744545050517354,0.1531520999719672
-0.961178824698151,0.6012196221708748,-0.8023369521025538,-0.8134010728246095,-0.9070067896935452
-1.185324629934672,-0.2694863152075813,1.806100267621124,0.9252511372265781,-0.28468806400693947
-2.7278288034251075,0.3696788260502216,-2.385530884717275,-0.14809252498701064,-1.1242683826922846
-0.0402559163916481,0.6770026883601088,-1.3931344395915763,-0.0066458682187541,-0.31516378957795926
-0.8221255529901388,-1.3144302939262695,0.8670427502782622,0.05124748133807617,0.34701237613392205
0.35031466618217244,-1.4774702431841134,0.4004683252363051,0.12981751283776485,-0.7926617159594982
0.7555748773269919,-0.5707712470880996,-2.0975095559276498,-0.12086947616380421,0.7964022398232268
-0.21760524284180519,-0.8974329195927195,-1.0051816519052457,1.4773929235229581,1.2297161684511513
1.0277497661895696,0.023845086080187202,-0.4452611402400778,-0.5962174789477457,-0.9197392195583436
2.186609204372352,-0.0027194218610637378,-0.835196843250567,-0.09080314661261825,-0.026224319673216947
-0.06730264664991736,0.013851169887842721,-0.6981249297483261,-0.6876958511945712,0.6594651805115196
1.8351457562319677,1.0765607100726706,0.5603947950400745,0.7379321619871386,-1.0769697983372084
2.117767759630172,-0.8111163530990794,0.983971679722331,0.25281046271961266,1.751759212416087
-0.4613335094771554,-0.25527734138302494,-0.21038225398272645,0.7658162642816335,-1.070314056909689
-1.3002593207379431,-0.4576699411192642,0.11457688645966811,1.6218261838481538,1.771290099220127
1.479169371709909,0.41735375232287286,-0.3680717585028486,-1.4302652530701028,-1.0424476090682724
0.20443135247767788,-1.047567157021698,-0.5962746554517094,0.20781560643968122,0.26621184237197976
0.23863070827364197,-0.7077412633269314,0.7716802724857685,-3.172242459019366,1.7928136302134008
-0.2961656318925168,1.1835029139514104,-0.8526344094569505,-0.633330852168465,0.5180627087807466
0.7547041694631085,-0.17274984694193332,1.0661109144651542,1.1765202837231474,2.384449595388427
0.081661979851065,-0.13266182015691536,0.4958686250547912,1.3846187225395825,1.1863160525627658
0.2045334156287432,-0.5342087311743846,0.1928482733653046,-0.8442024368335205,1.4627339719729413
-0.7008042139722732,0.026878330810627585,0.22353378273252766,1.2296160117725485,1.156229579127245
1.172619424972639,0.6715097266575686,0.9739809681949791,0.16735326655157043,-0.48455663105055496
-0.00981319889015929,0.8848659999887252,1.941306016901316,0.054547507877194784,-0.5293130761597158
0.7246960278938197,0.895485704002744,2.223138316269231,-1.7374262734922072,0.6926008493129089
0.128093655904543,0.25093079239304467,0.8057446305179009,-0.7641819666591312,-0.09337905336189875
-1.2931734484015207,1.3676545395355377,-1.4576637453239438,-1.6687011080470642,1.125754118269381
0.09836336630263892,0.6833481596974135,0.7515145585577536,0.12567781827741675,-2.1274826399986804
0.4822406526190409,0.23810834044866425,-0.8879679530042384,-0.4966542474577926,-0.8856654888822335
-0.9186535020505651,-0.22000890597005054,-1.5832953414979523,-0.17858866930827438,0.18842266685825407
1.2259603596612705,0.1044257842853974,1.1374780030908123,0.005624675596318483,0.5908582665201462
0.15978621208121133,-0.10371811742036996,-0.7847019967616262,-0.27210572005948047,-1.1496729189722736
-0.2853550601279281,0.9152579952679605,1.8524731085139572,1.1105191831452237,-1.496769671465744
-0.37996775816687206,0.4767314618242888,-1.2521288889928313,-0.4619575077668403,-0.7836149102293835
1.09638044963614,-1.4501816352671617,-0.1472560392986102,2.362626757578043,-2.016837536160692
1.0876119331851943,0.3436014147891347,0.11577728524858816,0.5121931931372381,-1.3388281405669127
0.5957504091498732,-0.19670837824154364,0.6655030163900897,-1.1626532446218236,0.06697388456210582
-1.0993546369880627,0.042562136605606884,-0.9853904063083471,-0.9365507467574937,-0.43729123504165107
-1.4324575450511516,0.9300998078703814,-0.6444307345872783,1.7246321464268435,0.3938368388629251
-0.8450938178982621,0.9001471773902374,-1.0822397347676351,0.9929849400130067,-1.2021279946127659
1.8374044650293486,-0.14885322798156564,-1.6007791032221377,0.7124673512578221,0.1058262300745067
-1.4579583421330575,-0.3340632896544853,0.5200576873941604,-0.4855929615845665,-0.06656557031290614
-0.35590430042300103,-1.4076714244664632,1.5042725354805708,0.5162344775437114,-0.5702048376710187
0.5765656660654219,-0.21045302955493878,0.7285910781226499,-0.0074442393457451305,0.3651921602453089
-0.5148264921362766,0.8480483452515791,-1.2622028220458446,-0.13906203906077708,-0.4725932065009051
-0.5686059656419119,-1.0800718462785044,-1.3223178443986232,-0.8274426032129166,-1.1225552625696056
0.8374247021147944,-0.19402568574976792,0.24234695424960742,0.29423345483176694,0.3514662638312253
-1.0657504918202003,-2.6138354122220866,-0.5167029018053535,-1.384365802809789,-1.4468304957706102
0.6926746072617067,-2.2411619763693484,0.07562922693150799,-0.4868478100360563,0.4180528075925776
-0.885849803647531,0.2243682546339417,-0.8869565594146187,-0.9190083996549651,-0.3323070618133438
0.2663023756543897,1.0478959131484802,0.6985848374997304,-0.539213153653014,-1.079855800486011
0.20062136134867922,1.09220708813106,-0.48663412884033863,-0.4004070390624711,0.23260914769231525
0.3154175024604524,1.698878637245601,-0.9342188436767433,0.05819061936910102,-0.5817497144723297
-0.8364039728764184,1.4805265427976597,0.08599946137997756,-0.6297335692681976,-0.2896149607590868
-1.008703125576483,0.8289082360959099,-1.2680128117902842,0.6073724682751847,0.1577389979268811
-1.7893338170936655,-0.4943871375762797,-0.051878669184426775,0.27182126362521186,-0.1572952361913322
0.527582980062723,1.1504625073771209,-1.0303285598016572,1.0451104722954356,-0.16054432816029354
-2.5083090651191284,0.15349261124145105,0.3691736584798211,1.1782079405013988,0.4863978889336411
-1.5497827037218137,0.2947997380322613,-1.4510347994415393,0.6365402064910949,-1.1798583222732173
1.533648183678629,-1.174401281953646,0.6220606910714387,1.0875605135866204,1.3900023475564307
-0.07766123552095436,-0.652747961905562,-0.8805141011062221,1.7320582419912693,-0.2942071330260746
0.14163982338910888,0.606632929825979,-0.8100698690519327,-0.5667465230011985,-1.4051934585768304
0.6665417412497545,0.424453767183541,-2.3505940053961747,0.0366509317792452,1.526868660456067
-0.7517870413566827,1.338325645831238,0.4297705973392867,0.656922311866034,-1.8880790885661607
1.393049295250012,0.3953845005309339,0.39433266780387377,-1.1910258926145472,0.7951932622489623
-0.5295273852555695,-0.1863928691985604,-0.7607298707232895,0.057800547152791426,-0.6003156136223113
0.6833208279745775,0.3979623905451419,-1.0569815258179853,0.3493788985983855,-0.41052566956036574
1.2114071899422159,-0.14055338237188283,1.6065411568695258,0.8676867917214591,0.23930181064247252
-0.2019495680709489,1.2040249164646597,2.4472456203614685,1.2467680628126676,-0.12192577733445556
-0.8853910260600253,-0.004849172050511034,-0.1327644897756199,-0.005280552184277448,-0.08743153307301384
-1.1501889712731772,-0.07426297978679958,0.6008022840729843,0.8376686418888395,0.032961967387511504
0.6350404504901052,-1.6291735549650759,0.4571738908281977,0.29552612644893655,-0.14297564362156262
-1.4702267431050213,0.0626868995822063,-0.25080785295119123,0.5139985467228996,-0.5734175841430791
0.8743905015196595,0.9136146299967988,-0.2144972897304975,-1.0732915589341807,0.30384851860003753
0.8794748836812581,-1.0189719282613436,1.1159302292389903,2.0773755073676945,0.1766763981533711
-0.15578485449443466,-0.9496520132716532,-1.1673163037261636,0.7971400956761109,-1.6936791321709774
0.2203648901038057,0.5614455305654225,-1.2602298713437996,0.27885557076582806,0.39718098411894476
-0.526263714852558,1.933486754086679,-0.3913898822934711,-1.2232533100083118,-0.3604191123317327
-1.2510402796899784,-1.1013781351795464,1.0660456767610913,-1.3473192952744428,-0.16848270386405967
-0.33519058455729234,0.3359767543867916,1.2326703499953164,-1.194400796879197,-0.8920664003729742
0.8532829788703125,1.4177555585125556,0.8234807935106905,2.6697245452576617,-0.47854827556658175
-0.5636122857898718,-0.12253650769752625,0.5670556411667695,0.5423619814737911,1.846846177563352
-1.0381722871496017,-0.6066385553978023,-1.6705495954298448,1.2163216813374726,0.7653564741167412
-1.9711131983644163,-0.977794736676069,0.2661574380679032,-0.40967133887148766,1.8240767381332874
0.005173753684109756,0.3348170010272739,0.6691209339775924,1.286443645379542,-1.349479597446901
-0.6740660089880656,-0.33689218050182684,0.9010855111749122,1.1919216471404859,0.8502948557501114
-0.13821955361955499,-1.1287868818153466,0.8361875843076481,0.22117965130653652,-0.2561069168800644
-0.017613128193733254,0.33604402261354815,-0.4903048898181778,-0.9297006532438109,-1.137948454874098
-0.7930431949937425,0.7647053558702539,-0.24909398756880416,-0.08808694105356579,-0.32485090431748415
0.48150882705244547,-0.5228093406623467,0.4840456031986529,1.889103384874292,-1.233391261643205
-1.2317131537664103,2.692701273888835,0.8309932370355906,-1.240911048854607,1.8179421269124292
-0.7239718245575203,-0.5649303658796709,0.8475168124201231,-0.4092988146864296,1.0554506125569334
-1.1666695919677472,0.6387645193196388,-1.3385032668559116,-0.7148657433105436,-0.48011957197414656
-0.2733659132154683,-0.29409474279652054,-1.132487383551449,-0.026163595687416583,0.04382659134486009
0.5524118278321991,0.42748757783662106,-0.07318404562774566,-0.46469851462148704,-0.9186054751533533
1.453851227721015,-0.9288907018229983,-1.1866121640510885,-1.221258036064871,-1.1874773537402143
1.4313554782927407,0.36095896289917057,0.40689670442896464,1.6688848146113715,1.1158002088282963
-1.0141768965915252,0.4991792230355127,-0.322273939610564,-1.1412208571838747,-0.834489259628269
1.6975035642220948,-0.8249039722242216,0.43206804129841986,0.3410129243678954,1.0063958965072597
-0.8387193486220893,1.4332320297920358,0.7729274595271599,0.24818493874483677,-1.074186158076792
-0.3467380443970645,0.4791538065867123,2.04975408462895,0.944493750472945,-1.959490982477357
1.531599598626662,0.9353849185049667,-1.3430966227211945,-0.4346156789001086,2.2556894174387625
-0.7817482618716672,-0.06488911318249163,-0.5859170479707598,0.998188425275849,-0.4334985997257982
0.07542075439194616,-0.5635575827457814,-0.7031669836115578,-0.5770132301047948,-1.7693676956112603
2.1019386309595256,-0.7119101901256922,-0.3785657722774463,-0.15709818973791687,-0.1925633748485349
-0.2831739513990563,1.151896286110278,-0.2694047566758902,-1.73000153154655,1.5127521383952218
-0.10645445185416137,-0.21296107907834091,1.2177896445440708,-1.7184580188979572,0.43128588944832946
-1.9057647086232845,0.3930119029051716,-0.020632869544946652,-1.1102912958610378,0.045385022421990745
-0.4653158280674184,1.6107389284267697,-0.05003476611605152,-0.2360739822286758,-0.6868681925364021
1.77457706240488,-1.6579753898907454,0.26391730204134145,0.17176454999583976,-1.656322187945537
0.3551710836489411,-1.3612465290049667,-0.5791140985616824,-0.6871548413383065,-0.18920171096767702
0.32558829965879804,0.5288930928828152,-0.12634060713517886,-0.1914557362559125,-1.0644586754628027
0.05514131074094315,1.0995600922087185,-2.072640206460133,0.7904249352290046,0.7194233926189109
-0.8400465398408987,-0.5655841602456597,-1.499671365304874,-0.049941225034701144,3.1762079992300363
0.6106069445124993,-1.5133072487943116,1.2782227095549152,-0.5827933622829022,-1.1693485885517438
0.7465192881898485,0.14460809702646674,-1.5037990893752373,-0.5672603265344995,-1.6124734029435093
0.09419699789977241,-0.6728460859612617,-1.1634851461905502,-0.9780815774504802,1.2057381887670031
0.8048904662253814,0.07406865841824427,0.59632368439482,0.8187703189717254,0.44820688309250084
0.9303602908055846,0.87397978425074,0.5703728818976106,-0.37720647323902873,0.5710560445077822
1.0894951227960659,2.508436592580873,-1.3008645948753719,-0.6021108254700323,-0.4115111887629567
0.27690770440446066,-0.9311682484557237,-0.9540431476682254,-0.5214210620647206,-1.9428882667055871
0.16632752338367982,0.148373613354243,0.19410244009595312,0.2978910903559158,-0.20187389729882282
0.2140355566192576,0.4920403237191144,0.3611723601247218,-0.0689096102192799,0.288898292556994
0.3545828743808406,-1.5452921815392602,1.5642743302890565,-0.5829067060858346,0.7754382944497834
0.565429068781572,0.07216725800487914,0.889762581606255,1.1548836351338023,-1.6438817118591682
-0.8034207295794689,0.7948599666815925,1.7252485613479052,0.17326455592189,-0.3995295088551665
0.8325734162589257,1.2683635133356728,-0.6160820201457007,-1.585229327124583,0.09089557034751646
-0.41402943018007676,-0.2415027390175113,-0.45921588880130093,-0.6945960327686315,-0.1959099360328977
-0.8218037377533641,-0.5975656172499552,0.6455456431208358,1.3886275509658976,0.604403053073759
-0.9002781034907562,0.7667048162979576,-2.546142047830392,0.43484047879352594,0.4472533806851916
0.1754850303776202,2.118336687938524,-0.8988441294355959,-1.5810324706975227,1.0957889814229385
0.612513719041639,-0.7223476746525394,-0.6954812297863882,-0.3341235620310983,0.6739931510396096
1.5934011028122121,0.6749346622237116,0.8775374460838631,-0.7818545893314605,0.1494039586115881
1.1100615808467797,-0.7740885167824578,0.8104657875376177,-0.3157447536263583,0.9319791523217187
-0.2533733850954175,-0.40447545234646837,0.6978192152819936,-0.9324780256366162,0.46388930009381935
1.0204408465855652,1.1088181937050892,-0.6509399505011466,0.7098771576884322,-0.10355376934150005
0.24622494068489137,1.295240557732136,1.8098294202292111,0.7835112317544968,0.45463511331564416
0.2402155998018975,-0.7011856262250601,-0.5653976365754116,-2.224038130831478,-0.014069082915024613
-1.7936226595159768,-0.07190550583978916,-0.4975537169370722,0.27567137791513924,0.7557212489579684
-0.16798801508829145,-0.10755580947510673,-1.1831760952934811,-0.4931684339240389,0.8510867079145464
0.37900592566901686,-0.1792050297241271,1.4922054038125223,-1.0814630730299286,-0.16032638652490255
-1.1133342235516555,-2.19072639439255,-0.12918898754432176,-1.1536972999393798,0.24409152910593082
-0.11841477655179165,-0.9218272723092582,-0.4972444873690784,-1.4431691224052383,-0.19365658498631658
-0.7617424927658204,-0.6792793694217681,0.2384156693769688,-1.191514721974271,-1.7668272999475443
-0.597659131386705,-0.8316969145509892,0.8847295722602045,-2.6385532632838333,1.2239198936213997
-0.6925667976941433,0.8363203725867153,-1.5731319210673966,-0.26886282543773427,-0.9905207513898613
1.073357955375241,0.22625192706944686,0.45455012989900345,-1.6447670854952956,0.18134005938196926
0.25987036150965476,1.9320116105230036,-0.6113153259460143,-1.2603299247592024,1.2899340864462001
0.6366894528793133,0.28934538923565134,1.2476763856599167,0.4014660216532788,2.321160932424301
0.5866635525724074,1.1958253717384035,0.5555361576525426,-0.828362755688239,-0.10918310109117098
1.261585643508003,0.6763811901041408,-0.48557767533364854,0.7402786212250402,-1.5440743296814732
0.46169083465964955,0.5910731311967574,0.6097341113969431,-2.3766021519111544,-1.41052536317297
-1.518175485965399,0.7890511352810775,0.6657651459437391,0.2936051711603779,0.042041721587929785
-0.635339021660381,0.047052742009698285,1.502250891885441,-0.20854818176084097,-0.8676975985313641
0.19262047994642162,-1.4030186710708137,-0.7691360758872491,-1.3144223281309295,1.2591805878767146
0.4629322378888915,1.0535213672392414,1.620794255560571,-0.9291529582402402,-0.4585830819091412
-0.6665720649779435,0.5203027350581515,-1.2726141269937266,0.3419245766285016,-0.4387429076302015
1.1136309758466303,1.9839860608552953,0.0993218232403822,-1.5361199170983948,1.6470260928111382
-0.5101517716082,-0.8744137280971129,1.2813177491853718,-0.050823541296289194,0.03786036234929159
1.4079154390600361,0.8619546400820111,0.8335159677172909,1.0700278408615216,0.9434574867092946
0.828742378127197,0.08424635577992484,1.1752246096859207,0.181169271874433,0.19565901880812814
1.1609332157402195,-0.5397198551020916,-0.2891011561214377,0.6441616514553964,-0.2897138222644731
-1.320406303418186,2.133199429701402,-0.09331400107169034,-0.5684747891261909,-0.8265393648967935
1.774281289172443,-1.1699700198424139,0.7655478929677014,1.1029025274552053,-2.6018274649089714
-0.31626205471011937,0.49285943229150536,-0.6727077437320134,-0.1398888963351114,-0.2522263797643428
-0.022971314384374733,-1.4106202796263803,-0.6364239541385923,-1.1528876915791642,-0.22703927770315713
-0.600618825597885,-1.3064207744509422,0.7553869618242094,-0.38024160230014786,-0.927112232202466
-0.8029536009584389,-0.4410953521555265,1.6320007712308484,3.270570441314577,-0.04108826942709062
-0.14502174833338344,-0.8399193702549318,0.4108380863141646,0.1626264142585046,-0.653629348883072
-0.005113429245433927,0.2704694521443861,-0.5061158913325183,0.6563005502980997,0.6649960103813156
1.392297875161756,0.4751626049052335,0.4938185924999166,0.545773265425979,-1.0619496557347223
-0.7159998497444023,-0.2600879167444786,0.26002676128370134,0.535141895299842,-0.9809115084785598
0.8060741852089028,-0.6165132609193577,1.057711312175489,-0.7375323871712848,0.8398258720010647
-0.5813912957562478,0.6170091242469157,0.170847057548745,-0.02195454832879198,-0.05510583834718082
0.6917590821143652,2.4800848604398364,-0.4632082116135948,0.6698271852897534,-0.3279932873972251
0.145557956066804,-0.49771145183066445,0.1965254367762669,0.47240269740454,1.3856314806652354
-0.02775176318723431,0.14551367580029784,-0.9264696222566055,-0.17585983368957797,-0.1784396291978213
-1.1749845610856686,0.8780021760037422,-1.0634181175047426,1.2966280152700178,-0.16116610796918568
-1.014172486118699,0.86337181506781,-0.8285317355490536,0.7683715561058999,0.33812839124022315
-0.9299388693916556,-2.213308204097614,1.2077876587214265,0.032608704423756706,0.3710498790872585
-1.3979542460690344,1.3310561376804015,-0.18330679596107985,-2.088341450314162,-0.9610064812165042
1.2833539971664398,1.6792738361095274,0.5176310635413565,-1.2124196563655605,0.9248968403773911
-0.09503496726781595,-0.803397178463497,0.40240135308442393,1.6686362819718794,-1.596292871561638
1.5569865084121621,-2.7780678235290694,-0.2691075638785633,0.7557930069654492,-0.2884757981675032
-0.35147305068388474,0.9111290478895695,1.4315668959262056,-0.46946061757067303,-1.1299002593656997
-1.573856476922523,-1.8085487973779162,0.6392157267400216,-0.8732501271093507,0.3048777866791939
1.4614084480262397,1.5066721238930811,0.5081869906521086,-0.530384482355602,-0.2410828555637331
-0.28642245115674525,1.4431753561869238,4.2552722625931505,2.018153002810405,-0.803969517359756
-0.6266587832305608,-0.6545742661118786,-0.7341222962475638,-1.1877183906472604,1.3468349907807116
0.5565564076490688,0.9691121078345777,0.9135853188513939,-0.18799571840205012,1.535298321997832
1.4161485876112263,-1.7464416827383404,0.6137986869391119,-1.2749910538956828,-0.10381550149144501
-0.18797136313807847,0.11896204304230258,-1.0884357264000346,-1.2288683188230287,0.14713668197271085
-0.6639408854309059,-0.5115316493081576,-0.017366949049088736,-0.47327394973732023,-1.5026286309772925
-1.6341972064508634,0.6621749383995263,-0.7244524541768371,0.794460171390961,0.25690079843817804
0.47931525899634614,-1.1159287326299907,0.6790295255824096,0.5051669455835314,-0.10219343356678012
-0.5275690049168797,-0.08087775447329552,-0.09049056107942542,0.37308422718380035,-0.05438469904701558
-2.4166249700966187,-0.2442629590056758,0.13882046225703826,0.19403799899885926,0.9253336387760193
0.3378111499940997,-1.5078934115271097,0.23769201378264665,-0.14355218896567185,-0.02815935762183722
-0.0017165410839154838,1.1653781650767896,-1.0083849651086312,0.3768366683668874,2.2765435076152527
-1.6103780212257661,0.11600391826352746,-0.13879861768516286,-0.46478325383490743,-0.6208594281324595
1.369949659432914,-0.5529066616877354,-1.0352540393434273,0.8056314463828201,-0.7160012766105088
-0.04492967704820668,-0.4784968310926019,-1.03651497837759,-0.19505981357523836,0.06230771578535752
0.03158723129153459,-0.7277871122488366,-1.9414371700333237,-0.3241046300300811,-1.150816027156072
2.2312768813593196,-1.3872339842281363,1.3029412518219654,-0.12588727005274802,1.1892648517986142
-0.5600906406292913,1.122858276876345,-0.4186196575417615,1.123947368308637,0.013400081059551617
-0.3314450269485917,-0.10401763496036913,1.9588664366860367,-1.4546761192898356,0.5739938939662828
0.4651032765151932,-0.6882608592725241,0.5951060950104792,-1.4406016112353774,-1.179743551158612
-0.5104473121147935,-1.054907879751248,0.6070926004384516,-0.7977498596024171,-0.5884618965021259
-2.0458237397590886,0.08827987377685044,-1.257379152334529,0.06413846793985209,0.4612151881913752
1.1238569033338732,-0.19072950778031436,0.5540979126520078,-2.533440110136789,0.7639453334111568
0.32622016536327064,-0.7892271137893898,-1.4939524074999593,1.2943073822342268,0.31388474117848747
0.1169283370550037,0.012731354449844797,0.024320792328759378,0.3650491965235824,0.7724211555998903
-0.558881573787361,0.27311858168045317,1.809030653994716,-1.134193147589684,0.6690802466207296
-0.0287253051171935,-0.3291754279017218,-1.6815481916128712,-1.0293146810958367,0.08693768982303203
0.03985390144738187,0.11524264370289516,0.34697008447429717,0.9765655551861643,-0.23848372313918792
0.7352235166954358,0.7523818618977596,0.4539840724517748,0.40234942006752195,-0.4670962684961376
-2.1131590952540495,-1.431139815569828,-0.18235723434903686,-1.894761708078551,1.5036583480318344
1.343577619868637,-2.0937564589248736,-0.8077396844653624,0.8653817805212665,-1.277823839038096
-1.3136947998674409,-0.6419376978337715,0.3171536866490285,-0.6777021958351775,-0.5788327814565816
0.802352196517296,0.9267304308381592,-0.7839995912629171,1.8576771455744936,-0.6610973516584464
0.5084527968362632,-1.0687455902020015,-0.015651798006190244,1.7230977814722859,0.4650084852386236
-0.8119650746042016,-0.8420523494960044,0.24771422942488577,-0.3472547059089342,-0.7677848041560276
-0.021444988307826783,0.8631620764595432,-0.5556796586042054,-1.213175632856311,-0.7544242435591082
0.02925659830870335,-0.584053401259292,0.5969091401257071,-1.7820853157664822,-0.12199525729727899
1.1012494192952176,0.8760346809533724,1.4107443622863274,-0.8051174514277495,-1.9163351362834002
0.9936441923108947,-1.4491337110212776,-1.2008770762005243,0.2944803109292307,-1.626726068652899
0.4622794411928315,-1.0286401897581383,-0.4192021852256459,0.32737521314938256,-0.6083546255405257
-1.3075894677289417,-0.24701343207273815,-0.8197388664892913,-0.3247818279756953,-2.572688850112278
-1.1259397756537264,-0.3538998382159765,-0.9228979417331933,-0.41136509952812356,-1.174708910354362
-0.9492496603149825,-0.13688346661103276,1.076736066417255,-0.5933985793197509,-0.5795447176096974
-0.025697974355448877,-2.1538623119071616,0.9793179956796925,0.6156434686863362,0.6277247397062785
-0.6941258229795003,1.4967452748312386,-1.9837226597721778,2.1283249554054158,-0.24987903173260445
0.8102331564331969,0.22017476511564602,-1.9904667320688358,-0.8437885753804871,-1.5907461348233065
-0.38293748087570817,-0.3929718214515191,-1.8577330628784556,0.3257627447772278,-0.5344185184147181
0.3654038553092139,0.5259882357564578,-1.3531385305553945,-0.046156014309444875,1.152040440654324
1.1188412059639499,-0.8747441539421498,0.25266052297748265,0.0004680185421471395,-0.26604294579962906
-0.9106354776529462,-0.1391310024631433,0.702042795738874,-0.43965736180349524,0.8309391690128569
-0.3417723512357104,-0.3066729963688607,1.0690988988879955,-0.3883974250153634,0.765189603297555
0.3334286467523323,0.08886286098591255,-0.5598698191566479,0.5533602527446199,-0.6910509909532696
0.1697760870747984,0.1193799626449234,0.7838713532920123,2.096283857313523,-1.380242174461967
1.7426558749181607,0.129415153338318,0.3295147500643104,1.3498969890223065,0.7626609323000351
-0.4342731192240478,-0.021335960245437244,0.40826828646677904,0.5562525702355889,1.3633364751285748
1.3551773780721774,-0.8605555695898188,0.39311949003755964,0.5642674351855554,-1.42523767726265
-0.7729003135386668,0.5605026663076067,1.478978295989042,0.3434981880880845,-0.6478306078657549
-0.027205610662124183,-0.2196494982689793,2.368840320477195,0.2211650225213702,-0.09909125453305735
1.135204097469707,-0.8459931378567391,0.4659495123111792,1.152316136631116,0.42605789969584096
-1.1663492843419874,-0.4364976875347188,0.0303498145540358,2.2200420893917383,0.7340106124485689
0.6582976914811252,-0.5696314624855018,1.116035251703655,-1.2712278234579253,-1.6372973413088898
0.13831288139036146,-1.1691017251535745,-0.28439814711770395,-0.9085447590207463,0.713359776933077
0.08518102739840114,1.6036633361386112,0.8358245817468242,0.3631098150542659,0.03626607112703756
1.2374649251567273,1.3824481400335222,0.32248942242636175,1.4655819875744582,-0.9065111270483931
0.3071192594913713,0.943268306595981,0.8572547541491383,-0.5861388469774967,-0.573523578103535
-0.11563475720291895,-1.350117089085274,-0.26936063116663134,-1.4441542152233846,2.204045865503208
-0.9237006400797667,0.9683171161663757,-0.2718645819444124,-0.3209896371389567,0.1605903513307416
-0.34575607695961935,-0.17696366900947308,0.7613702931321321,-0.46557834280537475,0.361457280588163
-0.5379386398360438,0.9833329044911429,-0.3098296248748588,-0.11572230194991516,-0.5642511708537885
0.11978105324436228,2.2185941237159383,-1.196560773744829,-1.7556866548560361,1.5715429777286911
0.510853633505059,0.5328896036295828,-1.1456449564818392,0.5474685418321712,0.5427797978587066
-1.1448499284399143,-0.5719206171876633,0.7657061621076894,-0.7906013540093065,0.6454768694096409
-0.2975729766701741,-0.45375199329340693,-0.0302789589373927,1.2145322690424278,1.0950560167271002
0.811063413743275,-0.3217873264633873,0.5855246379752131,0.3996320234945996,-0.17396363027458994
0.9172630511838477,-1.007985377707768,-0.42012968501352543,1.9128234055892757,-0.1458762725509573
-0.16458108633733726,0.5947294327219189,0.6908920325764422,-0.9895941570864393,-1.2244351733792793
0.8353649259886134,1.3636679132452876,1.2467663767417914,-1.7306992567836248,0.010532630958593192
0.22771070778383443,0.2477413805648997,1.7287675052523892,0.07941682002621699,-1.3062529793375879
0.5195392965932111,0.489640799535817,0.7299369786955503,-0.4846784101192365,-0.14677260096244046
-0.709887696110384,1.0411136021952616,-0.27766679983100023,0.06544849164819082,0.2008031113203623
-1.0756135277961998,0.38239727916042393,0.3697131691217906,-0.07791471724888807,-0.4383066077891757
0.053334954786947955,0.859904603016683,-1.3992612658153547,-0.9451839088247269,1.2039255034678165
0.24164737073874062,1.5639143253847119,-2.2317327314128677,-0.012753284906331862,-0.6271770394181901
-1.4478565946041657,0.6055857151329108,0.17680897666751774,-0.9405147639617669,-1.5304766084427424
-1.9118939572787055,0.5804010429099471,-0.6529348093102064,0.6339606507908072,0.006510248393088353
-0.7174915943516137,1.470781797114852,0.5018426749901254,0.2574581499202269,2.5960702201158576
-0.7268362204768485,0.4425737696927517,-0.23509282131205947,0.9843339074084686,0.5193223358406062
-0.500483422160253,0.33790642506079943,-1.3108241401066727,0.3566171298459928,0.616590309380141
1.1924186956743223,0.5798714910228238,0.6397787412107371,0.9482029628186678,-1.5489641463491186
0.8669882566515463,0.15359480073756418,-0.5457632536117872,0.6844669000816784,-1.0795944096011327
-0.6927849355521275,-1.4360048025588086,0.8848120329304789,0.051021199515886656,-0.47262133455253663
2.091629071359135,-0.5944735612829153,-0.47483044522592494,-0.4896010255629038,-2.1805356735339507
0.2712236335994689,1.0214812474561543,-0.3297774477356108,-0.2553436325412806,-0.06616841018664617
2.500336415753335,0.8531706801769825,-0.6620249793584368,0.3255689888251384,-0.016967668691600334
-0.7681402500261847,-1.4660408449803364,-0.533314780269002,0.123286615215306,-1.1344693207168117
1.0007026472611356,-1.1335979920976236,-0.5687959625694654,-0.6310359306618258,1.484409585074216
-1.2491023297004964,0.08531225570443929,-0.9636459430220463,0.6705757386544599,0.4624157451594621
-1.7701686311507372,-0.8126690546970935,-1.0694257948743144,-1.3143664091312575,-0.03666508886784949
0.4782880482099386,-0.33329722495940545,-1.056174428831534,-1.4523880725118317,2.2672644182820507
0.6126033215371459,0.14318371388808743,-0.33109368929576116,-1.0006762754511145,-0.4209460431624296
0.4043810817453064,-0.36610698975376604,-0.9191944796182197,0.7776723271520943,0.5205918772429856
0.9897265814895094,-0.3719314092626069,1.1236348685068522,0.18102618299258394,0.9975502885625294
-0.1570588305396229,2.0774113643242225,0.364611864711552,-0.3210393049443481,-1.2037699267775501
0.18752593761672273,2.2860283116659983,1.0252794346709606,1.2663853828207934,0.8600728969671053
-0.5019401511915222,2.08118047595394,-1.9225958187739527,-0.7454183616867284,0.21458014294579825
-1.643751732737528,0.7672755079480893,-1.3482422530797435,0.8796987543825414,0.7434469031707651
-0.6711522232176179,-2.53421277128312,0.5821090149414413,-0.649872549589089,-1.4333963664210705
-0.8739462813163495,0.3643481902019373,1.3370198592602522,-0.8328617334782615,0.8677382913322557
0.33976730659606064,0.7555478454839563,-0.5579567469455193,0.15766871547810077,1.0647655001185987
0.999111598397998,0.31885672184008945,-0.42069789629831505,0.6158677910728831,-0.6297464948005009
-1.0581398843440106,-0.6478892157329956,0.14825749056539209,-1.4329214696895947,0.12758851939267624
3.0227361578339442,0.04351641290914418,0.2525120042414253,1.0271246448384865,0.3867004278529776
-0.9847221984857985,-0.019177469387022358,-0.24520049294030896,-0.7486372033142977,-0.0497013456231384
-0.09181847988859947,0.24388474942715704,-1.4432554994757365,-1.6140639848643978,-0.6025588382213033
0.16452497692653323,-0.7579870399332618,-0.6747603775960505,1.1498322748221579,0.18264446629094672
1.7925528962244661,-2.3171049112705204,-1.2161595060321584,-0.07134247636805287,-0.3325013446880577
0.7421364727432174,1.7056985469503785,-0.13514363797996307,-0.18511054037026786,-0.812912648341183
-1.1847296189510474,1.4291117721620108,-0.763366362384668,2.1980668127923955,-0.6227473793297891
0.9933636183023281,-0.9241766121337611,0.102605149556328,-0.7772540161936837,-1.807677581890696
0.45881030401067074,0.6822663350613878,-1.1478834109133087,-0.8987706279332214,-0.6971973226323777
-0.5249747286330945,0.001653279052319777,1.2079275270661807,-0.5092957498576366,-1.3430531440083682
-1.7826924389634944,1.2071709359923426,0.9227304226613428,-0.17374471123759547,0.14682926844353777
-2.002360201032511,-0.4398849265395488,-0.2753923178712188,-0.2725417235110889,-0.15787746351007773
1.2954647139470121,0.8258393526943778,1.407666421197184,-0.10806068808576756,-1.9185396249083841
-0.8256921356885896,0.9410016028656455,1.0763807435201307,-2.9222299011240387,-0.948065569370908
0.026937540006821532,0.6588674533929318,-0.33649200552172587,-0.8767415567342214,-0.5029604421052577
2.332164865344652,0.09610161015969369,0.012922776421865678,-1.4728806932993939,-1.2351377443098503
-2.321891085224939,-0.596760661021704,0.9138330131197733,0.33327783495775504,-0.2445267890028973
0.3423635837790637,-0.7656507857739125,1.2934897743680858,-0.6230092632490751,0.9951944998231073
-0.39733838345815353,-1.0365100261795457,0.588291089192131,1.0896881858564909,0.911587136650492
1.8833812642483323,0.2976521940993359,1.1657156439853489,-1.5256054984197132,0.37189873011619856
0.1305238496077972,-1.1433573819332663,-1.0189961003873487,-0.26470196232810234,-0.12179213458277631
-0.6023667543289344,-0.32246890101929004,-0.7261270511074768,0.7351215311230833,-1.1086467157655782
-1.5917398988135416,0.4011070267237134,2.2446644880621967,-1.0665098059799092,-0.1801826052711157
-0.35314653217955694,-0.29960685683665395,1.8042640692934448,-0.23520310550098888,-0.741515599917043
-0.15430002761624148,-0.578184134063605,-0.5257290873892885,-0.14001434051063855,-0.23989573419002866
2.2965791348577347,1.8362346166621337,-0.6598911834125882,1.845696275298602,1.9168165468362346
-1.5714772435346827,0.6455012367333295,-1.4646254961955991,0.6173867537101948,0.49294130855614604
0.1472734150472767,0.44750996036710494,0.08291440487183355,0.04649552808399019,0.3239686864430432
1.0863471560699467,-0.9167343169093429,0.3685440154210524,-1.7580458932552183,0.12691927707248304
-0.3114915976170028,-0.9161823153493446,0.42203111048513386,0.0929025736411498,-0.31008618700807694
0.26794188352109005,1.7755415655860167,-0.9875334256462323,-1.6996793201138534,-1.2420109380030167
-0.1735338043844216,-2.1367777122785,1.3777880263883842,1.0107032809091263,0.5859434768079099
2.6646280045948596,0.45591052834156104,0.32639012137974954,-0.16287606006690894,-0.4180493631315929
-1.0047613796901484,-0.8056983797693972,-0.1925963011180001,0.22851470419431463,0.2793378337949499
1.7207804984793973,1.9422697699906986,-0.5413855545178342,0.21527051726576826,0.7598001648935914
0.29995884060455,0.016363020345027762,-1.5325744650395603,0.8679200686110184,-1.5121814594939462
0.9643957583407126,-0.22007725218839805,-0.26976091679892905,1.3164842232076743,-0.2481183908097635
-1.5458227629410162,-0.4730219457329066,0.8000297065986761,-0.0040887005505805775,-0.20076978989840974
0.6204119151352665,-1.0552671670722307,-0.12509505576096433,0.159447466233758,-0.6606759518895102
0.10940933907494718,-0.3447501501750178,0.29438935214558587,-1.420586894571144,-1.787001792465426
-0.025977244949433213,1.6706116672167484,0.7261706647170867,1.2409820793761717,1.6669675443024834
-0.7534454269368,0.5633808008264563,1.2363645241210193,-0.000544246415083496,-0.4298298067155349
-1.1287573520055405,0.1819699546706339,-0.48994476923076824,0.5869027319353732,-0.2733000279353277
-0.2428634621974877,-0.5815747942856682,-1.2111641261269315,-0.5736509623773322,0.07177278465742584
-0.813452209459985,-0.04393641593651388,0.3226987977251829,-0.42097888792840066,0.289051948865116
-0.8360960082074667,1.9109725645569762,2.1362456735189403,-0.9883787261172584,0.2494232486579101
-0.9160144139715861,-0.2518459942239812,-1.0292462284851107,1.7463825442935945,-1.1422983454337927
0.4103013711282116,-0.47725449306090506,-0.09359022587778573,-0.811144560072135,-0.7489326994119246
1.0390136696949497,0.3496928195216873,-0.04922720229306867,-1.6015816990633978,-0.04176050928236413
0.12392226846031289,-1.6062937727502462,-1.4977876001382304,1.2949349956707044,-0.2766037774652036
1.0442334100649182,1.1120368887837802,-1.3116747119622674,0.6031341711988433,-0.25141520739012196
1.4993821198248127,-1.0133091571811943,0.38417031254493633,0.15632859699489945,-0.18912991602475138
0.6518708370048524,-1.8567184213793884,0.25169857626660114,-1.2203293575305432,0.2536687158630663
-0.7235514812704624,-0.17814227126400628,1.7091897893417574,0.671750540154902,0.5716523012021721
0.057444586421984876,0.19412749082694253,1.1750166138584142,1.0330451556243487,0.3761857244485372
0.5261520615019334,0.8460441823568042,-0.9816203532831278,0.3443626186850296,-1.8564829596077774
-0.24970446077295277,0.18289261899934137,-2.3107369472913435,-0.6156080539427432,2.465285139371503
0.3870342185808052,0.1862938729714671,-1.7416796294590267,-1.3926907317455246,0.7120348461511735
-0.30667082948195934,0.3881085791638415,0.50082691295525,-1.2891939402113197,0.24499107787607516
2.155287166086285,-0.3950296975095121,-0.23984170054122664,-1.1171754777156975,-0.38160378596660016
1.2972236634995424,0.2666296525797633,1.7004344267991318,0.8666233127106412,1.2073057627288932
0.9414399180909022,0.6560940978779273,-1.6586403151668918,-0.8402139709053157,0.17306475416267336
0.8478191084692112,0.7148903824208643,0.992511408059044,0.25977720760318873,-0.6929535574143516
-0.8255282838888096,1.4980246665021058,-0.24081726152722938,-0.29107914693378945,-1.3223457624971708
0.2697185499634428,0.9161032827405988,0.23136161949936498,-0.20628717101759422,-0.8909233529620887
-0.30446071917850487,2.4404558057178436,0.4052802882448689,0.3621086650682512,0.40844715712078694
1.1374036625579678,0.39274883705469,-0.6747517714300756,0.3328813353758574,0.22616483119972985
-0.056974320653472244,2.141429859362107,0.2588446102222336,1.277030702471765,0.9321902308955897
-0.8771498263601323,0.9596148741812531,1.584389236132646,-0.7137679510730677,1.1378785171210228
0.8220226636136614,-0.5867919184363087,-0.7610926098781767,0.3953579671688798,1.218666558613059
0.05346046771038343,0.612261678379067,-0.3134994749648861,0.6390803974030741,0.8726797477766173
0.735441635593163,1.1354784491739573,-1.4638741194591296,-0.20641154631642777,-0.383313554640637
-0.043489631569306485,0.4430160035348269,-0.17772333796778209,0.8815773620101026,-1.1205103150209514
1.5163399246981075,0.07722699175065605,-0.5086375382659015,-0.23995262867278347,-2.275841988555672
0.1170720064632902,-1.7759095988652183,-0.4226917987172397,1.447534417619103,0.3885285630008857
-0.5130435001026727,-0.17471594611410998,0.9167983068792928,-1.3860556357828342,0.46192030567917053
-1.2825630398027372,-0.575689108408162,0.5736901859047736,2.014204235389076,0.7226421586836667
0.28871770484369613,2.3578229753218642,2.099810735607565,0.4640262958373834,-1.3722600655303985
0.6171810934881625,-1.1999095730452713,-0.8614030812646807,-1.6563806538772061,-1.0824266237644151
-0.6376880844217321,-1.1684431429164759,0.35003985963920137,-0.2185568180748413,-0.47494169179199514
1.1815772009047922,0.6149034730693214,-0.9842901299436077,0.4674055158911722,1.2541246175226655
-0.28105148575637345,0.0760676961319019,1.257735369740735,-0.8018355027802189,-0.3669642765289303
-0.4054173729013101,-0.7433079595514187,1.0147081458175526,-0.3454602243990479,2.812531876738398
-1.2961606786883837,0.8768689418737281,0.7400184468841754,-2.336530705242804,-0.3507822434152561
-0.0726576073224765,0.9755869808768317,0.09054081235147973,-1.2351312655996949,0.017400360825918657
-1.6867870664049767,0.37248400487396766,1.243105301599326,1.1221529898627567,-1.3758985365030203
-0.5862974365716678,-0.4814212637185482,-0.27904250092203375,-0.725569249096966,-0.12040682351718757
1.6890289289313618,-0.5753551557776825,1.7753469613385713,-0.38436779427805384,-0.2516048608301072
-1.5760962853420768,-1.9284943474937903,0.8295144822441969,0.22212679835001228,-2.017639736177222
-0.6168780008653503,0.517677009737523,-0.5372908714266534,0.656245828533685,-1.824088448276981
-2.4979318364154444,0.956652014506865,0.618943499352677,3.048667985510461,-1.1953166037442478
-0.8852991824616733,-0.5803790133716422,0.6089654033768768,-0.924327843108105,0.5091711537601746
-0.5110280686995109,1.624678361197716,1.0995049680459992,1.121331946827532,-1.9918233979640847
1.6062284673126346,0.3636959102964219,0.08497978902463571,1.0190507210268553,-0.08950429984505888
-0.5719003497584317,0.17739966373294722,1.3121454602475635,1.8342444981409816,-0.5166104708334914
-0.3318725389015718,0.22470098124467167,-0.1644288130378748,0.25086233909058536,-2.589055007761936
0.14250294802416447,-1.5109201749588144,0.058241977050144514,1.355546464453583,0.11820300573681897
0.23616062283495012,-0.9214620881774879,0.47359854006051455,-0.024997814288033462,0.5114340345081229
0.9131141720931992,-2.291238311782879,1.4228302744335182,-1.4948282091788285,-0.4148656058591488
-0.31876810521306026,-0.1836393571739736,1.1298425378965955,1.7385627041174674,-0.4781518830696934
0.04090046360546519,0.5900568331871995,1.2133415659746571,-0.24546722292785356,-1.1233314301279227
1.70091381707505,0.18207036299358054,0.5497361121080283,0.659537111982814,-0.5724926468294342
1.9314056291065187,0.009865822783771344,0.7747782058445815,1.759260186796062,-0.7198142637461056
-1.388010606392106,-0.15940243584542246,-1.179224508492913,0.5057999737664282,0.2060512002710493
-0.9884206132780763,1.837091053169984,0.2666822769036803,-0.5539891635330193,0.9565242470025848
-1.9180141183130985,0.3082743910804584,-1.1866694743382413,-0.12281144749379111,-1.1761599974583752
-1.499534033488045,-2.1290055945726034,0.41963684526604517,-0.5637460642573847,0.3766352648050787
-0.3964440151750372,0.9767051941772229,-0.06229567797355479,-0.04266097326839755,-0.6859883151224306
0.19501687549882715,-1.9024517946988524,-0.48402059857526086,-1.044002516292377,0.717240452301443
-1.7123788614650666,1.2000288646561215,2.5853226097244453,0.9636373754708571,0.18900336162604295
0.8833058288331808,0.21323904924553577,-1.4594732718433685,0.3164814443220484,-1.4308888728887998
-1.787501403309669,-0.3564249219599472,-2.1893194038851083,0.9676429488960978,-1.1245643554749856
0.1683493745098186,0.9921884969958779,1.7904275101346074,-1.2565457834326383,-1.3550565910786145
-1.2413588941112277,0.31011788065463713,0.5267411733789797,1.2847933248915906,-0.5030231964112402
-0.06988492741661856,-0.16111313376507103,-0.221401881797747,0.16671425592142225,0.15277068399902466
0.5182217587460969,0.06145192862491928,-0.35137635353116814,-0.7122637094928702,1.2248019495319662
-2.120652080389545,-1.9337517301626772,-0.5410773203255318,1.3455501761310897,1.2803074584485916
0.4339098861777886,-0.3623901125662227,-0.06279824203026263,-0.39972752367764647,0.9114919312732516
1.6952948941561359,0.5776823603010172,0.746924612746119,-1.5262494756998999,0.7056963252658228
-0.7883987850029981,0.316906437795197,-1.1192277217345015,-0.5839854648097097,0.2179795685374996
1.6711025247866633,1.282709583069368,-2.1808230322007227,-0.7060831041104396,1.5087617777201952
-0.9436309978447742,0.9277058299054649,-0.20381038462027692,-0.6899508840795646,0.050579541333030546
0.006354026930867818,0.06531129942348698,0.8956413518612312,-0.9289222113501061,-0.46726654987730265
-1.2598281351178597,0.8580970409735135,-1.2312001647705948,-0.16814754004477406,0.17957039271680844
-1.7573690019525918,0.2103678170684009,1.5561480999711308,2.3129799450661523,0.26261552012957845
-1.2286863821291596,0.40854547713689277,-0.1584432844868315,-0.9539447571662317,1.8013497620020538
0.21376715300377136,1.3199364935549798,0.1961590103488637,-0.5486395189955339,-0.6905646257977681
0.02957153426204365,0.14474175297471298,0.9245433340995339,1.4573096820592681,-1.2379500513483608
0.1487800008996993,1.0418914720922932,-1.7362848735096086,-0.6742843895998017,0.29113382071467986
-0.25995881627035256,-1.4494112098256706,-0.2258151097009613,-1.8574184793926143,0.03318283410620513
0.15043214357744594,-0.021052413694086787,-1.3683809121946007,-1.5456937638638342,-0.8948565716842071
0.3383859022244747,-1.34230996955263,2.1469155451943367,0.49384576671964003,0.035171850108569706
-2.121214523600373,0.7663246931892803,1.185858646032149,1.3166682405363448,2.7647708732234144
-0.20036088521701964,0.0496520309045609,0.05412682371254087,1.1107487423672275,0.31467865124180355
0.07101198974394707,1.2432069631295155,1.1042458194864253,-2.121321474298282,-0.9396813210619692
-0.13517492030192124,-0.038656734917991875,-1.0106342121159564,1.2014785894988413,0.18186957048111752
-1.2850097523033768,0.1633480392227265,-0.07535862921818413,-1.9926495754195641,-0.4132700156503447
-0.42819767726576363,1.137941346913389,-0.9692154819556953,-1.5621361062315706,-0.24607276901133926
-0.7136615371005844,0.314010727117655,0.041629483077602746,0.1959967239029971,0.67894461369023
-0.5726652299318785,1.2258689249307715,2.1566722835254923,1.190865627175499,0.9757145286452756
-0.6237986542128727,-1.025678306991426,0.58125624028654,0.8667192677747471,1.4434059712940566
0.7921467985997909,0.4025452866471575,-0.8275707965048107,1.031922692666,-0.5879707686794551
0.7006952549916675,0.30181270914158376,1.7385512335594169,-0.3894822887749494,-0.6560451597152026
0.6061510956975423,0.08668824501633159,0.19766040477957236,-0.9783920932473017,0.14963307611324508
0.49005762861995616,-2.149422934905442,0.6540348722751983,-0.08060721527548936,0.12067048940768767
-0.019345395279469074,1.0018811956977034,-1.6872558680561072,-0.9892835658678789,-0.1624387964334737
0.782190195411448,0.7919377132309214,-0.11950583235285217,2.2140023908345707,0.20026144855878972
-2.4936506168075288,0.35104436403531375,0.6871930729925745,0.47620597327008474,0.6898760222917926
0.3334963539594903,-0.05849006454924439,0.3084452878834345,-0.12847018279609734,-0.6121402076202345
-0.5088151591894813,0.5926567825183773,0.44735612911641204,-2.278047770377525,0.33033869826974316
0.20701742233192105,-0.8195789174431898,-0.06839953441996907,-2.011281143161703,0.3886479556989776
0.4873157207599621,-0.4296114457606188,0.03673015106245955,-1.3582818896581212,0.16043866900078974
-1.2458236694074512,-1.768122082663223,0.2817758993931907,-0.6934897345222276,1.2057949828760846
0.05262833901094473,-1.075079883556511,0.2690259169453407,1.3204006713310277,-1.7567746443050667
-0.35465031829046306,-0.3918484239833688,-0.1969672141064865,1.1142191014240455,0.52839467768941
-1.029199528544855,-0.600178060198385,0.030199580875698944,0.845930153520821,0.34537407856049923
-0.3661274120327455,0.3348115210585176,1.566167374480501,-2.0288306114274173,-0.3652145803090447
1.548975450435828,0.3489913538056785,-0.8987473223685817,-0.2750193509479443,-0.8138038313883824
-0.5515155994316181,-0.20700667933152037,-0.49648021959379235,1.779579686409695,0.24948899167254282
-0.5654500359430518,1.0366198494139305,-1.1944057410152629,0.6803404964769632,0.289728219966268
0.2630958937857433,-0.18041126819148479,0.7314600785362391,0.08902565172142894,0.7603829902773683
2.0292877335199813,-0.4754676982467261,-0.68802015060276,-1.8955569699264057,0.26785669766562553
1.1875311045106816,-1.0628162842741404,-0.4369381420816567,0.49302676718877536,-1.6155109778815593
-0.9838086522504426,-0.005661237479506562,-1.1327258002452516,2.970559528792506,1.1087830790264905
1.3801025756001128,-1.6350787090969452,2.53335256238615,-0.45277513689098325,-0.1115268629323598
-0.8590456157608044,-1.127810093844442,0.2769006739840673,1.020555157054094,-0.9996792588115702
