-0.6104317912089726,-0.25647989144500527
-0.5517086148658812,-0.5986242559702635
-1.1780074772792333,-0.23111730816145634
0.9015497299950872,-0.8544529566496888
-1.337926563436718,-0.14377346629235133
0.020735681057435583,0.9760489029658376
0.0638461383018176,0.6708122587373436
-0.3666871278335212,-1.4016542897452242
0.915645183451334,1.4453756613241147
-0.5908112475059556,0.5906322926557881
-1.0902201489860257,-1.5519293514179782
-0.22861351652025785,0.17116298227113358
0.8287286252465669,-0.9044555988137075
0.6341311476457472,-0.47037359823860053
0.08688923460130846,-1.0040584933684704
0.32344574720514624,-0.05290128008611427
0.7810148074945084,1.2978463135762714
-1.0873844961966632,-0.9087807718026015
0.7420578384957262,0.5559087030394021
-0.43276143551152874,0.29808958307600136
1.0538106484607888,0.49024551535391636
1.651610689020487,-1.2102199013841122
0.889613090554348,-0.08572563569600923
1.3344526297386157,-0.20918639391613603
-2.2686600001911756,-1.0885782237278505
-0.431359234368024,-0.6129021099852758
-0.6737811144415733,1.0104600731538051
0.6124885861243665,0.8986203984862646
-0.544472396040106,-1.3796751843901136
-0.4418863035275771,0.7814041359315947
-1.9145681843970703,-0.13460551965771683
-0.10782467209306605,0.22910875351118073
0.8256738565605821,-1.0930157186306533
-0.05291665401962664,-0.32335524851996733
0.5098815861082888,0.18127008206088824
0.71045374381284,-1.103991684065064
-0.41457317736904153,0.04152520476895391
-0.43343385792273087,-1.5010361920665232
2.499293973544301,0.17652130652129494
1.4950466665477982,-1.138762433853838
-0.812140342301288,-0.2139296081072141
-0.5675746314878723,0.05518804165990912
0.44577529078252703,-2.516686136100921
0.566681098642532,1.228292052041246
0.7255813959170354,1.5570692960709096
-1.3563522521948912,-0.32417595115460024
0.2547986897949749,-0.2143792987591843
-0.5391479091680379,1.6156297611091042
0.12044344460425019,-1.5532094376349703
-0.3283944652783595,1.2138996785303884
-0.5030898998804326,1.3725566514840335
1.2496665146785002,-0.5964451730526609
0.10366359986974817,-0.5070228057223136
-0.22775928814274046,-1.4263175541193032
-1.3280750626011169,-0.7736360269452718
-0.26470347013182743,-0.7756507356375418
-0.42309637195170285,0.6755781421712537
0.5919958540571257,0.1809962191458159
0.21479246558169116,0.21031278448462107
1.0305179241709779,-1.0760809220288272
-1.6353280408154194,1.6551052744861277
0.2710824079613922,0.21404956928618535
-2.126906599045468,-1.249771590191658
0.15826762087593763,-0.4956845985081867
0.013496899988964254,-0.182153393094427
1.5906531569183564,0.5312943318443669
-1.057266456401973,-0.20523284778787473
-0.44989449806294934,-0.08613302426956365
0.5638724238904503,-0.08331593481553945
-0.5668625368097341,-1.821119678739184
-0.7068318886777685,0.4586248214805554
0.45492540996328695,2.2012448368364117
0.8545087696442867,1.4894527734551286
-1.3676866134076522,-1.750075333108287
-0.810934066864149,-1.236181582084146
0.04642084892744852,-0.06921441797815846
1.2840192210637578,0.24972322968259364
0.642572433626046,1.1277911063599915
-0.6722760956307812,0.13032977137808402
1.3051611402731467,0.18538553792819992
-0.841337862838124,-0.1881581855970213
2.215884946969655,0.18064889477634416
0.0176172842784773,0.5432261697343139
-0.4335831934944041,0.5314774714662409
-0.1927167828277187,-0.28630251520912703
-1.6364795903326836,-1.2826477389347752
-0.6648286876399041,0.7051149340197743
-1.8407182080945803,1.6542063282588717
0.6535785453086387,0.2793264519440823
-1.3663184571026552,1.3540788048970218
-1.4208334013440098,-0.9233653707363672
-0.08100600928560707,-1.3109316553090407
0.3438422458288137,-1.153960552413074
0.5024346893596189,0.5343413904656747
-0.555691244484578,-0.6097755969312145
0.6801182339179681,-0.5765281265293716
-0.030203763481642658,-1.0508933991589193
0.9614017310811721,-0.6573506492901521
2.18130150059817,0.313202274887689
-0.6473779620772729,0.6893849316432331
-2.2021249706951935,0.7403574197555789
-0.5900894725573456,1.9932959677884914
0.8855212112133405,-1.1933664534423607
1.014660786949515,0.3253207433093761
0.5256610609797719,0.5709967311349793
-1.1267859202506338,1.3246598843129447
-0.1402226122873144,2.1531780811569865
-0.6445151501706213,0.3104875435772101
-0.06673700283628244,-0.4394893829440916
-1.6944494847858185,0.3852816358103886
-0.23570874294621894,1.6726003570129409
-1.851869258309813,-1.8908846381745863
0.4248611858843314,0.012640472053715643
0.054678096991839044,-0.3232961103948741
-3.2085591713158013,-1.439741321970684
0.9528186539367002,1.5053030260738915
-0.599217717004176,-0.4365856865262937
-1.7150952407323103,0.12370126194761245
-1.1169476061052794,-0.0711080872250925
-0.9191594050971829,0.19744562277122055
-0.09699257277540882,0.7203107511147119
0.38719105474824617,-0.02582843387500495
0.8810905672029804,0.6940168030741978
0.1984276310415283,0.5720310820578038
-1.0019868726938503,0.6005244619521655
0.04490320474955237,-1.3886772686829383
0.3258290042037465,-0.7177806313320552
0.8699386567739336,-1.1160002254623163
0.3593425831238192,-0.22639163365684586
0.8205797828489371,-0.5107850647997889
0.06623362633716187,1.5918457252860476
1.4020804949740335,1.308470162095463
0.5980151381584276,-0.5618288382834997
-0.3338773288598448,-1.2935035856994423
-1.7727064699004216,-0.49547756608516147
-1.9925318348663492,-1.652907986924049
-0.02700974504251009,-0.8488296493150513
1.5537056135894907,-0.27044694562979854
-0.2899872283552726,-0.5044599246077827
1.2968962272316527,-0.6403752560147444
-0.8970042332378148,0.7032763659806349
0.2165938420263067,-1.0288296711467861
1.7591501266852019,1.9733602273764366
0.24680239469108417,1.3831716995106427
0.6869572838079223,0.303686670387743
-1.2899997893416242,0.7576407345481666
1.4219429729801238,-0.05889573321127993
-0.6453898482042901,-0.3146777051621028
-0.33627037070916066,0.5334638775213282
-0.7579402710520099,0.932100403647958
0.07681459770301519,-1.3745844464920929
0.7258246126475433,1.150917254152541
0.18617161778123023,0.042561924835007
-0.29085889624145866,0.41251745539538937
-1.0033450634864443,-0.9498508780982863
0.14254212827447046,0.321427688980656
-0.3867529777172857,-0.06762161259891089
-0.7208867794986273,-0.7198851537269962
0.5411642796468175,-0.017110045887283563
-0.2547746003831376,-0.6149446374561495
0.8497492232984891,-1.0145365619987277
-0.7530649145161029,-1.9870180285914398
-0.06310685841648017,-0.12242902799807258
-1.353736771188773,-0.24832116479153074
0.9069308376071121,1.3647392276670096
-0.2031797683071402,2.211771399135511
-0.25604235833270267,0.29538519990252843
2.2976999429273466,0.6516726106066199
-0.2950210553233808,-0.8520245031619109
0.5389726113065568,-0.6625640331447206
-0.07387211537755423,-0.10140869724916715
1.463186602496178,0.8219563162246899
-0.06840303426574859,1.1991712328178952
0.28276209873960767,0.40257765460558703
1.100902013183483,0.15274690571274044
0.7544976780138012,0.22176717263939646
0.024206765021359336,-0.6451006688648349
-0.855846848116498,0.002489593517621629
0.43560166459366484,1.3356770513466334
0.0019204821126922312,-0.17214323115072502
-1.0891900079959418,-0.09385885306822736
-0.7120180991261987,-1.2438857844951603
-0.16543812304952069,-0.47303679975437285
-1.9747571994980335,0.7055461212739467
-0.12352123701169146,-0.2228969362961206
-1.908602933253467,-0.1637910448559913
0.7404956109759337,-1.5512251852856187
0.25606199394884216,-1.1712015139995173
1.3815863122444023,-0.28898107686669283
0.20364947445614473,-0.11329300713799474
-0.3924318224764637,1.0623281627139556
-2.1510033143356364,0.4097102193689794
1.160077794734857,-0.4865557430587015
-0.025455994703340378,-0.6555763208329206
2.743531297722516,0.45186917312505176
0.2881722808997284,-0.19202582455925815
1.0990569797657366,-0.4255628225355312
0.5939372368403929,-1.829012672223009
-1.127246341839572,-0.40047409123827415
0.9651791821656446,-0.2789442370199624
