0.4818679783618041,0.36851709029252383
-0.02886767345691336,-1.4376704975975167
-2.027889042472903,-0.3990406192834839
0.8261350917770275,-0.2396024667911635
-1.8309694319632597,-1.417348241809562
0.1503428288934329,0.6690122285144592
0.33670389123400724,0.96661316344904
0.5646634396656952,-0.20357879023407544
1.6231070355523545,1.207003198126649
-0.4650075978072047,1.3770623248957692
-1.0332087483508214,-0.5774838529015957
0.12330783995387608,1.2070358723110302
0.8521808199827676,-1.2662917193051926
1.8137410306710315,1.8328954757990188
-1.4720896719814798,0.6629314452647316
-0.49400280206063635,-0.5923414460165165
-1.0842760698655352,1.0368710025582315
1.5739614687035612,-0.14453788135037646
-0.18205541448217313,2.993394786409685
0.3023738905339141,0.35006653303240504
0.08307967953312774,0.09948429609401457
1.2126925708904484,0.9924000439766708
0.7271839108854349,0.4689442967273108
0.25329465963185516,0.975426778738868
-0.17378822504578834,0.695138387845773
-1.3233892577343633,-0.4165299938602245
-0.5715164728802712,0.04530569405605925
1.3879400656798369,-1.3198851287649542
-0.3334640658981274,0.35988515077915917
-1.6193044533909133,-2.1363431202074756
1.925983879403253,-1.0036554986807082
1.267301672774473,0.18684983517645884
0.5384443732349541,-1.6497101266209155
0.07708051169583513,-0.3824588042735644
0.02530141790958959,-1.0335624845630658
0.6551870891405134,-0.9054957223874764
0.22571320087987304,-0.7868072903446542
-0.5510719539903318,0.10015508780915526
0.6419763782485992,1.5620116524707486
0.7728155807642998,-1.6217001186326234
-0.2999536600696475,1.5024671259754356
-1.2876218320864024,-3.001147941971316
-1.2262094693317522,-0.5521717550150103
-0.21287473098817059,1.1153458989741754
-0.2687202309996941,-1.1630242359068235
0.43343790103455804,-0.6890697328402435
0.22346036873155417,-1.7859549111267186
0.538523512495181,-1.7345346080024115
0.21508964501768182,1.585408264910437
-1.11716961730895,-0.6692696134638645
-0.38991401729550657,-1.5443676164628395
0.9406765114918193,-0.3230782136292624
-1.7715209181262113,-0.562981294961927
1.0707463478681793,2.0557507449752084
1.2313416441182197,-1.572834895314016
-0.8409624962235653,1.4535721714748941
1.5287441638961545,0.4445688641146618
-1.5210434946647549,0.717663838167407
0.264063761436512,0.539202889464004
-0.253054013310093,0.9941804504635428
-1.360002318215977,-0.7099391290596657
0.8331959305612048,-0.24663981847405886
0.03344438449005371,-1.702423494901918
1.8581685898810758,0.04071615594241221
-1.2568568321958355,1.3904681382736128
0.8875997273535332,-0.22755404351031075
1.6191628966867324,0.20067170849379776
0.9904054644010243,-0.2642672035950713
-0.4923918018868137,0.26607810140475485
-0.9887468404117977,0.7639561762052166
0.16736295742536947,1.0611136207797252
1.2808516490667066,-0.7599760248940398
0.710104728533486,-0.7030585038911806
0.40632512982728825,-0.05285095887151945
1.0162563701233478,-1.1422948863830595
-0.9266266607638919,-2.3114937905785826
-0.5024827826289118,-0.737650255076835
-1.3000405672193593,-0.46435336959539153
0.32056105302327415,-0.8073227383819895
0.8973566988727697,-1.2050087495106208
0.6360239144791278,-0.7502007627076525
1.616276833709816,-1.9736507729628452
2.225055598634994,0.14285832915120544
-0.913056482937381,0.05512269868699995
0.30936245354402814,0.20267202065663525
-0.4165406319323428,0.38223919882686486
1.4785273489027113,0.36259921399247025
-0.8686570993440086,1.4446617009362053
-1.7050985872599616,1.4907707438848623
0.36878141302356066,-1.553891631985365
0.9252746379113105,0.9502130015788468
-2.5285582787394487,-1.6289247909385702
-0.66645140190745,0.13083472995348763
-0.8751831495229504,-0.3221381291915781
1.4120713278193715,0.40676422088779135
0.11535247884075595,0.9214865928069679
-1.0796846390713541,0.5943003530369012
-1.2935388628169109,-0.5161917448471193
-0.5212541660855602,0.010621288708208757
-0.6274536542460655,1.4170034417904795
-1.6814878914076061,1.0564094299111455
0.3661563196211284,-1.1361476222334823
1.4774388810898622,-1.2025772254260612
1.0552762445400947,-0.055941772648053154
-0.3683634106165189,-0.4173305571787662
1.238111874360561,-0.38935477801507073
-0.1637302425748869,-0.549631281413691
0.3661354642528852,-0.1494761201532122
0.2578650330466571,0.6358352875535459
-1.1222341303838095,-1.8248806081058577
-1.9367352698207272,-1.6615799290283155
0.4030696571377484,-2.3813345901308804
0.31403824121456086,1.392146641443144
-0.35483671906312203,-0.462813916753397
0.045685791717369584,0.79295924861487
-0.6326108611522298,-0.2693495406641823
-0.21977589682291995,-0.6318751787625781
-1.9843724746466334,-1.0234634833757643
0.576077110454359,2.0120091123599932
0.9573600463488442,-0.09250684955700866
0.9154824509560957,-0.8864717761520797
0.19394242194039102,-0.5252244793103588
-0.6226934566076919,-0.9540267351092395
0.1522609828343809,0.3451352307206052
1.1831407922434651,-0.712217401115421
1.113361075196435,-0.2321327679910144
-0.4261364145955936,0.005409243925722391
-0.9513550284255952,-1.3213323443070824
-1.5683146128259056,-1.0635524354635755
-0.33040093935117,-1.4511848043901328
1.6712384971808296,0.14251588842775545
-0.7324851008678693,0.29971014554394726
-0.6121535458900752,1.6136142479978288
-1.1547203767599246,-0.09127748852611042
-0.8437090867292606,-0.9700874756432621
0.6182654052109945,0.8632511660132809
-0.7624003377184041,-1.3834641160055592
0.5794186709141022,0.4415446004372241
-0.8343298976102947,-0.5866942710688069
-0.4481102660745697,-0.5954873389479478
1.7050189362757662,0.8222078705662752
0.497903608561605,0.7212756198073285
-1.1363708676724655,1.1151238296505506
1.159759012164537,0.6502502699971844
-0.8718207050551563,-1.0110480923806968
-0.24962838200480741,-0.8670429421214866
-1.4305460754315886,0.7252169832449686
-0.46089351153808533,-0.5751660999113044
0.8554146645877192,0.44110112979245925
0.4071855326282462,0.6507697138564078
-0.9465215838357148,0.1297977224358387
1.6764750019645533,-1.0383878693874309
-0.9596357566740638,0.3652591696427236
0.6500442446008678,0.11416310187422424
1.248522006825708,-0.8518174362108615
-1.617205795450821,-1.3052592549314757
-0.9200692141560899,0.05379077472078021
-0.855902464280752,-1.0512246867405275
-2.131407215545865,-1.8778757931284369
1.618279814975544,0.7184784958810472
0.3627840748495419,0.48594258956314124
1.0458933348635704,-1.4105236948792224
1.6509213709932056,0.16258884127062298
0.5658256500212425,0.9081735536626221
-0.2575435325787832,0.14165544477897365
1.2186532675113861,0.10831686340742595
1.9362676120651061,-0.5091786176040849
-1.176046394155192,0.18094213077686988
1.0523089418131442,0.7832674717494295
-1.1058299127911486,1.2647603426368
-2.0718869150698804,-1.817127297138987
-0.6538969271655002,0.017738238549880055
-1.6413685812591718,-0.42465990483394317
-0.08205574669589077,0.7078980286389115
0.5427596542886869,0.6388418770054682
0.5292774619743909,1.124986363147854
-0.7466039925365776,0.6866905297170475
-0.4637000586922538,-1.2684625566002155
-0.7005608412970981,-0.31310601825820233
-0.07109383203395046,-1.2816050605442302
0.507945529226669,-1.179182175875996
-0.5861890482704876,0.06721352922327108
1.2646727532455042,-0.9606879123959554
-1.1284242029761475,0.427392187923577
0.8020856819986367,-0.33155904596091085
1.0780666026182566,-0.2667615683839184
0.31265988873522743,0.6452663749882022
0.5458996276058119,-1.0726095919318313
0.4113278782763019,-0.3697367093023421
-0.42211338585080266,-0.8564137874430603
0.08119874263777352,-0.9980166709662815
3.133789589268142,0.11268785229873117
0.6575010487852136,0.3157356250001799
-1.1609557130481012,-0.01538535617584638
-1.0333275967340017,-1.2924707358112355
0.709578363033393,1.4249024853506447
0.5979075562704337,0.756066543468466
0.002147808430422121,0.08193002081730821
-0.20818162556099704,0.19738263518154633
0.35053743983839597,-1.7674570078502254
