-0.14395763445078769,0.3492924891245767,-0.40517204631561543,-0.7111737827935605,-1.2523640715203623
0.12303912023580027,0.8551141438682808,-0.4497298137263201,-0.008379719933829608,0.6352637134842453
-1.5488897451268686,-0.19746469971976507,1.273029546942623,-0.09074561761939397,0.4124270197977801
-0.7080399412296349,-0.8838473300738249,0.37375554111570186,1.7890781740254118,0.532428997066703
-0.9868436588872295,0.3567892772546032,0.49928224153538087,0.8887638840925122,1.0839431265875876
-0.3797036945290946,0.9515898372414721,-0.7144046919734641,1.3435034451718115,2.094438715129613
-0.2686001365319246,0.8220286201480859,0.10447600556506896,-2.271618399608222,0.8290361312709633
-2.7102471175360106,-1.6476565835825832,0.4981131594638821,-0.37318447838626206,-1.5361721795090157
1.909390392946918,0.4198871526929274,0.20605460171039855,1.4567960156961401,-0.5018291014733278
-0.5742638104683637,-0.6568961907236831,1.9447481396030466,-0.07887044129769495,-0.2282965701728534
1.855290073870135,0.47804223774737586,-2.2639650575993593,1.1402380671462908,-0.49435091365577133
0.4037196768979449,-0.8283020291258412,-1.5419314004262183,-1.1065319755850787,0.23510642749816107
1.055487957771137,-0.18549052340413694,0.0601806861672805,-1.567716153136683,1.0233230423568007
1.1241855248169563,-0.4371543608168539,-0.6787381063299812,-0.554237023780221,-0.5173367206170221
-1.609545671902258,-0.16018140497983868,0.24814021914445566,-0.5285573147562869,-0.25562790213401265
-0.873846115574704,1.3229418172027512,-1.058111206539439,-0.5088204309956597,2.717134139533056
0.08949870966794579,0.46852988385624017,-1.4262433358880104,0.30002914311449336,0.6183159761613897
0.27811228356364737,1.9346597099650977,0.7992764544820223,0.43823812191363165,1.2762815854879546
-0.13425331545800673,1.7692940018999845,0.13007979281048407,0.0989086558438626,0.44104678981707124
1.0838908272684797,-0.6122378013224928,-0.12013670879243325,0.5345790872065888,-2.3171543511354784
-0.3017686525611299,-0.9027190929919173,0.615478247711607,0.6917202471035655,-1.4932880515426352
1.4892649040732273,-0.3444792880696783,-0.7853774179757091,0.05780615001282447,0.4738177453206167
0.3461958560234951,1.177045509432435,0.7425426681429091,-2.1310965979922654,0.6740596127814843
0.48607236670069276,1.7283853050879188,0.014719236969436502,0.5198312456405343,1.0377146491736833
0.3845098348569947,0.6962537517660256,-1.0920011366237823,0.8544524900186871,-1.424140223757566
0.526429545594096,1.0101524525353547,0.2221760009726816,0.25439830862377927,0.5607065892813285
-0.9722713886264228,-0.39351268534047557,0.5526321743852138,0.6232297353354262,-0.6076455919278679
0.3849733054387695,-1.1343604282376,1.6021745088185873,-0.3695152466502801,-1.2426642833159478
0.2783233631030052,-1.159562272570965,0.20512465652041098,-1.1905902847580305,0.1428311076039359
0.1414229005375397,0.7075000636285632,-0.17227493506160804,0.6714929366675648,1.3743731701908242
-1.2196992992086302,0.84130412319919,0.30593495998888703,0.6412816942691508,-0.03845547490827122
1.1581432851166504,0.54790569770595,0.06970618182762724,1.3908931305743968,1.959934316320809
1.071595297470268,-1.3473960404583063,0.27290333756863916,0.8688615663560224,0.03754390981727009
1.575313259151679,1.2387054939143967,-0.10781903435753756,-1.586819557469867,-1.4432517176539454
-1.7046904658613309,0.598359643343153,0.5031622773395653,0.020401366016899937,-1.3435040441970725
0.6196456651133888,1.5205289111020128,-0.7782108149708306,0.04666481296980145,1.7064287153013729
-2.446011861638087,-0.33351716139983156,0.7347470429799946,0.6187072074077294,-0.23368499503202153
-0.3244431677590709,-0.8563890414611061,-0.9487122798515341,-0.34335581535130333,-0.9333644374342662
0.31626762133981723,-0.8021007170972714,-1.7477314895223057,0.83806513224841,-0.10862168964343756
1.1013373447615438,0.03880867687819084,-0.6656288520075526,-0.7728530162459005,-0.7049079121268735
-0.08200511625784936,-0.07161862307493581,0.2268153079486095,0.8459181803463214,-0.34574928627766355
-1.2372486155523919,-0.10306183797427508,0.5800739760187192,-0.9241001574934509,-1.18616127106362
-1.3457714095259523,-0.7960029310581842,0.0871645451898381,-1.531600911898316,-0.1601725157719151
-0.6279871068450645,-0.6293993608605151,0.36499405854044054,0.5663786935609025,1.1861128678933686
0.42118300492498284,-0.7444651701036802,-1.20309631105526,0.1301737314827745,-0.36942991617823945
0.9324847120281737,0.2477839124364083,-0.7780158649972805,1.7626291573252106,-0.9078397132950377
-1.3320432523493253,-1.27302895460995,1.1752442067595863,0.7393981964084068,1.1309037268625914
-0.2977177586834729,-0.40386515237127446,-0.2590076551170934,-0.23875382983636217,2.7616143686922907
-0.4668424391846819,2.0504136302588654,-0.6208516857160817,-0.3564337522244098,-1.4010944846542226
0.2799043582609868,-0.11119384111188443,0.10123228541165212,-0.6651281814107992,1.3202923984604453
0.373522272324569,0.6680421642150749,0.5635257532027408,-0.5879117094104872,-0.27268849269230266
-0.6227191063705818,0.9765337143221087,-0.4693266598227372,-1.5610363000045901,-1.4810930735037133
-1.6111465948654973,0.9263201170654296,1.0684717441687706,-0.4024488289376672,2.2473430398747896
-0.27209688408868243,0.10332676108073804,-0.40395136363000755,0.5128741690353645,-2.0858743316260737
1.115340856367698,-0.100686997700916,0.5837945114208015,0.7673320064526505,-0.13601985055207838
0.879846260716641,1.1567963130505567,0.5642922422931175,0.8632030533378947,1.4095625424476614
-0.43305448393432716,0.4993704352295686,-0.7831807631007527,-0.270018797206638,0.8503872075052603
-0.7589581823374987,-0.2746013887032619,-0.6413140137903227,0.37592892893132657,0.7815933268710469
2.512103966483958,0.567435450736017,-0.8916808965979355,-0.19137167314778694,1.221418199968906
1.5430560051217543,1.4275890707558707,-0.18306538175592588,-0.2995593163145378,-0.19498300569218543
2.4027815069374525,-1.553679588532357,-0.7174618650491245,-1.0179145456637662,0.8621303637619359
0.07415559676462775,-0.5002506205270894,-0.6643666421291737,-2.1312927963545465,-0.01189550222625984
0.16016915862420553,2.299369866843559,0.11938707069903412,-0.1800096428306554,-0.07806268524845986
0.6328535811220889,0.25042955126131783,-0.3832413022429263,0.7269423346590143,-0.8860439993816243
-0.3559470408160343,1.8944083454693634,-0.09998893895563457,0.8204351971930197,-1.0939323131485548
-1.224912737139697,2.3580222096875154,-1.124530974905118,-1.0528778979947784,0.04421593838769473
0.2155927253601516,-1.492896759632732,0.565858076317394,-0.5520566715694203,-0.8990156312364965
-0.6600417825223215,1.1976886907871724,-1.441936745240861,0.9118058862330918,-0.36252799650837164
-0.24640550839705755,1.4411281802107452,-1.9561215442819553,1.6567765414536189,-2.4461768605548655
-0.6272814647202415,-0.5816952152984354,-0.053132118391869994,-0.9441568833978188,1.5400312554671858
-0.5919100098714501,0.37221946658769206,-0.5224485913288804,0.9600738253746103,-0.4344684576538885
1.2402991290855219,-0.5754669461089938,0.17061705664897786,0.6983485955964406,1.0921775657826258
1.6359546997125305,1.1697103833732883,-0.8566880208004998,-0.23766615288097018,-0.08449964586547432
-0.3129482655083418,0.12779802263753512,-0.7489092230282527,-1.0321920479522917,-0.11770301056102792
-1.3799432847914652,1.1383913834531374,-0.6390868626862856,0.9400625269870079,1.1500894386155018
1.0505687809821982,-0.056024964504309036,-1.8880699566697572,0.4963824877420764,-1.0526377355992387
-0.6149244467870925,-0.1080981500262358,-0.20003822495729234,-0.6252045870363183,-0.042730810987509756
1.401261196596926,-0.8930267944636108,-0.45032897174009545,1.3733064478006927,-0.3930589132350175
1.0954779090368945,-0.3994687762752949,-0.765530482412811,-0.1623954333395095,-0.04530539327554109
0.6823339316563788,0.7322365742838918,0.7172006444607235,-0.2224264978979006,1.2613481007077079
0.39792116088756335,1.6745898297679276,0.7495787932066832,-0.28400353250796334,0.08769546875892616
-1.1362132988532743,0.09548883871382106,1.3390014790753222,1.9985407584594457,0.05041942524861514
-0.26892009315164234,0.041751740953215724,0.9910753314468685,-0.4026379100896728,-0.03022602397902934
-0.18487050362567742,1.9791770903134567,0.06603742951245758,-1.4898456052366063,-0.8062756126527143
0.25956202338750617,2.413902379998089,-0.07307576127856247,0.2973120215844435,-1.7495556359771702
0.32926149822373535,0.2621897306029709,-0.22173957718381407,-0.38868126224794747,-0.04322703102359778
-0.7489970763456809,1.3053244165724793,0.5268327194160977,-1.3302317628833875,0.8287162756727533
0.860519482630448,1.3748425398242647,1.4131533734849424,-0.2747385503975377,0.3396657863341061
-2.087918919633316,-1.5471374981423784,0.04043445507294639,0.44987086344340194,0.27452687084196653
2.125882255755817,0.3727434560850835,1.0342047553408864,-0.5480982374688834,0.011001359041874902
-0.5371147908636035,-0.50039517985474,-1.0441720881991194,1.641237029534432,0.16751432836033686
-1.7404368490670965,-0.7444077550602045,1.9765878644410628,-1.1242369609331948,0.018748049986330523
0.6750661972800803,-0.8031294977901579,0.09587088404627081,0.6758079764665019,-1.1654806368851833
1.8691566527702903,0.5725237659413694,-1.0518998073643528,0.43827586724302037,-0.1826522865716466
-0.786720479761517,-0.2594506963918575,-1.042027526411713,-1.728640532383527,0.7300511009776378
1.9863642725589956,0.05635465775496171,-0.4762854620663524,-1.1983581759426913,0.5195365356645086
0.7928372996710733,0.4357261280566165,0.7227910168079111,-0.4697745193642987,-0.1217565993598197
-1.5715941743124349,0.27256978678079735,-1.392691176071148,0.6577150619755903,1.4178948797251243
-0.4857771050306786,-0.20382327672640502,1.1409126560497793,-0.6854534695478134,-1.3387743491406354
-1.2592075457349048,-1.4289689816131197,-0.695738955187119,1.2183865525369264,-1.1684773563775706
1.789144659871177,-0.7716712584474645,0.4361139582676403,-0.7061208909320968,-0.5469795442142724
-0.24973001107366655,1.2017250198481395,-0.5340472302474029,-1.1674304592792668,-0.46056427097102276
-0.5063843079375131,0.31274599203744285,-1.0084593428034372,-0.16581460742875603,1.1714619361268745
-0.30775170178473454,-0.2666214217844782,-1.0309936658971934,-0.20662361573265792,2.2692553702506193
-0.24053461730280334,1.028181542735352,-1.5274009623475355,-1.8312902583921065,-1.208261666567974
-1.270388516238988,-1.6746083820097855,-0.835192822497528,-0.4942993327711555,0.7913913263464821
1.18619219409415,1.7468458894446188,0.04966264449460915,0.36168946688180115,1.6537572346709337
-0.801460813406394,1.5089944118318457,0.5273572939979515,-0.8825313079389417,0.160714675546186
-3.014294456409126,0.26527699216975364,0.5953315233390375,-0.7220571784726306,0.5706105973291314
-2.231813019861827,-0.11482110564747534,-0.9527578399517437,-1.129714566182021,-1.4808677705440958
1.3025211795267126,-0.6835882353600634,0.932820223126204,-1.3093189852410168,1.268693045820149
-0.5665511243717176,1.5224679432108126,-0.8022422364565941,0.6372713991191271,1.4445430241910666
-1.6414596604237877,-0.09013850696379128,-1.3272783798572692,-1.424633208308083,-0.8485187424507505
0.7444303622424675,-2.0806852037251202,-0.5824204857279696,-0.42096200540210466,-0.6611136847362526
-1.3219042214450176,1.1258106435925193,-0.21209468780662086,-1.6567529691426965,1.4917959213284504
0.6746599781139602,0.10435843965878001,0.031264902419339616,0.2985896844032032,-1.520743408597138
0.6320803223669857,0.48514682587054786,1.5786534455623862,0.6293696066719636,-0.4645461050297295
-0.5122168261919503,-0.14669024602641562,0.12697578103694537,-0.03321355658680901,-1.5158201314446313
0.04500157267363935,-0.27930576202421775,-0.34350318875315394,-1.4871454037753509,-0.8264830711549342
-1.9168747618410196,0.3317364955303518,-0.6913550903319037,-0.8729860951018555,-0.8521863644688816
-0.36927381562716555,0.44853558099616075,-0.0462036160823015,0.3420890529187811,0.9517270423218117
0.6671303638627382,-0.9069475463671892,-2.09020075780548,-1.8204346422757969,0.18805821637982073
-0.10460831899032605,-1.6546746021332825,-1.304736654067161,0.27699372450015514,-0.9675581898774233
2.2538439357620685,-1.0760120242041271,0.5230603860400115,0.1664196258371411,1.086478651475267
-0.4626172490729381,-0.5339414281543123,0.010439690147669291,0.7880550237237833,-1.3007792487578167
1.1317342959952168,0.445069406774273,-0.8099246871084291,-0.22149392213560098,0.8524023488119449
2.1261029716967257,0.8008336934622408,0.6970717826897421,1.7527479736302862,-1.4802739595553294
-0.8729213116114549,0.3053841452141763,-0.383780139669965,1.0731008351003701,1.0022560039235575
0.7666102575864934,0.5878161976016506,1.3517742284452507,0.07216932727166941,-0.0420730608911557
-1.1003531065180387,-0.05901399182979544,0.7099291091212913,-0.4280904884736664,1.9761652380884354
-0.9757325988713602,-0.46408534358698966,-2.2268722280226756,-0.43765094448797814,0.7950616404439318
0.9427430324619009,0.1993408632137499,-0.1332368326767666,0.07080225593729596,-0.31793588960158076
0.37825836848749317,1.027517687426343,0.06144131083769483,-1.3688910018859872,1.688866660878203
-1.0814657587496066,0.3697693879553507,-0.11209071510871083,0.5688084199036679,-0.6070187244720291
-0.32835359910185746,-0.35446712108405914,-0.49152303988460627,-0.2950563875845784,-0.31217655620113116
-1.3481771812091057,-1.528329300037585,-0.33319851711427406,-0.01913952260600278,0.1346341498112149
0.059405847452521726,0.2966625841075606,-2.2263394235540632,0.6989977839580209,0.23859370896043658
0.43426809166877095,0.39292009756423063,-1.1873172127400853,-0.23648503703317947,-0.5020331088067557
-0.3207547948326998,-0.06255385352421335,-0.10022684122668626,-0.3733386786457507,-2.308286848233118
0.7774590452919697,-0.43088809118340254,0.7133178948742009,-0.9566378261141492,-0.4131084248501208
-0.6908290352469459,0.24692688746207123,-0.384522626240323,0.19865181287722689,-0.5130525580727161
-0.040274521534648645,-0.6017483412468626,-1.8572177671998136,-1.0191378536013882,-1.3967430639275251
2.1888203670707806,-1.6116005715749309,1.839279954249096,1.6303219256164196,0.28536156610287844
0.3318851207555222,0.3937819228239913,0.521997211660368,0.47934108808772713,0.6103781834319124
-1.6427619656009327,1.007907626582534,0.9757720972364876,-2.892261560545934,1.733329599042036
-1.0468853525502289,0.30827918310928565,-0.3712388033258356,-0.053901266683116573,-0.7376468698133595
0.07857076202450672,1.5282859341572819,0.2859772808428298,0.1875730423019175,-1.5040332526182727
-0.5771667189611903,0.49068778045469696,0.38116208444890787,0.31389487017529805,-0.9900173576825536
0.0016500373441787227,-0.5449531258454092,0.005928598475677685,-0.22601489861303778,0.3674958538277975
0.8934947959014934,0.5447929658424869,1.5238946281032044,0.09661044824327218,-0.30211422675624294
3.064617775163886,1.2984303003115683,-0.7132768081867714,0.03145960526663692,-1.3465210632723168
1.007331606931839,1.0810495375796738,0.8023988511656538,0.1017009541903277,-1.422723923109032
1.5860587462637956,-0.4216159987530063,-0.5606867330491074,-0.7445769741754017,1.5940217251313424
0.1864682939113353,-0.9255785244339911,0.38302265543335245,0.020005566586731846,1.0139369720176745
0.9648524274878997,0.6197854990812044,-1.3289433240030453,0.4244395395506854,-0.6358147962751755
1.0962710227867798,-0.2044430140947714,-0.4366569296183787,-0.6311527429271544,0.6007697051030971
-0.5224615194319231,-0.40145990007265525,0.85683731375705,-1.1144230462545597,0.6957566018901141
-0.7397560957414575,0.6687366332120828,0.4632297920876349,1.6495394485760702,-1.5380207493016351
-0.6849269856828476,-0.3231559080926314,-0.19105339577765446,0.12837335104093303,0.6197662737015602
0.07359711086468261,1.1708007496104669,-1.1336967278832064,-0.796409407445714,-0.7847815089528319
0.49632561019288685,-0.31246448841180846,0.42820701142070816,0.9286239839098833,0.19492978167507655
0.5737137505323959,-0.7333503805783842,-0.32593867136896537,0.02540500678048804,0.33763803628590033
-0.2877987122669838,-0.43831175315586257,0.37575005077379536,-0.7139886518102729,-0.06150833764736382
0.13672976922621652,0.40996667546282817,-1.949464834139044,0.32781949241840314,-2.4539260163322427
0.35976804962603115,-1.0305186772008892,0.3390960628056729,-0.9012270890856341,-0.7263941759487476
0.3039215559465995,1.849905382186299,0.7216978541653802,-1.3470361568885278,-0.6942497408872058
0.7539246819674589,-0.5043870184153648,-2.039970201864155,-0.8523655071717292,-0.9255619567231954
0.7986323163302208,0.6398327709686169,0.39957394091038506,1.3697543855961525,0.10091339809052588
1.446817479797517,0.4460083703639284,-1.6699441552748637,-0.557878203789909,1.0262305842113184
0.3374059975673435,0.3099681067358959,-0.6335762029884398,-0.9441826346620387,-1.4271631834789795
-0.5570280091482472,0.021770514283838884,0.49059790465626896,1.0918185897788657,-0.4615581558329956
-0.9178436508921355,0.48428599542449735,0.16857124856184313,0.18491814906604645,0.3278831411951217
-0.5514698206387949,0.7568983416225357,-0.07101436523802271,0.7743533266436736,-1.3649672219008342
-2.442766408251546,1.190372633686327,0.6465049436681072,-0.060265277008414074,-3.6557875278661927
0.5926103844387619,-0.33123788079732513,-0.7396697040749478,-1.5176621743636887,-0.43729981806341883
-1.1075284766172138,1.4341746023562503,-1.3060340184851085,2.3732558843830347,0.20923393405748653
-0.7858360268974486,-1.5125967045551882,0.3781095001053363,0.556734780053569,-0.5524278771599221
-0.6276575542123151,-0.5575090480827315,-0.4016527894150866,-1.562959471889665,1.392317591766186
0.8679881971891639,1.9154891825265383,-0.5412887812008177,0.5049558144426719,0.5390571001584783
-1.5713787998326934,0.7382178480523808,-0.7688536322050997,0.18073627428372793,0.16967885145010603
0.6914165983850981,0.1932213250812407,-1.3756845179033417,-1.6805029036702055,0.46591864164490027
0.7030729830284365,0.3330336353005881,0.02837743981503988,1.4762055646915861,0.4423900610311201
2.7353977850487503,-0.03282676094250495,-0.9676015783378595,1.6191690394886875,0.7631823817409126
0.35886665588687944,-1.0563546344733332,0.5832872268524674,0.5464546835003287,-0.11488816098740631
-0.672306200683974,-0.7380228862315537,0.1794142047813988,1.1637214534261062,1.000807506888353
0.5738534951278709,0.5039510180552595,-0.8351623335358213,-0.8355369485620779,0.7719192824684303
1.148615297407349,-1.861643257521599,-0.4653637922697653,1.2820370880519338,0.6575048050387186
-0.03989323125075911,-0.15647337158222868,-1.2393196315847024,0.11422904861081953,1.2126573036975195
0.3908663003687421,0.08001780621336894,0.213687024460337,-0.14626921046795152,-1.6032338489273055
1.7176752550567547,1.2774195358936058,-0.39328913943570065,-0.0416366925898666,-0.9339726007307808
-0.025616223259413103,1.5319573054370783,0.48292832803998176,0.24657923036942697,-2.340794257634044
1.0654223370861302,0.5878634103723163,-2.2349531039521726,1.68501731296922,0.593079649077179
0.4274307389210483,0.5539648566205312,-1.248489206924284,0.17544157806121258,0.6148535206815362
-0.34680711176976586,0.20799564502154555,-0.7497454059044043,-0.6409242260408811,-2.5796056365652142
1.4316910173202446,0.9815855652525451,-0.5033357637887825,-0.6025099983665321,-0.15414513692675444
0.8788460018263713,0.3612702653116164,0.11470029589853663,0.850400650973071,-0.3822558415883412
1.1430902148639934,1.0132899007304792,2.221737208443735,-1.0593543341195717,1.1778612151469168
0.1894852528345095,-1.5721167974484993,-0.21126587761649826,-0.8636606708361696,0.2886280738685419
0.08414162872218049,-0.20056137899138712,-1.5858210540893596,0.04481269146003527,0.8171756049227494
1.6495257213845071,0.1889803563525843,0.6570853555052191,-0.5481315006754591,0.40407140865967855
-0.47032286619028546,-0.6917955026847055,0.3768474637913233,0.8277046468929816,-0.4732472045135177
-0.13444177710963223,-0.5712445199978389,-0.7179260737027153,-1.190256727158682,0.16304190278834318
-0.47016540425191916,2.2691696916357817,-1.2543100212753746,-0.8619103913146698,-0.5018063830577861
0.975571919850531,-0.9912186964500628,-1.0980476329769322,1.367427313689365,0.42009947348344967
-0.32003093622544676,0.6420262000951668,0.46121658989753583,-0.34345793971644306,-2.105316785599325
-0.9328950076858216,-0.8780936316640242,0.007216108825555466,-0.040161124600733206,0.5238952806766923
0.41249325811918985,-1.5861950839548393,-1.2642883453447773,-1.626378224307015,1.2351785794760972
0.3840418981055973,0.43006011393926863,0.16772568363718568,0.47114344588296286,-0.5508014245738767
-0.39327571755235596,-0.1760705301833084,1.1896317974812467,0.9963012258971202,0.08545254578602776
-0.24657691264499954,1.13559336830255,-1.512730075989795,-0.2370666403750262,0.7051359772156262
0.7325061635681996,-1.007564798514421,-1.2813251849939231,-0.529466507065882,0.7676683953019102
0.4697180743775972,0.7397225464980342,0.5200588588443265,-0.5907028593807192,-1.6667270100130733
0.18715085186505748,-0.47321530233803294,-1.11522973128725,-1.0244579394357811,1.0250174844518696
2.2089665085524994,-0.8352848479315725,-0.6450733910868657,0.9741163205220538,0.4346724341513123
-1.4096016639995472,-0.14091346175220695,0.653028891559008,1.366356163964953,-0.6742145253256228
-0.6470025364791697,-1.201580071104887,1.4328112781613138,0.31065503648702214,0.9354983659739488
-1.8087573577043794,1.472397916816189,-0.21225326205654454,1.2876522227137615,0.06797730953691437
0.14408643735255341,1.3180967583139418,0.557020751228738,-0.8244289609986231,-1.1983998029640182
-0.5051983385558336,-0.0741306395797371,1.686688531942751,1.5956573717879885,1.1929997727356043
0.6283763201966607,0.34317167800295023,0.26911582319353916,0.22606094745836122,1.1985102979289939
-0.3737843828901278,0.7009561303620755,0.8066939251751409,0.7047737349628382,-0.31838310543329984
-0.39110892177591616,0.13890703403572047,-2.208431821975858,-0.6659871817722243,-0.1447096768692893
0.4958094990222223,0.6063347648498245,-0.23390573627556518,-1.8898794578024996,0.6013503069864723
-0.820619582000075,0.10617822154145652,0.7887866072495615,-2.189393621546896,-0.5894065473709481
0.8111545787204043,-1.4615890141831538,-0.5969688422361851,-0.13686002039858258,-0.25970171738906234
-0.8825083306422881,0.571846978447333,-0.3858796668317587,0.2789050483632275,0.8470255925945818
-0.08189601829518257,0.3096831095631103,0.44778917787129324,0.43476515145789935,-1.85978797135955
-0.5901949885693969,-1.640846362118915,-0.8624635047943525,-0.08501040212292585,-2.358140332437263
-0.09328419858832555,1.0230571552167402,-1.0804147814047025,-0.9190412211553878,-0.38039242774786614
0.9087097390562554,-0.9149032784158879,0.623283535157657,0.20949385860202013,0.2738719263502174
0.3573847792152051,2.3610977682364127,0.43698767301346775,-0.5560369750044808,-0.06997417441123258
0.7236199653091101,-2.2560832769033397,0.6044923136947024,1.904809296972515,-1.72806469237765
0.62036608063882,-0.8830557370153104,-1.7462518734109398,0.14470046747380438,-1.9374969768976786
0.24431267602486306,-0.006690774697855114,-0.4418257874873515,-2.5962986715706537,1.8880893561724919
-0.30360066872299435,0.43938378742654605,-1.823357556102443,1.5599468773907152,0.6190826709212255
-1.819993474396045,0.5967511395493813,0.4935244466263348,0.5439704292112179,-0.6987334683335515
1.5544129002631482,-0.47163758222676344,-0.24996975911790967,-0.004756221291320981,-1.4127765259239733
-0.2278427669879618,0.963493285557709,-2.2994918170176333,0.42955226840511085,-1.1157648421821715
0.8658098750097635,-0.8089211080856564,0.993633796103585,-0.2193524097061531,0.687805894431811
-0.2394998224971173,-0.733418854041666,-0.7215749243884986,0.5774718900410873,2.345454437955124
-0.19764108993942658,-0.5460265617371741,-0.80240941778972,0.10550418091611674,1.7043240784655842
0.6007568377111274,-0.8082499591822551,0.7157107514075715,0.4889584776457808,-0.2681710093151838
0.529229470508809,1.692782036406636,0.46893919734511885,-0.821231062975826,-1.7253085813582925
-0.696859702998215,0.7343318253936956,1.2660284288810635,-0.5677932257910796,1.0530214777196674
-1.1092357850253227,-0.9582089321175338,1.8114478844527035,-0.5889539702311394,0.9830672726314662
-0.30417208248995414,0.1826019655149404,-0.12901783746462753,-2.0103192901830265,2.205960787667558
2.4796237408445103,0.7167896450291655,-2.3123191327915444,1.6149970796759598,1.303283315234329
0.8841952832075987,0.42606339318259406,-0.5238911560122497,-0.7336522475747917,1.889821603499376
-0.038925039998676934,-0.7736915915467427,-1.7712705994839613,2.44177769564036,2.3815026656682954
0.28180826995659597,-1.1036693720764574,0.25837018018335794,1.25730254636239,0.33645045770510007
-0.7570902035451778,-0.8955589275393668,0.31990238056724024,-0.23631363307036762,0.6132967192244978
-0.3417615469265903,-1.2161351619970986,-2.530443963832093,-0.19303285606443757,-0.320556451565987
-0.2865536920085275,-2.0987014337438152,-0.6527016789239274,0.8562513899041764,-0.9440314648281081
-0.6408199902756835,-0.8539872272075365,1.427863242464805,-1.299706566130151,-0.2447280898671624
1.7847452081140964,0.4754088445606668,0.2321248694129203,0.41209287336355316,1.5817354690961596
0.13772345460614335,0.984039296233857,0.40718854942183064,-1.3097798252075699,-1.3305017916955209
-0.5336112472806096,1.2151408143603788,0.03005914902444754,0.398015731119129,1.528269273421522
0.14329798073010278,-2.0442113222850584,-0.2785780015462848,0.011497498533595395,-0.5313455311398092
-0.28942404501078867,-0.6010091001764819,-0.04387652972112208,-0.21849724772297097,0.6411415814058186
1.2350315895349313,3.237384086061175,1.0673498154134744,-0.3599779936698074,-0.14061590561861562
-0.10181361218226673,-0.33835040967923735,0.5027797236375458,-0.9281718914377801,0.7920045151839665
1.2850923995103583,0.023021968363840448,-1.7437025255569463,-0.7317458545607614,0.007534247277405705
0.06163251428083219,0.22892897684644636,0.45557046407645385,1.4513259003528234,1.0560956663456034
1.3682263612907701,0.7588701362923886,0.38291361727869944,-0.3208949781892718,0.853750179854265
-1.4039445974330536,1.6885654027954646,1.4942370949966837,-0.3208029326976759,-0.04966766130004181
0.23520179177951478,-0.25139361171401353,-0.15789577481790212,-1.259341373230623,0.3183085738484848
1.732831429308376,-0.9575267573304074,-1.249028948525336,0.5974594646790942,-1.5644019844967032
1.2875713715619315,-0.6235314889756717,0.11729300860147168,-0.7540608251073913,0.6913828874369825
-2.440559807640065,-1.3543479452871685,1.8959347575064396,0.3233993509527338,-0.06370376221467847
1.5018594437585153,0.4974691374157791,-0.3273108306409795,1.68364001702566,1.1291156219685237
1.5616370159655344,0.17802824212889262,0.6722798856261875,0.15281943075591017,0.7878629487705489
-0.7993552368616619,0.22627435831682913,0.7779260587326285,0.48978250959784814,1.489435246207663
1.5383050910027996,-1.2227500791186805,-1.087321130924751,-1.1433522488971408,-0.2133380180139845
-0.19204786111898614,0.1899531355360023,-2.3948140797066295,0.5656613612722161,-0.9290264276874737
0.8281480627643215,-0.8964357976465974,0.2181946024682103,0.24318565734372585,0.34550945257775384
0.8698294523103144,-0.5066787883505147,-0.5033693746285672,0.0441588150928491,-1.160031372076716
0.26031009073996936,-0.5742199363498135,-0.817687360245654,-0.008998770448691776,-0.7481298222356688
-0.6795663348781117,-0.02736637871232665,-0.32363312082432094,0.3431031116939411,-1.1256687652486144
0.8067611407203705,0.14102656016568274,-1.0134801295451894,0.33440142628925995,0.2780846635907334
-0.0701345801343741,0.18804739190702308,0.17516071345035275,-1.198466427545975,-0.832956017204788
0.6437081530465333,0.35744297054928537,-2.204624616213073,1.1048228392299932,-0.11154785793753919
-0.8080742230465271,1.6680480048797257,-0.6594415858228012,-0.7106326328200563,-0.24001798904807953
0.5728175892149018,0.31164167317549313,0.8344062111648884,-0.5257198076446009,-1.3963201552422637
-0.9469590679697727,0.8706507025186107,-1.301758471966948,1.269911527584126,0.10712146757498589
-1.0668649799742524,-0.7237295606858392,1.70141905023358,0.5235552380940358,-0.9997993962661696
0.01837393804591503,-1.0975072215144637,-0.37324710830212005,-0.5220842933768534,0.0354541572804929
2.6003640036194184,0.20408113230961075,-0.7619720101393627,0.45695942614628154,-1.0945626069645749
-0.29563597874280584,-0.216249019749719,0.41374204522991653,-0.5470274170466843,-0.25781362483103937
-0.7339761200650506,0.24773959221641056,0.5052338317763163,0.28086875932096894,-0.6110208369767374
-0.22643056468057535,0.8443644379638063,0.10125266730182707,1.1344532982307864,0.8704510589674485
0.5690429249386466,0.12687416158317194,0.5247544906468381,-0.6990907715044837,0.46327180627242764
-1.2801826120434863,0.1328895014409848,-0.46485063209907207,-0.8187967142437772,-0.8280868912286887
1.0990780971605387,-1.3432095235866177,-0.38593481511495675,0.6065497605155507,-0.7949613289062001
0.39162480099259667,0.3347733924957048,0.44592232624884004,0.7547321941892208,1.0966164337485214
-1.4914005842863112,-0.21049482029944575,-0.5967089149952839,0.37090036754313416,-0.5211855995207709
1.463275424956588,-1.0332140606988858,0.19819675099186332,-0.026515740007396937,0.9084463081303387
2.1120105334442916,-0.018996355167427984,-0.2534432039554714,1.0829992801551864,0.5858474721116276
-0.030718222974973827,0.09657575214704398,-2.5827275543324846,-0.13751971024179405,0.2803788098481852
-0.44053439361724855,0.5890502412908522,0.14994996123162652,-1.3163085496593863,0.6114772609727516
0.785164313298476,2.0408549354425403,0.16428360372862053,1.992778825712501,2.019844047827226
-0.4356191936200294,-0.11638235795254055,-1.6558986606935469,0.6913621179468871,-1.4780839314511458
-1.7821407601752177,0.5741173833391306,0.40025258321616086,0.7147617724965284,-2.5742491195807977
-0.4895040146111555,0.8521227890861274,-0.9469249725984933,0.6633466904848155,-0.1617263098138208
0.21656293527283013,-0.5474016934891481,0.22353399577602795,-1.4975587970991975,-0.8136339671759334
-0.015385862765464917,0.6110402957139252,-0.30709368474389553,-0.5822476707996039,1.6996753416778383
0.3374854453429389,-0.3429449301860429,-1.9048055739129355,0.13028400929129702,0.5223133615196677
1.8736626357212178,0.4462245772406657,0.15055324246438903,0.3408872971335127,-0.5870425652856112
-0.31001941103968145,0.17942696649738338,0.3133378698180813,0.826955514929632,0.17091454592781793
-0.18296361398578642,-0.570329468141811,1.0454996757703212,0.40312197733030186,-1.0622087705715484
1.6008860624249552,-1.6871622651138272,1.1937741165177573,1.7402943427465265,-0.44978049511511803
-0.3931306360386065,-0.5050890133037306,0.41898047082223566,-1.5086066336420965,-1.36285387623034
-0.7590192916036496,-1.3878964476427758,-0.20678598915297577,-0.14402935480319073,-0.5286778053396379
0.6338393628962881,-1.6414927211084767,-1.1033465589230818,-1.3656507316173008,-0.30585225161547985
0.1621383291142038,0.4966612371428569,-0.23950507825217307,-0.10352804317630036,-0.9877597292550557
-1.2794694342555404,1.9030842364177138,1.2888937317020592,-0.05244776659010536,1.83664442089006
0.9099403462992415,-0.5235816613036679,-1.8515295546499735,-1.2476666326103867,1.170555017639149
-0.5147399347135547,1.702522205043943,0.788372004179958,1.0099586293170533,1.49939343441769
-0.947913383664353,0.935861832176956,-0.8678983490695442,-0.3732786973784007,0.4642538192060194
-0.13071416446533674,-0.3819380141448608,1.3540083621377241,0.06066838627547945,-0.89337919694863
1.3245767125498797,-0.21881507827813323,-0.19065270694926198,-0.23909049293890547,-2.094159090234599
0.5538759513409909,-0.8168426451136407,-0.7953015602191277,0.12721285754581624,-0.4917642914367881
0.46776993393079475,-1.8391247066794916,1.5604736872087075,0.3069565853628038,-0.05458310657153873
0.41021039674008,0.2156851069727893,1.0302921271019423,-0.18409337619070062,0.3969271362310204
-0.7948824559057798,-0.08012194934856268,0.2885035853268446,-0.9377836996488839,1.397989867372087
-1.8715113312876546,1.6774531912015411,0.07717367827313838,0.025413856400145866,-1.8076553629935794
0.458457106827729,0.49018192698580254,0.8733676918761848,-0.26954277209775196,0.7335597630085802
-0.32481176268066186,-1.0762813835043161,-0.059201518133887465,1.1628121280083765,0.4632130696706885
-0.8175587603993894,0.21390562392112342,-0.11626844149906025,1.841504534628336,1.4221023490510485
-0.8135456029944449,-1.475395863302244,-1.9843807403049096,2.6097714579265965,0.25752464862509433
0.9085532049929179,-0.4899602413211498,0.3687717401497841,0.9181677005994078,-0.08536292193261828
-1.0436402424217919,-0.8278777771048741,-0.6346262422161673,-0.150903239124316,1.0765496062603463
-1.5884767235368127,-0.13250320685679315,-0.06843839239207944,-1.4407984001490013,0.616015741791578
-1.9985111496640713,1.2903712401365446,-0.8433689775713288,0.3627894164383961,-0.5546109900747177
-1.889250966603403,0.33732104730595835,-0.4710555145896109,-0.3902649388172343,1.0995957725326284
0.06550537841931468,-0.5007043647772329,0.9645848509622094,-0.20917333703892485,-0.08703264073039946
0.3350035230965488,0.8370423943558745,1.1755827696598184,2.489024631261913,0.47697206392074615
-1.1006781373324124,-0.24610937405160282,-0.6683646769116718,0.44555320044603114,-0.7715643566233334
-0.0747634228232152,0.29204810576770474,-2.8001160304173682,0.2514749101534787,0.16070272894194867
1.14734413985676,-0.28959249716025537,-0.6000020422056858,-0.060354107414448147,-0.9980453372527042
0.45927729675194134,-0.15547149769102728,-0.8773569749966574,0.24589952339153417,0.7196368165158081
-0.14365455982572722,-0.6148032531768831,0.46355648792862403,0.4114782165115851,0.033166932775217456
0.028280503320754966,-1.9589067652569188,0.7377190730561581,-2.005709446157233,-0.32113708677623876
-3.8599124935553246,-0.4539940063075678,0.985424651135986,-0.6401830769500132,1.1863097977574852
-0.4027977873981058,2.0332424030673018,0.39801070795657945,-1.3015492506841708,0.867605769520041
2.0810485906291296,0.748735070912079,-0.21258625421141975,-0.012336713757520348,0.4305758461739093
-0.8982569908879422,-0.6965034212219307,2.8569425537863067,1.310092757130309,-0.22584748923475131
0.6836869557662709,0.6693235049020362,-0.42749162517971695,0.7962049193125877,-0.9046783099279898
-0.1322128235845301,-0.20105093012007966,-1.1720124778111314,-0.3194464222069632,0.5712335809368647
-0.7088756101472327,-0.762759566275263,-1.2430816300393288,0.04917665667335276,0.03166292251394805
0.6103471458192026,-0.41587131062401034,1.13431714094775,0.3713416792034464,0.46956024421969195
-0.5954491988751852,-0.14240673308441187,0.5792691586876899,-1.6494800387060713,0.6297596437806529
-0.7945230350338778,-1.1446290992911374,-0.9935408756466872,-1.7145477259671558,-0.2622423741985024
-0.14555388724199825,0.6398895303455766,0.23590359578462516,-0.790218604116391,0.7128877169807587
2.0151716975460103,0.318370734955706,0.03853295155292084,0.2289433615968433,-2.405628051204272
1.6081559969938886,0.06357561408666931,-0.26930104123659476,-1.0608369115349436,0.7688024580605727
-0.34638507803909924,1.3114416241431188,-0.6340991691976073,1.4564246481737093,-0.3015100209085386
1.3402984187344142,1.1646563871194457,0.19668480971906463,-1.3931452543396745,-0.5943317785184553
-0.5726203151852319,-0.38183021717901683,-0.2518160810667237,0.5658014687239625,0.46909193660687537
0.38849067138813764,1.0942927872245962,0.7568753700881609,-1.3635867570137579,-1.1797454463863817
-0.7475347800114167,-0.4880451138171416,0.2537521996324691,0.9825232290898693,0.6673277754402913
0.22842122533235454,0.38533333748721627,1.0966203550894569,0.6609929605973057,0.5274447462637427
1.1444745920921278,1.1826820967113112,-0.21317858480163013,1.5392520174597046,0.12218180225548626
-1.115645411983085,-0.12186759492567471,-0.7232134144509174,0.40676913810697063,0.312714164884244
2.1366385322090413,-0.07932690397339616,-1.329324366622882,0.09447228508872163,0.928333688430493
-0.6003684965849991,0.6915030681528824,-1.622802178304108,-1.2074738983291766,-0.24692541480614136
-0.17671347344380103,-0.4101560932669924,-0.5916181643957994,-0.5262113717680295,-0.952050538393728
-0.051826405885342465,0.12785370732749937,-0.4366301914121206,-1.3698085845281491,-1.6821286063141636
0.7499496666833482,-0.2586096832290054,-1.0151466029942051,-1.1601628443524699,2.235246132344862
0.8661357933062297,-0.454577908316555,0.2808033078392967,0.0799480903286518,-1.5932147377048127
0.19976698407070173,-1.4442445720941717,-0.12073161118210643,-0.4213661422231234,-0.8894817142145739
-0.4727324567495361,-0.8531909991496943,0.6150391430920453,-0.9960970320490667,0.5129735463034653
1.0081327970605372,-0.03501598564181345,-0.5592053608971571,0.28715777494947553,-0.5330077503509957
0.7359915218057502,1.7707384270295858,0.3241720119859859,-0.06456182807661216,-0.5543645506963286
0.7229518339161805,-0.4285421312806518,0.4101851039978889,2.3192259036141576,0.501349658643466
1.0453234936485283,0.11135760490361532,-1.272738447339352,2.2542719478871556,1.5778084422373229
1.8656790969282724,0.9603106236194184,0.8861372040567422,1.1247886407578758,1.0633137465329434
-0.8707035059675341,-0.0731896899682094,-1.3697758098808377,0.21842878472223015,0.4104204797425309
-1.3048546541806902,1.2172450300471471,-0.2393838579812925,1.119897757043136,-3.0314851013218655
1.3660748406758965,-0.9499491241902078,-0.26349124510214594,-0.09992249015850523,1.112354053629096
-0.07110648617827925,-0.6904961394477234,-0.5805344779557504,-0.15875857851463998,-0.11077768596581847
-0.6590458944284402,-1.0061825804297542,0.9480680617289854,-0.3228131591460815,-1.0479761735340245
0.26318632981226014,0.6885383779016095,0.603162058830794,0.13726175093245693,0.6602972715339256
-0.3910243291878187,1.8355357638697385,1.341849723616625,-0.7103910422070348,0.9488190167985098
2.705765949151063,-1.4785434604684693,-0.37318023876327966,1.4566683128360605,1.148738092269021
-0.15369135650138888,0.527091416609446,-1.0267131430571117,-1.2300964559432253,0.6169557773861841
0.1666131248280509,0.0057530860556178134,0.2647253188491336,-0.6300448682105749,0.8837578017652183
-1.1221134746673964,-1.7673898100626784,0.9926762289601545,2.403430062827151,1.1324101282464611
-0.8694615619519004,0.06631057700951704,0.40046582301572753,2.1998841140429017,-0.12020725149301309
1.2590579028820488,-1.3848148186497375,0.1295974764880573,0.3762376779013052,-1.4487350056992618
1.11196189930285,1.291523672338492,1.117484053770893,-0.5102361583681629,-1.0274046901909784
-0.5360449322104174,-0.01774558507331637,-0.8339074618890029,0.11651362195537907,-1.3663506712181572
1.9607424530341857,0.3926014123935638,1.446013478814008,0.5754046342647765,0.2317923424219537
2.7268186148892744,-0.8223514984422071,-2.2307517950106583,0.06727521173434689,0.6608176970661077
1.0449064453472603,-2.205228559042567,1.9993155937619154,-1.2217823173695268,-0.4056065354672393
-0.26444020775047367,0.5388895285367945,0.8426616601816004,-0.7368290437901316,1.1439144927000369
1.2335911546016776,-0.7429378855060221,0.04155630332019067,-0.35088375478603234,0.708743461047981
-0.6584759356485966,-0.5393222661666477,0.9360352770086986,-1.8327959923806243,-0.9966487045861847
-1.4772123560435824,0.6480844087970707,1.1279519853921016,0.34656513628270913,-0.6962228870243334
-0.5042501994291939,0.3874126377353132,-0.4845261175886941,-1.113232305068168,-1.6949079718459288
-0.44748556524910144,-0.3583421001910654,-1.0700509409701218,1.3031862073477734,-1.0226729596371844
1.1510002512336301,0.5649341771816235,-0.09179686734446547,1.1891010360655254,-0.08833511947229007
1.0946024720145806,-0.16748137013019027,0.07664643588507203,-1.403449600622449,-0.6497366269757311
-0.007198896562048522,0.9723201377102092,-1.3196763640636846,1.100525299732952,1.1276971450383977
0.9243534439362636,0.7756621173689784,1.6388508094692147,-0.23812378691952737,1.1471628299654932
-0.5457306170091942,-1.2469735918838813,-0.32317193479540585,0.17402780747581822,1.7074392505796507
-1.6245707464513357,-0.7310224405626343,0.3305188043899771,0.06544758205863034,-0.05925869978674905
-0.5074714789120297,0.052913329618577094,2.692366007330002,1.426109592918978,-0.31882451302208975
2.6613235361108414,-1.6185697069643077,-0.8177701254971711,-1.1746640418199523,0.19240290020565207
-0.5476766007455653,0.37966673386043026,0.3025227198613751,1.362542948088694,-1.1610788535606638
0.3971214362091302,-1.77675408464371,1.6400051999742837,-0.8748645398829216,1.4615131950633746
0.3802681256123446,-1.548245851362557,-0.6342294181914875,0.027758919996187733,0.3433977902656403
-0.5947080064686139,-1.355135435137764,-1.9511659515683448,-1.4205081132412523,-1.1240729518234416
-1.42026671997272,0.71914441179694,-0.5927664282672147,0.7546697375067345,1.2648439843436532
0.6057488396060765,-0.5536218848418246,0.00171707311929675,-0.8004693971806364,-0.6913648004754173
-0.06728324487400615,-0.6985747165324713,0.03038385284121766,-0.185932473955914,-0.01596840256118871
0.5932093781990964,1.0455139573453884,-0.7940607118937041,0.01221859501442437,-0.8253679748969228
-0.4789824694164787,0.4261968321355073,-1.05074382068465,1.084173885342223,0.32834086910083443
1.5684237183657876,0.5614367280102704,0.6263287550837005,0.28321583884752205,-0.3946378387933804
-1.410179344235582,0.9701954605254512,0.5810862179373694,-0.390298685874316,0.40837710416795103
0.6115218193545845,1.970705507707406,1.0890190496708465,-0.9671717142497437,-0.0075448942281697955
1.2577273609531943,-2.5831226772503104,0.7391406414382243,0.0704425481192536,-0.7355405069248296
2.200133198177508,-0.8501262854157735,-0.9655879281153067,-0.7130538106964647,-1.7878093095462344
-0.3043223179580762,0.34913645673740246,-0.7504958391694978,-0.3163136387665686,0.5928210819462064
1.0480770960920478,1.1316517352490312,-0.13032128009374494,0.9792746961796156,2.1535923877287475
-0.6605984809136348,-0.5722833549833037,-0.36864237241610215,-1.1288282057355445,1.0210907450364537
1.1024941976334677,0.20676727486027707,-0.9369631076807692,0.038762596503123706,-0.6982901681045203
0.8568464650337015,0.39479294995048925,0.5087095535132273,-0.881638429161512,-0.27872841681367133
-0.08765578479056031,-1.7382645833935115,-0.6734577075196082,-1.7767278432458151,0.684979375568191
0.06824971432166692,0.026505696982391403,-0.7343140807066775,-0.746910906735948,-0.2341772537001325
0.6429725734906546,0.26491713116306115,0.12295986025463665,-1.1881036747662153,-0.03752675301285809
-0.5155537326459675,0.76400601002895,-2.0005936820449914,-1.3275413028287433,0.5742340859473359
-0.6919091449026531,0.243771126862678,0.10778823654464086,0.3354923691015762,-0.7869493558804591
-0.3941872219850837,-0.1495768800287655,-0.6549421227623603,-0.6738560408454659,1.5095217385262392
0.5151004245916683,-0.08297315999768763,1.4905731939731772,0.25330792351788345,-0.586816363892287
0.588899875940364,-0.7266467711089849,0.19382880690986073,-0.6203747619235703,0.9820992214063373
1.7618940221480088,-0.7501708050922287,-0.39393915126598233,-0.26699138175487136,-1.4714176854013483
-0.2957659972108288,-0.8587521304040139,0.45166659017122157,-1.24016592686391,-0.03999212411627863
0.6982079307747943,0.9899187198359221,-0.07703742026493991,0.5786302392219549,0.14774817751946834
-1.5877763588420735,0.2095071035387991,0.7402377971810958,0.3324555053212847,-1.3668684117340242
0.9118621833212378,0.13753515159845975,-1.2116996001054054,-1.4116690831053886,-0.06785545751767412
0.4241053410318234,-0.9178960162650784,-0.8205366370152388,0.8554043294474579,0.5842270061463493
0.5620613803840323,-0.5909373828048842,1.1239414167720865,-1.0631641064479367,0.36873899223858647
0.22867031187568881,-1.198733928657667,-1.1824228279980555,-1.0245769962950584,-0.9063989866352743
0.11617304667312735,0.05698954291179566,2.3337850064867873,0.4213961236763135,0.33308108270564774
0.2442313380231667,-1.853088436885996,-0.39061122665843134,-1.6703991618812446,-0.07870290725271174
0.6007650708804949,2.5104840400714674,0.5359838903707891,0.8105023142027945,0.668452489828545
-0.08816047559897926,-1.1839799639101694,0.7985130992817587,-0.5547588257100972,0.9395344876595811
-0.702039125498893,-0.8515866274861178,-0.3268481950673494,-0.07882922714875927,-0.5669576370852557
0.2648762612656849,0.926569653127756,1.3490215093197155,-0.2370902092926147,-1.1159581968621735
-0.08211065911513345,0.8561200719851625,1.0941732868108967,0.49995956574297756,-0.4464944593043968
0.40242535408839347,-0.9448773688776858,0.7596428238165518,0.6673137609906121,-0.5057608274882601
1.479599190459023,0.9927383356986434,0.48749926161078705,-0.1667571503995772,0.8412449053579228
-0.16607490407646033,1.514568288192636,1.0696937695705302,-0.335826141377794,0.09385261511320701
0.4955386277108906,0.1992380793822344,-0.2815144293952783,-0.11856928305485638,0.3570171423549876
-0.4999279962970148,-1.3175223843826969,0.1557703825040871,-0.6831374170649543,-1.880318433728081
-1.4398167056776119,-0.9896736450788073,-0.7330532476539707,0.062318795662542774,-0.3124378725636094
-0.7182809015969369,-0.15953924511293133,0.9341029219691408,-0.9349562670977067,1.4996832624085843
0.5154419653046383,-0.1947769514490171,0.928528703517882,-0.958726723541558,0.6572352793128683
-0.684618366250392,0.39301393014720515,0.22509283976577343,2.0144742589698814,-1.4856106058415601
-0.28384065787608886,-1.0132712297111715,0.18211893159882045,0.8708141758002245,-0.6777828347033069
-0.05632414827341468,0.17316172466216365,0.3778460183361018,0.19699942813933174,-0.641452578240213
0.31207201427164666,0.8070141374383814,0.8598664767706856,-0.5299920462613529,0.30563289709337893
-0.37948236740707825,-0.3477178841454675,-1.1694762135472796,0.05576271206732788,0.8011691389143515
-0.3688609555209901,0.8002178976676111,0.5577504208074276,0.10291380345244946,-1.6002766804876307
0.2538422972915305,-0.7904206347640675,1.0115249356914524,0.16131948670377147,-0.41325814148790824
0.26997505403412897,1.1415452174818903,1.9781764157023816,-0.4203366566864726,-1.1891891908825143
-0.7695752796141729,-2.007972201608083,0.19506714084243676,0.5915833951777839,0.7507847565070673
-0.23870479687939522,1.0045038082264515,0.8623099983258454,1.7626566651505633,-0.08494706865963299
-0.20651930415574568,1.5546480244761507,1.287322951564574,0.5702873200419146,-0.9689683245408176
-0.4399086209802025,-0.38462522921438674,1.7282015583555406,-0.5562342002357779,0.532466569595657
-1.1434327872310295,0.05447028044921314,0.882176619652585,-0.31667718248024973,0.1298140112406041
-0.4305048202319253,0.08261136511766518,-1.7588818327740146,-0.31450134377320416,1.237886942619461
-0.5693398111460601,0.2395625578491966,-1.6252875810238587,1.8965552897379336,0.20251912030140812
-0.46919879149334986,0.39153145212332774,-1.3989762793098668,0.027868746811903235,-1.5214323603883817
-0.683126056768976,1.6502274104228372,0.30781044033680005,-0.08082454429029581,-0.30977104024588137
-1.051491237080877,1.1859684186619768,-0.9592804484895727,0.2586340356611383,-0.22873555350657238
0.04622073541614392,-1.181007061352601,-0.7014040835129915,-1.2739301886493224,0.1428858404873058
-1.1744595302475316,0.10474910852555462,-0.4938948485841808,-2.5125927511584956,-0.6924860612434514
-0.8306052027046888,-0.16317433734226539,-0.6898707728985909,-0.3633714206788859,-0.20939523626017661
1.9386558754522536,0.8900682666800345,-0.025681865478588306,0.5389269587501452,-0.05487212761880066
-1.837498226238772,-1.3226405968578598,-1.1572389254502957,0.10484757753564465,-0.07451222861614
-0.09028079384907782,-0.35497866211009443,0.10396679940713677,-0.3055767761034884,-2.129220230216362
-0.12305701715961276,0.9885874175136066,1.006610773563506,-0.9528812906459095,0.6220683160485805
0.6258419013891532,-0.7195503042916225,-1.6166806438674102,0.586951185313027,-0.008242780364202399
-0.9148032667830613,-0.0570207853218917,0.141230942420263,0.5821498969496034,0.6107095709716919
-0.7889317426575949,-0.40798000056052813,1.946459615532311,-0.4876026500360873,-1.4836536096764015
-2.11077609961819,-0.3374131178544677,0.5834185901207125,0.05799788962121363,1.826066251183124
-0.4147852714201256,0.18721092801534814,-0.8414563801844399,0.2743278074607381,-0.16591634212032302
1.0678633810355995,-0.33479784865733847,0.544477190349424,0.8942129059330122,-1.818420189632867
-0.8434397883972213,-0.3932143777813945,0.46969271402594054,0.15654366664643085,0.3757231279715173
1.436867434911563,-1.6474910344085985,1.0780625088723563,1.9451002503608847,0.5507117796349055
1.0076849291276055,0.6189693024973059,0.41501138181597164,0.27589434188044476,-0.6071392526477224
-2.119215306879916,-1.4244122870200258,-0.16190107729288192,0.08163724028209457,-0.6269917771964839
0.11809574885710411,0.8223495971409757,0.46486518879036226,-0.1105456982722618,1.4049385814681035
0.5970630153718889,0.03714044932112297,0.315663352267429,2.9032327652753693,0.7309256879625438
0.33267261529898295,0.25976703049077915,-0.8830249170424187,1.3105412177452678,0.8082449043424541
-0.3494811623577652,0.9663511361501689,-1.041484484835576,0.5092448812028114,0.4871542204662258
0.37919438810408007,-0.21288974335993993,0.8957401650433438,0.29151897127617665,-0.03620660205974157
-1.257323390593566,0.06627395519021304,-1.7777621446358025,-0.17664047000395317,0.9126350960329276
-0.3287647763158365,0.8044566963545166,0.6904712586646837,0.7244104071879639,-0.7904381160579083
1.377845507001066,-0.1405345638238411,0.29465514753226957,-0.9960041399732554,-0.8011199751927891
1.039111438068193,1.2041450094273947,-0.9353712887566463,-1.4927232062102933,1.155417008029682
0.8166258130816613,0.31730491106633885,0.32129939178115624,2.4563442523911205,0.6780249308943255
0.09412076771007531,-0.06190253461121376,-1.0269767022082488,0.6925154730921027,1.6512402849269552
-0.461409892844748,-1.316321258503586,-0.07748105420221922,-1.2518112723571309,0.3055730150646905
-0.7262789655726654,-0.4271677028219282,-1.0274321296698037,-0.37421781783820884,1.0079599337516028
-0.2717449773391168,-0.5803174900573747,0.978455155595376,-0.20516354090034233,-1.1725725037175758
-0.6198979375928985,-0.4735576499115065,-0.7149850931916114,-1.8555893629805453,0.8808677017651756
-1.005999217467798,0.3841611191844198,-0.8503557066514602,0.057202255107782256,-1.306908136922424
-0.5803275795196555,-0.1077731493538087,0.5451233275497345,-0.45131074959251205,0.5292618819886509
0.07836132163449741,-1.482748596205934,1.0143260134177259,0.9822851073732699,1.3053926431827025
0.3089033009593191,-0.708129210934656,0.6603189869439013,-1.2028589350706727,-2.2420233395991596
1.4811281511708125,-2.77867232592484,-0.005340431634056777,-1.0278153814036408,-0.33049241124851714
-0.9512819575023067,-0.25627160169436836,1.4019748767873592,-0.7204486140201999,-1.3270203625566759
0.9733147959588466,1.3933136607669283,0.5016822403166499,-1.0280893711707058,-0.7116011809480974
-0.011042300326132317,-1.409386230281687,-1.2654755997580074,-0.6821509714984594,-0.5408082627229538
1.6997396005874346,0.16589284073457988,0.09467170828279846,-1.1058930304536345,-0.527010535222602
1.604626921219082,0.9064239890112245,0.5911847422638472,-0.5600644727782096,-0.8594091632941022
-0.6777437333615182,0.44384622812547686,0.4331684597513605,-0.06903905916511863,-0.5420522729008102
-0.5282576275381373,1.3614790743297343,1.4041808199913628,-0.6924258236615121,-0.33439261298583084
0.25920877570734885,0.883212825673151,-0.7599696738854407,-0.6093945629296815,0.04350045565594661
1.1891344767432077,0.10209812961073997,-0.962354598939198,1.2126131337316066,-0.27479981000683035
-2.119273657180457,-1.287697583486785,1.0713511147523407,0.12783816806049428,-0.1708840622916719
-0.5302858088926725,-1.4952753284077578,-0.7984152250090346,1.3888813282158583,-0.3679532274822573
0.9779367149584469,-1.5929745719997408,0.055984546753107094,-1.0402985963367597,1.7024501490841792
-0.3245037802504687,-0.08896170198070856,-0.9799310533675482,0.1712223676946262,-0.732846922235894
0.44782557032959,0.11109664861521457,0.511941689000019,1.209123167396677,-0.1881399273059355
-0.5092087314618774,0.45424081810987044,-0.631018286088835,-1.0294652263134336,1.2084470706474315
-0.4751925069555506,1.560564423788654,-0.7023088288717391,-1.6238265357345534,-0.4266419781452895
0.8490279996382277,-1.0206387339111784,-0.12438348455878158,-0.1683978345043071,-0.35234105248389386
0.5586594211144333,0.1572886930519501,-0.29585366357874116,1.0773818600994023,-0.6976788979503276
1.9940459873147036,-0.6776682080997138,-0.9346263806325708,0.5211441011799665,-0.6970832761833208
0.9018738038015718,0.7511043652278033,-0.5264327279585033,-1.335057784345719,-0.12981831812166095
0.39077184663917414,0.29136979562196064,0.4873913372837547,0.9728311462509626,0.6284417346885297
-0.0730954241842698,0.14851219479937078,0.46565030625265336,0.056539572781444065,0.1883082605569912
0.013773741782863457,-1.3009460401061184,-1.0484978615258038,1.9241290305665262,-0.8967607462627415
0.2701709628227112,-0.8873049583839898,1.1901914237378337,-0.8677423176381945,-0.4203723490046351
0.14504420607689048,-0.024646736984068475,1.848256749601403,-0.11377625903672794,-0.10901860576934122
0.08158350089351349,-1.2391499844080538,-1.4046916427280298,0.042974056560647206,2.112237387830209
-0.4568903931207494,2.0180292393358363,1.2049476058907103,-0.2827090164916748,0.5305248476031771
-0.7735679729631705,-0.668982636327322,-1.2853912232569418,0.8537410670482349,0.8987109327857892
-0.2725922157721257,1.68899088200459,-0.46742912459056085,1.9197506231784949,-1.5618710661227595
1.1781390141025925,-0.21468265732865338,1.7233704727566814,-0.9717962262723712,-0.8970026876772369
2.401581411154706,0.25628322221079375,-1.4779783532544055,-0.8718747491823213,-1.2938260308497211
-0.7643522416396666,-2.0845390099066683,0.8995976447160026,-0.02478741206117061,-0.11975604247431254
2.0773027812103275,0.1966725275865594,0.35837583245589066,-0.8644805411017955,-1.5110893977487643
0.6138734319507757,1.2115329432008648,1.8181191589935721,-0.6743678537534897,0.5955993912659842
-0.9472996987638688,-1.6992908511973324,1.304701039684619,1.6657607968859265,-0.014305726770701192
-1.253857538266322,0.8890872176248259,-1.2770681967807984,1.5987563775387874,0.8875962651468794
0.7605684804277345,0.3245636493022805,-1.7735748906912838,1.2839745952254404,-0.8735853533114195
-0.22326496633659634,0.06397172775840625,-0.09370074510086732,-1.4974946483764948,-0.9081625229528233
0.2103128215947713,1.2538567071968063,1.791822072831994,-0.2783265449131418,-0.1706412358989352
2.0344331972317615,-0.1385077579763304,-1.0254567781688921,0.07499558646453962,-0.44481449262488437
-0.2961031813455858,0.6035056982982437,0.3850101393729642,0.401295715707176,-0.65130156206429
-2.439051988663766,-0.36457086988257364,0.9795576050408334,1.7535008745862477,0.022981932782049228
0.8613259280298969,-0.366004167700909,-2.6161731602443172,-0.8315401196299834,-0.6749589107657881
-0.6802126127657511,0.38118592734153317,1.807250138396168,-0.6148589791203252,-0.39391477795545565
-0.3578398631005023,0.43314665518553475,1.0780567751253483,0.4566916263974892,0.6420962789558334
0.23291117288257568,0.6610545657745688,-1.0554620499427783,0.7279832081537123,0.6068872540919948
1.2315735186565921,-0.7591733861372567,0.5519346761041958,0.3350525092755104,2.335476700151652
-0.6429277932650788,0.1603466303516495,0.8178051283084851,-0.3595034453952141,0.3566426829318269
0.9338375141462182,0.502673112424965,0.21674476312716012,-0.6438450137812843,-0.21171079288141856
0.3773833075386328,0.04475026133801619,1.8967827298893374,-0.9095566104233406,1.457156818498845
-1.1217128059227766,-0.37773452473412267,-0.1731028337282496,0.1344753002362423,0.6721672734791276
0.6730299916319902,-0.11542689508512298,-0.9220212283944144,-1.6954065334162645,0.18318105200416834
-0.5443204771873529,-0.04343570445521166,0.5951865291209585,-0.8051065130604699,-1.018461700070135
-0.6474673916229664,0.01279040078912985,-0.48027350823213955,-0.6357941389370118,-0.8067632684367012
-0.47171908199836254,0.36537063584110735,-1.2554583162812916,1.2500099218259657,0.3156430562230601
-0.4867066493336784,0.9074632965147909,0.1779848374259754,-1.189648317841907,-1.6407318617839945
0.681123123764899,-0.9002736011272927,1.3979297107322388,0.24487960437890993,0.680928801407442
0.4800565065791786,-0.5033939104516222,-0.47405405914494303,-0.7295127138334722,-1.3254417025552405
-0.8687046527132236,1.5226643168957072,-0.19735134326695278,0.9902435471430067,-0.8371838507039513
0.6350941995178373,-2.269428919944706,0.5140310011930644,-0.355506432661198,-0.027642145249840204
-0.21799144726017974,-0.9953629647029352,0.2191342555300866,-1.045774902194218,-0.48115317607389474
-0.27820376645168143,-1.102988022584339,-1.0213729564673315,2.045040128866302,-0.0823017202147394
0.16288193033925713,-1.0320635536445044,-0.4425251967415924,0.3027848025498041,-1.6268320277811394
0.02556000960449093,0.34424322495594617,-0.8307022936779025,0.4752853199319431,-0.2600252124207344
1.4201333297452372,-0.9429035917151488,0.4435170228637571,-0.31629301942249116,0.8240539605485871
0.8598515875325894,-0.7732839991991322,-0.9890200821243623,1.1979679353587396,-0.04049053439643119
0.08423704240427908,-0.04085353652888389,0.3643951297434627,-0.22066102860433387,0.44082017031157206
1.1279466065684032,-2.044089369792183,0.43242408244985375,-0.9395040139473375,-0.358446174235491
0.9510354840201592,-0.291684726372421,-0.1927410050140167,-0.4941797782063708,-0.33663193346027537
-0.7244907575601627,-0.15107038985491023,-0.006294058533236995,0.0631223039248919,-0.6985658470841161
-1.5607480028477283,1.4548215841937346,0.4217503736069952,-0.804071116572327,0.8764776940824995
-2.5116475817285235,-0.16467265448906424,-1.5520913188573726,-0.5461906936561116,1.322514902754333
1.7288207938981817,-0.2524410443999218,1.8005887923376596,0.361336629707832,0.7184029000903696
1.2140715572977459,0.6998934616619231,-0.36965244648497914,-0.8359301942073595,-1.457583881452325
0.13741147466751727,-0.9030429095586265,0.4443858364289237,0.007240943809246824,-0.2672813714797254
-0.8720825951041047,-0.5504297797382596,-0.8228616728975315,-0.4656392310117461,1.3447717593024293
1.7181705238707028,2.195507196840467,1.3648558213156854,-1.5578388742058067,0.0747766191919942
1.6428473607204948,0.8678468041171797,-1.1140454923288121,-0.13776946382009064,-0.9824572506008091
-0.08087833876172063,-0.6928722421872406,-0.5201878584202149,1.2845542210987744,-0.9248437675912222
-0.47827679664478506,0.29506543538738494,0.6591787454313079,-1.5545814007360608,0.39143410484917635
-0.4569886161506357,1.9451640098234315,-0.964116072252852,0.6667354615439433,-0.299930538533522
0.35962741622414646,0.60805181743456,1.6297946427060854,-1.088857832175184,0.42287247393459904
0.6538079655873398,1.356838972357286,0.06072490153221764,0.26621121294935773,0.21092368179050705
1.4244175496857117,-0.7273841356373618,-0.3041189735083709,0.4627409919832747,0.14875860206117242
0.5571938435814341,0.2096748296204392,-0.9471816274938616,1.4280239859037354,-0.01047170666850082
1.3576994563185154,0.8204541531267862,-0.34089594053687383,-0.002561746038044409,2.0330838740929638
0.5423784474340229,-0.2308058710205885,1.3808971798954008,1.008420690155148,0.9774021788398576
