1.5442673221501018,-0.25644552425412753,-0.7000515781182838,0.37712447391595855,0.17331228722417483
0.23658370039438384,-0.914342705468291,1.2421344001290313,-1.6492142410161614,0.3626762152195628
1.0970394255448108,-1.1292664666033458,-0.17173340225961717,1.7616650969793946,-0.08985981504982808
-0.37589430903808263,-1.082131818738858,1.5940080617603523,1.3345557259749596,1.8313442268402154
-0.5515862381438199,-1.9759953974499238,-0.05037260190740781,0.811004172771329,0.028227889634935575
-0.398198183013064,0.9994242293867314,-0.7622333507542013,-1.6981284212360808,-2.8264958577353596
-0.8111716935726508,-0.2930325212294688,-2.0879780952671587,-1.2547371358131052,0.8331624666299856
0.16977232926435373,0.06158460112618197,-0.2208852331491248,0.6897308333419587,0.7394921463463047
2.3925164776197425,-1.8823378670307467,0.3277108545212024,0.9553176039960796,1.0685132436891525
0.8416824082881684,0.4063249420816191,-1.161339573091596,0.34425950192186633,-0.7799208220302171
0.2442377357833276,-0.3870642913227145,0.009150190015014463,0.6187076155781824,1.4015939422353538
-0.5093353538639496,-0.09683517751866343,-0.10188987159925146,-0.8384863627083856,-0.06293602469861548
1.207884970262616,1.1727272629150998,-2.01753233458048,0.88130496767201,2.1518932225958576
1.4419338487999147,-0.3040727073002857,0.6336754278495169,-0.5454403785393057,0.5362813519022358
1.4539854003226098,1.2298035145494028,0.8245504516101926,1.0273123844389282,-0.10375027104920113
0.09291404933805808,-1.5603544982926474,0.21205512258469125,0.6251231827337534,-1.455161285083332
0.05839747513982369,1.4382343455299724,1.2011555476772275,0.3453556616789029,-1.0623060069609678
1.811295554808892,0.3207450492738775,0.1460800851500647,-0.2055367044766411,-0.6801348709268132
0.09106565803444876,0.4427445889552143,0.7676229204358087,-1.7960984719742756,0.2791303598238467
0.023705547078323636,0.6602787581510137,0.3851347428134319,0.5297712369547349,1.1495932519691607
0.41934886336542276,0.21244530294159905,-1.5684609752477998,-0.5243903273704889,0.6220811932963968
0.1495813987432759,-0.2781433680067149,-1.2037984067588796,0.3946761673828073,-0.4792339799276927
0.20572309632071886,-0.22527901640380896,1.6034655128726834,-0.03427078292849583,-0.6211559577276013
0.29599494480389776,-0.5440740539098684,-0.662108384656412,-0.28355204224343095,-0.8427627420104115
0.5797284137121989,-1.6763059629077817,0.6199783729502849,0.3595761530582732,0.3217721037842178
-1.4940205488114289,-0.15559074052834412,-0.04512307897077681,-0.6200669233590925,0.1254925560212831
-1.158045543662589,1.1297585953765272,-0.050523835317328895,-0.8805284359996538,0.48511275799303605
0.13871823327100485,0.00548896711044848,0.7446498238132107,1.1583618888942178,-0.4882940341461869
-1.070602730540029,-2.9087449081164043,-1.1821616520017852,1.0158444204674002,0.289570404065618
-0.6681178627784954,-1.1197089686700432,1.6644837319835457,0.9490327992428194,0.28511556737010524
0.8741319343603416,-1.0111346597576258,1.2009487693682075,0.29351725555920505,0.19850590753634698
-0.4684051926282169,-0.7412006098850987,0.9340986980803536,0.45341530501875965,-0.21916989145750537
0.20609082456437874,0.9890551772392604,1.2133684627537515,0.0844448522131414,-0.22267068992374084
2.3509067083566153,-0.11108068063226813,0.04273935204805208,0.5374384005146009,-0.9105380304417127
0.1345583279375149,-0.4250007177406873,-0.5626891728562872,0.506718245327669,0.9885469946781668
-0.14087281864538403,0.323367476585913,1.616903049927183,0.4157048407301997,-0.5218964247732366
1.0915226344410882,-1.0537988953950295,-0.5779002972572468,-0.5696613455871671,0.10021220753301008
-0.6078641499674032,-0.21431548771330727,-1.0435810381600288,-0.45670082561245556,-2.8408812065752285
0.18449637847727074,0.07909094603354049,-1.5974069900514294,-0.8651928973876523,0.21478490533684594
-0.345834717467933,-2.2484199077882843,-0.056774097713984575,0.935527932798935,0.15748083827442122
1.3570251504584956,-0.7745812690915808,-1.9682769009666452,0.02117202932240232,0.6979032866428285
0.08723970633348685,-1.4186992865686434,-0.8799163368909869,1.7699317880039664,-0.7660150470938604
1.237258168577917,-1.972430728458527,-0.7010810804674302,-1.1591826473822164,0.4022235598116392
0.5135876188970273,0.5501453468392565,1.4331652189629858,0.7528818503505572,1.090456359988484
0.8331986748902179,0.055899415871043315,1.2516454419788117,-0.4563827254887085,0.8015546036174775
-0.08673913994944968,3.1586774044605623,-0.289891218561243,0.3165503801311167,-0.34883394180877536
0.6309534266155058,0.8851268040260465,0.10959880459302254,-0.09270321091657936,2.765241314374728
-1.591208092148821,-0.35451625909052453,-2.3872383170937894,-2.1090199981987596,0.5269431714784516
0.05613612632223422,-0.265183134557951,-0.8634435736778666,-1.0534969174104885,-1.0801679349901887
0.5634245782642533,0.6274441365604241,0.06888345453079639,1.908050984551568,0.6880505919299829
0.3472973679320824,-0.8251644798754085,-0.8182258206228481,-1.022717881243907,-0.11103331397272857
-0.09383993614632484,0.07714553720836403,-1.0999810945794941,1.2623448958593237,0.574288513666388
-1.430394499323983,1.1315669167739129,-0.6846380053536544,-1.8902578511118833,-0.34902694644300913
-0.8385678999079589,1.5184410875547059,1.0593773102702704,-0.3106460468841645,1.6375188238623777
-0.36619054686941926,-0.9241319594076095,0.26406588483736776,-1.1117790948256918,-0.7646835573882288
1.5353629330424632,2.0219570722805797,0.3468078580602258,-0.01923810848865679,-0.19823526086772827
-0.3410615363919039,-0.4121416283630985,-0.000350696212088245,1.9429988362662676,-0.7863607516891469
0.6715019252449956,0.6767280149710783,0.935454979709627,-0.6699272401088509,-0.3210273924908259
2.1082712650216417,0.7233098830160692,-0.5422606796134243,-0.1733914673776906,0.021848404991663288
0.512275403492407,-1.6902756646995316,-0.10106083217753074,-0.44461881314316376,-0.5381003955041959
0.7312341954930147,-1.7668070701455052,1.0684769001044996,0.7262945296324237,-0.026608318754906716
0.6490281831653764,0.4381139393410184,0.27488529991368055,0.03089873459058519,-1.9534226362917313
-0.18792766128299623,-0.7373369168376283,0.2674062412568324,1.1549308955986783,0.1299083139636238
-1.9273629995770396,0.43099133795326655,-1.402672942628896,1.6215759975651094,1.8796193273028374
-0.07276946212441181,-1.0650520437453306,-0.2841690838218,1.087560203717316,-0.13607534884623856
-2.44412911996441,-0.2056473740515922,-0.2734185514303425,0.49405532816330805,-1.2147042355194517
-0.27149105233711845,-0.302836800891565,-0.4395731293570111,-1.371025818828156,0.724512941462668
1.3444065161991499,-0.19035963655516136,0.6826914902965296,-0.4773766620337982,-1.9676102489668355
-0.992875512705699,-0.010486270049449728,0.33572656202456885,0.2113990529350592,-0.5259418864637356
0.08106067826211785,0.7074292034640576,0.17009511109285233,0.018102968018127493,1.003733495460427
0.4092498495881199,1.0762347080353403,1.5364536618217128,1.1409345593602471,0.5122940730547783
0.9305612012377587,1.1734470563544912,0.40880566196424184,-1.8924844125688736,-1.5689273437096116
-1.442545099637408,1.0713333942196683,0.09444472996689766,1.2307279255652295,1.318719887855939
0.1620729824291939,-0.21305861245387042,-0.37801349664235395,-0.23338654558408267,1.104722066052366
0.5811878458654905,-0.7787208945121767,0.6370634376086209,0.21057367478248898,0.9425581638419492
-0.698706937068805,-1.227952198204318,1.2723001523483057,-0.5200074948429291,-0.9543078095222901
0.9125339265398831,-1.1827977626534065,-0.07452298287503117,-0.2504991599631197,1.0371296512106212
0.42733278164113975,0.6104775086116107,-0.2179874318139757,1.4819307535307522,-0.4954685015336594
0.5583866833859438,0.7204761534391043,-0.4739559665674436,0.15826097268594552,0.9464009984044784
-0.5726925752429205,0.17926907723479668,-0.9062228800258958,-0.09924055498948536,-0.22494443899518723
-0.4083893717081369,-1.27028285369245,0.4344535912413225,-0.07464196540496675,-0.06301261710357839
0.30804518566584194,0.288286169691337,0.17380081275648385,0.04516866384894974,0.06385830278098066
1.1827285590268617,-0.5159180203744633,-0.38456489679428724,-1.0247396397253636,-0.6581178200959619
-0.38524211177616546,-0.3054574513102407,-0.21296836945620534,-0.5418458294682595,0.10945310819650846
0.15059201757897775,0.1542527649287017,-1.806208452522018,0.7249493431116832,0.5254060218177526
-0.8828338120379752,-0.048089852651410324,-1.5778062523838754,-0.0223255410926712,-0.2725433794966288
-0.5830256881394985,2.574631360031207,-0.6994011266090454,0.5719551675040759,-0.5534710631195765
-0.934308366730513,0.37988317976767993,1.0360295868113185,1.025688392787242,1.347402787690874
-0.570047074021295,1.67024880402833,0.4357706391452617,-0.14449368243667146,-3.2713569216097267
-1.5680892013108758,0.23299540215777878,1.1139567688998253,0.3390838311629037,1.0082974362800463
-0.14417193738912543,1.6289373652624188,-2.637998631493276,-1.9371168268326042,-0.608046348005002
0.03766332965513705,1.3240148861931467,0.6694032720184415,-0.1704764396446341,-0.893298506648449
-0.27834447004448026,0.22080188608254542,-0.30165250106990227,-0.5136490439511884,1.3693676567972315
0.008705313517560556,1.478161389565685,-0.16285982207249802,1.5266678632583532,-1.2672656525614798
-0.35685858451330044,-0.43679661433611755,1.6585771317786338,-0.8947827017033996,0.43514793736214635
-1.6219104982745969,0.7406844576947565,-0.40009649007660614,0.9686794869616547,0.3338156220900209
0.6215919978428451,0.26966483507833666,0.059552301972760076,1.394546458859415,-1.0838851647782524
-0.061588051248230316,-0.09820623743037542,0.5812743191224904,0.4805564477499778,1.4622696694986126
-0.4984999485019525,2.14339474115954,1.2917863263920548,0.8662675234376105,0.1997277826414691
0.06157822979483502,1.0631874995106514,1.3679627045257199,-0.9482914508162243,2.1789440646981553
-0.14975742254505273,-0.5002323225908685,-0.21503888105873786,-0.655913567647642,-0.6436230742477456
-0.1427135393083183,-1.1799459695692438,0.7981875360992028,-0.09285522623415206,-0.6942712651001891
-1.0725068594392637,0.48221626838307513,0.5489954552205941,0.1804204836570701,-0.04377300815473856
0.04957412242907596,0.40501414445912365,-0.09843003813005129,1.6037208525897537,0.0456858169399513
0.44582205740851066,0.6436456747523579,2.278951133275572,-1.4549913314864298,-1.652424722582275
0.1772090562992547,-0.18115639353300547,-2.215215036856388,-0.4744163196299595,-0.13839631415400447
-0.21866204800094657,-0.12794229052568762,1.1904463503797378,0.49703194487720864,-0.14674524375822393
1.9851172300453692,0.8502113296132793,0.7692834130230753,-1.7617831631985414,0.71063177070461
-0.5408602519859645,0.4602736003346188,-0.5906096733518398,1.4993421116787409,0.5844288690981693
0.9810152706326518,0.012867830080204985,0.45195103541087384,-1.3126926927230884,1.1647504040571446
-1.0358815946998539,1.7648712961853812,-0.15191286427397543,-1.0974802183375025,-0.6816675336948185
-1.3196712644445083,-0.2534770473412436,-0.979269274250699,0.4745123379439084,0.3254160839138891
0.6306423004474112,-0.8215519654327399,2.312210619762675,-0.8957819609646912,-1.7060084637415787
-0.8432037144225546,0.6346808344993131,0.08218015893280602,-0.7563253394996662,1.0939441984283298
-0.9429084559817607,-0.47929497704049295,0.3761705268689777,0.8542401127102339,-1.8223662686275175
0.5716431727909378,0.48582295884271226,0.11026786307642755,0.015829582194955023,-0.04785665549723544
-1.0228324213755815,0.22920686681703595,-0.48297522778549884,2.219212323154104,0.13301358061831153
-0.09450022912693916,-0.29816325376802655,-0.5706703010232511,-0.5973731183575942,0.954329294273936
-0.07738072381679215,-0.661964116854953,0.10708180428913372,-0.6948097327034964,-0.8391053509585342
-0.11246186923228513,0.1820644775587893,-0.07988185142945967,0.5093036580772068,0.15742197443972114
-1.4403663820359092,-0.6472487256584168,0.15500796402647804,-1.333955478816749,0.7066570392201461
0.2652512069521558,-0.23732491034823375,1.1911333244355422,-0.9749824256827425,0.23727165499571096
0.3610776595642373,0.12018816316872187,0.2361005889419223,-0.0538349310866153,0.19548630197424535
0.15228605257165456,-1.510420990863147,-0.6544687925112346,0.24179817918550384,-1.1005427294282322
-0.9686716255383553,-0.21992496469710524,-1.480592702494312,1.2178085430144021,-0.9153900257331915
-0.6263347294504303,0.16344506037365478,0.19046723042430017,0.53082195176889,0.015780621134544006
-1.7520936912132052,0.8443772977127633,1.4780912279438099,-2.373399113604536,1.1957420631103366
-0.7015329655566536,1.637689047580543,0.40640864766890483,1.251087290677668,-1.2170503479218495
0.46348477041242386,0.15210921457075993,0.3703239017296371,0.858304802382496,0.1329916884713491
0.2725817053401533,0.21090817217798777,0.28826508633420633,-0.7524482766881521,-1.2037677986510997
0.5342866178738115,0.6046750508106516,0.4328937362106684,0.5694301410557385,-0.8758668868466449
-0.3587313781010612,-1.290728605178822,1.4543283427130245,-0.13350177163344076,-0.6411602068271877
1.2473877411275178,0.40318411662752995,0.02458898935419291,-0.391302294167779,-1.4100879569423461
0.08762733902048227,1.8537802793300322,-0.24855992520633463,2.396305303169829,0.6730063194921375
0.5630718382681179,0.4741432508402084,0.7757221161527094,-1.3094938362864985,1.40796067762539
-1.0393806763550186,-1.5441751589497605,-1.188489417795679,-0.7235487386917153,-1.5023920394060566
-0.7817107224226376,-0.7279580274057642,1.2640836087383656,-0.9087319004218627,-0.12552270448859643
0.6335716845262532,-0.6161497670408966,1.1689694050328798,1.0029490933836984,-0.7792299359480248
-0.5714392806761863,-1.1870833629482462,0.5832091997106268,-0.40530574177859746,0.8280831986063071
2.805737869322298,-0.9329713542838604,-2.309463102383391,1.3365134244876005,-1.0954859918545383
1.125403518313817,-1.3885261539077136,-0.549180689367384,-2.186923239489976,0.9912768518409943
-0.671004415120146,-2.090764317585315,-1.5810179155044974,2.0449843480486094,0.12945839200037162
-0.05872749474054241,0.5401213150986645,1.8971046455356289,-0.35342880560586515,0.509096464701675
-1.8116930170768537,-0.37735041204796715,1.606681044286099,0.7764231130235121,-0.15205035081479687
0.5744988812884346,-0.6812561145033095,2.1961080498244216,0.3215908672722531,0.680664252187621
-2.332201210571625,-1.8150672605787872,1.0083899292848233,0.09149522473979921,1.778488216784636
-1.156985442397141,0.00542604586669555,0.21973701856142666,-0.5560672580875601,-1.0645346928170398
-2.421661932716628,1.134192908611941,0.023031014975439374,-0.6061651046839055,1.2258477958207472
0.05388446688828576,0.09970789248116736,2.0881567401595738,-0.9905765957421866,0.9695779502054408
0.6099202066355988,1.5205522382714196,0.3636406333654145,0.653996798506688,0.11985303757102543
0.37822246251595726,0.019174775634232654,-1.529470023662304,0.6100888616721479,-1.2147826829651682
0.1864242596769216,-1.293861081403223,-0.814880994906276,0.8514920371651485,-2.8370856939499833
-0.11784840829612749,-1.3154363042460173,2.020326428137002,0.7977556643208664,-0.13919391529377403
-0.4387848654843785,-0.4728081822773947,-1.0225281447117933,-0.45795047271681166,0.027765895238269302
0.2874193074028325,-1.5651389918194283,1.1180853754336482,-0.45114112698490827,0.6810617465015615
0.42683791646476366,0.9255946231952237,-0.23451582593156428,0.5620620127764746,-0.5399281211539906
0.04966333817695088,-0.588052029018594,-0.5441779400291752,-0.011818043132702002,0.03786535960295056
0.7995075081006665,1.1671070679982654,1.44554959979797,0.5490590891731594,1.0296640646794386
-1.4252327541445005,-1.1242927615263087,1.4341201815342137,-0.4846719520550361,0.2602362012052229
1.0593536396273429,-3.0693064950673143,-0.8698048437211808,0.7551392942188969,0.21529147606779672
0.03092489062372771,0.0060252066295123086,-0.23897259664214582,0.23817972979312732,0.3100683072542685
0.7121770072558781,0.34105404495608155,1.7071096853930507,0.3612006698729382,0.9498181062683189
-0.8553116121592426,1.3569470685051583,-0.6122756376598584,-0.3661643464388357,-1.064284139658818
-0.6598559599304265,-0.9426488473231224,-0.1870091801640612,-0.3727185484719893,-0.07069386898855405
-3.2563469269867436,-1.903690489151886,-0.6996965024144174,-0.5604727996252876,1.1313771067989915
-0.37945100973818824,-0.060844063022252676,-0.07021657586612988,1.1922032985204012,-0.6841707480459033
0.17610337817219418,0.13322935009008557,0.4379088365371685,0.49304578363808577,-0.7244033224870259
0.033635022923489896,-1.3243439206724803,-1.79113396349825,0.2350805625974444,-1.2440344828241057
-0.09447719141125549,-0.6062406872975366,0.31815512019109266,-0.8417156489736919,-1.082275828845547
0.32130166268508836,-0.13380729818024492,-0.6979909005736347,2.14749357484652,-0.4103288644819206
0.5632057334865145,-1.3895159569175277,1.5776992986140026,0.15420328648395526,-0.38850382366127595
-0.5121698627513606,0.7656342500879753,-0.3243975872160041,0.42667377180451077,-1.4978741111710254
0.9891281508991557,-0.0987110053212395,0.42981173806467277,1.0661429215252158,0.5064526342606388
1.0807551971510931,-1.7338424141893025,-1.132461054574624,1.2701392699836211,-0.7278933382716551
0.6395763212793572,1.0531734457127917,-1.5968447042473475,-0.9376716981666388,-1.3619267994594968
0.9840418212918767,-0.479003154100656,-1.1777611965014845,0.4117251330214626,-0.003613043188561028
0.9803056745369851,-0.2015896640760607,0.9179287045004094,-1.137195846775408,-0.47181449345440707
0.01847483971920576,-0.3453697640601094,-0.40290431983265584,-0.15273512295972883,-0.3863113445813997
0.8799319841870566,-0.31172089125178987,0.5659263015855895,-0.13956420303447353,-1.1376937293769573
1.5766406903767476,0.5894027841765269,1.0918871517422795,0.29490692105918354,0.8464278684831481
0.04018059443525362,-0.4502370111477862,0.625019834458161,-1.467010003258827,-0.6277907727018257
-0.7680763622505837,1.195163348438972,1.5597131190545923,0.6781959990651159,0.5230092079428157
-0.41059181670658706,2.2796375458902687,0.6925155852027366,1.774012234208893,0.4430681627022409
0.6458113182973532,-0.10413846077803776,-0.7862492928330681,1.304385599178858,0.02637278135076481
0.09688626563245473,0.3820796201364629,-2.0445331253161614,0.4148230140310102,-0.34222740887312547
-0.7172199586381531,0.7539185060620728,-1.3107103341955404,0.21578925976118501,1.7554761679579851
-0.34899978240387886,0.6882492064395789,0.9047096998501142,0.42344539544008514,1.3798847260656715
-0.4926892899044874,-1.199498920478368,0.06381774174074337,-0.008480186815669151,0.4315204065677975
-0.8627946129400285,0.32352395064446565,1.2574918900664445,0.4413388957382477,2.0137635559489846
-0.30288695989009035,0.5348956186211198,-1.0814131809715555,0.7472701429277457,-0.23256955833679938
-1.0006101494400232,2.49720158174777,-1.2885612271548699,-0.47867685091527973,-0.9077651607823081
-1.2924770226165732,2.0092927719313036,-0.17670343225168694,-0.8671105166089773,-1.2922853852754352
0.4755729016774891,-0.684636236595804,2.0829089840393866,-0.5351116023086923,0.07952961966833562
0.7219906435734953,-1.1040636420608596,-0.01667671106877351,1.2298112410530413,0.9835090418151052
-0.14889529326710516,0.042255595975595306,0.30971159697899525,1.6422024746365453,0.04846341382423828
1.5084186538419462,-0.08184937837364185,-1.1647725900037253,-0.46285707341812105,1.5578881785600194
-0.6504848074963283,0.6888650044662721,0.31558724290314116,0.4604119193193355,-0.1281274383350914
0.7119056976455903,0.22840026108520944,-0.28374550503915846,0.04961734403820027,1.1377657208315446
1.1112190811829357,-2.40103504324462,-3.2165128277450696,1.0248508267845544,-0.6964717414668452
0.2701926616106399,-0.6902467284311223,0.9287757253353067,0.33896898820159355,-0.033710956243527955
0.6908128023892012,0.22537968395361613,-0.5654987565023661,-0.7045672895420448,-0.6767549266750194
0.7561135949904283,0.5604297120281273,-0.3842127842240462,-1.049897426762688,0.044528300324294424
-0.06755716064081606,-0.1536022314546142,0.878053184553369,-0.33000965827816997,-0.012656471418071547
-1.600572799523634,-0.3806536400941261,0.9523168573152302,-0.08983103584076325,2.2873546621176737
-0.12312900018877099,-1.0251978885002535,-0.7004802255143947,-0.8308154817769545,3.490197355244749
0.20213779988261724,1.4731185842721575,0.9138526514188627,-0.0849696105314589,-0.8630828879237438
-0.5197473663226196,1.1503428255818613,0.9055009865032886,0.4153059766613898,0.286667771760154
-0.7678761583510753,1.4193999274243199,0.3225532352494357,-0.4114241136822718,-0.5749584883026994
0.6197839792558059,-0.5373510098908284,0.4221229189150393,0.8461430348829471,-0.014268166825370162
0.42374839827415767,-0.8321245989418339,0.09661641900128926,0.2874911201337819,0.7670534863304385
1.118789359403353,0.48538917416459426,2.5744167170628236,-0.24181548021250732,-0.6924680379608554
1.0159688202953443,0.4553492570883197,-1.713396802539842,-0.349380730383685,0.46443008626720106
0.17596595290261483,1.3746149802437073,0.5867746795746563,-0.44621845631885076,-0.27850686355184734
-1.03449156661206,0.16439035613211062,-1.0319097038613076,0.5670698783848496,-0.4252253692753217
0.011230560670292768,1.6631971098873943,-0.43320840416735534,0.9659305672169568,-1.0915036228144208
1.03486773177666,-1.3469611574420486,-0.18263301725963002,0.574926328164027,0.5247170888472489
0.6882085497302022,0.3001443952732945,0.19037913256831018,0.5183739812376842,-2.171476989378971
-1.6552697334040178,-1.0582011816527817,-0.963622663817333,2.3725465123514775,1.4669447849495665
1.9353230684031257,0.6753759538287021,0.17279833409996243,0.5976307984600446,1.8670051034626651
-0.9437172563433985,-0.6447110518837083,-0.1344255048229998,0.8784877909711798,0.5991996090287238
0.6219695532373875,0.5395767334118187,0.49807058409970817,1.489697474924049,0.6103995592887826
-0.15395797247790435,0.8557905904448859,0.44009016135036555,0.5786443875005186,-0.946989570089553
-0.5359391292312748,0.4656053888196192,-1.5715355349657631,-0.0700367502347837,-0.21375474322801227
-0.4014898390765108,-0.5159441023128455,-0.2169509915725545,-0.44279307764707115,-1.5061355987267726
0.39060736721941053,-1.8551269757675968,-0.21539805022651787,1.0572588865293415,0.12088808354891485
-1.7632516922460413,-0.7206519736827306,0.4195174468839339,-0.6563623641042641,2.887046434863672
-0.5607725114302725,-1.619631907927375,-0.7980396302678426,-1.5550773068141084,0.3279464380415582
0.28930104732245016,-0.6537053600598939,0.7812865610775943,0.11141653540767585,0.6723958487433371
-0.6998535605633857,-0.22558675898975383,-1.7600331956384008,0.9411846359374108,-0.04025416597276807
-2.000372775150435,-0.5074957535829981,-0.7831385007214772,-1.8174476774330426,-0.2885455173196635
-1.2142492545258188,0.06623713722182707,-1.9446651349263602,0.7206139410229909,-0.5587709772284798
-1.9010667759461948,0.16213223389256531,-0.29005239377457837,1.2269657273273267,-0.8682105551939892
1.891967007805928,0.0897883896373286,-1.6959855244490376,-0.679089194744625,-0.5505861359418632
-1.3763965646394891,-0.08697314118214093,-0.7032629788553791,1.0307974249277523,0.5108161119424516
-0.4826435741370417,0.5419871255889335,0.09173034305280696,1.2147686511905902,0.5423948684835369
-2.41344739133311,0.5354529791848963,0.9089912929952406,-1.5517992305659811,-0.8783567835464089
0.655400449968506,0.5685224983776576,-0.3231821480602931,-1.3957402251984126,0.7826110032755649
-1.3818146785181689,0.14174482843133743,0.9099734164602917,-1.0845287023024681,-0.29362239288322095
0.5600293915635984,0.5139610483079129,-0.5617866987369322,0.5552303964712029,-0.4700522266465202
-0.29621168023958017,-0.9785213789622558,0.2812928803473945,0.14217644138034044,0.39218957371416363
-0.6724289446201323,-0.04184719259028603,-0.3500093060941632,-0.9127632521453867,0.0031548520947804978
-0.08295502189320647,-0.7542349875390147,0.35717177960616625,0.1425639730236408,1.5499517238984857
0.5682303982119068,-1.194995065761922,-0.39879972875838293,1.1087038664509652,-0.9595122780459663
-1.9363199084997822,-0.2916147494613113,0.929609143329865,-0.200134169234405,0.03512083192757288
-0.20369002307904263,-0.1417036328829565,-0.6180505607659783,-1.6157860769534702,0.6654780350206976
1.299840419783826,0.7850686917780546,0.6568824711487715,-0.6664766454216581,1.0248852690937291
1.5716052470948318,-1.4304594095066292,-0.39357186404013533,-0.8297925409497213,-0.14144300739418844
0.955035084978244,1.1625282013474223,0.2733049251294291,-0.005578604448889898,0.6971922451957906
0.8238280343457662,-0.7828277310897876,0.2581417024889623,0.362879695494625,-0.7579557857514247
0.5847793742278985,0.1978079417311784,0.30337813055536317,2.039124557216167,-0.07502798157702849
-0.08654355774991122,-0.4683039818583288,0.12994337589813326,-2.0766374927374764,-0.8611025507434965
-0.6847711530113626,0.14379791037209863,0.1904011456629232,-0.5608421202217138,0.16098517377039548
0.7076228798649179,2.2261444986138996,0.15434229557793397,-0.8688690816161307,0.6057055280985333
0.9227274395885786,0.048267887289161406,1.535574035183966,1.223642883730119,0.4734537667286795
0.22671482467793708,0.07770339635663363,0.18897739993079188,0.6581384048408752,0.05510075496151655
3.063987097574234,-0.14348120724792188,-0.4232579209352543,1.0215962460594101,0.7795650601841915
1.7872557719180524,-1.0262046215082448,-0.3288598511694264,1.4845083353253832,1.0853144655255869
1.0284445176402033,-0.7697271014228075,-0.03651001731808914,-0.05122939518237429,0.3113627952562684
-0.5356145981494377,0.5094289802739581,0.19228368655887665,-0.007672276515972037,0.1620038899017738
-1.049383344445712,0.06420905107531828,-0.1907987732154753,-0.8320332102175558,-0.6775160853847974
0.1632307740734447,-0.9018422291014241,1.426440021182108,-0.5586024181747975,0.24123177048703853
-1.6845987690399147,-1.1754952975100874,-2.181111015136111,-0.5480293131907975,1.2069203453127952
1.0497209777393213,1.1195978734184424,-1.1391891494910076,-0.10046813720672097,0.21002357041009959
0.15655926344914284,-2.0506130596163814,1.5179276215476083,-0.37589323400386804,-0.7056740350713109
0.7916206447998816,0.17126775579219716,-0.15193226881787658,-0.2022287036106921,0.05679859575189112
0.2840094687559099,-0.22614345187765653,0.12140763792399548,-0.7717968596221232,1.6026704032712646
-0.5308890894301098,2.0433829459863815,1.1513527966598536,-0.817627100974329,0.7455884786587778
0.7974767851138302,-0.215179457274338,-0.23040360863344117,1.9439835704615627,0.06147666734195429
1.6113766010769204,0.2079007318214702,-0.5706373578963618,0.4451400450855629,-0.9815586284499599
-0.17327578114089548,-0.48983650233775716,-0.8810114320724282,-0.55029600716176,0.5668431681171283
-0.6365261874528637,-0.030195757536418177,0.4812975550511807,0.24109252955782715,0.027553240140732987
0.9126897163760314,0.5920279816588944,0.22634418075062493,1.2640896022756491,0.21573720550958733
-0.72182243815277,-0.6736524256232314,-0.7810865792505483,-0.28792539535675077,-1.3299756410287245
0.7238063997113471,2.2938615132853055,-0.47586028372650135,-0.3970370475471331,-1.8918101327115064
1.0668311708983649,-0.282439663922076,-0.5496844739810209,1.1317189309693119,0.6845973680661229
-1.16741187251962,-0.16445751665671138,-1.270218245767703,1.0922456168049686,-0.562787078965399
1.3619935533006196,-0.0876453544912085,0.8307910611897235,-0.46752949917773906,-0.12547037335010922
1.4802840347729491,-0.14292825919517682,-0.7808680746012708,0.44088127780201014,0.5622002144328732
-0.36873712853651563,-0.3064247470707593,1.1890215842655414,0.2605197067141785,0.7881255158077634
-0.13236078442666882,-0.04941947492942791,1.3040494263476563,1.3010134912191287,2.0627905254265926
2.9235654894344343,0.9222239719513994,0.533213614877048,-1.6282339050833872,0.43238722052682055
-0.46669257867437924,-0.8012935401677852,-0.5262518726504385,0.05752612100578094,0.08380490506291886
-1.0528112350791923,-1.0205913544227971,0.977389464747755,-1.3364497951884091,2.102896397192428
1.5351787375154333,0.25072679738330905,0.736773162787708,-0.01136278142157326,-0.3328348909961058
-0.18874825638014137,-0.9571917366275802,-1.0001404031243704,-0.057671854421294355,0.3358351271320484
1.263405127024074,0.3101535918968855,-0.2887543571960728,0.13700598243422843,0.7245131924664393
0.07141672486617598,-1.3115184362234475,0.4775822729930258,0.24013045072645842,0.9479188943075263
2.4435990996488393,1.2447299250635961,1.0498999623594965,0.24811986223114835,0.36577639670085577
0.24393705455344075,0.32217480401452164,0.17148912469414906,-2.0661752890374148,0.5983249065557782
-0.03843499390858304,-1.9794974192558354,-0.5950177583746408,0.030020287743098988,-0.7754880726121115
-1.9192757815196597,1.2053632890526917,0.05925609122445677,-1.4582842171086297,0.046954753325211616
0.6326874527399771,-1.3564080150714302,0.08699901595718511,-0.8215825039647435,-0.08165461619709996
-1.1750941286200676,-0.3564774222512933,0.10997525764399256,2.158153561114738,0.12554685725143905
-0.2283306352459196,0.8179405442154772,0.32141660828335566,2.342318534876995,-1.3432555779652278
-0.1099038327612097,-0.9822786753319671,-0.0476065584794556,2.7115304721726834,-1.0587519047584333
0.26979625321159095,0.7719328427208689,0.506493768741214,2.5372251883113583,-0.4829727119686503
-1.350336327890741,0.6923005401433755,-0.686125883805371,-1.6642916772551362,1.0329422132193855
-0.14423449908220112,-1.4985581595486335,-0.7037528080015931,0.5066185065413276,0.124326948445393
-1.4878150389445206,2.5609295501613474,-0.3280125029175014,-0.08845577287436426,0.15333591858645704
0.4499065470384601,-1.5670544652345155,1.2169443674713727,-0.5017196454653735,0.9555330173550048
1.2792119479048736,-0.1473961580181968,-0.3744929362240146,1.7584729166859667,0.9273842748340356
-0.41499134226149875,-0.18108769132127067,-0.4232670776013816,-1.4216724061376416,-0.6848736802456666
0.41505209321881503,1.4472094134220608,1.1645172805175024,-1.5292676958338745,0.8093279961677865
-3.3032770710053105,1.9333762939797916,1.4932772683706184,-0.4564569051622852,-0.3960209397339411
0.07990401055805431,-0.15900172840657165,-0.5335377649091909,1.0628101090488795,-1.0547718798090049
1.3602756849969084,-0.6271275176195384,0.1391806566063311,0.6546760221467668,-0.32788156046837275
0.4409621300306259,0.9799675991372375,-0.8125280638722717,-0.6709554050091675,-1.3976647259329438
1.142817437460891,1.3296700871582268,0.7925140895911397,-2.591392783827985,0.6111098645423195
0.730308893657387,-0.41067085745745596,-0.3084936241371592,0.2865590503497678,-0.9896710765284739
-0.3116446395537081,1.027867173278067,1.1034539224961248,0.2719449055539942,0.17287641968644257
0.562875756781589,-0.6010132422947959,1.4009276398190973,-1.7977468683170428,-0.03598004519376282
0.5119584010115897,-0.4980024767511284,1.470866257901732,-1.2319076883041453,0.5239558534990673
-1.5101470313310263,1.5142278816086843,0.6018854416871579,-0.3226221033798383,0.8709290946840106
-0.09930987187175394,0.5592925384604558,-0.7717573584952183,-0.18930390545236345,-0.06250148045376556
0.38809239088771813,0.23262256897969782,-0.16015439158316047,0.6198829300460384,0.3539631879867633
-1.4046366260766783,-0.38294794054140535,-0.7828671540934412,-0.695897169808267,0.3482171065320283
-0.4527366990999303,-0.16503204329459034,-0.5873427649407605,-1.2182428041124949,0.43836043531480007
-1.5823354448713902,0.6259059232156781,0.180481862886369,0.03235179469570695,1.2812150609101722
-0.14446656802319416,0.9149854442586078,-0.7675624272189961,-0.01371069474002167,0.9273417768792308
-0.08731110492180946,0.9118349657332246,-1.4548810330445527,-1.0629568739532427,0.7590191062980534
0.5989353920937539,-1.8514839744334513,-0.9758372903578435,0.4740873651102391,0.379583501924218
-2.3786742520364426,0.30368722573603013,1.084404902150914,0.37318795693122203,-1.4070076736157475
0.34965596276530475,-0.42862132725919044,0.6371544977537046,1.7665722885529047,0.8096433898450864
1.4685893926645,-0.10681864050789823,-0.5788444653262442,-0.2451560803912856,-0.72613012080838
-1.818781687104162,0.274149417533286,-0.9760230472364325,1.5224803783575298,1.1327939755891718
-0.6668876827933823,-0.8422120659884188,-1.352332962360505,0.022722354247684325,-0.04152048376774846
-0.16873197177319016,0.9259539808105315,-1.2586450346182743,-0.19463408955676834,-0.34832015493666835
-0.5122970775663469,0.6019863204284973,-0.22425142845619384,0.8408118486552616,0.6443935915687756
-2.4136687700187895,1.5745004207672348,-0.059941160306780095,-0.5030609558128509,-0.5321203260964489
1.0767010003178192,1.6174055537959655,0.8071033389511871,-0.49862475478251833,-1.0494828166001486
-0.6897439230851047,0.2108210467603046,0.6299788868068417,-0.8559836698057345,-1.4197807949490522
2.8592729358421933,-0.1814351451971578,0.6888945296856654,-0.47029422353695,-0.23502675482522475
0.08235016612079403,-0.3667764603200264,-0.4187866465081125,0.7205416777094866,-0.6113743017660037
1.045891922515148,0.1523457679589207,-1.5397000164891683,-0.17868766655717913,-0.5205118622474074
-0.6327379610766963,0.6437830145068166,0.19622194151235356,0.9883454127652389,-0.43886832732612185
-0.41574241928473316,1.0577134177603933,1.1336043162746674,0.48823286527187026,-0.4461919052875466
-0.08686892254143729,-1.0957162611264717,0.45200438624399003,0.8480461095561032,-1.3937882248847662
-1.1016771197272475,-0.24963691832950782,-0.008514809780797265,-0.2574922656811172,-0.6443557108022556
2.2645386779770207,0.5445372500945943,-1.3384825359700734,0.9240201502050914,0.17695970449279577
0.5097697968164177,-0.40322727986503754,0.9648986182742663,-0.5158968370906657,-1.3048433835368816
0.4981627105688355,0.7151140952832855,-2.111215859504252,-0.436854105209622,3.174788992131028
0.31742765803455825,-0.471325836819305,-0.7041785544291511,-0.7836029139233804,0.015171909083808301
0.7664666865829884,0.1205153405946203,0.39683609101263945,-1.3153365097854168,0.49388511501727383
0.12165324583833927,1.689849144911124,0.43655053709559555,-2.0445657832286748,0.3706402183013179
-0.6591033799420138,-1.6517870845790654,0.4143519879053458,-0.90835689268367,2.152238954450668
0.8106892149479522,0.09845575243493587,-0.11640228911221741,1.2291577566032879,0.4236229008087767
0.562520972695798,0.13193095610870134,-0.6606647216027011,-0.5263241624944145,-0.32626623331366345
0.8023660169111004,-0.5114850292649081,-2.4501359891437953,-0.7963921806209757,0.18257295676489485
-0.6468615310885663,-1.7664343742640176,0.4721338219740679,0.3331711771713651,-1.3551702373799674
0.8568936446332003,0.9106366312293498,0.911929462947827,-1.1928137546415845,-1.1068223239911663
1.3776051877207032,0.0017286459543123657,-0.2191691070316032,0.7206973470460653,-0.6801033409334668
0.2546589840341638,0.21965456172939263,0.7009710447438009,-1.0748218094219595,-0.7455578884635965
-1.2530847763883979,0.432688622090511,-1.3144504411032536,-0.732807877214931,2.2473986537715143
1.4758968051508774,-0.163157687384994,-1.6617968640151013,0.023553628726756638,-0.4993686051856879
1.2301735373553675,-0.13739726765570004,-0.7900732493594024,1.8627210947579749,1.274715291574366
0.40267349964888244,-0.7613689629501071,0.43352720809893625,1.6358729707957531,-0.8549688222001913
0.15147880715417372,1.7831166364458098,0.34574509197410574,-1.3828609998642145,-1.2097086973171476
2.1821935135491177,-0.81738234361168,-0.26959546432015863,0.10218602397087526,0.7191343119148288
-0.300253086166219,-0.9004252844655986,1.410743426993518,1.0576599008362897,-0.34372721505804105
-1.5257005427471175,-0.6574919568651594,0.3881687524116131,1.5522553582880905,0.3992111329182713
0.8028012693636923,-0.5436309620326584,-0.6717283475942761,-0.9969265691277781,-0.250660800642235
1.3386833320782703,1.3763081129395869,-0.2931808832172896,-0.8397387864034562,0.04145686552713156
1.6505669861755903,-1.0933552788142644,-0.6890599130143371,0.10264629572365973,-0.443509437421932
-0.951210742720904,-0.2781232903436239,-0.8661050034461482,0.023566182067627256,-0.9845808369881103
-0.09040881219013941,-1.9528954422767033,0.6340608541740594,-0.7772453070737553,-1.9756716411186381
-0.19687445774474682,0.15793238017066916,-0.7646140655024511,0.49368123310432377,0.020033948378788687
1.050736314087526,-0.9073878866339887,-0.8929483029399972,-0.43405793064584886,-0.64177659543534
0.6139135753873632,-1.3702629177931438,0.24623391378439727,-1.953562132371976,-0.37839040933360435
-1.1744817073212759,1.1709172560033205,-1.099792858108675,1.083252355793824,0.8674370205108491
-0.6176984230886409,-0.3094733765081156,1.8134142628167464,-0.22579048007840952,-0.12885839859066017
-0.08962162736182358,1.6494108333156146,1.0755146805697018,-2.058708126458644,-1.0855100360880632
2.328909244525502,-1.4990350562814223,0.036135510252023814,0.39417471641117496,-1.4544706462202883
0.6813153177100832,0.8305119262867925,-0.2568558656975916,-1.2392917165570931,-0.08711132264193157
0.2749312228814587,-1.9485047532120063,0.5679638335395492,-1.3585641750285609,-0.235803042819248
0.3284660360716648,-2.8117965845204727,-0.02670717504103565,0.030899464181064897,0.8302049041686521
-0.14589732244461598,1.2585071828497747,2.5102734662270048,-0.48340262496589537,0.4554261630975269
-1.3510082913135568,-0.6591874276864906,-0.20284613517146505,0.013208837472731777,-0.6702042512014773
0.25772342857124353,-0.7539745121580976,1.5167864774728517,-0.648304988201533,2.422007606571896
-0.5372227847895338,-1.1722716409310845,-0.3813599984297324,0.6238389674478494,1.7730930285475215
1.0792405858196306,-0.12477299257083298,2.2974042652308486,-0.6566636422790822,0.13360262099306067
1.4023886115145554,-1.3538368607266886,2.214040806985276,-0.0654543229725966,-0.21542719341154157
0.2669026782156489,-0.23466103046607664,1.5927953748554322,1.7069276783534588,-0.03860038866959328
1.074031286137712,-0.6424367149434851,0.36352219776172434,-0.32824764569456366,-0.7441952198257206
-1.8862775113870087,0.8931193155586565,0.5752207435479134,0.6009435647701998,0.042226198171541544
-1.8767608491096213,-0.4670669298176639,-0.43579193316380366,1.2071048302462457,-0.4120817047792319
-0.433808237203651,1.2105784798149641,0.4663889586591082,0.3562094654088839,0.847166518029886
-1.141853170646784,-0.2971537943976757,-0.46213265417677696,1.4331536102882976,0.32025020538310534
0.5954407061143695,0.8649684539522585,-0.4913626027775359,0.15238190758065076,1.7047030964745857
-0.016480431454088142,-0.8980233503075804,0.05982348157706297,-0.28858525180996086,-0.7858094012348006
1.0257293286366234,0.39164376788446076,1.2264430222088123,1.1802853326230125,-0.0041704301626938264
-1.1140522857856205,0.2936742136351726,-0.44566406098548617,1.383583094296245,0.2097731348721012
-2.1722533408001063,0.7951648026196577,0.697977135994046,-0.18455323769510806,0.45511981473611207
0.21603527650504104,1.4601072030138185,-0.3834590138922528,1.4350543568545773,1.356287047339627
2.579995461969909,0.11624486647529915,-1.2648990548384724,0.5042272644617416,-0.9850546305946853
0.5128348206437209,0.4265940609013798,2.2793306144780083,-1.9895006336347885,-0.2706441879856567
0.45759324972619686,0.3642303237496557,-2.4639917532234397,-1.0084406372812131,-0.10027192257029913
1.075897497309131,-0.6614518339052678,1.8076184938127637,-1.0851614190043013,-0.47739872319373955
-0.4015148225246754,-1.6334978866739402,1.361071479242459,0.3429277464269786,-1.0051951662415415
-1.3531467408788498,0.3399480094683413,-0.2138074928133032,-0.43999251976436765,-0.7425495640797163
1.1209768067765944,0.6969620665086457,0.6932864452146829,-0.41456688671905606,0.22790887164918744
-0.29950878348221033,-0.471512673123101,-0.7359272480304918,-0.8830473415058889,0.7359395424736517
0.8169056559135542,0.17481139690234251,-1.4166840912232732,0.36268635502321056,-0.03756510706879094
1.0250633793793613,0.24999341387678914,1.495060874197556,-0.09267319395836875,0.7327790236062913
0.45384146386148255,-0.6961673392033023,1.3826679395379833,-0.7972520835206185,-0.2268950623941108
-0.33072228910181783,1.4055518600237091,1.2659139935199089,1.0391891811439145,1.4311124400057937
0.9745048350585983,-0.5515342095995408,-0.2867637451601624,0.35942478409654705,0.2050085691453129
0.29201328712515545,0.294890512794807,0.23466402298145533,-0.350100460715967,-1.408708332820889
-0.7570643462617193,1.2746818548072296,-1.4893493097682913,0.0660473404987668,-1.0308981185529955
-1.3705901029120098,0.7427028771218143,0.06513557901387852,-0.6549812249170048,-0.6969104310480526
0.03905725378482105,-1.1515366095329556,-1.632982271172493,1.3820862018649733,-0.6481935561620092
-1.920445375481318,0.8016801660180205,-0.22819922815670549,-1.4293904860081816,-1.1992680059635366
1.2316742642543004,0.7586363051038489,0.4620958797801894,-1.0485146447681655,-0.7100293244624349
-0.9614377998508743,0.6847388499368962,-0.2719109384909658,-0.5680188026911812,-0.44807642219081706
1.9890224215949057,0.5571527766632217,0.5136031777124623,-0.43994280606257696,-1.5035092198781141
0.5758697690383359,-0.42387953477924833,-0.32895464378691147,0.4219942240036145,-0.5192650274543267
0.27092107942985033,-0.2081134223163619,-0.8551291469215498,-0.859401273652698,-0.2586557164820508
-0.8784648827657516,2.0513987553169675,-0.08490627718644236,1.2195435251650912,1.5469895872175627
1.6338873969868595,0.5242825460360853,-0.4302890189865999,1.064378638968986,-1.2417821322193499
0.8052552626546149,-0.3931088079167658,0.5991415025095861,-0.8459234448903898,1.2374739317220107
0.572237697987478,-1.922522979832585,0.35715393519047867,-0.982945560383224,1.10640905025491
-1.372620312835358,0.1483710879529552,-0.1081940400399669,0.9774540978030335,-0.6623027157477374
0.6385943722099218,-0.308467401118193,0.5742922047313768,2.1484488471484613,0.7663971683535838
1.1981316816198984,-1.498684904421437,-1.0956725128953404,0.42000081614957163,1.1178437828915617
-1.3722350340204457,0.8732378699015385,-0.5876601927683934,-0.22401643082919642,0.6949929715115747
0.3747398179396845,-0.2895788180848872,0.5565967333774463,1.7414681873143374,0.7121057108823152
0.9394626185755036,-0.613111174667086,0.5076674003944831,0.9849658520292499,-1.0240654214919456
-0.0444020239506538,0.41484719946727905,-0.40070497318468845,-0.6724278380521191,1.8463109780214526
1.162341045427619,0.5443119507531028,-0.4515418404111186,-0.6312557884044804,-0.8223055003769238
1.5436030460844528,-0.6567585259129165,-0.20340939111758424,-1.321199049535754,0.18748433585642355
1.2941664441168925,-0.2561008622442178,-1.0296526707259233,-1.1163577867089427,-0.4893431749439914
0.8256566961977333,0.8784540437018811,-0.7815692071477913,-0.34543410603334407,1.5928519916690003
-0.24112397819433856,0.5168164035290229,0.3998367390545069,-0.42933901091827364,1.6076099997855113
-0.6653444582853397,-1.4743220060325486,-1.4888158018091862,-1.119985807872369,-0.10000208289454157
-0.6002657405531059,-3.0504096520167003,0.9711029711648588,1.522814069037934,-0.17169897220136116
0.07568471156369318,-0.22687112381197003,2.6469622550108753,-0.06403175812638504,0.7073821449957663
-0.8476919748954287,0.48278578422258334,1.322415349849202,-0.5298230521946564,-0.4276101653617047
-0.7412559788819667,-0.7771221676670178,0.5425618646102703,-1.243308187303284,-0.05830457135450134
0.40708575073145986,0.35817891987968004,0.3227004325890676,-0.48189954277004216,-1.2264778243888392
0.6601918465008035,-0.6237903089342068,-0.5896392358472107,-0.6959145163967287,-0.014820071983433053
0.6984056427706707,-0.027572835058297433,0.06751804409356015,-1.3270845945128766,-0.742439752852457
0.8178896370445939,1.49772679041402,-0.3848832849733023,0.27722886595534574,2.269895388797128
-0.512162405203228,1.1713736369418792,0.48770661658223297,-0.8479778950431848,0.6421471282491891
-2.41058665514529,-0.5232418133797568,-2.249918423102351,0.38918942260586714,-0.7360141223418936
-2.281819776043122,1.4038746924171375,-0.6966327122961073,-0.5640146128074771,-1.7476393319919057
0.3973260151698773,0.5671066917834575,-0.1322851689942727,0.03228584432001211,-0.0286410936106529
-0.7681240810534671,-0.4781136490174128,-0.8064847508030757,1.029357104915413,-1.0538958834615146
0.7073313014231962,1.0590632439393877,-1.3013873142407149,-0.044005293202141776,0.19202476029370485
-1.9036525131231352,-0.12150326964985222,-1.0345770479522964,0.040177229770662036,-0.2733796454101406
0.5991473404254393,0.39206403998594613,-0.58235565194177,0.32640460525777587,-0.8512137989000579
0.2556141397197032,-0.24057432974943224,0.3132496471966282,-0.39051406906252284,0.36516625691484245
0.4406864795528731,-0.35208846825031104,-1.9850226442367338,0.2092561988474672,2.279986211862449
0.38536648467021317,-0.9419963035843629,0.46370221483258295,-0.27001163694846,-1.6246477693117916
-0.8300628087208937,1.1076217895890157,-1.776557618081402,0.2136210904488749,-1.7380725025227803
-0.5458999334110364,-0.339080019765588,-1.1821833338476975,-1.3164820986113213,0.43764700567693143
-0.03531565973365393,1.2246304562324422,-0.5200748496164678,0.1398166164826224,-0.23107792728920176
-0.27664842698030495,-0.059787647337912635,0.10606606922846556,1.3781442222301383,0.7374778949400312
1.7939614109201159,1.3996690933782276,-0.3157682683266678,-0.6606275775244381,1.989475628031646
1.6763458920606937,-0.1659281488478172,-0.4374066266685428,-0.210311063393077,0.8394472464630602
0.6888978331392541,1.4760577102321841,-0.5903875077027089,0.047030085140418815,-1.3094114481489751
-0.6772569772139149,0.8421985782783988,0.49398205527868627,0.06103559915592492,-1.074099001381042
0.04991303763824736,1.112396440833571,-0.5522991139839037,-0.9625045964937922,-0.4730225090197209
1.7412601807622303,0.12793069723073916,-0.8032046265821976,0.6559508040405824,-0.48532520642929133
-0.1712847574605755,-0.8771582315877748,1.794788153060247,0.6363437875194338,-0.6569565194314563
1.2272529931456244,-1.2724996082407956,-0.22805599998278836,0.03150422373888294,-0.2154319621944698
1.5290858329786152,0.21667457494408454,0.5700569309844397,-0.06990549085428713,-0.2638333673513284
2.417438147191148,-1.2572977304710333,0.06678764557150141,-0.9143269461378117,0.2705943808454736
1.1043952070240226,-0.9306284598987907,-0.25603728605308224,-0.5440156171514393,-1.460791060619167
0.5432477607759555,-0.2582731474318934,0.7117656568954508,-1.1058620722223174,-0.3786236213302087
-0.5021175299427255,0.8511240268153548,-2.364470156177937,1.378565027166083,0.6732200990231793
-0.046893030495852694,-0.563851652673954,-0.5037917004675713,-0.09095380714380898,-0.013162018563893993
-0.646654428678752,-0.028572117322645325,1.038954568379199,0.7442306385622927,0.5866898629022714
1.56952998615382,0.20783393522041163,1.3594886050795754,0.923420575840846,-1.2515881230818826
0.229857157613557,-0.21958682009936695,-1.3645684116347698,-0.06958462249131647,-0.3273445122028265
1.0703806544098402,0.6203760369478218,0.08129094893105647,-0.23596595362087533,0.27546670008372304
-1.048508361044501,-0.7300103051221724,-0.05198576557091553,-3.956288518218379,-1.2421115616227831
-0.22903382474465336,-0.12979685417334497,-2.2417622256527827,-0.3091704680608783,0.6344202888415644
-0.48894002503931067,-1.4020317323532074,0.713625607508472,1.1302265312272293,-0.09894456492375178
-0.8865615425545561,0.8675966018825398,0.1643334525257999,-0.40354727072576807,0.6957422637050852
-1.4670249455385023,-0.6961698258130486,1.6980798709019125,-0.7161241760687997,2.0876643796145555
0.7857295108854184,-0.45271211145077916,0.18595748746673932,-0.16085094460705804,-0.09776771681656415
1.9681746371883966,-0.2769848265412132,0.5250678522373431,0.6279751263183161,-0.9789374164411742
-0.35152358065773986,-0.28446026033593397,0.3635262825833224,-0.7055700755738724,-1.002594879303388
0.47345957831234675,-1.3476438249596885,0.011380447380758248,-0.04726271703860983,0.17083632238984456
-0.8547433256344117,2.2874621114512403,0.765059961330624,1.7944866346816524,-0.43100928987148873
-0.36106259027534543,0.25167415024671136,-1.0016176366846907,0.18363963536292513,-1.5903349243598484
-0.03471425375613909,-0.04176535901958096,2.6087759576287595,0.49770461693299994,-1.2538471785453582
-0.0038643248993730996,0.6597896391800169,1.3939025215114793,-0.4897467672427717,-0.6678826447776213
-0.5453765450906763,-0.665035438905484,0.07308827432561002,0.38692827210302283,0.47851421946375783
-0.5968618199530104,0.48884050767202913,0.17921831022690168,0.5261626700671652,-0.7704988919893745
-0.36983833936209376,-1.0155040919257743,0.696995326779364,1.7763125008319838,0.41088477684880104
-0.7209716265983687,1.0003982047475957,0.3140888214753827,-0.5409198230641206,0.08121468285536822
-0.30352882545695076,0.46059876366947955,-0.16479400951377512,-2.4231572804386285,0.8882753511021868
-0.20682115677612387,-0.9333222751425383,0.5263517129706323,-1.2481680162704432,0.40093827021858264
0.1533574846786053,1.0736094455050613,1.382383818151584,-2.3638881344601423,0.2477164676035479
-0.4022383924170855,0.06529770553644011,-0.224672211825766,1.4694123958235183,1.4403332179537858
1.8644004946841457,0.44177202450281117,-1.0996624130812158,-0.09294779506201511,1.6204860284579747
0.2806851019874228,-0.9088487180461804,0.19059730105735662,0.2246147212271807,0.1043788867153787
-0.7754406913210588,-0.6447731870508873,0.7393958309027264,-0.00786685939800955,-0.20438447972840587
-0.546161702444132,-0.19645657326836394,0.2971184452061347,-0.42418013358334034,-1.27721088213719
0.14484682702257048,0.49115168258071584,1.1434078043111473,1.8651310703800386,-0.9274681782741064
-0.728910695075956,-0.6989791280534117,0.7012157659216526,-0.5311789748664608,0.08923587978183728
0.4611308803396874,1.0570754682333674,-1.0490592718420146,-0.6710938551809387,0.08121157178317676
-0.8036489134348486,-1.0736097628394492,2.3047922281067765,-1.5615443690042652,0.2891509367562361
-0.3910185315598067,-1.353870167742911,-0.7669960247058345,0.07364063697466132,1.2515151671844538
0.443760117936943,-1.119797961838085,0.7236949646083282,-0.8360501481333126,-2.42038691370614
-0.6947537305994307,-0.13859712179122805,-0.2820008943374791,1.0358384345328602,-0.5621980877994307
0.9456755640640543,-0.26047856270859243,2.008113411678823,0.6379150959453362,-0.5287231024229602
-0.49214784330745803,-1.056876624151943,-2.1573657954383116,0.07781827898037535,-0.990786687946373
0.340551126576211,-0.03638719754837482,-0.9958511680218283,0.8365736908683896,-0.35924925442570776
1.5744069969037278,-1.8898222623446461,0.02932137369636512,0.1381410944423495,1.4640463941795727
-1.7411574235973073,0.5863085957411684,1.2215182028429608,1.9029024850491947,2.530951554293135
-0.6575445877934644,1.0723600756887708,1.0739464497314124,0.464953142211501,1.583253044019725
-0.4511778088890189,2.822561901962546,0.8015718778959253,-0.9117076257929849,-0.11874079796931486
1.3140932743354112,1.2840345403776987,-0.7434021557853701,-1.4446055697437854,-0.18977542035080333
-0.3968465892336197,-0.505014558561836,-1.575617143309778,0.2677903130652523,-2.3290524763849145
0.8665482121041019,0.08773573196601239,-0.6539917970323741,0.8431603740708179,1.3261512424678252
-0.7448184303629498,-0.4574543076142178,-0.6082083282266504,-0.7538217382285016,0.1723097151945427
-0.7175000658617062,0.48081511472841915,2.504662940682534,-0.3302635626727501,-0.9720047948355899
1.5397000031155752,0.35031780937872564,1.0495652849211825,0.9423099440917064,0.920717559544865
0.6332053998462627,-0.15942551862348742,-2.2338225721501557,0.6117378587626435,1.0690779276807567
-0.5987450433551543,-0.7906095484421924,-0.9262294949492322,0.5705734185213203,-0.5591241536484903
0.1870176465916247,-1.5768343044887396,0.8472101722555508,-0.7257196046691827,0.5903283126077441
0.9625854357723934,-1.0417361782905432,-0.8223073942963195,-0.5387583811190644,1.3969004246976096
-1.506711286522192,0.664740845399943,-0.7020842908574828,-0.01499726972222879,-0.9091080851366122
0.9000745855388402,1.093483045267155,2.344564192944344,0.6677767878649191,0.7460765377143309
-1.8413900535285699,-0.15888287535421067,-1.3125562430521003,1.1815346826573634,0.48408280366194745
-0.06450283938352887,0.7687938161867639,0.45671803692397384,-0.49426418941904005,-0.01514322052109514
-1.5533347599349927,-0.09743167364583144,1.0227439247119192,-0.1969320774252318,0.6344766658362023
0.5320660462482483,-0.7572279736272155,0.1159736320415474,2.536248691285601,-0.5576021270266326
1.2205446095503698,1.451164410007219,-0.37196393770842906,0.32685452670644716,-0.10940128538408912
-1.5593251197746352,0.3131589358383722,0.808852866417616,-1.8787286265196372,-0.35907024466311
0.3005626893320338,1.6962300817650675,-0.19877037769137262,-1.2910995335769961,-1.7773635285775709
-1.2225163142397077,-1.0208293444796086,-0.18633882027828846,-1.2312638682741175,-0.2622561273463344
1.2611225754773496,-0.24082607405906514,0.6296025889256304,0.10971022833736249,-0.6736834928301502
0.7182964621111041,0.7658784699261022,-1.1940639253037069,-0.8711150267231446,-0.6369479080802243
-0.5498093152290627,-1.3137482907885192,-0.6485256483598003,-0.4660002371610037,-0.5123715416284188
-0.6372986175201282,0.2907547207674915,-0.11272634352852429,0.06619682381918414,0.8175251224502152
0.6588974629171954,-0.8451019693059302,0.03150975277078134,-0.6287452596641007,-0.8730484643524713
1.8902536720610479,-0.24030569570090385,-0.04276738215999941,-0.11920748946994601,0.7340775130350463
-1.2529894484748345,-0.6588065530476189,-1.2712955753718889,-1.3199193369322495,-0.6775923857263614
-1.1823626250224422,0.8104637605252489,-1.4700964070989748,-2.119064883488688,-2.1832777596182353
-1.0723570544543728,0.5957618605034167,-0.6617308422740348,0.2303678618083046,1.160776030155809
0.8131826362422913,0.7565200550080967,0.0022593203381961803,-1.656929977571112,0.8061728546479323
0.8929841290958898,1.5199253529827765,0.5638034800755231,-0.8817259275866477,0.23086760900684164
1.089185536937208,-1.127039977258479,0.6347518782860992,-0.13296745662169518,-0.10822971435832958
-0.02682922701044618,0.8466150066899564,-0.8934420000811216,-0.05947859393826006,-1.0519786165862102
-0.6034464111641952,-0.11568690956771392,-2.0728004311758625,-0.7918136965844511,0.010357521734624238
0.36462365600233354,-2.8464969462746774,-0.2989182076173688,-1.0582722014921915,0.8058483816537263
0.7203957233295598,2.5377332493072906,0.943404092822568,-1.257385011883836,0.11817686653891336
-0.7450957743027443,-1.268247535975785,0.4276952672959189,-1.2757377207842966,1.1427769882059642
1.201853511654346,0.4489251311062978,0.6635294314799304,-0.5016093398924741,0.9448900652306951
-0.7232931817273345,-0.6277723147398554,-0.5351258306533115,-0.284338357689345,0.5210755963610826
1.9385682383708411,0.19303729199312894,0.5182815740493328,0.22566505549917043,0.5681528498374007
-0.30517861695642745,1.015476325425176,-0.19685821822252045,0.4537076054554364,0.18690034326934746
-0.2884476667107702,1.1674870941400006,-0.44472303589358086,-0.8195808250623461,0.5981724454514655
-0.39473362519843447,1.1931732334380998,1.0588172207947095,-0.8771636342133067,0.5943186769266638
-0.6252728683972691,0.300956975675222,1.1642068898779037,-1.1709798399692302,0.1750371897825517
1.1264349820544273,-1.6027916942187461,-0.4818698875593789,0.5370869445730848,-0.43984704625808496
-1.5854185513194456,-0.2842420069527118,0.12566868959330918,0.49029492288414434,-0.13433863466019527
-0.13792619484892213,-0.43641467317741617,-0.8604433410639216,-1.8284380759066043,1.1444512269914786
0.5056139256947519,0.353295340790462,0.22235548134791622,1.8295575772083321,0.19925355010579318
-2.703616259767168,0.8395754980115174,0.8765052798383014,-0.455892981827073,0.9410835191305873
-0.45369662224670665,0.5873291873589015,0.58792169948676,-1.1726298205015522,-0.10700184597632066
0.7238985257255983,0.9886234484663318,2.8468047693677034,1.0886283562457724,0.7358402513317713
-1.565388152081944,1.3326383820116243,-1.009329211850833,-0.08349780557112342,0.6689262757391835
-0.8488766977017116,-0.635787551904537,1.0467495144916787,-0.890385201201969,0.935033929750329
-0.3652725858229312,-0.94746177701962,0.4050901413330004,1.9279853534695808,2.134377789130283
-0.6338542083159677,-1.345230167556459,0.5666209914574802,-1.589157941681883,-0.38779176954087624
0.4553058953049483,-1.1835956973597102,-2.880145135543448,-1.5107631441018676,-0.23375904682251564
1.4509494302504409,0.06513215693781585,-0.07117652430933968,-1.4313970367056996,-1.6608624965631822
0.666315291544406,-0.15240548750303837,0.24085686348442475,-1.7610755106390272,-0.19899167215609423
1.5508659363330428,-2.084767330402129,0.023775311197254706,0.30396441408506314,-1.197424349332909
0.9328607655051521,-1.5667357239103283,0.338237421767963,-1.1530711163445024,-1.5078566872707084
-0.4819292071652265,0.22683364340899792,0.5213016786408218,-0.8883503393848298,-0.5691701559084231
1.1095699388271005,-0.6896683708643688,-1.1636713967994974,-0.5781563580633547,-0.10698799822407855
-0.59484242928308,0.2814350939136828,-0.09978541675209095,1.4012228139564147,1.0058184110836603
0.525458526381794,-0.6206625994180399,0.3463526911584652,-0.0015493224194841984,-0.8335079213320573
1.1562625147412564,-0.4321334456853238,0.8559744879819533,-0.49959358486531313,0.14749102614011084
0.996845940689789,0.8664028202676317,-0.2394386833783837,1.465653971057653,2.2588096806692204
0.2923793257634695,-0.7700401724339468,-1.0470970643863013,-0.10348643302924307,0.38712049925385716
-0.7460715502666695,-0.14334832779182968,0.2340772680601505,-0.35189675225778405,1.5004350233495134
0.21498319125913107,1.54668046142515,0.5643269412857157,-1.6025700801184477,-0.8007988293469256
0.6019114262574413,0.2651184234267972,0.12121970296385005,-0.5066016159594378,0.528878103250744
-0.11140562363526511,0.5290267543065273,-0.5587118481279005,1.0548986855170206,-1.0812596467494715
1.5436868772865806,-1.5060599353940038,0.07194588363294607,0.3020095108633831,0.9055214186401399
0.9618786454169989,-1.2253340507156176,2.025956373547854,0.2213005608430878,-1.556756504559699
0.6109326952414992,-0.31201723785160146,0.5969213912198478,-1.2113551896602814,0.4020572061005712
-0.5648398411331839,-1.2121460752660036,-1.4761202687055401,1.0166124627400268,0.07673253009729038
-0.22349072104513917,-1.5305004680711054,-1.0639267838264053,-1.082617441207447,-1.0558354105657284
-0.29503310669998195,-1.1048442673954035,0.0339699310930711,-0.07259053432922577,-2.625111275314629
-0.20054665219527176,0.33017242652596357,-1.3127714629471245,0.5142521248022279,-1.3736992312397671
-0.08773979231569574,-0.687202871559439,-0.40774249883195424,-0.9536118366998529,0.5555296052385106
-0.9115146132186164,-0.63907054699886,-1.2264916195608921,-1.0049215618181004,0.9188264259121137
0.08793363998746842,-0.41964248335021526,-0.6406667251377977,-0.5837321053758738,-0.7307065617684829
0.34639001459453433,1.535665657799124,0.8681640738605291,0.6105399716342652,0.7580785036983424
-0.8370999294990037,-0.3915550397388734,-0.6548441503539418,0.49000665016899786,1.9203081620011173
0.6366252922424014,2.5928847882634147,-0.6894841413630587,-0.20089786676634724,0.7558581682641863
-0.06650392860941677,0.878791870735912,0.36399001823270133,1.7206742449952634,0.837635368145342
0.6205637899315878,1.1839286382440843,1.2072272705755076,0.6983808297688057,-2.9760207919195563
1.5299330408850373,-1.282411433282271,0.8054038668153031,0.7706092105634618,1.2755409902639785
