0.7206634732169297,1.1678819722746192,-1.00575429341401,-0.27411561596451683,0.834382958391319
-0.411330754688427,-1.668329191142393,-0.7338474724293113,-2.8070528824866545,-0.049936713281321016
-0.1370641480501495,0.3318773252386188,-1.131293119103121,-1.120352413592472,-1.5975167336437845
0.5206887826636625,0.799872688993732,0.5318874984522364,-0.2044119030795848,-0.08215271227464907
-0.22544259205172068,-1.723162899983754,0.834753832749736,-0.3257830936876993,-0.8005741896190696
-0.1309860677359257,1.1636260199861794,-0.6749572904717974,0.08283434298737573,-0.4384777469405282
0.25393107450618707,-0.5919110653752356,-1.8001486349221092,-0.9083317260339747,-0.2716714284512354
-0.48673272259159767,-1.0494640737759091,-0.6418092832029069,0.36897179432864835,-1.1121642952743584
0.48535955688112065,-0.5180742083929077,0.47070169452264016,-0.16694781168129044,0.6052974709748344
0.5055632670809972,-0.8970244298266402,2.4361093479390066,-0.27071302988110313,-0.2655469630205879
0.598413389420176,0.5067219777654057,-0.1969836473364195,-0.6638566615491822,0.7271734336751078
0.11371249775400774,-0.09719319298964754,0.02991590513054109,-0.4898846771991394,1.3060239335195558
-0.8260736455575025,-1.221104672264013,0.060936806602493176,0.13891884201781923,0.9566235064347659
-0.8934683464527562,0.7070338333830808,1.350749201171121,-0.2947116606911631,0.6517821015643191
0.27250378074266596,-0.4065620521232432,0.18658193115717664,0.22103841256612933,0.5783388474261605
-0.5331655416424487,-0.754421510501341,-1.6183338147603974,1.570845908724296,0.9919531877653558
1.4141589450682401,-0.7907881088544502,1.4536043700432981,-0.6154720949998188,-1.3109144291481727
-0.30247267123980226,0.28748670863201137,-0.396908919880712,-0.38472626443398544,0.37434239228943056
0.9889131365505588,0.5497974643827679,0.11188188434652119,0.5529645662973794,1.298309671741683
-0.5653986016713027,0.5917518203626277,0.03719714640075255,-1.4249373912869436,1.2132002623812448
-0.015478737232454538,0.20815704380150984,0.8443921795535289,1.0518776099704035,1.5689611387615434
1.1219822931632482,1.7192332321178607,-0.5084964491664223,-1.6569689142892634,0.837376802583828
1.2608521376092312,-0.5211808437404055,-1.3798964517281105,-0.624336911749034,0.16830258835791972
1.2387134423556934,-1.82964678288564,0.1162257678747933,-0.23923945551270923,0.37322705516844196
-0.3660788879477186,-2.3335060676947696,-0.5717094373468754,1.8387451834521307,0.10183059285807063
-0.6970921406391475,0.4087263599533681,0.8704942355851127,-1.3943110739791573,-0.08151343319345468
2.374945876784207,0.517403369491065,-0.2635965731010234,-1.0584327860844724,-0.37806948316781225
-0.9027147503331371,2.1989121093001813,-0.6682238991025455,-1.6685132605685302,0.6323985517400499
1.000381423776888,1.7883221110745322,-1.1056666730031517,0.1040179264936368,1.7190385679376934
0.558762229694122,-0.5748793207239529,0.4483599293096282,1.6080072817566038,-0.13247832413674657
0.7666098664220733,-0.3362129611888293,0.4078998079216248,-0.48495050369074943,0.3333212006762009
-2.394826248092143,-0.7497004602917587,-1.3560583121997412,-0.9241656497834031,-0.8648920475443991
1.3347424893622069,0.15332669786551534,-0.5050129758238179,0.4329425662414115,0.4304504971447264
-0.25484960202348406,1.2888192120876196,1.1550915409595757,0.8184630602105131,-0.6599007161635101
-1.9983011709180136,-0.21807311756308534,0.5582166132600876,1.4838638541740883,-1.5449043584493012
0.20166170090189758,-0.6391173449179074,-0.08579810839099108,0.6757890751444248,-0.35394890626199077
-0.6701706128486956,0.13453250074238768,-1.2581379714564453,0.09492396689611077,-0.020742461013132082
-0.11054500147899092,-1.262070283786179,0.32757229594439824,1.2150205647690637,0.19652880676415227
-2.862851362600193,0.01704868941324208,-0.430135277151669,1.783166676067522,-0.1684773392144042
-0.9828870189004734,1.2074375199785936,1.3008497960968695,0.573124903179923,-0.5176568702954139
0.15730008555215372,-1.3023910540724077,-0.7001686275553244,0.20570502411418626,-0.8671195808777781
0.237450876748366,0.2558480870279075,-0.6834075262107656,-0.6693582740205477,-1.3669697942334929
-0.08056942062317508,2.109036161553297,-0.538593414470099,-0.06563131514995374,-1.4059246762564153
2.275567855320116,-2.5445182398433523,-0.23291570824715163,-0.07266652712276131,0.5140271695682754
0.9317339884569688,-0.7774967554194364,-0.7042986556621726,0.5426734685802832,-1.1327997049176062
-0.21643812028972753,0.8884487695625555,-0.680044332223122,-0.12585451334396558,0.35512900247195245
0.15918574175750175,-0.4640935424174567,3.0399286974259687,1.1535120880711052,0.21058892495443632
-1.551627909151463,0.638065361214227,-1.139979281178125,1.5420240201815294,0.5225444143713809
-0.08476620767056214,-0.8521237428302118,-0.5108410228715404,0.7715070128867103,1.3219069598450819
-0.5576730676068394,1.627025795103213,-0.05383902229443316,-0.6984662132086901,-0.05888586664515342
0.880545143102366,-1.04914187809263,-1.7904521551201718,1.4042237999501013,2.351979084973428
-1.0989919709627856,0.7167502616019127,-0.14247157478067463,-0.48517195792303786,0.26917272538798753
0.3523880436830414,0.015289307637503477,1.248464903365181,-0.23860393714241132,0.920618629910935
1.051639946768834,-0.5434831892076945,-0.03639715063886124,0.255179639540464,-0.5347495420252655
1.4670467341738795,0.3867158363236233,1.5827342440185062,0.4394739512503948,0.5360968739474787
2.0091061932011067,0.010498383181802184,-0.9441495794741862,0.9326733537666064,-0.493190681096899
-0.6159011364166599,0.21393588337227673,-0.443174674285725,0.19453049442196876,-0.6155394590524795
-0.6737858814040255,-0.26196606525620175,-0.24849890671433641,0.35732528697782245,0.31640986915371305
0.659119353336641,0.03405885418554916,0.057297944831471014,1.603250749585984,-0.1987214315724749
-0.1561772878454428,-0.7736038409076796,1.0517321664050168,1.2963517522061498,0.971743689903618
0.5377255330691005,-1.4601870219676651,-0.1592055237343228,0.7038942484952259,-0.14818183239223068
-0.5750015286470811,-1.542606184318122,-0.2843464766369238,0.34702369534681726,0.6143357013418298
-1.5523860606318058,-2.127650437681816,0.03272758197196974,-0.31035256179896387,-0.47527182700866927
0.21122496544863484,1.629429651684431,-0.08613515526685231,-0.10512753246545224,0.8304588418850257
-1.0270520235368321,-1.6293900473281437,0.5890096486610362,-0.023920962360469956,-0.22273060822909366
-0.33298722313758417,2.4123736858714593,1.5426926265560883,-0.695489073549184,-0.40932647476098466
0.6367920074154676,0.060839008058546404,0.9376722935877978,-0.8348462892018861,0.264419556885409
0.9187107918249219,0.08296424918557209,0.06272907285668952,0.28276556592582336,-0.6619826465735794
-0.9888784751407226,0.30285386360359434,0.3421961734552014,1.967295108008333,-0.5821773379446389
1.1800048514205286,-0.022405381235526333,1.5884454461215154,-0.008791908820477607,0.01265189336750044
0.0252269907472426,0.4000281786675718,0.19902901947611432,-1.351269400220825,-0.38311653690306446
0.003730695888041864,-1.233009809340054,1.2251194343506828,-1.1044843806275273,0.12062430003446431
-1.1651882688326407,-0.37170722259249483,1.6591772970205085,0.43704970976542906,-1.292067418741419
-0.11995184634454044,-1.4653761244434609,-1.0636235844471438,0.6394851506101171,0.20383769640860883
0.23664038832289827,0.9773338867166882,-0.27807144182957805,-0.8915021230182976,0.717838101003592
0.36053436901218766,-0.06774410168611922,0.27650871848017555,1.1571609479181542,0.8202920149805396
-0.6599531952678273,1.1762677614110262,0.5036896176259901,0.36703381241552946,-2.4530571472488996
0.6167310204976171,-0.4666829506755913,-1.2361482509118358,-1.1227753236577895,0.7875420597416329
0.5749944333795522,-1.3491548715946864,-0.012556045999006775,0.06250932616350674,0.5440540890567127
-0.8340485546345429,-0.46482810993705925,-0.5459929253836543,0.8856595199928705,0.26326033046662894
1.0177043428410555,0.518527888829334,1.6308179488683376,-0.33431005739575287,0.1520346819673422
-0.45566200721902955,-1.148276211454431,1.5076997353781219,0.29550916723917764,-1.121669072876249
1.5520307690134383,-1.9900767995596054,-0.4849730673819932,-0.896599634980835,-1.1676988565338524
-1.4057475689487453,0.9563456629947897,0.09447474485414847,0.04724680939166597,0.5093597059533135
0.4528577828766551,0.44493159571762425,-0.49415240531751875,0.6650909647431965,0.8872099166419599
0.09824773001282444,0.6479590475708202,-0.717252590753872,0.20425311152944597,0.41014848124769515
-0.31247404353627367,0.8044835178404555,-1.6160502382260424,-0.2793218434937632,1.5736917720005479
0.3223739094046168,-1.4336246196280256,-0.6341887031968634,-2.556150044839287,0.5310054743965822
-0.6040337994574111,-1.8543459605808266,-0.37143718874808884,1.192910042647282,0.7294914021607718
0.5988131864428631,-0.25954614970098844,1.196555148475,-1.5205812021539762,-1.6191482804205504
-1.4454909529248479,-0.07715919246194639,0.026710087669151266,0.08587188041366925,-0.1700136874921833
0.7377260156961514,-1.2739715731463663,-2.7835152793342712,-1.0235535115643297,2.2325039488005745
-0.7057128312771074,-0.8145204610004142,-0.8636329075532977,-0.6842637149143204,-1.042254341178765
1.4120356242989087,-1.9163013718794293,-0.19035829951099625,1.1987516246283867,-0.36677257277241737
0.07148167084583928,-0.7520936752478675,-0.16774211163618793,-1.1842866854667393,-0.1541850422661271
-1.5761147012438663,1.0278243167508956,0.2983316384724371,0.21987549708647353,-1.2499884919111166
-0.7081185865586628,1.202823355156731,-1.4846787170378832,-0.1023201632114936,1.639610182081331
-1.9066070337161487,1.041136616909617,-0.47586439317491847,-0.5713628790401888,1.0927322714835312
-0.5332320794394363,-0.6265672668264278,0.5219408886473408,1.9207949772418766,-0.6834633744845224
-1.181167287246208,-0.5204023457181243,1.5171417164213485,-1.0905015573617474,-0.3586671570996551
-0.31436742649601684,0.7287239529936094,0.5773415028190454,1.2984137106463585,-0.175423804654065
0.009216356383994387,1.3323885192210758,0.894160246574871,0.9981108062670515,0.295133891493324
1.6187528381328362,-1.7790544698393587,0.8330414801309217,-0.01338082852567236,-1.1211477041657028
0.1477485524285923,-0.005059209172508139,-0.24869238290129517,1.3873821944187843,-0.6194558797289658
0.9430453106586973,-1.1654113723177641,1.1037354222037652,-0.8106287032869727,0.7909438288757991
0.46313583079538434,-2.2146463790151154,1.0027591971160728,0.9464835817755394,0.017926178687637
0.23220404907747585,-0.5011740224694067,-0.7906666058549157,-0.5741938095804388,1.0857331909095767
0.21606154895761262,2.547771151999101,-0.05330322620169787,-0.6676303144020647,0.00535938889079785
-0.40124689098625044,-0.9597961131899965,-0.161005309580529,1.6645907776719326,-1.509112817913949
2.483361151011723,1.3398165307835324,-0.6995106213767154,0.8555617052133124,0.43338251646306253
-0.6467572718815114,0.3221989987358539,0.31167150642638597,-0.47912033946554994,0.7210108415023854
-0.7779418025966914,-0.4401733893679236,0.6165979361357306,0.3187491110594363,0.058392085015669955
0.1064182317975133,0.318074788941503,2.1738288453550303,-0.594972010934505,-1.1429647888827983
-0.6672504382659202,1.416527272228457,-0.8533130016702871,-0.6593528785293301,-0.7711342331570984
1.7082162152891462,0.5415724375076296,0.35001296891438444,1.5550244468965024,0.7706928252132023
1.4457994929793858,0.47630319676086347,0.6714396922971473,-3.3851390969990223,-0.17976157130865678
-1.0968022557174326,0.4009487093648596,1.391502177115015,-0.8539369436656363,-1.4256874154179833
-2.296681611289704,-0.16685687307558414,-0.666187468873905,-0.08883277969965347,-0.024313335256883183
0.19347435364561158,-0.6751893047334763,0.32685046034864557,1.055990092601625,-1.650443854824782
0.28716104593824116,1.4277595442059183,-0.9675308799615095,-1.5409699378766444,-0.7041955822033862
-0.24407356398343538,1.6616546853905045,1.8898063554799245,0.04864736521032085,-1.6535944210730043
0.34674891861052076,0.9559300261616793,-1.3566698834576758,-0.6394854046258526,0.6582644796663965
-1.4699274977930807,2.6137785863339884,0.41963178744033647,1.0890857327184784,0.868978883670829
-0.461414257253617,0.5933715991809397,2.4682671934635048,-0.3625473331979733,-0.07508389477414529
-1.898526571296752,1.3149007442040959,0.2806563437171612,0.8703672178459383,0.09189994177837102
-0.5338634250252793,-0.8749875418100053,1.5301819117299444,0.3723678967241366,-0.6242508571074437
0.6719044385451707,1.3678268863107093,0.6272981645831837,-0.38359817338117286,1.1056892566709582
-1.653706666300307,-0.06961998578197487,-1.4671803945552317,1.1071967309613107,0.8645647712970163
1.5592033543803974,-1.352477812457786,-0.23719223694338068,0.40284057289998115,0.17167362970175068
-0.38305635202566013,-1.2114002943967583,0.141414700677647,-0.8236188628524708,-0.20199930604424454
-0.3236429953568397,0.5319120205771358,-1.6374068820360685,-1.7051286962053736,2.465507128720676
-1.5030625066298327,0.1601377145569073,-1.372522394456373,-0.10447525222229052,-0.7048079640370055
1.1131103738446537,0.29830726612759534,-1.7818929368210108,-0.8763492390666388,0.3652470323735727
-3.5590696894148093,0.4241798143739019,-0.5841710969543072,-0.11136440333000673,1.183614233158237
-0.16450952148628228,-0.3156146857250504,-1.595711547534035,1.0405403685615495,1.7469710893987718
0.09291763726855118,0.3137655462825764,1.0148974024945057,-0.981485809279775,2.4100540095112915
-0.7957117720606025,1.372740257735514,-2.0343206480859806,-0.5045265126396996,-0.24721522240385016
-1.4397501779869162,1.6333034428159114,-0.3687566902055842,0.2007231130920188,1.0828316013798647
0.07581349936897046,1.1781014540148236,-1.2671076486427595,0.7379537446547798,0.5634431766408714
-0.5863586246678435,-0.36470760892389775,-0.9903377195558222,-1.5047334225631366,-1.637706499003053
0.7809630589479188,-0.6494509995885976,-0.1523245916886477,-1.5073685197797912,-2.1001497201401613
-0.051310868205982574,-0.006753999123197624,-1.3772698635590004,-1.7730993326732496,-1.138195656493476
1.9361643533024029,-1.1735265014315868,-0.2518948696110033,-0.5984495087452185,0.218865952664063
-1.4437915718873515,1.518852441635254,-0.1808113241149782,-0.8768043310373758,0.3016509664473671
0.5936410824616808,-0.0444635991522479,1.4081787840153186,-0.5335543409123458,-0.5590559690851176
-0.7435689583350905,-0.1874158500706423,-0.3718399300550034,-1.2659419950602753,0.4478581369674757
-0.029536146157609446,-1.2071813565404899,-0.5143151714989652,-0.4786737470201319,0.633574226357835
-0.004977974747478982,-0.6438346847880085,-0.8315680237165581,0.2687762987516224,0.6493781154098676
0.6519255942256387,-0.17649952892156934,-0.044736326831566094,0.10816235282944468,-1.8053118771622247
0.07668435762064148,-0.8480924871439105,-0.5806576991460365,0.236382597039977,0.5973800724919128
-0.9821207551560632,-0.47521822198468083,-1.1842131545786458,-0.26926973611295973,-0.45531897396166904
-1.4846152454006665,-1.2463622918685597,0.06682454899320449,-1.6917036077971284,-0.8582313023623287
-0.09721409657120966,1.3200892705125014,0.47115117612661556,0.4795371443617951,-0.09176487709269089
-0.04852019687076677,0.3435038496922656,-1.5571202527079464,1.4041750888248548,-1.0616240519320594
0.5418074653559762,0.5467027672906647,0.5560075506706568,0.5031848725644714,1.625526467818386
-0.04555796921023318,0.3988305912259222,-1.8615838322782854,0.8317841962536361,-0.08853899075749791
0.14373353308782202,2.235441125164075,0.8563453006789328,0.42451703210934016,2.840434677165946
-0.44159145233234687,-0.28612911892009313,-1.672406007736593,1.8126316394812114,2.413749907833328
-0.1712041077944928,-1.8494062726468465,-0.08750261430105735,0.3053869580899244,-1.3105070446167713
-1.9803339511177531,-0.9883654350627955,-1.864076562691099,-0.6555624110559729,-0.37649662623632885
0.5848089173566146,0.911346882580484,0.7559357417952598,0.7871830458992866,0.2898703677361847
0.7891854626551932,1.7940790781844007,0.7679891578655917,-1.2433134001051844,-2.0359536383884866
-0.3968327411156299,-0.15168351819041803,-2.675865325082929,2.128948827539979,-1.2656359833817576
-0.41034807689992664,0.2897470850879634,-0.04765109933554151,-0.07614731710914953,0.4106859394473901
-1.6789661036280321,-0.6142311045177363,-0.610889057105515,-0.8191994105315884,-1.3977403013133027
1.6025811541486348,0.016749577291787374,-0.7353693168238424,-1.661833546883354,0.5302264763240705
1.078966989609802,0.9067099649464267,-0.49749889293197375,-0.5319385912866966,-0.8971432534641001
-0.6047595550978563,-0.3107920522767361,-0.44972564934723247,0.9941724744527785,0.9997219008106135
-0.9163925790260274,-0.515588222487214,-0.3767409474626891,-0.12425579759898352,-0.4054812242650162
-0.4371753129950243,-1.3070063304229587,0.23186182647647915,0.31988438528839236,-1.1099750564352056
1.6659063501417943,-0.7205718622990003,1.0393491488069324,-0.4216013880415189,-0.65713124433588
0.8135945717978994,0.8499073308264873,0.25252663310657325,-1.3136875264136303,-0.6920656827647492
-1.1158977694135257,-0.8496251118405729,0.44786418565452013,-0.7257054780484982,0.3759839598041821
-2.28140110716448,0.4702298406396875,-0.12077107804315655,1.0196560790934435,0.5869459707151141
0.775800129296621,1.6351512784719509,-0.36359013217565533,-1.4912005484347213,0.5816014600914612
0.5497927443618637,0.9021376831165154,-0.1782994704651206,0.8510623786648909,-0.7274915612318322
-1.409861141282284,0.9764391305301202,-0.27647991719270104,1.0136632506111716,1.3458844407392692
0.27583076368042403,0.5533529168364394,0.4043440646570176,-0.6103979000449252,-1.7997002278706697
-0.7683364851222341,0.43823018487297627,1.522660554604497,0.4718482913865374,-0.7805627655280433
1.6853570861942493,0.9951002154506012,0.7013134664590748,0.7847744027763706,0.9616881216869053
-1.9753864339378842,-0.20357745985892856,-1.476538511770532,0.7099676888382771,0.03792755711044792
-0.4105260186000234,-0.9739161690506463,-1.6448495596421926,0.19178077548678563,1.0510070055028302
0.9762809268290403,-0.7215827286721842,0.3381102083899787,-0.3236194661269109,-1.3314617653578142
-0.27747203554049593,1.211041455990602,-0.01563451488897737,0.04364551170575749,1.6295767909037993
1.3099704919998818,-1.4264587012852774,1.1073454247859313,0.3896744565526079,0.8119378000670046
-0.12637857714243683,0.041375749317367476,-0.46590990204485616,-0.12702297126898,-0.002967894838181056
0.25094775094291616,-0.8559837311159736,0.4882934684293692,1.645677481754199,-1.230261264603084
-0.8498959855572299,-0.38891262259333237,-0.30156058067578045,-3.036100269183014,-1.3320023554430942
-0.5301684687240696,-2.018246946372867,-0.590127537152659,0.3154024180367382,1.6291753900609316
0.30246030071584756,-0.413018098634133,-0.9535937805580039,-0.035672482519571926,-0.1556061326906898
-0.12498782898733765,-0.9481568283691328,1.0134823013765153,1.3735532588333954,0.1516003329966621
-0.4249785752681539,0.5236281972674841,-0.4270939195572537,0.9849038187301932,-0.3342676606778601
0.4212046656929753,1.0035678467066018,0.3990094685810316,-1.530949570650735,-0.6339354954197887
-0.08494486540040498,-1.1475957415096727,-1.330919681901061,-0.15405958042268214,-0.9094815010184248
-1.9135127594897936,0.7232482920647256,-0.7956634847517924,-0.20118126170812353,-0.0682690372673317
2.7964131878802205,-1.040494349940286,1.132550700642907,0.6117598024914381,-0.714864781673844
-0.8503320203958905,-0.2808130600063841,0.8744889426287641,0.9954717301566512,0.5615193942744522
-0.9785408266208837,-0.9355853442432952,0.41839890997407175,1.2622719145449777,-0.6710466073838951
-2.2228928823991096,-1.186435826191502,-0.9135200506789035,0.3591315078449108,1.7734579772439538
0.3428375326342407,-0.3670395518463626,0.22839086191481142,1.7139774764050508,-1.3836606339121258
0.7970808126812218,0.996868203122218,-0.6848800832589503,-0.9742447891317175,0.33514383560200617
0.21595499251567246,-0.5726725455226077,-0.9008480813742226,-1.6533563220642027,0.7757709213330429
0.41431849150147537,-1.1895000277749577,0.4199303870638256,-1.3029525334912888,0.6989284566968366
1.6380205204995262,-0.0041273321351379035,-2.5371100529675013,-0.21010791638643564,0.9797769887282752
-0.9812750832993551,1.2610896875347752,1.0559092268591017,-0.49437451841425634,-0.5864077679557818
-1.4408965511867178,0.26578626412481876,0.4168116927441319,0.25121853888881157,-0.17057830461586546
-0.29061418107397824,1.566530848174646,-0.7745491153389175,1.3350399439327005,-0.13289165081842186
-1.2198425967244069,0.04845788644815857,-1.415285342288533,0.2666773297765068,-1.3144866880767905
-0.11630068317237295,-0.522653535583786,-1.201376799402024,1.1301466802963769,-0.3069664909767964
0.7354333372273069,-0.1975755733208327,1.5810093635163254,0.6127823448499587,-0.8942898251447632
-1.2864223169720823,0.1484428136317338,-0.09520119702732992,0.07493035522807408,0.9118044512032435
1.0595958536036223,-0.6159415053711649,0.15056764133108563,-0.6441126376871116,0.737442072244606
-0.6427134718730929,2.582457864209023,-0.35506615019511173,-0.70467669578008,1.3529835675402708
0.5413138039965802,-0.15231908275218187,-1.0183397643560301,-1.8090275920752514,-1.1317919517076014
0.17528500886675447,-1.6676618067216817,-1.6997245139456272,1.4743960056223835,-0.5349564199424625
-0.8834704907449932,0.09941540386610621,0.9686479805474806,0.6281058016910516,-1.259335575122114
0.6858569912268154,1.3690638904266168,-2.1423566995494077,-1.787089382104023,-0.2565985598856375
-0.4389349855110644,1.009490920831632,1.4297370746897344,-0.5422240126551912,-0.7373807864463042
0.8926192749172684,-1.2286531310675477,-0.21948630594138097,0.5368817736973956,-1.3872180425273286
-0.5913269286163406,-0.7437875746551933,1.4544438816076195,-0.006565844296219592,-0.38333306995429933
-2.3042516087614677,-1.4968444871854165,-0.9778354388405782,-1.8679697343698891,0.9431424148402733
-0.4236676108542467,-1.002434665851836,-0.9152933298895836,0.5999106732441216,-0.4557674158887679
0.46173891200451767,-1.7158800942450234,0.6100507777279067,-0.8775247007571102,-0.6502161617475695
1.021814912474655,-0.6909905499308291,0.8209689534009795,2.215389666812367,0.12147734303873137
0.4528196445842401,-1.4839110344080004,-0.7356439905922318,-0.8729094286118819,0.9641921478441217
1.2421921590702614,-1.4760602698355478,-1.2706578096954104,-0.96239354097241,-2.092880610063247
-0.8228992784377623,-0.7069994100900782,0.5935689351556694,0.36214070467378245,1.4428187589232409
0.06653109658364219,-0.34188972062852696,-1.3478119795403518,0.6136475302401457,1.9337438494832182
-0.8946378246204176,-0.4840185827673288,0.16380587363777083,-0.3205425474939214,-1.158983328637824
-0.520809195919106,0.08917925310017467,0.10152954688214244,1.1005942671239688,-0.41376507765484416
0.5420672071893977,-1.3907534099931862,0.8100314347355754,0.4846698998752104,-0.7428805564767388
-1.3253020648029705,-0.7121906962883392,-0.14383003121047896,0.8271510388296952,-0.9283739453634676
0.25642401440040735,1.3274192899094952,-0.8023756833920578,1.1300067464540202,-0.1482078417307104
-0.44577579304246334,-0.7065902585548426,0.002840220515206732,-1.492201900359613,-0.7859735024137534
0.6664865256183662,0.2910729192734295,-1.7726949027562031,0.14984585811298942,-2.403311599848294
-0.2502773513655271,-0.8163172785251654,-0.2795705166571036,1.459378913243358,-0.6201944346879636
-0.5075681522943831,-2.4881912122250993,1.4878489672322208,-0.564005230674849,-0.22389363915224764
1.815408654416124,-0.35715165659282905,-0.18778239350754222,0.7102102144405157,0.03850264261470307
-0.3398181761369988,-0.4269669558365026,0.26094145293464865,-0.08073160949456054,-0.09333422620954804
-0.921182986619138,-0.881891205407584,-1.6736046797753403,0.01876085426415554,1.1982208330083284
0.04716165065603299,0.2489617419598785,-1.5214916455784184,-0.5444865881214977,-0.6643501732462288
-0.8083104173894555,0.9234455453634469,0.7685035615175191,-0.14942545653645098,1.3079963672185884
-0.03515849727640766,1.007819496492547,-1.736963480911802,0.7775379986129316,0.6204851743806474
0.04730009019808586,-0.44828141376252,-0.4239607598705662,0.14482943332867199,-0.6133672786183699
0.20291954477061833,0.11822337493331049,0.13447589867462356,0.48315325855771013,-0.4866387845992931
-0.2349110559650467,0.0905152294209257,-0.2832509679108756,1.9516033931122654,2.1935222898027087
-0.8498128273828461,-0.8410860708455342,1.6653240587847389,1.0358807764155855,1.0060037197310925
1.2806380741765806,-1.4969690449979765,-0.17909771738386984,0.09141676015707004,0.037268676755650536
-0.9684392313153335,0.07328430492927333,0.22336963960412368,1.5512786156229699,1.3557933430830642
-1.9822639223229146,1.4743792025268796,0.5082952193846458,-3.1971324521307256,0.831900305463441
1.4449312059595907,-0.5782845649537762,0.4279427797552619,0.11989209270796951,0.8587962246915187
-1.4546316827113916,0.3902438646623735,0.5157694771599786,-0.35005670010015766,0.7114053784283402
0.4088892114393447,-0.6628679763997422,0.8770176343344714,0.07991429769500781,0.9514714874430613
0.4182563553234498,-0.6216291177261686,-0.16882084528379201,-1.7224329010845065,-0.16891136787780872
1.957320932331107,-1.0526917632474506,2.7545312810500624,-0.29755136255925585,1.568059498887997
-0.8843802517793766,2.3157684770715248,-0.9133421213078321,-0.9425328905620228,-0.5562202664393872
0.19102594492195188,-0.275111560335169,0.46443204712101255,1.0331239610489082,1.518653587010803
-1.3186613111987806,0.9481744923007986,-0.46474762525038316,-1.1905482584259477,0.2538813617752236
1.8205552457786436,-0.35290718959649126,0.03059433892243445,0.014353443107055639,-0.8369104503155402
-0.17205748092409986,0.23862504469188633,1.1684980062092247,0.6766518019948824,0.6736710500497876
0.710474629898105,0.11881485207975306,0.23570689603254597,0.028377198966402055,-0.23481589628636748
-0.10226822369909325,-0.20204082369860227,0.5471630549557204,2.056838431822462,1.8067685726776885
-0.7546973038821866,0.143823373084593,1.6651213813660843,0.6149225823746581,-1.5424552407855137
0.09366023345651661,1.0255375245113667,-2.023515080876814,-0.7594752560694445,1.5437164169023416
-0.4792977754132814,0.37088211731353615,0.5125881676239179,-0.6767621133684433,1.014020912223799
-0.4898456670362372,-0.10514325987777715,0.697960695610832,-0.06384730345393026,-1.35558787559185
-1.4091272098706398,0.047845691662371896,-0.5659460860489569,-0.8223003908594058,1.1256137443527736
-1.4293417034657117,-0.8172751881546287,-1.080963205560959,-0.010024037186683439,0.8302882185731681
-0.29501306380253284,0.16751850386390402,1.602625555225377,0.10760549787611348,-0.14381129272179072
-0.4119062116628608,1.7237359151143918,1.9051713120016145,-1.3950193465340612,-0.5696629890663168
-0.8552916493737213,-0.8066234296773023,1.196462404160127,1.4283245129539985,-0.8596858579018254
-0.6308204972437209,-1.4828110958239873,-1.446380051637554,-0.1311568793497884,-0.13358011770413017
-1.3995906177144355,-2.072014343988804,-1.1028277742825616,-0.6985077730691427,0.023504584533039576
-1.4676093622124387,-0.9064627217276021,-2.0800289688372584,0.5532299935111286,-0.8559070383665105
0.2630705651569596,1.3663182313952849,-0.022030131037552525,-1.2441070075234502,-0.3128433751330512
0.8331279629031996,0.9500125133581845,1.3855940186770688,0.8969315364481357,1.1046804108795252
-0.18481212486261162,-1.2723498737911036,-0.19203039624848653,-1.1401020951911338,1.7407189672502443
-0.3896135742910664,0.11402840720485387,-0.46149677344067436,-1.173110587962567,-0.8690176766747812
0.2172262729842339,-0.974713640972767,0.1677098016526287,-0.6989219513517042,-0.5682124433428755
0.3509453583754084,1.3843179073656093,-0.14105847581076805,-0.20471208101649294,0.591352394494419
-2.0044019277434524,-0.19746260426595047,-0.008942368348124667,0.8783920258885818,-1.2085139769223656
0.09808010919457742,-0.3411141236679947,-0.2303849396888855,0.4732153017370346,-1.4704666905969053
0.5686336794152965,-0.06159692348314379,0.629668461756643,-1.376958410542474,0.9088654520848038
-1.9412077045297882,0.6344768379498291,0.6344640972628491,1.0325802752213906,0.8641763041888654
0.30612868758380074,-0.6889880364433338,0.5248809993336434,-1.8383368768598047,1.317288879367302
0.7272653792146547,-0.7014543652930656,1.1091811327366956,0.8615037497323309,1.419174148725071
0.33653088297549383,-0.3852236013653228,0.4466971648486782,0.38389950349329494,0.6714138000174845
0.421338778715907,-0.7542415367615287,-0.008335440962624946,1.6646154681070768,-0.5485427258943236
-0.27544091437110635,0.9632358400406623,2.0463221832805347,-0.14917647072306953,0.8373942967033517
0.011435578655447545,-0.7735058346643843,-0.5221025316802731,-0.7277941739428656,0.9831946817065901
-2.046602547242698,0.7146872203649579,-0.15823306871365167,-0.7713032015919442,0.21638140343134635
-0.485483595648026,-0.18420755506431372,0.20403332391231718,-0.0009166057773314292,0.4266737124264159
2.6411088098153175,-0.6468315672896102,0.5736873376253988,0.29056909734167785,-2.0594990299534093
-0.4705917396585246,0.5147882244904985,0.6365427455023598,0.5357856436847647,0.18509107943751965
1.3506148778904887,-0.24270397771963656,0.7428316135297673,-1.2073942899886407,0.5777850180427043
-0.5063066967783952,-0.1047306464693254,1.0086993624452205,1.4308528777690872,0.7965288938050782
-1.0888928725509088,1.1912282603054438,0.23130485851397925,-0.02255696531231169,-0.9502732640234883
0.8407086560622238,1.1390918273747725,-0.10432775116864003,0.624987133980723,1.7228775122026994
-0.15599806443885705,1.8890128232568144,1.4005576889200408,-0.4832234631070446,0.5916233491509743
0.1052453401012367,1.7539593770234332,0.28486098100806206,-0.4414529095873063,0.8635943893832322
-0.8533980641194407,0.015623106814622997,-0.3950803918860585,-0.07116893580797051,1.4163899427582078
0.016435950693724454,1.4982173513800738,0.7026511888642013,1.1113997350355542,0.17904472167698535
1.4404705441739765,-1.5027734060702764,2.2988350960051913,0.11209267539401632,-2.1292318373946375
0.8180610379328351,-0.47630826257451103,2.267668026945767,0.28292671269294006,0.015823827846443476
0.9005048817732738,0.34419693414157265,-0.9355184405362494,-0.24551152519843097,1.4034624824048523
0.6511779947572554,-0.9080641013733893,-0.8477871847987676,-0.2622397825607132,-0.06564729222313677
-1.3647203848793719,0.39367600640654404,-2.3526353958577433,0.4640186552116344,0.6013588477062082
0.6620492224328735,-0.5213159144873697,-0.5414897056579191,-0.508723207159996,-1.0762850572269904
0.9640308892740612,0.18573990636174095,2.6403309023290547,-0.503484273533188,0.778566663529727
-0.4533528848104749,-0.3454822709571551,-0.3830682319057901,-0.11630822497980715,2.1216349051870638
-0.8111764977187912,-1.1389246551791934,-0.5723446400661435,-1.5666732133416899,2.061655743810936
0.47447515356390063,0.20736915566902364,1.9031439599812525,-0.9954615933407699,0.2925246117886475
0.43393031225767326,-0.023908131275411873,-0.8784774244380666,1.163831637570207,-0.5143291386449322
0.7831315124418484,0.99505214646728,2.2305138706036876,-1.3323166584993418,0.19702676839302471
-1.0697455390633,-1.6004081883978087,-1.1130166129478374,1.9171821074151185,-1.1939650605209433
1.3806662174815314,-0.8755253692434072,0.5149840721412491,0.8383820462071461,-1.0734269878991904
-0.08348470811118568,-0.5634454130218335,-0.7735508124764098,0.058194344435332696,-0.11865284070367534
0.1069246716573999,-0.5897178370547315,-1.4995681973215833,1.3325254377018323,-1.1508153271840673
0.4452671041868385,0.03196618122052835,1.8199167013241009,-0.7883134925923586,1.012928120850258
0.6006293243364186,1.0909171731390588,1.6033788992123554,1.2747641006421135,-0.9277569076357263
1.603702710472648,-0.8734366365887863,-0.19068351450609797,0.8687787823392357,0.9029287679803766
1.2056852068704569,2.4348911542500886,0.031153723886255584,2.097669245960717,2.46356985396438
1.5521522784927635,-0.15832930707274595,1.4916832298602583,-0.4043371847822202,0.760992559940871
0.08877653914863418,-0.47523229297168357,-0.01706797151062151,0.4444172991534144,0.5934169057582127
0.6425079971010743,-0.7248898463731347,-0.6576085112327223,-0.1455216685605973,0.3190595285679962
-2.1575806622942446,-0.006415768936678256,0.0012761975419273946,-1.5121683943582311,0.4653999705890372
-1.0561494733235504,1.5749685114270824,1.2116720074264626,0.05355305736036973,0.7987829375156043
-0.24905944286568182,-0.9079746328258526,-0.7229833335680004,-0.014676956366795647,-0.22876564829107726
0.5732858391805736,0.26059837592285956,1.539479948202011,0.23277344976754435,0.15889062133038354
-0.18472710007166887,1.075846825166078,1.3046701499676387,0.0718690340108369,-0.35705801007806937
-1.2058470122834346,-0.513078476483423,-0.8811936225117744,0.3515746907663729,-0.420484319144343
-0.43042212500384186,-0.2997144135752558,-0.6872776773086936,0.7300211050056261,-0.17275350848250295
-1.7404531791998752,-0.3088437489068017,0.21291633306955723,0.42662544077715414,0.5750708890073096
-0.6363005449944535,-0.465979535355916,0.35819348559251935,2.4011506491281263,0.9044157684002213
-0.33263076664232966,1.4636437793879196,-0.9355251783987367,-0.4721641122339966,-0.6624417852197773
0.6563648255050035,0.6812766873789362,0.6452654694627902,0.811062582818035,-0.3846291291125744
-1.9132774492922062,-0.7238240310446198,-0.24343456739579564,-1.7268906957036312,-0.01820023582266652
0.9211093949739876,0.8278675890457453,0.44824190884692056,0.13534338059862824,0.1576024376012688
0.7162255563044464,-0.28976448175877195,-1.3506584093439251,0.714945412513991,0.08522764179488529
-0.0734532450362559,-0.7241166730926579,1.018676136946033,0.38692439067772205,0.5261990080816746
-1.7084767732497597,-0.35362753159821225,0.5304902834709524,-1.0820805439766372,0.5366414363180091
0.3186610843560444,0.8531800090866744,0.370372019650788,1.9631676945927148,0.3454936732735237
-0.34636601981769044,-0.2538293721578558,-0.9471574938464852,-0.6068560886847605,0.9620922098224233
-0.3886980709376421,1.0870670144095471,1.0696023359937703,0.40037654475863776,-0.3032728065203265
-1.0224488947718033,0.5501484920618943,-0.8793208488488777,-0.8538816942090874,0.27365433847143605
-0.34399321458381055,0.012703536027362107,-0.643649414303243,-1.3168672651641466,0.2547723133600893
0.7982637187019387,-1.2346770809454954,0.7648433610761782,-0.7934768362080927,-1.0456962309052402
-0.42635872793795426,0.5675823833269722,-0.31869907232364253,-0.2451346768771732,-0.15800407158167337
2.678180478029131,-0.5334552780167421,0.41534485784267516,-0.20160851803274815,-0.5365293875785425
0.5777765301176727,0.4616623303434922,-0.278881241263793,0.2632767482210277,1.275257738326703
-1.0585514425936995,-0.20854023302682015,-0.590158038075155,-0.1373666586373899,-2.0680652620924005
-1.2884614556681446,-0.4677281031350071,1.3098368765086157,0.9909686121397139,1.6526265992871025
-0.23534778021797584,-1.4749132162170078,0.25613690730564476,-1.489740802769519,1.008651334900318
1.3559643325709314,-0.7147351868529248,0.3971166539772135,-0.8422658957029069,-1.4088407311102185
-0.305887593843783,-0.8716713242257706,-0.6635916112680504,1.06468046671594,1.3871195739199713
-1.2200142987929388,-0.4970368998118013,0.026927772459729146,0.06943231560843505,-0.021886949497703246
-0.8194462912378995,0.02186835510024951,0.8492795430909115,-1.8076142660210297,-0.47190740342256526
-1.611951500779562,-1.882299890136546,1.8032100320946813,0.005638030716414221,0.6037964784317291
-0.02944150785975237,-0.8198171807196727,-1.8798633342245998,-1.035217246706561,-1.3807464633910431
1.6077190219019433,-1.0943299854096256,0.8649370598235788,-0.03882997441959631,0.07544016973896053
-1.8028311614911412,-1.494626340118098,-0.043815118845018604,-0.7989973829791481,-0.5107129897342293
0.7724435122197146,1.2386042136873643,1.0199709496675429,-0.03567371045258695,-2.204847340583213
-2.2390314434316565,-0.5808504933807418,0.0951208956911114,0.21385986323022424,1.2584711953474308
0.3091684977176495,2.1793655407047074,-0.012364232224617204,0.18608390836670755,-0.5272813825444819
0.23984416227621502,0.8184171046436616,-0.841877296944559,-0.8928182840779387,-1.0099387267692357
-1.072919327957919,-1.100771675386447,-0.21277164974549495,-0.09412209011922248,2.305243015616078
-0.4108015818404964,0.9418721656815758,1.6651362989157577,-0.6899819865939182,1.4986350926065721
-0.4247453313049179,-0.5048567983957223,-1.034734717389961,-0.7029696096733182,0.746463971621629
0.1808287632809358,-0.5895031516413691,0.06058280918409554,-1.078243765225563,0.2776136380173352
-2.705191275311705,0.08666023898408226,1.4448901930037386,-2.3787164870356494,-0.19974659829663557
-0.03397908917621792,0.9439202762138331,1.3422213079511047,-2.476583390177521,1.0549547992780592
-0.6980515574981041,0.6934630860109959,-0.5744600058531503,-1.1938015914428293,-0.7074676806336577
-0.6035933182731129,-0.7557328881679195,-0.6378724127547375,-0.7157636550166597,0.1717234096084973
0.635995782642404,-0.3542711046574519,1.060066608198568,0.5030917088263624,0.028010146966210497
0.32964109623054527,0.5532828489835686,-0.15411720094271572,1.6206510441936237,-0.3700041803678643
-0.920665430013241,-0.004989813143144981,0.20324671704832606,0.7634512696620577,0.873145131006411
-0.5827531206419629,-0.5785746849814069,-1.1715887222254875,0.6282191465132024,-0.5699411997244703
0.3311951847695921,1.3945682810224698,-0.05564265992677509,1.2410764666307024,0.07707420684491798
-1.317199313139306,-0.5085704852020965,-1.3417705940321538,0.6182868328837949,0.44534156064422514
0.20182442037073503,-0.23438330577276073,-0.5011561810002655,-1.0802547874304205,1.9593098719370103
-1.0709113480755692,-0.8434179729219418,1.4268277806097671,1.0420407788323696,-0.7305882383446871
-0.13456671651458918,0.8314377785661475,0.3097245625557574,-0.2513413369075739,1.0619300690196631
0.4617357690358126,0.5438285926164541,0.1527715851522195,-0.9831408757044987,-2.3799808538730747
0.8409127811173739,0.15005313828774325,1.2610834583343018,-0.5643678337580931,0.22114863223394574
-0.057589902672084664,-0.2002674018529123,-0.8380724778158124,1.643487821939387,-0.3117973151541746
1.5220468224691635,0.2093016712068362,0.2246225031694344,0.5264735445660726,0.4848843167209529
-1.291456333619625,-0.00980490940069559,-0.04325731190100229,0.7623482288442804,-0.6942551080246882
0.5987991225365967,-0.14725475440310873,0.08633732134707493,0.15097786492626014,-0.6968022773714149
-1.71493110617219,0.495568164044586,0.8426903147917342,1.5489409916328654,-0.627726161795252
0.592452296165294,-2.5492496510150455,1.1750208688717614,1.711203512096432,-1.140943063054754
1.5870539358824867,0.05893939397024046,0.03841989961611926,-0.36970740412925096,0.9618727224031887
-0.7453050093737033,1.0832385122175054,0.3867792852852584,-0.4974521207379221,0.5884089748829431
-1.8005356597661752,-0.33835189855206793,-1.7152585372242262,0.015503381478144276,-0.0962794294996224
1.5622505753148856,0.6296157704746229,-0.4824376948594713,-1.699205082041191,-0.2375363558410358
0.9225419417637858,-1.840608200916604,0.6225517343832879,0.33740084131679515,1.0932767781296024
-1.2663725244816035,0.6833111365117808,0.019794969700551973,-0.3111007318507357,0.3057262019072338
-0.39770458588180546,-0.861034256017816,-0.15644827446882034,2.4591155081922853,-0.15546827494528467
0.22738502083632114,0.17933697904514134,-1.0353556785867337,-0.830636199424179,0.09956197665239482
-0.3344350760741852,-1.6983201133402062,-0.5749503778963291,0.40014392424395223,0.9688555128745043
-0.0095343300987705,0.3336899100703424,-1.6271433903884538,0.5838900450137493,0.7566190518449737
-2.568318076803289,0.6376623016099309,2.564551044743948,1.0383713965222976,-0.15913423978825075
0.1730533390151472,0.6909154921473729,0.913394475184343,1.9570416660398167,-0.3064470154383652
-2.0574630063653414,1.3185911926700487,-0.8653789458298978,0.45905474861201867,0.6495760070838393
0.49347508703740345,0.8513404258924313,-0.06840852463541311,0.2163976008084728,-1.5739903257812762
-1.3553709217529064,-1.0576462645284581,0.6200786232124491,1.2023219727834145,0.7541916245107897
0.05188141170401138,-0.847060842337425,0.8537404131937799,-2.166925870287085,0.4461893511325376
0.06985646566122024,-1.183490890970914,1.1072030506246087,0.09457975704008846,1.3816858691724823
-1.0506635548522651,-0.0692271906024578,0.40699230436962275,-0.0002924026550221422,0.6037238190437126
0.6214117698318818,0.9987267477859291,2.0730831936353487,0.38292336127063265,0.1276634439043737
-1.3897041316293801,-0.16846807100608094,-0.8947513677886201,-2.0278552244874546,-2.3659098223792436
-1.5737754597205802,-0.3469930579299159,-0.3033479723591681,0.7518549112488065,-0.19170456712552797
-0.3368868043556015,-1.2529701286325412,-0.2989922671664781,-0.04435677740673011,-0.8679794946116967
-0.05938616275844191,-0.6565983364083442,2.2781943124790223,-0.7817142193903471,0.044395184793233074
-0.38269772386781786,-0.08568495903293362,2.444517241410275,-1.2777740721906548,-0.39331016975083183
1.2450972639419353,0.7333575428370339,-0.1333021301282048,0.13861217736799675,-1.2639656158980128
1.8106522197466577,-0.3762581367396948,-1.6044006268890063,-0.16506168288214235,-1.5508927589019121
0.024114507323794478,-0.5780755454763095,-0.7361902908808334,-2.4069685949053934,-0.07668517855453687
-1.2011707963401994,0.530156794533583,0.7117599813130526,0.40139375905114955,1.3298248785226623
-1.7586716026286682,0.7225250097431473,-0.6710698713924684,-0.11537048083043944,-0.9494911697899503
0.4757961420022925,0.21722413442621724,0.4298728651145445,2.1782270022104786,-0.07807062336628796
-0.3218293700147954,0.11459623613271494,1.0940052363415134,0.9388295432984318,0.7219816453364672
-0.30719121868800375,1.5216039701229427,1.7917433810728538,-0.01773338929965949,2.3310255868676077
1.646147744342603,-0.2229037225309309,0.8707534794781088,0.19756158752008163,-0.4127089523423548
-0.3724684642328369,1.1391905677345258,1.0088114301771876,-2.285721772054054,-0.6751094445746956
1.019343696867066,-1.9970593163504733,-0.7139734914512378,0.7399204506122049,-0.8824862090083594
-0.7185956560451378,1.2588032268006255,-0.9009800644861489,0.7229591603558329,-0.4582580477815776
2.7294522463702857,-1.2343318716003067,-0.3764323510950586,0.7221748717871374,1.0083440322655162
0.4942305975395481,1.150934672933776,-0.38977945410104026,-0.7233913551277658,-0.2345567427011508
-0.06855711958842169,0.46443209026725213,-0.7865318800211021,0.4195475160588046,-0.07985880585716673
-1.7205095669816386,1.0198113751237154,-0.5093962877339594,-0.8886505540761931,0.18578145805245241
-0.017638923212154253,0.28853071190210255,-0.776645193538064,0.38327281400128194,-0.9876117935156201
-0.48726254919344947,-0.6839947614144363,0.3253535069584754,1.1333235827794086,-0.4529163835869768
-0.2683314067673905,-2.3934866767932226,-0.14802482199819544,-0.7053806108286403,0.3881169013400352
0.6164031911636882,0.0791405145473271,-0.808517412478044,0.29720847227212027,1.5714746758845837
2.2493410963237497,0.6729444985352031,-1.3422169588035713,-1.8359615892146326,-1.5421503518395252
-0.3811586040906987,-2.050454215854396,0.48625006575847857,1.3075432066309962,0.6658807454448893
0.011305852361021908,0.7847173802743371,0.6608913869759135,0.18502852539101647,0.4804630264591078
0.3165640827178158,1.8367776737114847,1.1273291578791702,0.40842990937753815,0.59715357588696
-0.08614735948326369,1.6406734243180747,0.23543486095907323,-0.36550919346428623,-0.15692035900179202
2.265453972111885,-0.7123583520220699,0.3015295779768428,0.37075746550548905,0.5391316752909637
-0.5485566128323152,-0.21350124007844085,-0.8661909594237197,0.5847137396958462,-0.8319002089283938
1.0796545483795932,1.3112114399989152,-0.6757332220345187,0.6690189726542269,1.0314696143936075
1.5797511159379398,-0.6378405371844258,0.022156909298928405,0.1725928065949348,0.011833118554620223
-0.3572392431296768,-0.27919720376539314,2.912905757079488,1.6775826334636301,-0.214588755947506
0.24585536225287463,2.426568169095075,0.29990508012294614,-1.4773917781064005,0.20214610761206944
0.04379913927290311,-1.9772029781400062,-1.9191024107777626,-0.39477665746675544,1.8932362897213824
0.7716695415454535,-0.6887188303702199,1.353227475292784,1.9674234710403904,0.5481043876563859
0.866027140257052,1.8083894974524652,0.39382913649930346,0.12893615424258206,-0.3948842936917685
-1.3643629356382982,-0.8850116870977229,-0.9927460198750944,0.36898379364847034,0.5130727688341951
1.1275693281235621,0.40607932379151535,-1.9183198881500898,-0.6775577551299383,-0.4362544495153206
-1.5765911738871445,0.6119764051204413,-2.2188200609031985,2.043855247426799,-0.6111644006094819
-0.9290904798616957,0.28706208788718474,0.9684621118267809,-0.07141810884852984,2.119245996928876
-1.1199469693539976,-0.658646728807259,-0.6822958556075002,0.14369895955125975,-0.7979472153733896
-0.14521377890938975,0.351928969452305,-0.53533243587481,0.23763035796612023,0.6624242124261933
-0.8659806509685716,0.4038808468943447,0.72534626976168,0.658830425122077,-0.4944318566198275
0.891492174638894,-1.2248643524411673,0.48326010067891095,0.28274087812332166,-0.45572587615540555
0.015451270908731276,0.3153604337220991,-1.5676926701648286,-0.21054968015929812,0.07751043498365984
-0.30752973134033035,1.4760383689353185,-0.0177983238826776,1.5512405778591425,1.5432816610701805
0.45513451328158516,1.3427940000195095,-0.45582006112603346,-1.9373319598903438,0.9140743281649689
1.0669045863750388,-0.1025650091317594,-0.4463120077559873,-0.9287199809449783,-0.554735315468992
0.12561364999629326,-0.20609200806632413,-0.29196473401569156,1.2842679765176213,-0.7673969640413415
-0.34996531858635566,0.3037114964490769,1.004089506624811,-0.24983422626031562,0.6118871617867591
0.4588166936438304,1.5866686078521077,-0.08288576776502986,-0.37016199895430507,-0.6081419184007204
-0.15342362611077426,0.026323045164186785,-0.4192246454239527,-0.3043403260758517,-0.22655727138228032
-1.1180034221016508,-1.229073176737738,0.09895189507508129,0.8175214593177721,0.7056663416750092
-0.303955392665301,0.8311484611665215,0.6472925608772666,0.10680594037836211,-0.7292699018998601
-0.5298972397313828,-0.2190895844310732,0.7667659239485051,-0.7998363897189574,-1.3914479132059454
-0.978196150636868,1.2102081441289774,-1.038631533942207,-0.9329867142214066,-2.237066312108096
-1.1967874683056023,0.11216588796285593,-0.2553581471200323,-0.6377454719030595,-1.1314906097441193
0.24814694006004204,0.35021713793024145,-0.22480720222521058,-0.2087283424180705,0.4576630057299361
0.1988430289505632,0.31591667019664366,-0.34752746267773665,-1.265134465160184,2.7200367994055523
0.8669188610309726,0.9616547787986337,0.5638890597275898,-0.49464205260956623,2.068901745124834
-0.7052074045957063,0.058359410190877516,-0.7396143826818856,2.2649626995377967,0.7329575465809666
-0.45571510821424427,0.06213598381628008,-0.5267995069040561,0.2796712358660654,-0.6844777442070035
-0.31227496157276974,0.9720398427880559,-1.0210722518629118,1.238661931588807,2.066048830539178
0.17015161515991534,0.17933516657255666,-1.0836825464605302,1.266136022040371,-0.21921714800917394
0.6667666744721301,0.013301385757350976,1.5593799903043661,1.3954924206541544,-0.297173818365606
0.033175603543639104,-0.4053643610211205,1.063746016810191,-1.9108792615134795,-0.4221916708833959
1.1329256169012722,0.2857717664589193,-1.7656211592705184,-0.22983729996896998,1.3747685458610854
1.169068665137138,0.17248815037625156,-0.9158979782736154,1.3154159306190518,-0.47117325229397716
0.07049359138593313,0.6321762195202927,-0.2765540690813703,0.15557370398904952,0.2548844709530929
-1.0952433069880827,-1.7670890499191836,0.668142965718029,0.08322034956656148,-0.35299312886826734
-1.7229871163952175,-1.7205885409371913,-0.46521921662730714,-1.309869576599878,-2.246321978611348
1.593166675624985,1.8544386198421743,0.8231160882346534,-1.6818682527100073,0.13272542529437464
0.9252120730100076,0.6446427914885595,-0.6768603734291633,0.6339510901765263,-0.5536858003208887
2.24241111558484,-0.13354702919194705,1.324993652342434,0.08388402192919317,0.06318676312711234
0.09501312019019545,-0.7394942170771329,-2.8458388878552636,-1.1194268111662653,1.1566135552208268
0.7469104299378577,-0.00155876892253849,1.5532804291047,0.34500913824418356,0.39053780734204324
-0.3524959061527641,0.2955638835766558,1.5868776698598992,1.933293837054425,-1.1247691568873672
0.8246797114412735,1.0499659832583559,-0.14133336329255267,-0.1716889937569212,1.2732286305853873
0.9011425482714707,-0.24845707643606924,1.6522849000385036,2.285391948367102,-0.31515953496667726
0.17117980324404833,0.992801716429831,-1.3014264531545334,-0.04011207878987041,1.0823858415351484
0.89134284971374,0.43021342426851655,-0.12450914103640393,0.5836524685670841,0.3618615414849945
0.9866025472465106,0.5544596186741078,0.9507420467553144,-0.6195741617530265,0.6924982287254853
1.4921697071057658,1.093839357025389,-0.09811242815716763,0.6786149714935267,0.46642246800056625
-0.3052720823850609,0.11366719070796137,0.3143472117620877,0.9327244354107179,-0.4856944282489318
0.3019939442332353,-0.8222085873346346,-1.2625875143350345,0.06372809202101073,-0.5110435162477106
1.1190558074431394,-2.0418077750553976,-0.3315023149470585,-0.4820898700014718,-0.17985870673237758
-0.8279378934752151,-0.6738977111365341,0.8165672649498597,0.28337870446220353,1.0168066591172205
-0.11331735811415819,0.28225036621162464,-0.5441359231682933,-0.6902971335962782,-0.3093097259691303
1.3319985131250185,-0.3967172609921919,1.9425928567126352,0.8871834065807195,-0.22877619101925667
0.21917314505974675,-0.3486429490085675,-0.3478138127151457,0.11738459011759002,-1.2199882118925216
-2.459940619825246,1.2146613086163625,-1.48826372635056,-0.05797930299571113,-0.5840465023888733
0.3913233928424489,0.5034995247256031,1.568743273667298,-0.20485956035090064,-0.5699285304782017
0.675942680355929,-0.7142185053750865,0.2815694766748262,-1.8783375193108423,-1.6713088878633509
2.080876582044207,0.3233640814356902,1.7973981986284637,-0.3004146853744236,-2.2715111044519523
0.24048595015008511,0.16012254822127772,-0.3290858144340595,0.6118503478389529,-0.6461552335353835
0.37656457244842173,0.26986055606136444,-0.6532513224534477,-1.0884234766549896,1.133725081553753
0.02054914581008388,-1.2957478744379274,0.3810646260290982,0.7964801419629143,0.558652045679564
0.23998115579306034,-0.7734909469830625,-0.2514234768766091,-0.01345783429271396,2.2764194067912844
0.7855226210432726,0.6007023101033461,1.1867671171535472,-0.4744825036882244,-0.9138010282382264
1.065473773910254,0.8555615355740439,0.13184192470613235,0.943150805066038,-0.36066155409450584
1.0072481027789948,0.23880333333963047,-0.36016718747882553,-0.2067883141005161,-0.05238285677083082
-2.064055220235674,-0.013918599475968255,-1.5574880315877162,-0.20127102176811265,-0.8083455597653374
0.6306608951873609,-1.299647444376691,-0.31449924583764527,-0.7172277363068095,-1.2435758374992445
0.502058370472471,0.4162792200017197,-0.3837285609256907,-0.25136135261657755,-0.9407428520833776
-2.399995601839637,-0.9459273880531043,0.03006416704312337,-0.04398351385185857,-1.2639097445743914
0.9132295787957463,-1.0001843643738968,0.3208961455710365,-0.6334966451124424,-1.085376159357334
3.7502100544057857,-2.1761900476186486,-1.2941826481812952,-0.14400629488429753,-0.012106024851098173
-0.37318612937266005,1.1181262572379462,-0.7925945608555305,0.5318123112612841,-0.40462741875671404
-1.515305880100614,1.5108817615190249,-0.10407361665143758,0.07102946465716889,-1.9074114298972642
2.514687353348917,1.5091469140824822,0.18054303385534257,0.2738422171510847,0.10060404769034031
0.9487493378181562,0.056463491505099765,1.5171964872513255,1.885938194722717,1.5104573337366913
-0.13125096443566864,0.0393521683421588,0.622505626868885,0.4685360845823033,0.3067775418525128
0.15834111928248734,-0.3189264342452707,-0.3687492837600396,-1.8916902960823214,0.09814564778716595
0.5885327293296142,1.134586943517594,1.604596133560583,0.26099402668567323,1.210940083348866
-1.752590877052589,0.12369271881003015,-1.5595267739874166,1.1809890497160596,0.2565809549301621
0.8601157411071939,0.6192801111207055,-0.5455287187429714,-0.1464850871190964,2.1502909400002017
0.6182406258248611,0.005285851101446003,0.20738883967025226,0.32137497713746005,1.2519775570247134
0.7283055161646221,-2.045151023222063,-0.4942351465298755,0.6383696305209835,-0.46769473867735173
0.06892578360797204,0.877644746555846,-0.05267643587783766,0.15688600932462582,0.6984887671198731
-0.5118761647983225,1.5758830825079357,1.037478309974106,1.083407519261998,-0.10459367206064338
1.3434130296002618,-2.21455519312618,1.4344974437607285,-0.9172079548548396,-1.9994694175794685
2.2507361561611154,-0.4539112190904298,-0.21957328000965243,-0.11765702519672719,-1.3610830713384485
-1.8383849698280652,1.0238275031611173,0.02742520290129662,1.020704823870554,-0.9887645482509286
0.6442395920403219,1.4258416849607543,-1.2290809431857355,2.4068703620742515,-0.18742789835402116
0.16449071787987712,0.4076757760462656,-0.7290503708610581,-2.1195701560888507,0.2364790686369601
-0.28213743445461226,-1.4022128090138475,1.0744757652956873,-1.3310489103270298,0.7564654195131449
0.7949902249091673,0.20277175848680254,0.4622187884515716,0.8444897013794187,0.4486440359210698
0.8429984604055791,-0.3655019578767589,-0.5833788171316282,0.547927059562339,-1.3888178329134844
-0.5811513791064695,-0.5502150332110856,-0.25264329066101754,-0.14553783470096834,-0.30177564000509616
0.9942462838420104,0.02369628463851938,0.041241549606548605,-0.14864756178669872,-0.1745049330409757
-0.6098126133136524,0.6799771319427074,-0.7315497364801529,0.32206347383958844,0.9522427061019653
0.7732137930874246,-0.15815728606467291,-0.6574856527768821,0.9457724635641221,-0.4174731186411554
-1.0335910277255704,-0.4221818285546913,-0.07163444492692433,-0.6150109121126456,-1.181015290051703
-0.6960700308521156,-0.29997731483511547,0.27306531565090025,1.4233004485821803,0.09323146677300535
-0.22567854226156062,-1.1396230118921316,-0.33817328977560485,1.5625236699336307,-0.028342282749044684
-1.6530638185664297,-0.31829457939504907,-0.15245819120137682,0.16481663618413406,-0.010602413473607072
-0.11959649562542327,-0.13561527560890296,-0.21168593560446358,-0.8174182449164565,-0.6860651397622551
-0.7193594957649735,1.0451208166255985,0.44523034169348835,0.49987828506148585,-0.7763505928038442
-0.5572007548801885,0.35551345940100076,-1.0266300646667608,0.38715645763526507,0.23102919325479965
-0.30903560327521695,-0.13834099236146766,0.678365783737209,1.7949642371581669,-0.8791359812021181
-0.07186461423970276,-0.25995571172472076,-0.36809481530284194,-0.2526776891018515,0.8003077637543522
1.1546105934333424,1.5173491150452407,0.6831234895505439,0.24387669273552237,-0.46952053520541387
0.3193892160173832,-0.38136402795020186,0.042382700801207894,-0.43762711448918606,-0.6342952277177305
0.09696320207955103,0.27258183392821866,2.833639570218466,0.990519724124534,-0.8973491188637772
-0.08971314538708075,-1.1664216321755951,0.09673312139596772,0.14028846819651858,0.6443517153251596
-1.25217487636663,0.7660862693897365,0.5120117813232595,-0.2887386206954615,-0.5371733440031008
-1.3993636259997615,-0.2998878988536287,-0.6424376133608541,2.5264831885103183,-0.28800864588795205
-0.28814427797033126,0.9207049291180608,0.19300618103628034,-0.8841280991354616,-0.7282616196873514
2.6653465386025674,0.012258509928656229,0.18792175384354876,0.6641553127973059,-0.738796638168712
0.22355460220535298,-0.13140212981477975,1.2448778326346492,-1.1157220504290486,1.0917204740188065
0.16887784723681254,-2.0354263620056634,0.32549093888120706,0.8594804141289668,0.9375473296329508
-0.1639227453180108,-0.6890088201050917,0.5118869548053776,-0.8011260427762736,0.07239402850563005
-0.13879480167046798,0.7822481041702968,0.0015119246251484675,0.9651890162677335,1.7413322536201636
-0.8263963402736061,2.5507964359885875,-1.2626348449162847,0.009764411440255024,-0.8687656639832948
-0.9809472848188601,1.0375727186213806,-0.811417841671261,0.9083368143866042,0.24478015850752782
0.8372797821579878,-1.3419975474395642,0.4008604450488339,1.6627784661058267,0.035422999106460906
-0.4090243549623317,-0.16749933231387054,0.3996284101245116,1.351422296374894,-0.6620477545814017
-0.29107522553575055,1.077137706208674,-1.8933887215005902,1.1587817027773497,-0.4952443912510449
-0.29171433520466683,1.4709529246451358,1.3937074213394616,-0.1914231318305034,0.6412992974706132
-1.8840670754736715,-0.7282742387193641,-0.190148413769731,-0.3503048821844712,0.24450904352476646
-0.307336158212527,-1.3671766646557058,-0.04298234936481427,0.4182917904678085,1.2197237493050512
-0.8453838025900083,0.6790468517195956,0.3158540857007331,-0.18409008389549403,0.31645091739542075
0.38355903541394937,-0.8803799662823029,0.2283967418925997,0.9088990818834866,-0.15499424645999194
-0.23055738999412262,1.4362498770807668,0.47638519003889485,0.3400946568204832,0.2583268152126002
1.7371201191252643,0.5173027404049405,0.34449869876088185,-0.4511030886151633,1.140806389264293
0.9816003860926269,0.739723977109188,-0.35380470449839424,0.1148173117007835,1.122224577852506
1.5452701799040183,0.0357928138072485,-1.4070821189456306,0.28061164498364327,1.9239924446340013
1.4953673761355881,0.5296048985232469,-0.019000825489792924,-0.8923335876745937,0.07742091831299336
0.0873704807732204,-1.0013088379724446,1.4991504658196275,-0.47676679066112493,0.7278827646581899
0.9903425125300566,0.04533345419063353,0.22827137840701517,0.6016442343430407,-0.5217599767279963
0.871964650717301,-1.6281568932356696,-0.20204909523977765,1.3015390371412383,-0.4210893445413098
-0.16925232745476967,-0.4530564841833766,0.08455552348893498,-0.6326507599765999,-1.038276044719256
1.0699767342531536,0.3215954352494966,-0.3265670597530623,-0.12794208210435543,-0.2613258025680218
-0.44634902179253355,0.1425443425045993,-1.4184254729800867,-0.46809625186947806,1.2437213750178098
1.4677881476882795,-0.9498527595322089,-0.5840808454566682,1.0411686219441902,1.2670793475130526
-0.8259820046550107,1.466200543335838,-0.8498825465546678,-1.1713005094318873,-0.6293163112291313
0.03421181229035024,-0.8894728128061591,0.7396727198613972,0.9766461026678543,0.43016700837499894
-0.36040796859572516,0.29476535762094686,-1.1180260413077276,-1.2404363416233375,0.761964210905792
-0.23343876056295815,-0.4963157231794583,-0.02148796699649229,0.5284136485407009,0.6369559435551578
0.498147069582451,0.9191650665481677,-1.2226992937331151,-0.5506409405769804,-0.3129340167345238
0.8003597209824928,0.7522554063822209,-1.1132783382383478,-0.4182446077127343,-1.1806650053513166
-0.5714994283080679,-0.8969379437169246,-0.2722856645364012,-0.4645152779025551,-0.5823057664792194
-0.2975737380170243,0.9885328759657118,-1.537011336798508,-0.6926105189350116,0.3581989498465809
0.05235255823122099,-1.028348410726935,1.2295136829237439,2.132900465837222,-0.10485855876316427
-0.1943621316262342,-1.133727276325132,0.8898423430713482,0.9220996999119905,-0.039120117017516
-0.186464452267491,0.9837957668828188,0.37946633636171323,1.3248145743575508,0.9568639868317377
-1.7300028889818386,0.28218711673351804,2.433578153806614,-0.6379797062325094,0.978586864477851
-0.6246481282367036,-0.21620047684490684,1.661614297105685,-0.7803565839285399,-1.606509552736182
