0.5565525223553673,1.3293755895669745
0.4653292809670313,-2.953687885722388
-3.8897325420895252,2.1142455259718793
1.2930976604030198,4.103135197118254
9.096487940920415,9.280204775826975
10.73263137058591,8.889114084044706
-9.175845950169265,10.405373297888142
10.714177830312963,9.3673114881408
5.686653132943666,4.355051157302777
1.3184717703841358,8.639782380394541
-7.4991979603013394,-9.771304232645903
-1.7911778402354077,-0.7828651951942014
-2.5628690156513265,10.696971839294529
10.414202461537968,-12.486211251013255
12.359186305502334,1.1634627388107948
10.20886703633439,-2.080262924909641
-4.189892510564315,5.916146486442141
8.362837674429901,-5.5297039731557565
-15.734963981814536,-7.451828243372001
1.841208783068745,9.793125721780253
-0.0010774755692626314,6.054281779345926
-2.0724912420469384,2.572265554482632
-8.477889522990791,8.115925811073282
-10.218544843712937,-8.573664569917842
-0.635524011481902,-10.399332019129371
0.03567005761769004,8.742938574836492
-1.3995444290034282,3.41017679912158
-1.467597555861715,12.041597397195558
-2.6726928813647257,5.5263067783780215
-0.88570567796119,4.648907347865313
-16.073568641760893,1.8698693025475563
3.9284583967736166,4.5406648419097495
-13.893177228006325,0.5060595196963988
-12.963839324584372,6.537186027005263
-3.001071615019103,-1.8614968121195083
-9.66737838057134,3.1697838551357096
1.9332585779919036,6.531418349049989
8.133408665537896,-8.70750188925457
-8.363645243242734,3.880108845698887
1.8612096425166635,5.406291844250243
11.397438418597467,12.288926270401735
-5.418854803091198,-4.398929972940108
11.018933498075729,0.25554304088483304
9.617983070995162,1.5404717065645401
0.18390233211565743,0.9754024640172463
-1.4062122708591351,-2.585824775404551
6.143469707239789,-4.820207792553881
-2.910814318866299,-1.853887611800245
4.229512930148983,1.924510743524247
7.778928388804005,-7.852090641355028
15.176345213897527,11.268783111248782
14.389171751754306,-4.288054472681394
-2.672600256700147,-10.369785193577881
5.79821263591076,-17.202844091987345
-4.560252572827979,14.117818279717287
6.839732642479376,0.20162804596456074
-8.823854853206546,6.427366965467413
2.890685680603114,-2.1022206065213225
-21.085199911244228,9.543549260657043
-7.931214143953736,14.330494971789774
-11.398780574057403,-9.610172680405714
4.222866715420074,11.369807097164024
-7.629237011623676,-10.762437883425862
6.358074919359122,6.088073101693862
-9.592806552569119,-0.23547937095698757
1.2950498136068278,-7.455233834095587
0.9503063633622906,-7.173882273364324
9.26749472886537,17.176566772240793
-2.8318349560309404,3.991252796012491
-6.900451361253852,-2.2204038548561598
1.7400506135516016,-13.602453227314658
14.497710334847506,-6.860756885083981
8.275991879009652,5.916580576119658
-9.227956480401074,2.8831504417279317
0.045132045769603835,2.740665364663171
12.137291046755198,-2.8065113379569784
12.659820546581853,-2.2725805355142716
-13.548658417778217,7.088934846348861
13.810250420069329,2.6036894446292167
-4.52645331233397,5.473347746069474
-8.013967411297177,5.599083929765306
8.631623190120505,3.510004696374085
-1.4642128306751228,0.5159097027246067
1.15087878871133,-1.2752529757820694
-4.148064041853248,-1.9060734168614442
-2.651544678387358,8.91487663011973
-10.802720198456262,-19.385806267475793
8.004309065828206,3.93233056476883
-0.8832278222224881,-8.39929155138022
-11.710364772181391,3.2902724154196688
3.7967140992515507,6.189972405316874
2.720373713332492,3.603633589173268
-10.378007953380424,4.052984103341502
1.4929277303230544,-8.340503789962742
-8.811680869057627,-2.061763167076493
-5.061654513865338,5.0560137954436986
-5.248129815629191,11.56668380739274
-3.6274806749618738,4.348594457634701
-7.753964848142089,-11.84368348857625
-10.918594480296381,-5.216251889906319
