-8.673197633810425,-7.668245439042024
-8.550961954971743,-15.77436167498476
0.23023588974165232,-13.847157096391566
0.6028151658896261,-5.139696840751128
27.374220485893943,-4.39642401574246
1.25267908337395,-10.093863021010394
-17.582731203923764,-3.4638298847688613
2.5205723775138025,13.327712754702684
5.10497777658486,-21.49200068357767
-5.631870976746789,7.798949571438141
-1.4984565053147678,1.724070190410182
-3.5367871512307865,9.838178555899754
-8.637543941443802,5.293965785205221
7.596087422603123,-17.52373258178932
-11.538374613847592,-14.517528449926173
8.409643302350782,18.969146187172772
-11.25482503885076,-13.787108824226872
-17.40354191755076,11.78911410598406
-9.071023750679464,10.695652305310473
10.713880956499729,-5.8853131093470115
-1.16261381254552,-7.646344889994591
-10.255339156877358,2.5298225563739223
3.8695280104936423,-4.3577834813557494
-25.09259102061278,-14.743904113842817
-1.209848526046593,8.771938897325846
-18.01603642129461,-6.188892357620717
0.5025721586065952,-1.7429856660906644
-15.275996916820139,5.573421145252005
-8.386961838649954,2.0313009351288374
6.01866978218104,19.74528953928727
-3.295048283115625,1.7333850325915043
-14.874862867999514,10.051704843603892
-3.2836070355763276,-0.9905613817520589
-0.5988029607361414,-12.602371977447726
1.4260102047750323,3.5904948310082334
-1.4611499016638192,5.838159917847255
-14.02372381625543,-2.341276700018623
10.692556185660944,-1.9656906594637595
-1.5925470171168898,-11.760382492795209
-6.549759817528443,10.69514218741498
2.841954046152172,-6.061017218636741
-13.921564096141976,6.24676206582075
-3.4661127182571665,-11.427323620897981
-10.038200733592936,1.4755460262132818
-20.83381433668193,15.0619539039287
4.863044394829244,3.8546802354646275
0.8906189931895909,-3.310955975421127
7.816971141257731,-39.655253549007064
-4.275806618707215,7.257906613704648
5.398866911620987,-18.820664664088156
-0.160759234645381,5.261428796850462
-12.967117516969815,-23.84414565509077
-10.327953197651112,18.675167631886435
14.160907998042964,6.4248095120573065
5.615061999304725,11.99831329717375
4.324185555098917,18.81169066033045
13.002619346256186,3.4895436320335262
-5.422359867294467,10.711577466492914
7.090273587089323,18.64850115683906
16.318559247676603,-1.142161067140492
-11.429166738606684,9.517660156864984
30.659571122198034,-11.620735458008324
-0.51296755892756,-7.9304391820298274
-3.858054493866215,16.340743735110223
-4.895912605096132,-6.123858351062382
-11.400707520317082,-7.585211531505679
-0.41350174349885416,6.44798448763615
9.07179745127025,11.421837431374648
11.155222198593574,-2.8549070109800097
-0.8021231258403891,14.237399543569136
-0.8023124751678559,9.325949269360915
-23.349399856319582,-6.582891149052022
6.926798091720114,21.58532738907025
-0.939262641250993,-2.8252668001037327
-3.725268442834765,10.149576937960978
-11.023335388815672,-2.1503150434782574
2.1777315876986822,12.12543316103791
-1.1412013805132855,12.970398635844226
-10.695974836694397,2.162381300087418
1.6823184398897562,11.063171279026859
-8.642888105608138,-0.9880085018435725
5.125831632737761,-4.7967709853206255
-10.275712825792326,2.915373163036665
-10.271052703251232,10.530344662709158
-10.568893281669217,15.604591226538274
26.40070402279354,-21.143086487726706
2.3784499248688213,8.80512110906881
2.5333039194002955,-7.232375819257747
12.089314116362594,-3.540811387084184
-21.197414115918477,16.934662905578396
-5.088963788796178,7.311256018868729
-0.5367049011067255,-9.273614085947392
4.413749047023969,4.1846007517419945
6.794887316996725,15.173465283309042
-17.969117680105047,15.49423830540492
6.964952306358143,-16.36730802331791
-13.875033463219836,-4.451025190547371
-9.944106700102205,-2.6868588811322125
2.561060784290011,-1.661980105442714
8.234936228722193,-3.214082444366783
