0.6369627611123772,-0.7697390667281737,0.374905565010092,-0.7036487483975867,0.7440669109631081
-0.9579372934292198,-0.5936622481143646,1.6781763054550147,-1.4863732319047454,-0.8365487331690435
-0.259663745693759,-1.0957873227599602,-1.682472897847557,0.3208872509826516,0.4656309524478927
-0.3628296134236809,-0.2745860998674679,0.028297546210940664,0.6099024846065649,-0.5249180081093358
-0.9417516243755448,-1.2346952764935601,-0.12018532170581363,0.175694776875876,1.1564869940612656
-1.5432194097574448,0.9649215089821152,-0.9135375913707506,0.5078754603438992,1.4123936616425872
1.4578814656355994,0.18688040085158944,0.6376483496013086,1.0674607753293441,0.8450531892255295
-0.7008386081594578,-0.23828366254739708,0.6119388866551397,-0.8484646024311316,-0.3847339203131561
0.9688136303768616,1.3874470428878578,-0.9710605785023307,0.22717201229292142,-1.3634574140812499
0.1590596347369293,-2.0507042988173567,2.2300969715528973,0.3792229300950558,0.5508724374362828
-1.6031741348841788,-1.0908398090477855,0.034097083562393965,0.3530918444634452,1.361684513593388
-0.13581328045098667,-0.8001221208763909,0.9678957533607445,0.49379690460932746,-0.6501228798874997
0.366266362245915,1.4002763366640614,0.5233164218465207,1.2239869998667874,1.4202770248663374
1.5266808995474999,-0.40794630542366545,-0.48036720947692835,-0.9120711024371256,-0.3095875575518659
-0.3054133789983068,0.1452129347595963,-0.9448559985925293,1.7228246154236804,0.227047037895727
0.03826037027218631,-1.63815412327202,0.24084925896928813,0.3551881860915811,0.7494643695693167
0.5530269615450377,-1.296477784341362,-0.6529343518874056,0.2441728201845604,-1.3783240653159918
1.962897444090424,-0.44044288207456955,-1.2564515653324526,0.020164694697160014,-0.18013658545885208
2.269019014720435,0.8513545674901911,0.2195713040430181,0.26231699902541994,1.429879839890609
0.6680563983837047,0.3588279387100801,0.38301567313898577,1.0466695669418509,0.11077147547158539
2.423347854220212,0.1799763373171334,0.6853196703289256,1.690860382018906,1.47180184126604
1.0700606150428726,0.47736035025883033,-0.7134487615592044,-0.13198751329520247,0.9161202049489608
0.7788824564579531,0.9425682901412589,-0.4392141469950965,-0.3183290579469312,2.089753620846951
-2.4153761384940537,0.9839160094333773,-0.35188082080872995,-0.11830812606362648,-0.3930820112102648
0.7698781102743977,1.5245768509726667,-0.36287857205368,-0.5290330145127056,-1.951020199729892
0.4513125487513832,-1.1048975388792694,-1.5611603626161001,0.7510712617892781,0.3638222068051029
0.9695208151061411,-0.3535752855176223,-0.6766249313009494,0.8157728834249008,-0.08502019989930229
0.7833570628771324,1.307323767932749,1.0465765210404003,0.02188769469634302,0.9704900777065508
0.5667285104920066,-1.9032183452200933,-0.3879665999242791,1.276854614283885,0.21080663960121349
-0.806111706693674,0.17618623141312068,-2.1905339623717612,-0.22312828042901559,-0.4420772041298743
1.4170654053247695,0.482814301475562,0.9081958025081216,-0.8506276797115588,0.8344680302969903
-1.2082114636556942,-0.425364151812246,-0.25090343905453333,0.5129393658388398,0.4108572891058177
0.6467955919643432,0.35795960614608474,-0.4352190171336583,0.4669187579705419,0.4253775815225341
0.16125097895724108,-0.7763709749683103,0.801448835810832,-0.6830344221630519,-0.6906006064282414
0.6699667539597071,-0.5146611096248571,2.1248056336398915,0.732962950691801,1.7883008186196834
2.2790851946488093,-0.10406292415213543,0.4936744879768613,0.6090891953082541,-1.6276141977735568
-0.6074860783050577,-0.17720164460677518,0.1816998011166976,0.18665085398554485,-0.42306449580784755
-0.3938686028931793,1.1742658413241696,0.7803621182652463,-1.094033731297401,-1.200693085078108
-0.19528783655777848,-1.183995574158951,-1.631006054490064,1.3090995899711269,0.0018141297619713888
0.2769679188111858,-1.356758576329769,1.6537559426329427,-0.2347190809643469,-1.5447744910946548
1.3075340001757534,-0.8666982485452885,0.7951021058335436,-1.1422084841462896,-1.6079228483747863
0.8495968760359389,0.9942950978285474,1.1890997680654443,2.8262610458581765,-0.3620034599389509
-0.7050828184971639,1.5777875338790979,1.15003957190942,0.9956308853026704,-0.7844865392455821
-0.07098312856226764,1.5210339418986434,-1.210845682430815,-0.602759181728726,0.08821688232725912
2.1643513148581275,-0.23973919448169584,0.6699157037107221,-1.30278806802377,-0.02856760223351953
-1.4466943581322578,-0.30792350808192515,0.8156377353547996,1.245911210003546,-1.181880763253799
-0.5712682614192142,0.25761793238931935,-1.1168982109989583,-0.32226730262271674,-0.2749498665850971
-0.1104544948642538,-2.2522800550803463,0.5317736924963886,-0.3785026024155252,-0.7970877289615572
1.0391807608484263,-0.333465037567324,-0.517004892287234,0.8187007722603737,0.37560279999265184
-1.1505537502810266,-0.21221327416910918,-0.8148322675087342,0.4164818603029159,0.8628885449898471
0.03853689558621044,0.5692477116843794,-0.15865325466938826,0.6264703684669446,0.6887874252167513
-0.027968659115071272,0.31579697010625174,0.9163010131377173,0.1048309679452412,-1.8163510401991185
1.3029045496263802,-0.5217524440088885,-1.3815892800757033,-0.03742091714708328,0.7919017613584239
-0.2896030107266434,0.7617760518907322,-1.1686378859647732,-0.6736328043069648,1.4182312262633074
0.06669545232192994,-0.21043428462636252,0.8750469369926106,2.2563712273403413,-0.5583742788673925
1.9940211922331188,0.307325380539696,-0.07536136689445158,-0.17175803048917745,-0.07601699147325178
0.3396891566728438,-0.048007838499925376,0.17318756415811917,0.6231690661862407,-0.49091873984648265
-0.2597230806510178,0.42566065071869674,-0.872743593233964,0.9273877371032365,-0.40916679414938034
-0.9153799580210081,0.988661388347103,1.6818550062617088,0.46108678882109866,1.0439669837261107
-2.1801034141481415,-1.0413085779873579,-0.8572101183142151,1.293133430092571,-0.43586813081017717
0.5830921094427435,0.6876922860457214,-0.9315999626689302,-1.020238048110715,0.46391836121548347
-0.8658353430764075,1.7555223127483346,-0.21793986541746918,-0.6177007559083029,0.49793451858730303
-1.3868521959617777,0.14471840645547784,0.986624603465872,-1.193743946896611,0.44761279575261814
0.795025402108495,-0.5286489546985093,-0.07769171122334056,0.7934452467160121,-0.10558893286425701
1.0948607441132876,0.6328187439799452,0.09821129421347412,1.437720229264801,0.23443740652006578
-0.4299206033626463,-0.336773931697379,-0.11645915990008229,1.5010366789614598,0.1766699998775023
-1.2193504764628258,1.599548134578245,0.5339976776962468,-0.9473176705678396,1.6640147000686065
1.3366421687963657,-0.12327785679527616,-0.4449503611088282,-0.47383872592249193,-0.19076058829448206
-0.7973632713328979,-0.800861593436066,-1.012326403677068,-1.7911065852664274,0.003663153628311079
-0.0016046578349753374,0.3837616008784234,-0.3590752670324288,-0.3153236810145149,0.6867562626620484
1.3374135197392052,1.2225880801867783,0.9021501703672378,-0.9835928843327651,-0.050440440562284035
-1.270441004879702,-0.3782736555024329,1.1083253227581782,1.1286333949731306,-0.6381576698511577
-0.13902924076861575,-0.15779107042521948,-0.000660866596672587,0.6833429745409557,-0.19929123400161788
-1.570002641444279,0.13869349498850106,-0.5445717666617956,-0.25795413479260704,1.5484148484379552
0.058822315833447124,0.7216244286503699,-0.3268280429181605,-0.3551762391911862,0.40451274739635634
0.3731133157246394,0.6392375251179973,-0.21636627913967799,-0.41618910589840136,-0.02122920578758351
-0.4389254058416611,-0.09153026269645871,-0.7095085281025745,-0.9962793644583597,-1.433936072161048
1.1477124466721698,1.2811531769883382,-0.9603276367711008,-0.1575691171892123,0.19985316324747704
-1.4564421504329128,-1.899831698465282,1.0223189729972355,-0.19544975801805203,-0.4494796949290257
1.1167482752587727,-0.7296246211436195,0.08883018644192628,-0.08397227370648018,-2.1837729313866108
1.550662153888218,-0.7070360369138226,-0.7105682001969441,0.30811868767531353,-1.1207764017953328
-1.7810130137263624,-1.4548860003184778,-0.46281777132444907,-1.9836322049970234,1.2921247560473732
0.5195640043355952,0.5127424415141066,-0.37208165779535873,0.5552488374713878,1.1081668725652372
1.1310324373724558,0.5270000478212081,-0.5545900188044933,0.2699108348550332,1.1611884913971715
-0.12356684393874076,-1.697203785641138,0.19722352110880828,0.4921991987959759,-0.44937270681336394
0.9969038675034837,0.5747255943467344,-1.486647627714528,0.8167303108746103,-0.12499280400503233
-1.1081998829647004,2.263429697615439,0.44728301185820096,1.7178429860578661,0.8882472043511752
-1.1341874929455726,0.2962757151393256,0.36177525715031117,0.35534559682009054,-0.5221197992843608
-0.5267338355453708,1.0557862246295084,-1.373029605107989,-1.2079780041181267,-0.4611440172170736
1.902715352681672,-0.6823389303761571,0.3557873407955819,-0.1927077378634007,-0.5337745238297982
-0.023670234145772708,-0.8356635868541012,1.0642626365437189,-1.081308630883729,1.9889028818356769
0.1222005340368791,-0.36169746056680074,-0.15368448004069246,-0.1641171588002151,-0.4519224763113685
-1.816386315076952,0.24890518352809013,-0.18908758719087215,1.3079105253229242,-1.0040713484604034
0.3731916439902308,0.4590987502407699,0.37114594325172434,-1.2414583483908264,0.43167968800548884
0.6530779459020928,-0.5665716675181354,1.4326955417347864,1.2655804612056734,0.7206630708004852
0.33274328715561036,0.2312800799787012,-1.0774853368406956,-1.2544466679279564,1.328506364164135
1.3363761875911626,0.647064347383903,-0.03027273056939769,1.0904491029430794,0.48959249965847995
-0.3339190088644248,0.5918674626200262,-0.1269421095491977,0.7841676541692288,1.3172453171466723
-0.274171678236506,-0.34471410396627156,0.021059025832984052,0.7767618777464378,2.858103191779138
1.2291439222828127,0.015973674769210893,-0.04272567290627282,-0.19351228310271806,1.5156573935034772
1.5766048672207202,0.14737214061531426,-0.6234985625402929,-0.9058869155875956,0.6981448551057604
1.3913086448758045,-0.128893122153089,-0.6907335554930072,0.5969189346408362,-0.6551485439463408
-0.29261398923682885,-0.6031991336203625,-0.9137905489990414,-0.48512688880566546,0.5147867893640681
-0.5185110761405696,-1.9355523187930088,-0.5835080834786378,-0.4719152883977645,-0.24691825262283715
-0.44473654690854675,-0.4918265797177211,-0.5306819674176144,0.25725184285831215,0.9236949007351
0.5881981308963191,-1.003008353116564,-1.0065058110961524,0.4735002814653916,0.013364029613996336
-0.5840550921823766,0.8860453672768824,-0.6599783681364296,0.9546277223296903,-0.882135511841537
-1.1949116406267144,-0.6677659582782931,-1.0033057575428068,-0.765634055586717,0.9755355901972399
1.2160144112975229,-1.0376077487961493,-0.9378226694595996,0.1799152004383095,0.9961829104193956
1.5692207224315264,1.4925760104241121,-1.3707275223043756,0.46103623077071887,0.9939737011936284
0.09647662087536585,1.1478051510680884,-1.4076613234243933,0.4822915822776611,-0.2895283268171547
-0.04162996153000737,1.85366584676815,0.3432561506110397,-0.6020066229915277,1.6973067144305833
0.5356014247128327,-0.10046209798924223,-0.19788007952393838,0.6280914512001686,-0.30100676969242185
0.28765738330588764,1.0683675720438353,0.15660265596299197,0.5036422831982972,-0.09946750662605681
-1.2740316857142813,-0.5855883590261111,0.05130548483841082,-1.1470458926775784,0.04018104544756257
-0.03635693516793911,1.1049170729585682,0.7361847766670009,0.7836311990263122,0.6138071037661147
-0.09742191519703346,-1.5252326898914152,-0.35027435281180624,2.149373295608399,-1.4782965388397564
-0.06154803631208349,-0.4202360030379984,0.14700415686953208,0.3682130606021039,-0.3989762875216612
-1.5053370834998447,0.7704456494129932,0.7094540539581025,-0.2600293885960194,1.1302082461859988
-0.3436351706068705,-0.5464613105393845,-0.15461810255450226,-0.39372025298345315,-0.3913558897965718
-1.2717234002431579,0.02569756717387208,0.8085177257517249,0.47414305073745905,-0.09518852320664166
1.409890087774691,-0.9676616553418267,0.38724101482644724,-0.7079865577116076,-0.5556740936247119
0.33482930409459954,-0.48650523483769686,-0.10012456709898797,0.9233998754209168,-1.242596572268201
0.2228521992669349,0.037998301388447155,-0.305145321558524,-0.2985296317644225,1.7274153459960269
-0.15486723027038196,0.4470754564701275,0.7715923593446086,2.3655173572182098,0.39245810669240117
-1.4282629435260643,-0.7342519206568989,-0.6404514379393424,0.3135899700428903,0.13735889985504868
-0.3656799232711305,-3.3261365161239302,-0.011893822173969601,0.9453654333971411,-0.028860623423934247
-0.3941900481869338,1.9218789364884001,0.835521280093431,-1.596435387639366,-0.8547541348711232
0.008205604229652257,-2.1601723869269662,-1.0595159144928172,-1.0250337074110747,-0.7244885564505237
1.3600313238913428,1.9131602711172109,-0.4903689478532665,-2.0566296192289557,-0.15630089658324783
-0.43219384600784105,-1.0821612758902328,0.9231831636005603,-0.7128490777108094,0.2636204823213728
1.638672929194262,0.9340963624181451,0.9786478992810632,-1.0091076314769696,-1.3978578044853065
1.2808621793908928,0.043747796435101655,0.524974423152119,-0.4179375882914274,-0.5978711689828279
1.2855242546812822,-0.8191303968259701,-0.0626075259265786,-0.18645326425213282,-0.846901798758687
0.4290037679337094,0.4648501545672206,1.6615016347446794,-1.7131585437323569,-1.2654276369538535
0.78849623202701,0.010508402871749693,1.0403502285957211,-2.021886500856827,0.02116521479660225
1.1868050558441237,1.079180196297404,-1.3074180146821364,-0.7735409183164306,-0.16130551599857795
0.44363344560344325,-0.9440759533504968,-0.847893810763528,0.9714769388167155,0.7266714689537035
-0.2574752926485636,0.32072443299495,0.2783887384007601,0.2772150383063399,0.2748227424728447
0.22178109769949977,0.836702194049616,0.2762196661382149,-0.6537686199975232,-0.18203733413260714
-0.8467929421738771,-0.9222331359993963,-0.964169258587439,-0.2544973750363211,0.44169168531502423
-2.910766224584427,-0.053362704170250456,-0.2522966221260803,-0.1577247832266926,2.243720010907634
-1.4571250278055008,-0.18105476235201853,-1.7434309182404322,-1.2089858758799137,0.1919831527802121
0.24447378314712698,0.22780295986210908,1.215064402519508,0.9085109676660776,0.12712729326097807
0.8899653734608324,1.4553765288736844,1.3213055866915704,0.5510905342870918,-2.964966022132522
-2.2056743422854526,0.7525147935682671,-0.23480039171173792,-0.24860652286525373,1.4287143146077177
0.17021418005450029,-1.2190641661581871,0.24126337550189014,1.4834671163097304,0.2769263409144357
0.18527500676983283,-0.8194396541480544,-2.1232685845900563,1.3169410107270902,0.06415069815589405
-0.09736417009578657,-0.2655173298237067,-1.6284609875518132,-1.55609081130776,0.32862002705624344
-0.0898352607770315,-0.9408692707290343,-1.278651770606624,0.04880155248854837,-1.9940441918449099
-0.14822868856747423,0.526184350842203,-1.5084238922941926,-0.11877809872809121,-0.6070606292189782
-0.15287637776259416,-0.14098842462520575,-1.5172860165964004,-0.03740889680879209,1.5340569690962418
-1.4351586197239403,0.8242228699508239,-0.19160886750234693,0.7065734839992138,0.36976121293350467
-1.7671302037555123,-0.7496139982874677,0.030062736955729624,0.38159913076920454,0.09109873246619801
-0.9443577142563497,1.0965798583805308,-0.5382913154531355,-0.28456089921649036,1.0925409744772407
0.6453823030451437,-1.044103102233758,0.8411758977293894,0.5964652468328369,1.0107341987129081
-2.2289749556487655,0.3627580675874886,-1.0212098164875352,-0.7180520714120954,-0.10854530036609332
-0.5949227288943846,0.6867609475056281,0.22521164651439354,-1.491627050934102,0.08644275412430356
1.2145211583104356,-0.7156219790849768,0.08209586948114825,-1.1511546025147028,-0.15173441220842002
-0.5746656686738421,-0.9040074165073108,0.07927240749364275,0.1766532270062091,-1.1027920151049306
-0.025672377814841864,1.5803458822573928,0.03293141672056568,-2.157552961706267,1.5878803510121497
-1.368255031552764,1.1107170358033533,0.7801193182816843,-0.5270146977110538,0.16460162914371068
-0.7284724060320024,-0.7410819280711908,-1.4668759655823789,1.6799297401364741,1.872987036725322
-1.102176421722165,0.9854835225901948,0.37133398747599616,-0.08131170186592959,-0.3050672348049949
-0.13884403456068012,1.6580721126386564,-1.3746547037128634,0.5029485211431218,0.1542321176606859
0.6003159279190493,0.6257196290540125,-1.437204701653278,-1.1868247642937777,0.22320085992930078
0.503438227516867,0.3783656891609874,0.06533996412926348,-0.231634646254029,0.9652744950334669
0.9901892528573604,0.43339413147614014,0.009975228772797709,-0.8477732264894394,0.06555725037976964
-1.218729965507316,-0.23481805470935282,0.11990789240282564,-0.7407297804219061,0.41145454886130606
0.4855038903825765,-0.7645891478129939,2.173110823924242,0.03570819794113827,-0.7475890705790706
-1.2839317715552763,-0.03263759366250128,2.1366646185564204,-0.3531939386654446,-2.4062545454904094
0.8980820334503034,-0.8865073684137993,-1.6858925462164545,-1.6264457117036604,0.42982110615758284
-0.6159381102354207,1.4325393197155638,0.6421809563127164,1.8899349889164339,0.2973664833289836
-0.18123168267541986,0.409234623444599,0.41393642642429807,-0.8872544861049189,-0.8668389341724247
-0.39638379485140707,-0.7104927110872077,-0.03375742061545317,0.2544361149137137,-1.977675897526841
1.3344040132931732,0.9884634113283693,-1.3789288170370315,-0.9575496876187484,0.13555055774200456
1.7378114091986372,-0.48292217259288334,0.373505584494164,-0.6439315272503818,-0.2220990632028236
1.3091937124806103,0.5701614065809896,-0.6704302684161927,-0.638266576604799,0.9359182530471197
-0.028580951941566082,-0.18425780904427297,0.4691221078058135,0.20247424472835082,1.4837417912522883
2.0119620903527484,-0.5517352391064854,0.09711452192657523,0.6637362491573728,0.25104174236606985
0.10694971860020228,-0.710208309506915,0.48201777694743425,-0.7943084601313956,-0.9236668624532433
1.067173237401872,3.1388472555349844,-0.5266609804498336,-0.5653536450505604,0.5019749314265624
-0.5614803312685732,-1.072461885806537,-0.6649560915467034,-2.3043682220594954,-1.456931012128569
-0.14336011912367738,-0.5003546698945408,-0.5454509667552465,0.07072116841162021,-0.1063326705003712
-1.7135759387981675,-1.5241349468985694,-0.958239170090128,-0.9763744247414177,-0.7085144465691867
1.282560148927268,1.8769101601511455,0.8227910188782954,-0.12968079864856302,-1.0381661192219367
0.8674972054087676,1.249342637099352,-0.7075142421009921,-1.7770289663563292,-1.2994721936812976
1.7879293474594626,-0.46769301212229797,0.5498234991826648,-1.5374244160303787,-0.6392744043489105
0.5187365232883784,0.19672161836583468,0.3692738970863768,1.792000227760345,-1.2503747749679472
-0.7065678728158887,-0.08882160708120262,-0.7311670438567672,-1.4552809471405943,-0.46462468466497975
1.8845941962521962,-1.731572725755041,-1.0748783840395877,1.3967427952971398,0.05096250392783836
-0.1467555096306053,-0.4553839904167154,0.3425088409498454,0.8189767091286803,-0.15186499312595314
1.3876695719203984,2.36891999203116,-0.6602909610729281,-0.49870095953909965,0.16789104228706497
-1.001707579597374,1.56720150516493,-0.928076519694023,-0.46555364928812737,0.3651749242186699
0.2576171021677921,1.969379415688961,-0.20697755887162567,-2.270027940850146,2.229561373663062
0.5515608049503004,-0.1505860917859012,1.3608451988713859,0.31421374310720607,-0.11789823251410349
-1.762602004328206,0.43457672145487286,-0.1364342919581707,-0.33353235793284486,0.2308478921477972
-1.176884575644121,0.15201414369715063,1.5296037267042932,-0.01330389529706659,-0.442518357122148
0.3700245262453764,-0.2557310770107258,0.5287126600764382,-0.7784181289064227,1.087267238685713
-0.6218683977592825,0.060093942908028386,-0.679964703508267,0.21479239071397885,-0.9838902326607177
0.06427249908739764,-0.4302799853200922,-0.40355475051509093,-0.07707473916362353,0.23317630254568011
1.646114923587992,1.1904293193739532,-1.2474755023619715,-1.0660085639690802,2.662406097231941
0.3641317105645731,0.7803802453550378,-0.6555680559883901,0.07123001542388664,0.6034243246220704
-0.6324464609606596,0.6429436519963534,-0.27405009869827024,-0.5397912392848744,-1.5151199612046091
-0.6946410174773832,-0.6085014731979532,0.6438901643042204,0.08647352643900529,1.1098909495640383
-0.2528406787391967,0.9216552518360754,-0.2786569616625682,0.8130620782430592,1.4735246639070643
-0.4192379803172039,-2.0737911346400835,-1.012952451362638,1.9759775191718705,-0.8642700629083604
-1.1779486441101903,-1.0271673260850591,0.6362406369883454,-0.4667277323867781,-1.1851330070959756
0.7643611614810246,-0.5707474789804096,0.8986198190557998,-0.04119122070023168,-0.34252843643512704
-0.2657217610847459,0.2757473865905835,-0.20685446428778415,1.15749972988111,0.34188492297089634
-1.3603449730951453,-0.05486404887458324,-1.7284803284189922,1.16887063745531,0.9910618959776168
0.6333982724601146,2.5230429678073687,-0.5437883286816543,0.28633908877259534,-0.2863544291485654
-0.008116038695818673,-2.216278221909646,-0.4043934604760382,-1.1833525830471858,1.2486604778744244
-2.434295246513436,1.408797753446016,-0.72364610385916,-0.4467601007413988,0.08169536297178345
0.06370110708847883,-0.17681844774751185,-0.5746042718426867,0.616402650254551,1.2348062764539702
-0.09153391697108773,-0.9588739465633876,0.6441925768041532,0.4360098345059891,-1.467066386666277
-0.6954802259290931,-0.5703645789142231,1.352373860030101,-0.1469639192221378,0.25825609846618497
0.3805322325429464,0.31689645190352617,0.30812065207686945,0.28379619056252975,-0.3347244433227841
-1.7802584569953048,0.23650500646726963,0.09973501641567047,-0.07446141841579496,-1.311426262204638
-0.44298556300466935,-0.0359018133190354,1.6136938069989681,0.9243446157034021,0.10088132589764096
0.4907614635496829,-0.9559239939583258,-2.1307586133603906,-1.3536923138131223,0.01937221439122709
-1.8449547274352371,1.065359928416095,-0.9033786512090876,-0.8797464878062727,-0.9430815520073266
-1.7384185152692126,1.2800394722053887,1.4958886894156047,-1.5220826730063617,-0.07129108889640479
1.131439498951915,-0.2951717585397222,-0.23456753744635853,1.4007946732242398,-0.3032400520980697
0.5122937216771939,0.3713754041954627,-0.11642078991722231,-0.8689318824318145,-1.2924153047653784
0.6580769448194906,-0.6409106076064328,-0.48670710284993046,-0.735605195163243,1.1359381051616473
0.3902034945314288,0.6239715822173546,0.35844857899978083,-1.0430394918842951,0.516614906669474
-1.7300786615641186,0.7498934902555493,-0.12255375748969051,-0.3592096969237904,-0.21455898497501366
2.5294454424988486,-0.5876497573543655,-2.106501588032227,0.1586144321648211,-0.7579037786008351
-0.7722234890721348,0.9658358800563464,1.6601322621809214,0.25115818915656485,1.0366309422919173
-0.8166034921134628,1.5440358240805134,0.7656882085143162,0.10852919681668201,1.323823586965824
-1.1937480812321053,0.40622086920316347,0.0061266639044263,1.0952757405361482,0.8577624481543281
-0.19420622511881486,-0.5073951104299744,-1.2563033310074445,-1.2306977434527488,0.373409986685506
1.0238060455364264,0.29059750392723405,-0.9840165908226329,1.0988654817001111,-0.14148552203966672
-0.9463200881174271,-0.38516547808990187,0.12186142050384177,-0.8283679261402371,-0.10145430316198639
-0.382755243440906,-1.0583231867834189,-0.5031992177466635,0.3391997798692832,0.9929245123124965
0.6735114591988587,0.18111864104149097,0.6760487176287056,-1.5610319134989308,-0.19600004905860716
0.08803257202016763,1.162508064057512,-0.4373343486263776,0.9177064926160265,-0.4028722893508734
0.6885220187384915,-0.47877706340194964,0.11977955670577616,-1.2819116190816084,0.43462383867706234
1.211598788973148,-0.7201925269958376,-0.8657816382859631,0.08912695622309172,-0.5549903002039909
-1.7398616689257373,-0.29155082453072273,-0.8956330780192086,0.13739582630873784,0.76718915428366
-0.24779289038182775,1.1378118818023144,-0.751833971798224,0.754554833951906,-0.8695991605540792
0.023283298170154326,1.7286717272684742,0.6300866853779887,-0.6714230852857171,0.8415068316457286
1.1020863893598543,-1.390754655609917,-1.499396188362527,-0.20273258196833271,0.8796538924461116
-0.13137610024374305,0.04105339795198468,-2.3858430398163004,0.022269898555979585,-1.5222090106101287
1.0248081330653271,1.0902103806626924,0.8840882203141582,-0.8782636592013567,0.022619081203389447
0.2894672938311261,-1.0992554758563646,-0.03546748719272586,1.8550122005005971,0.27113511641319954
-0.5100294583136784,-1.3665940509404548,-0.3956329797769702,1.2080367455366288,1.6402063634102866
1.837666313834943,0.8879126138527793,-2.3763655805048676,-0.6319216191939401,-0.0994930091968444
-0.7436323424411498,-0.3966919576969179,-0.4675398043440928,0.11873645513702415,1.174025823520672
-1.147855927695979,-0.9669834715120267,-1.167110226655985,-1.6359679441987722,-1.20579552111691
0.14036969356521084,0.10745496775786384,0.8147926339180662,0.02898374642977405,1.457005228645289
0.23626417151787094,1.7116805374338988,0.07436758723276132,0.57917232162016,0.9700373167273466
0.4087912979486177,-1.4622819423375677,-0.527218829796597,-0.979105754294589,-1.3035504034163856
1.9161585041579423,0.31469399609776555,-0.60111858086485,0.5147815204683157,-1.5288510510620477
-1.4688921152332333,1.2342214335979051,-1.133377545497455,-0.46768508001040293,0.9144029291848442
2.276459941552924,0.40068726740878235,-0.8025509631884283,0.4854469602044644,0.20806726353535654
-0.9152602745229832,0.0753215603835075,-2.4216488811195687,-0.9782198842665523,0.45730755764160635
1.0939051229148378,-0.8540353428786224,-0.28761687417133414,-0.8187367009419644,-0.08615985839971195
-0.1329462541948131,-1.4544637579267032,-1.1373831613015253,1.0593129745553946,1.605296630096115
-1.270053374745613,-1.5380579957203564,-0.6278348982410531,-0.7739683998378755,0.5427350049309169
-1.3353332208181392,-0.7326553978852245,0.30994258186853424,0.19093335793432736,-0.708535145613472
-0.07816993943159072,0.4507716619864291,-0.9551370531544237,-0.9807633673732145,2.942205433348969
-0.39766234816323437,0.9629138816132484,2.854204684233722,-1.5001592460110642,-0.46453103875598045
-0.7963580525894388,1.2222797475226115,-0.8533040260120999,-1.0177770581043402,-1.0831150955142277
1.5093245834053635,0.15346029603310332,-0.9425229422361316,0.2051160045665529,0.23626546188035294
-0.2538598048714047,0.5493061820866361,1.0038141027806566,-0.5041644239731996,-1.4935070941442359
-0.5839018719978046,-1.8345004735351305,2.317805659177659,-0.4866445256220135,-1.121285021908851
0.11751342398365025,0.1121711115105485,0.40512414889928644,0.28251212540802983,-0.49471511808053203
-0.9760846683392711,0.3684014211461808,-0.6857269988708902,-0.7912912503192803,0.5600135122899514
0.5934673708504434,0.7346562544559275,-1.0581528444935666,-1.2417902325916406,-0.6087549908573454
0.6716364067498912,-2.2688573978915993,1.6200087703858315,-1.5939624250512894,-0.5398967251025222
-1.3677778773053428,0.028682970995491486,1.8453082266677572,0.1721190859946842,-0.15631542537612195
-0.24519033897037606,-0.14343437876151469,-0.1516712193794759,-0.5167187797635588,2.1156471626161277
-0.4838215045527097,1.1850274647631924,-0.4504952799027895,-1.0280707190007312,-2.01934812189344
0.8824518907319827,2.3746701946664905,1.1283520015033655,-0.7789243004623015,1.234964007549212
0.3649200865585161,1.2811886820511014,-0.46285825576215384,-0.26867429370235923,-0.29107080123189666
-0.6712736124971057,-2.2476502785579133,0.009379820613431903,0.09095283447114487,-0.06068935501549381
1.89701955764713,1.3756143987848874,-0.008347297902755619,-0.43768490118704645,0.21730146043433043
-0.8529997523370974,0.5395401602003034,-0.6329723702701616,1.7647189845673361,0.2703198763124101
0.5118964003863431,0.4885788423707802,0.4063366276021218,0.3134483352477115,-2.160582254197166
0.48087265998551504,-0.4884857637301511,-0.9645718196385732,2.009124235170311,-2.0387894691797306
1.1278172878351598,1.3170541147430543,0.6301786845711052,-1.4065721047141315,0.24776942018957115
1.3612219330733486,-0.12203473829235323,-0.3461697601847912,-0.2900437245806013,-0.5909283713260818
-0.20939173896446323,-1.8738249073074393,0.8726808583903767,-0.8977820579021131,0.007612001499373974
0.30277889809557496,0.1998659960796008,-0.04225944203867194,1.0643380057776926,-1.6627506445817704
-0.7362137619915063,0.041361680382624465,-1.6819785913631802,-0.5904037237563597,1.0571623340248033
-1.5677722628220099,-1.2100729640076568,-0.03671058370620446,2.1349757565016216,2.465045846785885
1.401690414083692,1.248352309052315,0.24401504964555293,-0.799820148714768,1.051178445400408
-0.6067271270341287,0.33613583080754045,-0.139690434169042,-1.2295612092806398,1.2755335071251792
-0.27608602501979984,-0.35012818288369557,0.9633136490529564,0.2113945752823861,-1.176203439008629
0.7439253611621393,1.0030585292256413,-1.0477234165387392,0.6234208325894351,-1.9573394944002065
0.07031629576133168,-0.49941167709560297,-0.8913576615867127,-0.44032632179376735,0.5129142612024523
0.8598572601299854,-1.7833849103973116,0.02341928114561067,1.5645555831990772,0.7200979678203636
-1.1795654761271495,-0.4690009653055273,0.5873569019795342,1.0366275517527432,-0.8494412085412761
0.12848566877530707,1.6809887741097764,-0.7981894870645186,0.7221508698480533,-1.0705264682054034
-1.3458078104915234,-0.44248254928978564,-0.3805921333900121,-1.2253577700338179,-0.362314801471677
0.29992304981019285,0.6843875252301417,-1.2999020750140773,-0.1760188774706868,-1.0512998717095001
0.3191751407614411,-0.5127173421975745,-0.25471997464319784,0.924314737401675,0.29982292388065196
0.47484998641041504,2.071144809026757,-0.7734141314158721,0.29291008462919643,0.3852330091067169
-0.6341952499264729,-0.027579142968431513,-1.1056750895439893,-0.8413521242822757,0.13595764939927954
-0.5081641873928988,-0.06637165688674676,-0.21387660994053678,0.7642138702194274,-0.2923559468746763
0.31421897039135654,-0.6433020933315673,-1.7208192762364751,-0.006754284538485316,-1.7544441209266586
1.1116786051453458,-0.5892516148289482,-0.27192375928387164,-0.536210324318437,0.018768581153438723
0.24537850278451587,0.7623114553626534,0.012847490275739979,0.041098839323877825,-0.07173544042733325
0.7454506212967812,0.8007167334798501,-0.7574784512215457,-3.3071243492831095,-0.02880293284468596
0.29310667153033193,0.2872963376246616,-0.8202396045551565,-1.337169648808078,-0.21977459434013313
-1.7164037416506492,-0.748262106221041,-0.07639914014342,1.8885667039479523,0.16733479051521102
0.9685192887744576,0.44871206739336317,-0.040168999568221904,0.6793683459952886,-0.709047555105842
-1.8725432300360327,-0.20348159821999248,-1.0776147811207817,0.8608545320215509,0.3391870171555595
0.7876377486323083,0.520586022832178,0.5180945522712466,0.8309095039195573,2.2645391275347295
1.5621565001444353,-1.7249771105595217,-0.07832530267689171,-0.3012219814017842,-0.16928691907458832
0.3369225472689721,-0.6889272986455002,-1.4070928045830433,-2.14528967101368,-0.74011312143529
0.14434142518902268,1.9697557589516586,-2.6471297051831106,0.09985063205725261,-0.5395678629216468
1.1774768249795748,-0.025745817316675086,-1.1997397423133307,-0.21926593209966924,0.6793629501609008
1.324583847764073,-0.5126702161985085,-0.04395822686494337,-1.3644225759638022,0.7019316634724142
-0.1769165853601553,1.2464938302705906,-0.4451276873480016,-0.36773706781952004,-2.070938866564546
1.0590116380955543,0.08266064681609023,1.7982087569863905,0.8579732159028809,-0.4536310357231195
-1.4092847594702724,-1.3447774916391864,0.8666126846925345,-1.3370720093025796,0.03477736550890941
0.25932862644876764,0.15306751216216496,1.8295391562807004,0.48846742039784585,0.3089761397005856
1.2880014299693083,-1.841493564436971,0.8560518591496498,-1.3784572018501169,-0.29461124351244533
-1.6894059955601197,1.6759870301475301,-0.7199424238511412,-0.5020038155642053,-0.20443115643865947
-0.14193673103526744,0.805487461359699,-0.054872188219393894,-1.3598674440032845,0.21644001229386955
-1.563115684225086,-0.36779692156206195,0.9419885325303821,-0.9447636567012939,0.15121239369742065
0.8793050190973689,1.8544952632228613,0.4987762027955512,-0.6255959545810478,0.9701875919489306
0.012268712906526863,0.4140637843697377,-0.47396883227940956,0.10930239594371167,-0.8712934365490977
0.18600381595424947,-1.060933502663341,0.5971475343010204,0.7459394659674676,0.9106969072499794
-0.14346443263734904,1.9359258256079477,0.3627736467823027,0.9683935004574694,1.7128182997650487
0.10401005882689629,-0.4755360163081618,-1.351836009402544,0.5934743246323421,0.0837995632329046
1.1524877034440661,-0.9025816594731464,-0.2839691504769471,-0.45857039198703387,1.597650327988004
-1.396122748597385,-1.172375760072546,-0.15607532869042962,-0.0011781457444373085,-0.03505089107809043
-0.8246804276958436,0.860790586407036,0.015479062447784953,-0.12269186194849609,1.3789082658263496
-1.9459142808814334,-0.4896687333972735,-0.1660029635444241,-1.207789199266848,0.25183720841459495
-0.5413780364717394,-0.4369565534545508,-0.23971440882963538,-0.5897290283110617,1.0056719195098303
-0.41453217821623867,0.066318656136653,0.4745092203946447,-0.35297542016339406,-1.4359453821537345
1.6505200807250375,-1.622989518868266,1.6986158179280648,0.650087056032852,-2.780725203470741
-0.859365795701207,-0.011978950198227145,-0.6646544183933235,0.36084814116159897,2.210292203362595
1.1252140918737643,-0.885223288351324,-1.781925755469358,-0.4693692690627574,-0.8955762631937716
-0.1887508701098352,-0.7034730518145446,0.07156413464833107,1.1825252254571355,0.5720387238704723
-0.35319467127113446,-0.017420361741829024,-0.888390179758199,0.04586433802165929,-0.8409524580035295
-0.3083252954734317,-1.2291214795357865,-0.06827609195953269,0.2760781409885361,0.16870575557996442
-1.274781259211696,0.7770458787703567,0.019731915861263136,1.5828548650189718,-0.7101398035008918
1.2472864156808414,0.6876334784453083,-0.18442771884498346,-0.29995006330933033,2.2132237960589802
0.7807222930291591,-0.6115580675367122,0.8235399650522385,-0.10685709216628687,-0.6804904608663811
-0.6232229531700489,-0.18568284776447877,1.1038713178565025,-0.23663738824341146,0.766456319699877
-0.246861895812835,-0.9628482618431788,0.06487574619771141,0.8954045905985495,-1.890259912325007
0.5382221236962306,-0.1632915253548451,-0.5697959975072601,-0.8995911889530089,-0.1840186464068129
-0.9409727764191372,-1.934230244045985,0.30146442576424864,0.0022189667612401353,0.45007566010284084
-0.5273298614814782,0.18350388207763327,0.3891287549380422,-1.6697193381103044,-1.0342574368975528
-1.1142916195490273,0.1240838572673836,-1.144245047255921,-2.6492236139678966,-0.608541344678317
-0.5314566571412329,-0.8500072301621294,-2.3609408270270857,-0.28626095188062645,1.1897473791693334
-1.1474777900743673,1.0916307910809722,0.6278040761859792,1.0265934008322743,0.5550983279389681
-0.18906349379643478,0.6959506400027625,0.30965799355091833,-0.06575485655307713,-0.510457999682655
1.1558980394562706,0.47814621763409854,-0.34838929899246596,-0.4908229412686699,0.3661146056383589
0.17762796711320014,-2.1150899079613805,-0.9750724012816228,-1.6415667323524035,-0.051548613443209955
-1.2774664525651664,-0.005443559602227467,0.46339004638091535,-0.7181043222022557,-0.15402633264168789
-0.6821303433783958,0.46814065822653056,-0.8149664440493724,-0.8629891995912734,0.10718045728961877
-0.7919379795500591,0.3526635803511716,-0.2694213975288995,1.3822740603520967,0.3261086794003858
-1.7395839044000299,0.31510638945239994,0.6684868108132961,-0.4999511757416467,-1.0775831077709253
0.7545866420702882,-0.23315652568444958,0.5195018903213756,1.0383399313521016,0.3975900003939089
0.48310591301702427,-0.30715461512316516,1.6047182429358342,-0.449123396773239,-0.33217969918376666
1.5232059457733302,-1.8740986893801135,0.725010411431125,0.9350547179385245,-1.5955342464560773
-0.6288077082026258,0.24163520038635966,1.7339777846863806,-0.041708029469721374,1.3731639204069048
-0.3781610070585476,0.471814818034854,-1.0270049802942038,-0.393880016386028,0.8902702862600855
-0.8284307262225176,0.36805746996852956,-0.1793987971839297,0.7736662602376686,0.8378968657482332
-1.3649017382321447,2.9627013290567383,0.6198681961523892,1.0652552413761356,0.846327316904196
0.517967531565829,-1.0696679207383162,-1.4016982621242577,0.7455649817109814,0.08183771952614642
-0.6439571102666137,0.6357113635180983,-1.5779324492627107,-1.0829088999530565,-0.2791206589837322
0.3329405298322626,-0.8491801152845385,-0.8094184588422723,-0.3521209573489474,-0.8558904010943016
-0.9042870172486718,0.4959063134403522,1.216275210032756,-0.07678888430959165,1.2229153697020645
0.8894172780064881,0.47689506293528267,0.28810964651511184,-0.06686844026053458,-0.6158151014881087
-0.4969971048831741,-0.6498541105601265,-1.1623926535990348,0.3199960111912841,-0.6008916298354806
0.733051362587942,0.18187219252028053,-1.1381745131669707,-0.3473899189975738,-1.7210339383741078
1.0821263112511887,-0.9911056703909434,-0.28419410652383165,0.3465855676486746,0.532581094393359
-2.197133803140775,0.910773300598644,0.10124578038002512,0.17264023601380052,2.4794324362076106
0.36183999204127887,0.8788760409588968,0.5634955840798772,1.078171790835059,0.05077756326166579
-2.115426430178928,0.7964334244891523,1.0412053233808867,-0.9460523884683948,-1.5686477935865275
1.5150721945507106,-0.8603478240733027,-0.13938623299741407,-0.8243400006800506,-0.10864676401556318
-0.29330668364357565,-0.1604752234226966,0.38108506383328533,0.223580350541023,-1.7868997368278785
0.6919287869996669,0.20025370439398155,0.8998491265451906,0.3668823184903611,0.016699793663739068
-1.186768911544438,0.36942225434702175,-0.4553556349098775,1.0712047173289818,0.6456744245113414
-0.7536114563620382,0.3087226478942575,2.1179111662387666,-0.8852713782874597,1.2024044331289807
-0.753750386628796,-0.8840425495572316,1.3020978295271346,0.6582061497838365,1.0900886845781228
-0.23592696224373783,-0.31685927329686314,1.291140948524918,-0.2934134914492022,-0.5782672850878561
-0.9527016070229534,0.874512981100718,-1.6322116035559364,-0.05599553062076084,0.36757500014350003
-0.041751530504706875,1.3799658392664418,-0.009155121700567535,-0.726822502409738,0.7531364743424576
-0.24910241007919623,1.2351769137755901,-0.9035161025474845,-1.9004242626292362,-0.7979114330303195
-0.2324955431628169,-1.334037237005485,-1.0571045622454662,-1.0192658239850587,0.07396429902608581
-0.033348861321408144,1.136845706058524,-0.651620845045856,-1.3127322613989425,0.37228960183208415
0.882534650923773,0.35042148571558784,-0.6764633315098022,0.3504468888071673,-1.123498502816266
-0.15418463031168167,-0.11928547423274419,0.6011257177849668,-0.26798277153215044,0.48335762582033215
-1.0153533895568063,-0.8808710662949242,-1.7969187489324798,0.530863255181589,1.1031098268397466
0.6536827683585912,-1.0164287381173045,0.6952891991773735,1.0216994356044116,1.5528490465871454
0.3577259297194282,-1.8260585979711075,1.5119667212976329,-1.1428510066327486,1.0583360557817487
0.16428212085816338,1.4201633828074869,-0.5672357931496809,-0.30941033404456547,0.5637742287635713
0.40823750530929487,-1.777583370376907,-0.13320603260981162,0.7085075120711325,0.8186619525329534
2.2183723060808913,0.4676149389622788,1.467197676193518,-0.7695053314604686,0.2245182907417218
0.00502992558530389,0.47484906104209323,-0.10611318526295653,0.6124929024831164,2.03106588827555
-0.03284532837607647,-0.10116806436002923,0.4071253519970812,1.0501863396019933,-1.8804586321801549
-0.2692245669969898,-0.9628264876875954,-1.664458505417492,-0.9828905681022191,-0.5432594268956383
-1.2939199472764717,0.08633452254522152,-0.4224541459707341,-0.22344593707776514,-0.2859079287314028
-0.16202302650952266,-0.2072255266914222,0.5799758848992896,1.9338622501430607,-0.9394777594255833
-1.007683897371038,-0.14778320027115893,-1.450114986922452,0.04850508624971253,0.2735422284936818
0.42637337190511065,-1.1001738747040049,-1.8826111520934574,-1.167285406371152,-0.0016491392274410066
0.078775015172334,-0.01675520848478982,-2.6879153785227117,-0.46966189941617126,-1.4322639343697505
1.4622197661492247,-0.13251472531331226,-0.11582719908866754,0.42383017195383677,-0.42804892513719556
0.30182528400361475,1.9630420336681031,-0.9340875876413655,0.12521302413116006,-0.4891603058889525
-0.2512928365653964,-1.513534971440663,-0.7617956275104902,2.4452588024667694,-0.05990201852480955
-0.14688231187230272,-1.2637559542899224,-0.22398697929300554,-0.9403450061375713,-0.07361239089714328
-0.7258345050361905,-0.16307873196892295,0.3290895242292585,0.29929917730003297,-0.8924818147361998
-1.2640598471549052,0.031130997400999325,-0.5856666663188234,0.7572316717680018,-1.8912363742150133
-1.0910661906025223,0.7254138049433563,0.7939438097937537,0.22087625704029962,-1.4052887724294982
0.10917142617115781,0.42635670271921755,-1.1874708343056894,-0.7737278368372941,-0.45023595714991493
0.11320712461571018,-0.5616098120422118,-0.6931179241825566,0.34586417337867675,0.6001100119342462
-0.29997480924681513,-0.6621923605135277,0.02592330769344603,-0.4211069340637157,0.42887129759441434
-0.8026360414519661,1.1182073712075968,0.2225708517152526,-0.022914414954394436,-0.8925852096924305
1.923026143255337,0.6676233437237571,-0.29882685573690293,-0.7396734931272614,0.20473408501606477
0.7202870688598606,-0.3688134563513611,-0.39234517140323194,-0.9433102507847393,-1.0445189838505604
-1.1593269236755666,-0.43417558398638967,-0.3572199242409304,-0.43934604727340504,-0.09010411597807964
0.4891012436038275,0.6622886930052355,-1.558021805472825,1.2031696241442649,-1.3977680708248477
0.3009512434976462,1.291073343654583,1.31240556515203,0.07962431861076286,-0.08593673041308357
0.8122665958020381,0.22576142248046646,0.7021542087364504,2.5645478950689586,0.421491878986364
-0.2074626094975115,-0.7515952419918516,-0.5646499922732093,0.36349810126668297,-1.8367604466544962
0.6314751483363513,0.2967014858631508,-0.9538115180899004,0.4277851640485454,2.6563417714633197
-1.2396967880653742,2.1532820139629254,0.5876883783763117,-0.15565746623508447,-0.22510030539523662
-0.3988383266089864,1.0990624233689588,1.074621076190394,1.1035140618527615,0.6732352310542208
-1.8005198992662121,-0.864791161870085,0.6806143357962152,-0.23404509948388347,-0.4166461047152573
0.1939929826323866,-0.325199608095372,0.8152756266052265,-1.699732367866008,-0.20721986754168137
-0.8857816367108938,0.21750892644730108,0.28859693747244775,1.5478767781031113,-0.7013319382468955
0.9924848627487427,-1.2210322115227898,-0.5286512892030837,1.991429862229162,-0.7137599726304901
1.6662513889361392,0.8307445366323781,0.3349146532173562,-0.4451205411715058,-2.304892135887939
-0.7395888796635398,0.6340333341474552,-0.3028408499136136,0.8160802084844044,-0.24785801615036612
-1.486772839637128,0.10911492192774888,-0.2885644431718028,-0.421456744063511,1.2117983537823285
-0.672339644095585,-0.1807539979538034,0.07947671828407844,-1.0684631477367048,2.1322087229903324
-0.018625503438841957,-0.06711170660089079,0.6763460196037462,-0.08801691154747936,-1.1568019618647196
1.019511721470525,-1.0232063322415001,-0.045591991163414204,-0.19857256926670103,0.6152596764008917
0.2906091021068303,-0.9149969336551735,0.1991503418408661,-2.0121504830541594,-1.501120227821615
2.347313389953272,1.1191946324291926,1.1855437422779944,-1.5990618107097552,-0.7483686895469915
-0.37342457284942854,-0.11785508435136087,0.18211346247515817,1.0116408196735385,0.13409021109239264
0.08704513333085334,0.2754363022855792,-0.745863485683132,-0.1375093133020127,-1.2615338899644826
-2.0233804897670002,-1.1710209654568051,0.37816452440775766,-1.6523768865852462,1.6059057343023708
-0.3578230453051466,-1.7579788401980114,-1.434057850296418,0.08075921394910167,0.9204595081455965
0.2631146491222155,-0.2162980174376596,0.6656064540281204,0.22973922544264605,-0.018854485145052422
0.5900048113665838,-0.36395385936282415,-0.943972431474786,-0.1391013028869987,-0.568557382775199
0.24819948468175151,1.941412842921274,0.9508337515168717,-0.14837986646143086,-0.37437760907047074
0.4004362045166938,0.9165322890520191,0.6935294760714545,-0.013733762518004684,-1.1645257213188962
0.2035397024938365,0.9612042133119244,-0.2935654325454874,1.283779809479634,1.7387665806577237
-1.7194158320083117,-1.1069259665265263,0.6172894770682553,0.10535693923335461,-0.21385807672929252
0.8895843705750334,-0.15303855218217324,0.9888525479102925,-0.10324407724520904,-3.002413904435962
-0.06295201981626862,-0.7599938081523473,-0.144679538329675,0.7546672536383275,1.8801858249572125
-1.5291539865214605,-0.9126302051455513,0.0009049000111710779,-0.8233637663878706,-0.2124719945400019
-0.1540642207593876,-0.10981922220672215,0.25151349002062484,2.588346955801045,0.38748809663353173
-0.628891672042615,0.7138950293703852,0.1295235446483022,0.2533633870897012,-1.7422950311735408
0.7201492866771826,-0.9261489321226545,1.9380305363266097,-1.7998758761106222,0.15389234614030442
-0.013318597778776921,0.22856526524582216,0.4708391477973079,-0.7461408358684885,0.5432689683657174
0.6719279019164582,-0.12755581683402784,0.3376382049777764,1.5894955757685227,-0.16477270849195552
0.25660907596327676,0.5349093948906184,0.7040571015694641,-2.920075479770878,0.9556514236556009
-1.049765567510623,1.1198353943585215,0.4945044555763621,-0.3814649743839159,0.023064596652842585
0.04891862555112743,-0.48023517260571363,-0.1844969404485031,0.7737362508756261,-0.45454502379344325
0.8763901947737186,-0.4984526379293438,0.5510532568822853,-0.1424115985755071,-0.4254779617861606
-1.4341438576271774,-1.3454002989299525,1.3141871250783619,0.7181669987887171,0.03477639273589686
2.041052075015157,-1.2291686281071608,0.9471221281357692,0.0959251099112793,-0.9865605217592074
0.2873058404490271,1.0658606038069676,-1.24335674671928,0.6330256919399382,1.0952583586196503
0.3713192755604447,-2.6111645866877744,-1.1796834254406172,1.79541754238454,-0.1338962916003572
1.0922151780705383,-0.2757846497964362,1.827711440864567,-0.6344080826127779,-0.37834780343696356
-1.0189037669384984,0.3434084051261236,-1.8967430591959564,-0.564588719571283,-0.27698566070760927
0.8578692808259736,-0.7613357242403092,-0.02033744439059272,0.2883868251125225,0.6903828803423706
-0.8466642749000636,1.863589782713841,-0.6820158449927112,0.05276274715434292,-0.4552304889174552
0.2861348476565702,0.14701435755670608,1.3326702782158746,1.356588721858163,1.2663179419129698
1.9611409780206104,-0.20814131332481212,-2.108871929466314,-0.7720810760888441,-0.6103890229521683
0.48698246071685897,0.07784195885126909,-2.090725087360689,-1.4990965519254453,-0.8860353657710591
0.18313536832551708,0.4344496165138029,0.29806381067415644,0.3347328223880781,-0.026418316050694113
-0.2811884976789801,-0.1260959042257162,0.2930607362006422,1.3825048890917968,-1.9691839029682026
-0.46863315864109595,0.16877155559557078,0.4793590623764236,-0.6303104834498783,-0.0137237968466877
0.16342356684886095,0.045913198915994276,0.9417542816159014,-0.36933961478588545,0.2717145300152779
-0.3256509880953492,2.1201151165276753,1.1543759264754092,0.3626736594730498,0.88357755070009
-0.9936346973365917,0.966825351634601,-0.0995734544170039,0.8018095110110299,0.7837900847222262
-2.5802034119101185,0.36630221333954044,0.5315363087984314,-0.012601873137625192,-1.8644528452291318
-0.41360102160049417,-0.1423819369920431,-0.051521763835604334,-0.17077215494946374,-1.783276344727174
-0.8242035774345229,-0.5332044955096472,0.9800099437180134,-2.1930118266118304,-1.0176529131510499
0.5762951633416298,-0.8958232095685904,1.3435197924631521,-0.009370387904599894,0.009349113679579637
0.002257081226845355,0.05900920859284322,-0.12341638229548457,-0.9706733560674659,0.38580123575289016
-1.7752584576114185,-0.08596072041643621,1.160006453761309,-1.659818707544864,-0.34910670113601644
-1.1119976074624582,-0.7406102206623983,-0.6240693228909701,0.4583615391551873,1.027641430161573
-0.29284272278634826,-0.12035890963896619,1.1973500824285515,0.7998218833203786,0.39461458814279465
-1.4668261219759482,1.0517811607007672,1.4324997364925542,-1.883377811478196,-0.341818966455712
-0.22793468786443544,-0.36260753750386615,0.7244582399137796,0.5257063557874634,-0.6102173116862724
-1.1995970641140588,-1.6565802682897137,0.9251803354325171,2.910522732247952,-0.0347877163001791
0.7989985516173402,0.6575831672285889,-2.221753010652408,1.9995441359129016,-1.1710930798282502
1.1358570645036297,-1.3619820549849242,0.6783479947789588,-0.7865805955212154,-0.36374631700285626
2.641585248566494,-0.0064377544019197696,-0.22852268554287586,0.32574553023852126,-0.38414119229053834
-0.05404651154847348,0.2713515711027465,1.0384856951086228,0.06103851445986858,-0.7363089666832765
0.417945898928012,-2.0596177295193456,-1.5325199138175225,-0.06492018640136285,0.4883713545808057
-0.0734887495171176,0.04672084592528071,0.8149523224945482,0.3936137932077969,-0.4364670479054408
0.08358856672695382,-0.9746574201076251,-0.983608360636623,-0.8082234275783045,-0.6258576966694687
-0.050285654710933526,-1.0100561113198105,0.8944968625593651,0.12198130351095796,0.5329436456236663
-1.3183137179325966,-1.9637135505858765,-0.9898614623097164,-1.020265483701374,0.3596445518430073
0.8724760027802263,-0.6994861043020092,1.3237305077815196,-0.6082374916919189,1.5549553638623916
-0.6550502813492662,0.011998083609028994,0.07143617503281559,-0.5702896458459211,0.07492702802325953
-0.3368236108550882,0.8655231005009757,-0.44454568115553716,0.7137729902219009,0.22733089211528731
0.08042187649170554,-1.127035412769862,0.42510352416942965,0.5086556256544601,-0.2045027271639401
-0.19957672743124238,0.21803027514346748,-0.21901770732284387,-2.5055597203161404,1.227229889402658
0.49472732072476644,-1.8564295052722324,1.1589132924781527,0.9625973714645566,-0.5241147217770978
0.23589827348098533,0.5843697848407582,0.3480142350607016,-0.18778680731631758,1.209415763491598
-0.48632830796756704,-0.4228624592846308,0.25086893770128466,-0.34045323197589605,-1.8398967716304955
-1.0178390698772044,-0.02668569040769008,0.10604508336817454,1.3787488405148651,0.5286166315535241
0.7434354763900026,-1.0091671338909611,-0.7920936525257505,1.3600077045397838,1.8906376190013483
1.0552899343953182,-0.789391328799278,-0.29133570448509777,-0.8039201563924124,-1.2133253367169075
-0.46561800017054095,0.24796957422364144,1.050628939242815,1.0022261223201119,1.2168621041324428
2.281488810596171,-0.8821873270909183,0.2299393774465662,0.6757494476295706,-0.24795119275214475
-1.705888053807124,1.038219862340202,-1.603537399647594,-0.08937030882277715,0.390408293402658
-0.40424210409453354,0.7181806735653741,1.5044574529146697,0.722084630389161,0.8848738453477079
0.537611096904096,-1.0420624843337793,-1.4292409024477333,0.17563599917678127,-1.2537603693702513
0.938911638841936,0.08406702588547145,-0.306565459415085,0.0020936506196195482,-0.008834301359527442
0.2768196930142581,1.1588918645732535,-0.550997531029737,-0.16958690290047404,0.4942566791028648
-0.4011508573265821,0.951297921964759,0.18773297070350478,2.1373130622903185,0.1884221278882409
-0.7518853871924964,-0.6536670169369356,-0.14716409541549363,-0.6267556099279405,-0.687458782781535
0.46230738549240047,-1.7197031651111228,0.5005913834192777,-0.9049586448658181,0.08893275377630233
-0.31254679951759157,-0.024558353806380558,0.956756724870791,-0.7899280814213525,-0.006108952657511964
1.1530679094566778,0.4979477123672494,-1.3967372257052322,1.0302986761981476,2.488902680931933
-1.7948834233258948,1.1471877547879528,-0.608375847362018,-1.1561876012640664,-1.4577000314846476
-1.0258537684678823,0.19272857560716947,-1.1921084636007884,-0.61572840196512,0.7437896747762459
0.7335557777780206,-1.126990347499608,-0.8567624612736291,-0.24915378630911153,0.7445985397259907
-0.7498866618205507,1.1582963246050417,-2.4771986686900416,1.0244450931154816,0.2873016845856439
0.8459314390360946,0.23834356474096363,0.3035802256931794,0.5303466947377782,0.14781255410073035
0.970642449186988,-0.5192825685516098,0.8264052721898829,0.6298434461895615,-0.5693106317520003
-1.5975373481901824,0.2942456546865666,0.9703720419204661,-1.7850874006662172,-0.589426528895701
0.592540916375097,-0.9478987257401549,-1.3685617541012856,0.537250664831088,-0.3656314773094857
-0.11844547968255499,1.077455885493894,-0.7243115174715304,0.07619551766631961,0.41502662840220383
-0.651272932140687,-0.3018182133400683,-0.4083070854886252,1.255415850504301,0.836766448023588
1.5368719056016793,-1.1989318845193022,-0.10875942258713173,0.4476868323935037,-0.0786953563296742
-0.5030384680209924,-0.06937708792722647,-0.5688031287914557,-0.5678901595508142,0.647964888073391
-2.0966413299683344,-1.3600949036976742,-0.6147730824638509,1.6380859307426345,-0.38911528854213423
-1.1311973622927258,0.14435639176631002,0.5656417514699319,2.5787490892841096,0.3735392157541539
-1.1120967447322487,0.19065577222298719,-0.13754858623710509,0.0349571581860093,0.6487626601150931
0.8274762540099275,-0.4161129857671469,-0.21845893445162592,2.54589847282305,-0.07595466609696461
-0.5638090762758816,0.04988542143937233,1.5816268010586714,-0.48828261927253147,-0.6275176927923765
-0.2330006833292691,-0.2710957407591745,0.07616845561708117,0.983865189625851,-0.9623008682242085
0.3335616650502367,-0.5232761402592285,1.118488424009452,0.4712832351776583,1.00069243357624
0.6324024765224538,1.130019559383583,-0.12213695589009116,-0.9421987091718679,1.2726284803572454
0.95789908887487,1.7372847624928436,0.09972081139001131,0.9953471358580619,-0.675132999464686
-0.05097196841457362,-0.07469786129165432,-0.23222201694690364,0.697282882412398,-0.42035399574660737
0.14199729805627812,-0.0020711585779026004,-1.9333691431774174,-0.006466066510034933,-0.20618884503319923
-0.6985519760610032,-2.5961888618704583,0.07223405048178311,0.022087053739760342,0.9498293111554119
0.6949464885761635,0.8122780287054983,-1.7703735547137915,-1.1531161986594116,0.8385338424728789
-0.26376354911211575,-0.31220636866347723,0.644441396930426,0.09316702842049755,0.5208305523692666
1.0432735633818213,-1.6984773305109144,-0.5261110166832635,-1.0083374434030596,0.7109572780160553
-1.2843185271685376,0.944650763935153,-1.5321744649590572,0.5259672341281414,-2.2279316198773307
1.3048750787876229,0.7749977215219157,-2.657508781716212,-1.0810551687936485,0.37145488443563796
0.4434475244928484,-0.7053269295698847,0.5425801074879073,-1.0772739849682988,-0.6753446967641797
-0.286428677550554,0.48499752125176,-1.5350278724980604,0.0400891481222175,0.7762792467984365
-2.2341299016123473,-0.9309595049437847,-0.705495123382663,2.2964887812602144,-0.16184350385234136
1.5104961210632948,-0.8955777593168865,-1.211494433789975,2.111586658082455,-0.3375969659658907
-0.7250692890635106,0.7287750981773707,0.11711875030825107,0.13541747838701956,-0.8559036748132466
-1.0115376035844579,0.9359027637141762,0.1518040932979475,-1.8543958305517814,0.5682642711106931
2.0967377473929263,-0.8452220718022632,-0.6623857802665788,-0.8707809574828582,1.6889460538586447
0.32651926093268585,1.3795341469504643,2.1911563353854957,-0.27882056493351043,-1.8807814463678707
-0.48911488404126613,0.1390223745923544,-0.31134533650916124,0.8157539577116371,0.6053220262304868
0.395623341375836,0.7869356787119882,-0.6825350608993941,1.5686457998842023,-0.6569327618360623
-0.8727132247909474,0.7500523079827456,-0.31339731814861377,0.8626778715892618,0.4676957255454548
-0.38149702759307097,-1.0224038601805567,2.0917154707461023,1.125763643440875,1.4371020113753674
0.6501550774696685,0.7291262890952434,0.7056649732753978,0.7398676229290018,-0.7203331172549233
-1.8314988463632365,0.5090832742864371,-1.1659184457569332,2.205246735612349,1.6826359670373232
-0.9557675522496833,-0.9941632470027258,-0.5314345888442235,-0.3652962564970999,0.2151389450986369
1.7310069843595575,-0.2029732936944909,-3.965315101408183,0.7861455364265859,1.7911473899046448
-0.2285835777881055,1.5686199478643643,-0.2733608808472999,-1.1793838041361315,0.3383952463754665
0.31461060653787654,0.5943156343039723,-0.734259975386369,0.047507536331209306,1.5860203076481942
-1.1074659467887127,0.3406659655317362,0.7484943420128325,0.6166289572660584,-1.3804164408015673
1.4071906000918275,0.5443789307015576,0.4610988165828864,-0.43905705800488004,0.7903333752239722
-0.7870980248237465,-1.6793764041262824,-1.2400043038033846,0.13799890928988118,0.6552123950688995
2.1586117831517746,0.19061337451540297,0.6342915776948875,0.04896139962345897,1.055542513327763
-0.1264005206652143,-0.6483898861063445,2.0618799391192413,-0.13391580657534616,-1.6950674050813161
-1.809240017701987,-0.6868303930983986,-0.058062843302575405,0.8528640460615958,-0.6951906373652788
1.5593164074108876,0.6804273302312174,0.8998495586097521,-0.60365049132843,-0.1428839976896065
0.5032202900064559,-1.6175550512534018,-2.4739663964624583,1.3265650782425744,-1.9549969448461078
-0.9803932511495518,-0.6217138008825974,1.3077783363119944,0.12431242727763615,0.27426391167955194
-0.082425938147238,-0.4681060214331124,1.1931494453437028,-0.10920441617727944,0.4089632737226802
-0.662509451413626,0.5521540656011671,0.2691595432166796,0.6655706201373907,1.1264948463840776
-0.9030818692685464,-1.241299119296302,-0.0624895596290633,0.11297102578618573,0.18519267889718125
-1.7211476286916074,-0.4349707187418258,0.11712071371223463,1.1242540971328827,0.10381010271023275
0.8854027143017646,0.947060463121303,-0.6523850190662938,-1.240250971018479,-0.8937555414848926
-1.6759884739900075,0.7836483019665098,0.7525193748505417,0.8404581480863597,-0.7139877362161361
-0.4392230255465696,0.5096375958873214,2.2615334208786964,1.7178673298022427,0.1170398901156635
-0.4824689205601881,-0.8017487868418358,-1.1364542603500372,-0.8908113668882514,1.6381826489393034
0.8467237266650617,0.14592298717008584,-0.049500820386874846,-2.1700723567424207,0.8008445121012964
-0.21858152512977203,-0.20067567838794745,-0.7216103654925682,-0.7898523201244215,-0.6298929904550276
0.5307412739716328,0.4461445261749092,1.6640427641114481,-1.9060242613317206,0.9342129630598831
-0.9943158416923414,1.2479173925371996,1.4498066046880977,-0.6192231722334678,0.7149163938677987
0.8533224360977026,0.5839054345655884,0.4898327593529968,-1.0166064831566952,-0.9982758616498723
1.0411888049873514,2.0747451249263054,-0.2066732455229439,-0.5353728696953233,-0.828995247681963
-0.08836616981402719,0.10808235412969427,0.24680561578395524,-0.10720710675966627,1.1005892060669464
-2.1253254498518723,0.026615898672560978,-0.6810373010269462,-0.011475464080329964,0.34625233462569033
2.387488976953921,0.6174199443168173,-1.8385144792553987,-1.0262166549367642,0.7025138836172446
0.05820602363162946,-1.5118700941375618,-1.7526346569439668,-1.5624343491263628,-1.869929411153622
0.3620198395408039,-1.8313662362498704,0.36192392519426125,2.0106665504922474,0.41088746138902565
0.745256593339486,0.39749948873603824,-0.4680835897385102,0.29428023467650244,-0.911208865163251
-0.471270592143759,-0.04601546943281687,0.45931670571267935,0.49660634893417943,-0.32977426299530893
0.22140888431783656,-0.13598936505159342,0.8904704680645155,-1.7953215612557558,-2.0239886745829345
-1.5196385772626717,-0.4538484127105345,0.04770631236352889,2.134892357096047,2.18578544901268
-0.015175759212792347,1.799465005679982,-0.011706308904777118,0.7872609763451183,-1.4162811556824204
