-0.49834079671789494,-0.0007932678116836709,2.164494663113159,1.342026309593156,-0.19099980264982155
1.4279570350659279,-0.33556549739282276,0.9969716189677158,0.2740081173637728,0.005293466829636211
-1.1129641987137697,-0.8574211046012914,-1.2604388515430112,-1.1165992783023135,-0.8985555357863004
-0.36602054267300604,-0.7698904999397596,0.32663414027628596,0.18235223574015824,-0.4715736620124853
-0.018894264381898902,0.6789178038323537,0.0008235651905491677,0.8439284420740459,-1.150772345802603
-0.017244618380537455,0.1527848612784533,-0.638130596704197,-1.5751402217474304,-0.6472592817075633
0.3880138897651936,0.28297775734994407,1.463022055251871,0.7684260699787165,1.1564075726283225
0.5926201734001754,-0.7450490749386984,-0.24407606092401157,-0.05484961476594029,-0.37373798998188323
0.09445088888892082,-0.31951351712992926,0.510613210459877,0.7221580906060902,-1.0711464038511789
0.9350704325008483,0.23893107303204644,-0.5418517200759069,0.2810156428662667,1.1209440829640995
1.2373701978060538,-0.16944331420088832,0.01469109662350367,1.348846112184496,-1.6193060882973083
-0.47683967327493293,-0.2165748093517584,-2.165548210770102,0.36520669198235284,0.5745019691942972
0.5603446845087806,-0.7198165555647937,0.028628125400632053,-0.8609580266638654,-0.49758793862026657
0.9224922025161172,-1.0081173579496006,-1.019796198335073,-0.48539676740608995,-0.6329871036666513
1.18638322761138,-1.1532104808963934,-1.1017082302927304,-1.9024086789234067,-0.21414755504915406
-1.1988268353619649,-0.3027294981831374,0.3707793465806439,0.5084571815832831,0.1848968785717646
-0.16146398711415832,0.9971932807731293,-0.4400374984947692,-0.30945535821183207,-1.8236148734293074
0.8490202848362166,-1.7671653450109581,0.17402901634793522,0.015109897446331406,-1.0520533522542634
0.5165983535305329,1.702452177932786,0.44054723058635153,1.3970523086623872,0.6478065430110093
-1.4467564524395777,0.05952384049640075,-0.826991622154059,1.2228468531578385,0.4332112871594503
-2.705042475792402,0.27116993399844747,-1.9141336994975655,0.7675171780271193,-0.6934221461895912
-0.8923290998645457,0.5661273546097902,-0.46501066179372874,2.5080008956552455,1.5191172846637615
0.09175163829238034,1.2153085078468804,2.1172498296308584,-0.507098333694155,1.269609657832492
-0.43460265828970485,-0.16873895152099008,0.8705281458450376,-0.07904660455844349,-0.20008769987873945
-0.28073609891805695,-0.17748271515319153,-1.4489746295913501,2.786654392760622,-0.6046162812788588
-0.2216341199143857,0.3076961020617656,-0.5660223126800253,-0.3053530575258071,-0.16269755250692905
-0.5455304840314709,0.15273674804866538,0.39236370211417004,0.5682158582029699,-0.8132464261398304
1.2611509093574775,-2.3545380355568053,-0.007718842908591286,-0.17296408733734578,0.0765599544342781
-0.6879253310287983,-1.6290334910675004,-0.30027514312938863,1.989490184628518,-0.440337903889087
0.7022549937245829,1.0312677270349833,-0.7047694207733001,0.6230041946855418,-1.0900021527980985
1.0878750062627391,1.056267426683471,1.2932955965345327,-0.5840265098757665,-0.696430980569889
-0.22008866162796478,0.7791114311527626,1.0806894764526278,0.9800931650222332,0.0663711729632604
-0.18806285017628888,0.16177213651504443,-0.43174225363394175,-1.3952970485856535,1.0896961263478488
-0.49368380531609696,-0.5384240700879603,-0.6772115412054602,0.7942866256611122,0.1409329647086976
-0.24333368139467385,0.9515738484169208,0.38199162500265066,0.5364890602614782,0.6380452285475624
0.7190909351413071,0.07690094791715205,1.3456988750371581,-0.7587041560321275,1.0138680452583633
-0.06709432214852441,0.09459005992616985,0.5588246456313957,1.0785548151847093,1.0038112435425346
-2.0058196357610227,0.22946779175151957,-0.603165758398151,-0.6168098117062379,0.4983041706148504
1.245891746428232,0.3513379720107997,-1.4129695464735836,-0.8147936358809793,-0.12933815360684728
-1.3029815778154454,-2.1394213101749884,-0.1034796448019276,-0.07138831831029477,-0.2546206832605752
-1.0057657222864833,0.32565130152043253,0.4715027492410989,1.1591793609127699,-0.5304217582639482
0.3895079522570652,-0.7437414462428897,0.9232180543460635,-1.3491454933307807,0.19997311995769823
-0.06207264359400172,0.08835513688335687,-0.26918815405994817,-0.30847170153801,-0.14817645230025397
-0.9538038818875626,0.35432688377080557,1.0193898836243596,-0.7795740206916363,-1.0331150150152575
-0.24445731670270104,-0.6795225035454346,0.15248039109969388,0.9780802521409548,-0.4259302299454773
0.6766912218990678,0.3569945544822448,-0.22994038186670535,0.3460407760901645,-1.7654585757841572
-0.5298264001477972,-0.600575033555614,-1.5603420487248574,0.5651379342992344,-1.1385760134089382
1.7210800422259809,1.7433838499720355,0.5898341118166632,-1.581724802205032,-1.3668753683978059
-0.7405058422002971,2.3667055661018024,-1.4303934654739372,0.9128944732634533,-0.49643104093910045
-1.5188480668193687,0.7327161943449589,2.0378697119596185,-0.10542642969302243,-0.7915713975565515
1.5267957526331788,0.7422900143305505,1.1053494291168897,-1.303218755283982,-0.05657875191134987
-0.6033786056671199,-2.138136568963862,-1.1706244787158184,0.26036858740223673,0.5269112388698316
0.5291742316609743,-0.851320972882313,-0.6507787712019111,-0.2962100158845221,0.04421430464590876
-0.6731383586482093,0.1652215543255814,-1.1149234558861547,0.6501527678257116,-0.035118345118613746
-0.7236495861598154,1.1055629601690204,-1.5206685850627817,-2.533806577844699,-1.8043186541615897
1.8065377926048691,0.05865701049683988,-0.37565453104646646,-0.3506062788053757,-0.27740854205949234
-1.2000923346475783,-0.057459927585874135,-0.5346096878677444,-0.1464369807570005,0.8635599977960939
0.3466211224286033,-0.08136079097993396,0.16812750489273784,-0.04659432286415061,1.0904659826818788
-0.1547096817207753,-1.184969458295847,-0.7106323194392362,-0.043258385071097534,0.45590298875213847
0.4449529683409234,0.29338783991281775,1.4453441446228588,-0.28809708337479867,0.8660867809433251
0.703302216311733,-1.0807158752828172,-0.4523465786378785,-0.2748827716474787,0.28221209462715935
-1.0143094884408654,-1.265742037124352,0.7968617163723152,0.44313881635820157,0.12859161846707826
1.169572458250082,-0.29675646103687864,0.44814623769496437,0.8479040871600312,-0.6353853379787235
-0.999980471306943,1.796917731364366,-0.5059959100492344,-1.6487453527726978,2.4049708368990976
1.759164598334427,1.6964718324787846,-0.4457932698803384,-0.26569395910158644,0.12840011584605776
0.033442138080832705,0.3269496632003176,-0.29904316741398856,0.22565876440663052,-1.2213294230381335
-1.4171416133387067,0.502380668731955,0.02196760328761889,-2.135217099793303,0.8954907786588718
-0.09025909668593488,1.2338414942040217,-1.3650589302861513,1.389894234578941,-0.05218029248349166
2.200382626255217,1.542258527768614,0.6892338764493896,0.4347354429260901,-1.1327933304441966
0.31088714235092885,0.7373200650856031,-0.34723683133005395,-0.6222546718276937,-0.4422959353583714
-0.8675711444546815,-1.2456495098439584,1.9821651730266985,0.8223711861327131,1.2974433129802412
0.13777790697374595,0.9212532404754684,-0.5975811390138998,0.6519004911449465,1.1214122745413855
-0.9866888420319235,0.4566609586053159,1.3571582586548827,-1.5653653811592645,-0.3191019151565571
0.4372516141040502,-0.16277127441259695,0.0995512891740997,-1.076085048855944,0.2972554537135293
-0.5393053493416036,-1.244295395622043,-0.3489259040294242,1.7888435650085301,0.25449884400809153
0.38206373222685863,-1.6581892584318474,0.8315413133456399,-0.47370951288735064,0.38042376162337493
-1.159332594255901,-0.45261837155471457,0.48541973107333475,-2.336870920077609,0.728865933145773
-0.37643421273696454,1.1843715968046893,0.04253550557900983,-0.7782181566612173,0.44120513230600417
-0.054488212404460785,0.8650304703407364,-0.5238998713289319,-0.41609778310153006,0.4536273504993974
0.2952965347547236,1.0594440957013043,-0.5112046639848712,1.6193253995980605,2.016455556082192
0.05275591358250122,0.75919406437465,1.1580357972379034,-0.5977157658960742,1.9035866219645134
-0.2745030405021392,0.5619804198851345,0.8789146894549923,-0.07279038307923615,0.39154436394347114
1.478231507665694,-1.2789055909518068,-0.9987845702225437,0.42713024752873285,-0.2894289292233644
-0.1696902622095104,0.43217376400560975,0.8978890135763701,1.5750420370595626,0.014050361668072105
-1.3466892175293739,-0.08857593738154618,-0.4190373009774979,1.5739488096283258,-0.95605388786136
0.19683253513443227,1.2900870834162101,0.3501934801547209,1.2174828074483437,1.9736281041084507
-1.636388099298717,-0.5243521191047733,-0.8856189862829813,-0.813467932410795,0.06647127018433673
1.4533811748268481,0.7595990081888742,0.3653247992523225,0.6466308181403809,0.6754901163044976
-0.03729474923907865,0.5959988841903909,0.03787164719114086,0.405628064287717,-0.25582354611924635
-1.2644087281374796,-1.400081694287008,-0.15011534542143343,-0.4444973148169637,0.8177510536213569
-0.2697406400414044,0.4429794773999049,-0.26893191259451116,2.0053417982938937,-0.9021815590260515
0.7997704823038082,0.028153098927409446,0.2748232021037771,1.1133281791794991,-0.8534882044858603
-0.2472677797983764,0.05268714973673019,0.6588455107373143,0.17868697203127556,0.9123944591552106
0.09324749707342382,0.3060585746958705,-1.0217931348918592,-1.3415814511138129,-0.03533066478073341
-0.35093334981041785,-2.0244922788591584,-0.9277410145417756,0.7905150076492908,-0.5064827101229202
0.3996211368684162,-0.45932485750922375,0.39091246178722056,-0.8934692656632082,0.0027646294192663384
-0.35831251628430505,-1.0104980288756185,0.6367596108457725,-1.3196782710227242,-0.4772412299002802
0.3881489495794308,1.0198196052622057,-1.6535064114293245,-1.6284033101084958,1.1778874299833493
0.4045019554326383,-0.09147152074995235,-1.0697593590125138,-1.4826531908300864,-0.3329778556839311
0.02564117947676095,-0.36595885981962445,-1.5499132527510782,0.6136951519682197,0.6365765364280309
-1.3725935401931044,2.079985741069244,2.388519014656367,0.8853284056397496,0.49125970447048484
-1.0390122133935105,-1.743700958121734,1.045329876774887,-0.7436829693017349,0.531995003184954
-0.415116406126503,-1.8306095201075916,0.25691263588917873,0.9114612015145714,0.8701490081948987
-1.1909403737122675,0.4000761522526291,0.5069263401474342,-1.2151382412301808,2.068485621202024
-0.509548172331261,0.6019722720400149,-1.2881141267286598,1.5427953338212208,-0.32329218967571866
1.4413826720127285,1.3085744230333274,-0.07802124182399942,0.8142272520121066,-0.32764753494501103
1.0366069015243036,-1.2213112889208115,0.4916642508214745,-0.2845558938257057,-0.8421073360652985
-1.2890186747966006,-0.9042792776386643,-1.854840114969994,0.8366583705702733,1.0069154234232043
-1.070057263008559,1.072210740409703,0.007290268726754084,0.534208567088261,1.1949896792404258
1.0480099526401507,-0.8907781466692526,-0.8626746593934016,-0.23413510944336668,0.3830741817478841
-1.2981383560391726,-1.01412840815961,-1.1011664802724914,0.2286348677979036,1.3503431275503668
0.0633406600005152,0.05596278281131924,-0.013564228617752083,0.0507915914977655,-2.9236535921464517
0.04873642709766432,-0.4038644662290333,-0.5695649078847531,1.237646107339609,-1.2500938612513852
1.6034085668191727,0.4862467558263891,0.10826383084934973,0.9604544309036853,1.183298678167655
-0.5054386387313458,-0.8371059677916057,-0.29743614518579153,1.0525754884768503,0.03163977525488124
-0.7431126709344298,-1.8553224037476397,-0.027767191252872036,-1.7619188710108022,1.7277210283895201
-1.1220597348732317,-0.32333709192574617,0.021259499841156427,-0.8613109080325411,0.27072582091595176
0.38709577120229455,-1.725547767183408,0.826560670861547,-0.3637065011558734,-1.3289016394064068
0.32698024788243946,-1.3787570935073077,0.870769161393816,0.9326669667294822,-0.3529902170233413
1.0226843994218795,-1.5516568673054543,-0.25343530363424827,-0.13626856173135377,2.335207475718059
0.06972089865410991,1.199323761714342,-1.4571149121524292,-2.6381452537814547,0.18453612774138856
0.5294681730241914,-0.4437395569049417,-0.16363908476921038,0.9035363866399617,-1.0066593734001796
0.657854804882602,-0.5834055819610179,-0.837490259911539,1.0815985202514506,0.8619659393475615
0.5103133544082966,-0.6808454560948259,-1.0022114405401408,1.0943541288911527,0.7791651209664108
-0.7040292670405225,-1.3253706984312608,-0.6976421308829129,-1.0896904916330803,-0.6389626696426305
-1.14845629456924,-0.9738303188159314,1.0727128685453793,0.6058577371976119,0.38792120293456245
2.1610708271027987,-1.0963806663090232,-1.0870698767050169,-0.5789959514309365,0.4331113323223701
-1.4176026658703298,1.1267526230715312,-0.14824038216455612,0.020361162550738093,-0.9062165140008122
-0.47044008563859535,-2.200236236661647,-1.5970229316080287,-1.377701866471234,-1.5593451919791967
1.2339477767221425,-0.20268616337719758,-2.520002361810273,0.7654098829126382,-0.2426274953214208
-0.11300807015512193,0.5492099767123918,-0.7417117432400766,-1.6801221263878876,1.2805272352071
0.5303820629458905,0.05461030627452856,-0.73274622173619,0.30495422914765985,0.24945711202678258
0.2270409388524524,0.5686410181708151,-1.297936013384479,-0.10160395017055415,-0.9872971726165337
-0.22351617317132025,0.6770430089202072,0.05328324723981958,-0.586337988613762,-0.13694735850744708
2.2617836323889393,0.43438646596330566,1.7022413086980672,0.06970681932781386,-0.22679100436690472
0.7955867075309768,-0.9118140638301083,0.47275552466871673,-0.4115653433062442,-0.2189037530539665
0.7519989430735987,-1.7076336141652277,1.6967615118700183,1.3372780476485358,0.7329121779786156
-0.6206310674650647,-0.17561624586195232,0.524226799795579,0.15323479547877722,0.95159369625809
1.5078234189663249,-0.7663731401417998,-0.01478053238147897,0.3337997725082626,-0.44571655273201466
-0.7709904966544211,-1.2975205039893605,1.3566878065492127,-1.0825424880021826,1.179264602048319
0.6289026230497716,-1.7183522610866797,-0.5450747383201612,0.4126351006774861,2.419841260978289
-0.17138439828144902,0.5816057570716089,-1.1985756799991258,-0.7709963220621433,0.21889607725360175
0.4636121330186848,0.14997228745943794,-1.1845284154245523,-0.512656300343869,-1.193960952473396
-0.4415376870554891,-2.5033394402016866,-1.135494298862051,-1.4278805623419994,-1.6573001674127523
-0.10825928773725846,-0.710242327717568,-0.6183779508591873,-0.10406488493582441,0.8654647946667344
-0.528180660162898,0.3848958691934995,1.704453623931261,0.09881237700614674,1.1314009616714624
-0.32998575543119574,0.2141780220198795,0.05712486198103869,-1.1836738622533416,0.47499261466892245
1.7435280805355016,-1.8938434888498086,-2.0389061917758546,-1.6080913711857248,-0.926290799406985
1.0527975962868585,1.1874610294138142,1.765671811288349,-1.1130248279854835,-1.056684635433986
0.9542964811051119,0.9817200388075079,0.9445176644178338,1.5407666602487609,-1.3705738390062274
0.43931196296207226,-0.5013618486678176,-0.30581677913137717,0.11817743360865966,-0.6570180460620083
-0.9393253580646762,-1.1872509654891188,0.32380270353221813,-1.311870026558542,0.8338067864682506
1.4567302252970822,-0.15452702648796635,0.011758476356118408,-0.1495027801161889,0.1951792657411559
1.1344436667197857,0.4538496513631191,0.4784960865828063,-1.0449441194087385,0.06077629694181038
-0.3204618350466384,0.6111490490177836,1.5167041945175177,-1.514597255551067,-0.0885677055753105
-0.018304861411004826,-0.036408486276254336,2.1566502651752035,0.04478840000975933,0.6471067772870595
-1.282607366499833,-1.3111600275785398,-1.1465010649751193,-0.8307858058969056,0.01108959838938012
-0.3741871254686825,-0.6385887904895423,2.06143680224909,0.2818809330052599,1.0786315771457207
-1.6299396306552247,-0.5007772639441355,1.2590394602727257,-1.2090347166038045,2.431161766926814
0.32498697530849735,-2.1980241443952635,0.6760395964329163,-0.7847889584745625,-0.7039243539643772
-0.027497653223192826,-2.0219140276469165,-0.3444675178872708,-1.3791108495738604,0.012150697247478985
-1.6679312130341686,0.6634302151089081,0.38137818360897396,0.2424499223238023,-0.6794927608886437
-1.9728068646676837,-0.08832490016052545,-1.0048330241012604,-0.29602471318920204,0.5055952666216694
-0.8538402424489605,0.9846304160288376,1.4039345000209518,1.4142886937327792,-0.5771162049831674
1.3776148535414807,0.8073740104565705,0.41060749609617037,-1.3540493808912295,-1.5552843828503846
0.0683461299685394,0.43847716062478753,2.625836622278034,0.46268842049977277,-0.7857387007137042
-0.12312780185682275,1.607971861553021,-0.15462224498397845,-1.2512275194267097,-1.0987046759283559
-0.4867761682935862,-0.5187101830360766,-0.736687536558946,-0.08968454401826659,-0.4308550951583411
0.5622666666534573,0.6619528260233397,-0.22069866705304428,-2.3280834174089846,-0.23939366058303324
1.019128673747834,-0.9742041791424059,-0.5400661194238969,-0.5694865909570672,-1.400220071583839
0.22740047156137497,0.5965420999946299,0.09911835289427512,0.42741158321387507,-0.280803433406984
-0.5468166846844581,0.8266954503618318,-1.5173883350171633,0.5889054844465351,-1.010191341405526
1.9616609343767966,-0.016200381550165153,0.6706652568789814,-0.017470415548047197,1.82210178746039
0.32730877133693553,1.196585431385005,0.07622133242281046,0.47130493704384824,-0.24978507730509245
-0.3673818618791487,0.05101281751792303,-0.4804244608599807,0.05952859664735632,0.09824328184277027
-0.003914759162748427,1.4402281472354177,-0.40656219428578294,0.35667350740546677,-0.06172180620988355
-1.5634356836785905,0.6961101093969805,-1.252193346598667,-0.7119390543063996,-0.13160401693427395
0.26813954224541897,2.2583795961968627,-1.7136863313861108,-0.9594067637716692,0.8327521462926486
0.23422555421873562,0.5084075530299375,1.4445254013792193,-0.30155560405921306,0.14293139636479507
0.8296748806417351,-0.902829010973168,-1.5121965468609808,0.24554982522244745,1.4083286705334597
1.8634387183460854,-0.808603655222678,0.6246968036838795,1.0812209345277894,-0.39000357941314645
-0.7477043802634564,-1.6325708107244907,0.6539248530295342,-1.1190138885913399,-1.0725869039830132
0.28897006948585063,-1.0062740835444886,0.7181310331947626,-1.08793761282676,0.7481897067130405
0.15690822597326076,-0.31960164761530657,-1.4143640747276491,-0.7152811063518724,-0.3796332746423429
1.7545059996172465,-1.0684236992759255,-0.368313481234813,-1.2070003283314852,0.30062861498441584
-0.26517808815746846,0.349606808114293,-0.609854824904515,-0.4988164437644536,-0.30724692767738204
-2.4440240581398585,-1.376470271338055,1.8833308543961664,-0.8369065605024264,-0.2612505003086751
1.3684379152305521,-0.9298142087966649,0.26631661384923366,0.5279111882591591,-0.6176612377256068
-1.532245065330562,0.7915090327386282,1.1456314342195149,-2.011888751942511,-1.4204333214161895
0.8198201530358444,-0.22741877112318148,-1.5836838340329662,-0.6678260458040799,0.619657775277091
0.31988998740009317,-0.7455638835374637,0.17843156515867267,1.1707451072007051,0.7767488389166938
0.3966654343061781,-0.6855205729009058,0.050202412329659676,-0.8203223292198913,0.0314620754721437
0.07176679355843202,-0.4809134096604708,-0.2239941187909005,1.4960388118468535,0.09850572645702799
0.04301230880580693,0.4182178955429067,1.0615523253919454,0.49640772788054943,0.7040381112895691
-0.5762195488871812,-1.005630562731282,0.6051156281466333,-0.6675942737880692,0.15858643264776742
-0.8576494637676565,-0.9167239835245558,1.9200346970058002,-0.9589597266165869,-1.7946839873972202
-0.7225363040946177,1.1011922299866352,0.37940481787617064,0.0005507461850838225,1.4817596401908095
-1.1238018794761329,-1.2300925796679827,0.24846312292669004,-1.403726756001994,-0.18965477427259028
2.1379042362999283,1.022752995697974,-1.1661020770087418,-0.5461915994348726,0.017085750686652704
0.2476648832850567,-1.777597494411427,-0.03082542030777197,-1.6630828291842796,-0.30340713878683123
-1.2014374109152675,1.7378482550531649,1.5128766822128479,-0.8953774871424349,-0.2007730347682036
1.2244326721507455,-2.4063877110393803,0.11767332282785044,0.5035967119072388,0.2731415131669606
1.8609416163449735,0.5720576637048282,-1.052288017070163,0.5951029239835869,0.9048149894879193
1.3714841175989734,0.362106064009631,0.36439888155315775,-0.04107161126178441,1.0820356260570612
-1.1986601804859771,-1.4152821991592277,0.1289166009648622,0.08543111446360442,-2.228239042612242
1.3531626969698747,-0.33492518040856045,1.6520058381347564,0.3713234641504559,-1.4999812722494503
-0.7266280257922999,1.2129105386728236,0.02285035602153598,-2.0105877856157437,-1.2859077027897468
-0.5278536715235262,0.07647622902794204,-0.5924422864985102,0.4595937713283592,0.36595595114333823
1.1154323550472913,-0.15977446190506062,0.6940632047574891,1.9458229456548228,-0.5594898045047092
1.075120255981366,0.062199838044232264,-0.08334796260963065,-1.571605743237686,0.16581580194183232
-1.0481392884641139,-0.6652623531535252,-0.24313560046145571,0.2272316959728478,-0.8318760486185306
0.6094867527785498,0.2487703432827919,1.3010074850515025,0.9805889552921875,0.6761134430007573
0.5826193634595938,0.09405984607886593,0.817874270394528,2.117750706257145,-1.085141141325836
-0.24161610585716825,-0.3907932746299024,-1.503081275982206,0.5853523147444146,-0.2335034305994085
0.40582495948292807,1.9821996246586224,0.5335765558569927,1.499487367001001,1.602467403749625
-0.4601767857833589,-0.43756688961999557,-1.2362399848557046,0.9260525875162553,-0.02087040071639432
-0.795708440440122,-0.6040990287141265,0.10128398673588629,-0.6784047061469659,0.845159733323657
0.41279012837009366,1.3955759004235366,-0.4382271479805023,-0.33058324628456737,-0.6511322628973207
-0.21013836412178474,0.6548114888482227,-0.18715081329127822,0.2549041328021249,1.3221304791452184
0.699343033945409,0.6817068758272001,0.056493805153495086,-1.5537622286870787,-0.22312141490310433
-0.17834944707971845,-1.0597095096826714,1.1992970597344477,0.01158955349503673,1.1774621575086508
-0.7895676166288125,-0.614721460747544,0.3338474019164701,-1.0017054076905167,0.47199932405307937
0.488634996739877,-0.08175702068431358,0.6558374807932962,-2.3499152607687557,0.715643066884018
0.38744256188782283,1.647629924487484,0.029507561953408305,0.4588576276713464,-0.5057790212006065
-0.2029419163541332,-0.005377549097536703,-0.08183086337152065,-1.6889904106296725,-1.524164808469064
0.5692646749970631,-0.4440917451428368,0.2252677862816942,-0.04716195179578407,-0.570014230280982
-1.484341678853354,-2.6698934115078887,-1.0667763793781209,0.4624796617020932,-1.2168521961248406
0.34189723274615613,0.08255457188566598,1.2786256412286199,0.17483339038346613,-0.42228374691962045
0.11594386593788326,2.2669397546733596,0.3204942215513311,0.6014633177972202,-0.4203796587871923
-0.1298204824371927,0.1997506120593576,0.7301854589514135,-1.0727505321732735,0.8921146863778988
-0.046565995464295136,1.4980072654786825,-1.340011639944185,-0.052487202042258124,-0.10349070513408706
1.4893858125466535,0.3245171723097809,-0.870459687738415,-1.3335923973906247,-0.43246144168502776
-0.2388960460396138,-0.5862031974261573,-0.7299785570775823,0.3159554695173899,0.15520884329854343
0.30589285255221205,-1.0723505908890516,-0.279132350098707,0.3565727048036401,-1.2201502458140723
-0.14473836549750843,0.3731584403655133,0.6348774381019265,0.35872006140143087,-0.0747647099601176
-0.23076403014719746,0.19005156750011978,0.5204948727790372,0.04579715495569248,-0.18403404530701406
-0.9864578239839198,2.249128262273687,0.2076686330134712,0.5241927178008581,-0.6883487808296497
0.41459010989596634,-0.6602000829900136,-0.2659726422183018,-0.026957956448127277,-0.007963243382971835
0.5811302018285848,-2.0004597210959947,-1.1211675211298306,-0.6682001240959126,0.39140578849684404
0.8895935320489348,-1.148159636968278,-0.42234689626619226,1.8681279090040968,0.5487442908242688
-0.1600129735425317,0.7609798881437394,-1.112597785552265,-0.5234422003015895,-1.8222780931069784
0.9132555322042435,-0.33840942994832374,-0.4509447546425405,0.32487646440526896,-0.894569525450056
-0.2657595525899334,0.9327459309338766,1.9359593680562446,1.714722711710502,-0.8087355901642432
-0.9852434690513914,1.0560979526627134,1.4444211588822164,0.7772725324111647,-0.603899862785112
-0.8108857917372075,0.11104458753698816,1.9255329812881736,0.7763446671423098,-2.3978570381532425
0.009035856726761249,0.14037969071088974,1.7073413494083616,-0.7824508299487902,1.021916029067072
-1.505433518672283,0.24259275748987463,-0.2582226903910618,0.915574325027476,-0.47790229590551286
-0.30615715474898775,-0.5648317331828862,1.1334117013277132,0.43620092141484995,0.027691207335125
-1.437627286730038,-0.2904857566403744,0.0335928633247661,1.2027999784041268,-2.6887248201319274
0.29479702790028944,0.17855098837816682,0.5259746074291239,-1.5649800443327972,2.04737493416178
1.045875269482666,1.102788471692492,0.07048610444549729,1.4144148873253266,-0.5858121864991933
1.1137894279069533,-1.9370256389872684,-0.572140927087291,0.7175694506131028,-1.120492125524875
-0.45675877512762714,-0.06071897382192062,0.09822890143834294,1.625987252976469,-0.9607341514228727
0.6921911753202996,0.5624085597552172,-1.1667901912883432,1.3412651590036522,0.6103213864432893
-1.0401754527304257,0.16090221952329106,0.5621289808582154,0.5190063881282548,-3.066005940879371
0.8627106566727165,-0.8390501280369721,0.3096571279373327,-1.3458520422210682,-0.40037683451072464
-0.22783647777010493,0.0713755656828328,0.9768178245486743,2.658210981698645,-0.2632568502444828
0.24752906347693232,-0.5585158559060268,-1.1349290074192813,-1.0882334798164783,1.1313598163638234
0.12019538156851559,-0.8659560700348293,1.0114066859676076,0.6786129905637611,-0.5149006555264044
-1.9266333470757357,-0.3606673145320157,0.3260956771486961,-0.37735167081071186,-0.5947674882367958
-0.8626556900441291,0.2901120303336084,-0.18531953560214584,0.21787802386072053,-1.6686398392510386
-0.6137637408366273,0.46970611431282977,0.6036420511584419,-1.0175921041400502,0.45698419182422234
-0.2807955594546414,1.2124916421203988,-0.8222448627424225,-0.28821667335926154,-2.558239174578173
-1.0054565890455445,0.16295781290267056,0.4605305628577612,-0.5906566306101798,1.3922279616029818
-1.327990628886523,1.3595906921798493,0.4596524024946006,0.5801154062081373,-0.13882027111709463
-1.1035297771802062,-2.22780431817937,2.0246613056240403,-0.6564986916701714,-1.26732085308738
0.2931284283684824,1.4048342483161076,-0.4578916272630216,1.5271181604802204,-2.772471795617082
-0.3286002276935401,-1.12236011355252,1.1750223033435285,-0.10371426044068417,-0.5964181368267778
0.5728690538257691,-0.5900648599175994,-1.8681058818756093,-0.08175418045284807,-0.34790109239914985
0.3293490529852584,-0.4923173945115813,-0.1509112598875364,0.060952817653649516,-0.07374075129567512
1.2915839871539232,0.5435650757321958,0.8499911985149066,-2.163290736662789,-0.048594019997794904
0.07777058119094177,2.917473498580214,-1.7255589708789938,-0.7355540962688308,0.29357446758618777
1.6678080378316087,-1.2483310944510022,0.05469398523764035,-2.629882462349243,0.3126809947677604
0.10400379980168953,-1.138901176174046,0.45263103626517803,-0.24574901286442255,-0.45854541649502834
-0.11245123113721746,-0.206795770654388,-0.7761360664803317,0.1983070236031397,-1.4002708930000087
1.0211757965796495,-1.281791429247624,0.7914831442492158,-0.8774946465261287,0.423929794027871
-1.6220211568346419,1.2592213084167994,-1.508382599153122,0.4267517009168724,1.0747394177824983
1.5352894709108016,-0.030933370841081824,-1.4976098941051106,0.563959131330873,-0.03050363654566608
-0.7616682463316018,1.012026088923532,0.03335766037086099,0.2599117714155761,0.368771897588454
-0.04126482200586821,-0.6109574592401447,1.2973870364457167,0.3907212239083135,0.10406739486990961
0.06531330860711039,-0.8622593959422441,0.4404387868055291,0.7963361962044979,-0.6345420710753167
1.7538410664339448,1.2898619663789792,-0.772456689347378,-1.4793704673029093,-0.25634142820077077
-1.144330349044306,0.7583389441555927,-1.411430173315674,-0.1430490946689388,-1.1101312690802134
0.6049395541361127,-0.08313879604882068,1.116342025949403,0.24121151620937703,0.364469593194178
3.1627895606008742,-1.2938088074190832,-0.06377633061885238,-0.2572073163212608,-0.47196099537165026
0.1323557123359412,0.6315828064404828,0.4321458181988233,-0.5358014225360297,-0.4687862747865795
-0.2425431199656404,-1.2316512164458486,0.3082868286764352,0.44211989922368133,0.7040071641499865
0.8208102223453265,-0.277705707376866,0.14099914648876902,-0.9105094791348766,0.8005039808594481
-0.8073640006066795,-1.697227580932014,-1.133111132854293,0.27104619641007704,-0.6582198599073229
-0.8231872815576847,0.50463245762436,0.26942257101419975,-1.6292593878870736,-0.4828789032234693
-0.23423601163350782,0.3241711318164497,0.21310751087542032,0.039870744239833056,0.49418344113827656
-1.088037512368836,-1.5263904758053823,0.03055553648191564,-0.4035789040043014,0.03233066271813544
0.04262279589619666,-0.5867994118493838,0.9944500499006758,-0.1770190166380372,0.9536235869350977
0.9616223617226194,0.565052971901281,-2.631270504239284,-0.4456421078179214,-1.116789365670377
-0.07635711098388881,0.23987517355285495,-0.09947116415942785,-0.05652433079370273,0.13248388055835028
0.11740270645238837,-0.31997204378646493,-1.69701040476791,-1.9740045876341346,-0.5221524344699255
-1.7921564356077642,0.8089477252564216,0.5649106227841506,-0.3339027861556268,-0.39965533285470384
0.9743051282890346,0.5080270293917543,-0.09017523689257961,0.46910879918447507,0.1864230036389655
-0.6058946853027618,0.39985370983901014,0.6639453658199861,1.5458840887971326,-0.6864369249943274
-2.283215733400456,-0.3356662227619103,0.3644758610594428,-0.7967377471323219,-0.4322527846931212
0.7194098432733126,0.08501993677628468,-1.5628634433347384,2.1378586566376296,-0.15231902129015498
2.5047260439469308,0.41480866570850106,-2.021891950984935,-0.39669561617549515,0.8801504649248834
-1.3680556939624153,-1.6605931971569612,-0.52359330634002,0.21777352557211246,-0.4305587176402013
-0.04639793791416913,-1.5070410072792961,-0.37205585394869,-1.156481466272669,0.45291500145665226
0.6096113021814474,0.22571586163387805,1.7563892509330494,-0.45708520885317655,-0.42050431019193946
-0.012314961350335812,-0.16041368814264964,0.972056704593395,0.46138750285657953,1.5358392710317308
0.08286748720019033,0.7408571728982638,0.09673692525655911,-1.0333786047416278,-0.7421879603438549
-0.048898782794205335,1.5759245156896118,1.7601746856211968,1.3453080856104536,1.095601685838151
-0.093675701609814,-0.8457708306442893,0.06721962073808474,0.45398805099662093,0.8604655234754065
-0.6097332394454442,-0.5469685465594522,1.7407976101258114,1.6310990035827135,0.6819001762176445
-0.8302616840364254,-1.8325094776053286,-0.6210222369185052,0.1765225388967343,0.8747740741389053
-1.060998116671866,-0.009563439860653168,-2.663440225119238,0.01706477444474966,0.1215644259571528
-0.3842882530496244,1.8668016526635964,-0.7244724917545745,0.04391181869754017,0.8174926443131779
0.6130971615548539,0.6321781190308172,0.08513602550781747,-1.5040128483255313,1.3725613588801175
1.2063658594068558,-0.8121572037789269,-0.05912399903519614,-1.5077729372999908,-2.634280177222039
-2.2624695418145957,1.2211224551131064,-0.8219099321564943,-0.5134574893357791,-0.01856438929906237
-1.8013181080715597,-0.4475364910479,0.19830074799516892,-0.03875587129552788,0.09866207092255184
-1.2180315932958066,0.9537967736978531,-0.3458135559648235,0.47686227763293904,2.3216280064888686
1.0229615620946977,-0.7095395707357985,-0.6433838077849502,-1.2775902349882644,-0.955214440030861
0.6509670457347787,0.3202691979600028,-0.31311696016145407,0.9964601178485286,-0.7633990179478172
-0.44854875795201704,-0.8614299121570167,0.7308520103416285,0.887470462914501,-0.5223196689152766
0.4432219779984937,-0.9422958961075051,-0.8166360684542876,0.6122112511421299,0.7986512504241231
1.4241157990679094,-0.028064219480214363,-2.6092705752485785,0.4588224380761962,-1.43350331033547
-0.00804525236634995,0.6211822481165734,0.42377499197437035,0.13976687929362916,-1.0971472931672908
-0.5117888284232704,-0.10281823084059602,-0.45896970686924354,0.1704735458334263,0.6122462304420248
-1.3448814989738036,-0.2042963925050263,0.1996637578035597,-0.2770767441340144,-0.14224581276832404
0.31950163452438285,-0.1438855341281365,-0.3013954921463096,0.3286595169676004,-0.31968275514568656
0.08832391269082704,-0.7272385733609168,0.3315242771859681,0.7750645827847827,2.1392923382044775
0.3961811379069481,-2.3503402611660893,0.6772296442237622,0.8038617164485596,-2.9492072463118846
-0.0027071541009534576,-1.7885426508479805,0.2000659675647006,-0.8517017381043777,-0.9080326501610883
0.05402126799751534,0.2078076603563287,0.8991864104621519,0.37964843819646293,-0.2318762023100465
0.9824612837002095,1.2462426313283779,0.46840613366029477,0.508233993399781,2.065556758622706
-1.830340963358121,-0.7659230303414888,-0.00905098838260427,-0.7965481099941256,-1.360811430943242
-2.073387249683792,1.604167214082194,1.2409271131392008,2.5777329986606743,0.003745893227000596
-0.3389173451510048,0.819176866298421,1.6123088634164349,0.9896775881730416,1.0375722396705638
-1.0934084817016134,-0.1979527034929242,0.5644709088678966,0.38246857433274206,0.6009826754289743
0.5103727223963143,0.8169395111898823,-1.0116496540636604,-0.7285829863436863,0.9677810206120224
0.6339605689359245,0.5993133681826295,-0.7316297014787513,0.33926105366886883,0.4360282478160079
-0.6340031648245863,-0.8064288260399656,0.1066014865672333,0.059870327350024705,-0.6762919421202513
1.1187183270272616,-0.466430063857238,0.9476041759301166,1.0091413768971855,1.4342195738390646
0.634938171393246,-2.2287531248520445,1.117112419313241,-0.42218361866513465,-0.2719005741830734
0.7589240553787161,0.9891801590096397,0.04497041587083563,-0.7816804918582969,-0.03915282430394801
0.4350905849521747,-0.935533228685864,0.7603223703830984,-0.0194644643018186,0.5960165166489888
-0.5343560422165162,0.6833638965654396,-1.5660598605514033,0.05680057829074106,0.9028853479218628
-0.11112321838377047,0.5103956660015775,-0.30244932946862957,0.5079168591326843,-1.191964909502158
-0.6958289174032222,0.826692016950623,-2.008812762638522,0.046463154559674404,2.6483229231683025
-0.8299936951163626,0.1894877609928423,2.2768392686918575,0.06738259418906345,-0.20724186648798065
0.08609717895594456,0.0340341673283656,-0.037404633706834466,3.448258603392383,0.6583270305317547
0.6460793037395554,-2.6738786571193236,-2.20784652486624,0.8241122784096663,-0.11656821948828372
0.6894141134014,1.7000741527774839,2.465057919546028,1.0407375161126833,-0.38099910848387386
-0.7881840707393089,0.5495199654038526,0.15196526511169595,-1.3095252893621558,-0.7441717933195711
-0.40184962999042956,0.9885079276953149,0.1415756959128675,-1.2411568877215602,1.435381423873056
0.7527026951514381,-0.8481201862123838,-0.09664593628001565,-0.6500840179960239,1.181650120783426
-1.1348859485285543,1.7747387022034369,0.3528019012054698,-2.151076098193021,0.7639232869598719
-0.6052514500146149,-1.217102157472259,-1.154727269080805,-1.0488129833477025,-0.5942726210973134
-0.09385182723366314,2.0732589317584362,-0.4142490556788443,1.8269502356076948,-0.9424351373059422
0.16529558265929117,0.27909859217539185,1.1289715213082727,1.623976758242011,-0.10279589684844803
-0.7101624791148397,-1.0371975467629402,1.3024479193670058,1.7468221426067816,-0.6201440688814382
0.29874913867704117,0.696939115880953,-1.0795802245480692,0.5486579497949204,-0.2148284884380028
-1.741919597333999,0.3270542831744652,-0.01685510522540115,2.5244258349180377,0.7138483097367802
0.01929391211290386,0.036472435988503575,-0.09553547948700114,-0.6267138428752808,-1.4203454803410571
-0.7098654145286475,-0.007148465144879645,0.6788619365145059,-2.2937947893029293,-0.30539307418784756
-0.31012801300783677,0.2413729542729878,0.5606214442677464,1.4465415677260616,0.11603160450818206
-1.0841910925588005,1.4689367480670423,-0.8135043514293153,-0.6272329422478398,2.3067529531670283
-1.5306899884055123,0.7076872006481059,-0.23191782598643618,-0.051068081027934524,-0.458150578003422
0.31628675581405663,-0.9038491057739346,0.18742590062605813,-0.40477392476533536,-1.017408517715743
-0.4602856437237652,0.780729567717606,0.27176969169956827,1.2357763963767652,-0.24514404324589778
-0.9105543358967716,-0.10790978113548928,-2.8730796561458423,0.9746653181249804,-0.8927489099905427
-0.14294543093325762,-2.2315393242074926,0.19773487896989025,-1.1473135647084651,0.4843113773514998
0.6330427531203446,0.006182053451500875,0.9094537331257285,-0.5848603449976373,-1.5698095954355862
-2.3293228655932117,-0.0018474623225269236,0.028457762957190352,-0.22665601528889256,-0.3214419864687862
-0.4792491668693918,2.063569371060087,0.12177020904588137,-1.6555010502540093,-0.005349127062626907
0.003944239500010069,-1.069672043217932,0.8412526391755544,0.4347167032171103,-0.07490774465473969
-0.19255927472053982,-0.13687418895012668,0.13543048452833886,-0.41606545097636977,-1.7248724293773756
2.1392569817321294,0.7446662520645823,-1.875172064927682,1.071007272780473,0.8867835258556702
0.46346946593794003,-0.7757065601729478,0.3868167048933867,0.4681505647554039,0.24295890854566174
-0.38565014689494126,-0.9329405858644951,2.4720578776465634,-0.20917639862372012,0.7790703653232584
1.0460909847259794,0.9740300343472392,-1.2173109191548948,-0.5069536652111496,0.6647896553184833
-0.14130915444145845,0.7481538800732261,-1.1336985232110357,-0.7707936770732948,-0.06097098654888736
-1.311265897800048,0.9683288322100769,-0.17930256880814163,-1.1709869042706027,0.5549785916305225
-1.217627453111916,-0.2932664424774333,0.6950553002557252,0.6166304756657796,0.007529604325683908
-1.9434708960378353,-0.22006255959039306,-0.8545718068881824,0.23266145634286076,0.41018370574974766
-0.09504209446487473,1.2876801035604677,1.3574853675611402,0.2673669765106682,-0.7504755421827906
-0.9999556890827169,0.2672828319758483,0.8438054974848653,1.3547621508927543,0.15555450772159496
0.6305511248941965,0.833062705761937,0.8216440167345213,-0.20409125231879024,0.3042847974895733
0.21154913349472906,-0.27713415172502065,-0.40694077983698446,-0.38489450304497125,-0.9751073302043082
0.7850287154610542,-0.2552446084071956,-1.1546386089765723,-0.13319939157618507,0.5432827099017121
-0.44847581917491275,-0.30563423764281084,-0.32766442339879714,-0.17792908130989757,-2.539635479362038
0.03526131599985978,-1.0634574247410908,1.3883803561442363,1.6377196194711494,0.1271429743945918
-2.844914952805943,-1.1175915278681798,0.10537917347120683,0.316497151151477,-0.31657841746125753
0.9932632281349763,0.029909036401264185,-1.2499478671548068,-0.8510441212129831,-1.9872283956241408
-0.4982045726898102,-2.120168155993849,0.5395876098901732,-1.548378065097677,-0.06007991388644969
0.978089919683399,-0.4711816655463353,0.9342008508812552,-0.9030168379906309,0.32530037210742546
0.29844682902367103,-0.8238568061996586,0.01272725775450663,-3.1979415456714295,0.5820382347854327
-1.9289216446176072,-0.41207041740016465,0.5157500118075182,2.411246719062665,-1.1054466359042747
-1.7847094007254454,-1.074383928762143,-0.8604551726436357,0.512867438599988,1.015516859287086
0.3959553004794736,-0.043384966979058096,-0.7737312797172354,-1.0200920941420488,0.16049852204724685
0.13740677685279498,-1.9015774394680534,-0.21768958342738462,1.5631988863927606,-0.04572406350130634
-0.32056388811615016,-0.16967201995146136,0.5518107191218923,-0.3276904310342698,0.0353763819371193
0.883823923465223,0.8315614496200033,0.19524944981426007,-0.5558695639366504,-0.9721614878950301
0.9913196518028811,0.7409304264714414,0.13029444493250386,1.4407901974246209,-0.7193896167551758
0.05743522135528619,1.0279788744674079,1.4124843356431132,-0.7207812154498874,-0.5652690025533987
-0.39966005853565095,0.5328241155662994,-1.4064223159225044,-0.16348168742921074,0.6922823490816211
0.9246193265110931,-0.3686815568490978,-0.5592193350750384,-0.3829610666059253,1.8688936022329599
1.6419882089103393,-1.1984723466153706,1.456336507380091,0.8613974518261203,0.3416541680025716
0.656454288183319,0.25752583289202013,-0.7241006505270434,-0.047090704900884905,-0.16755458953012287
1.9908535054505134,-0.011976707631194914,0.3429223292876035,1.7760582136057317,0.23455722943374674
-0.20001312791815548,0.6599595459984013,1.120378618152703,0.20849629588163396,-0.11845810431310833
0.02554458419415619,-0.04146568288571485,-0.04466977668818118,0.013133293656151158,-1.1184959318925092
-1.0253851958293883,-1.0583442546435398,1.4189518893431412,1.3048952827040734,-0.6101370185838356
-0.9509501327955281,0.03386187962511134,0.5710854292722889,0.4452708684667455,-0.3580777585608531
-1.6586849331670988,0.015158215617521236,-1.569546166063457,-2.4392129664166378,0.09822566287798533
-0.7229142829742529,-1.1372743861570205,-1.811573982434169,0.5666538220785253,0.8259273275362217
-1.70873479792082,0.8451105717442762,-1.0642146853165417,-0.350797772201652,-0.8828108068296429
0.5736063853290686,-0.9229802765305355,-0.29356234255002056,-0.29147247322291503,0.6851338062766438
-0.31798090657260114,-1.4859841402142329,0.2184012948300848,-0.14854454603143666,-0.6058018602831431
2.08668348288674,0.5779781770284638,-1.4278083362154357,-0.07923772995710253,1.2457865608872911
-0.8822074777036799,-0.03816281333772001,-1.3052141523152354,0.39715915338645535,0.8961136630279795
-0.6555857284282343,0.4774830611749406,-0.7382808722886911,1.771317082930969,0.367977870987224
-0.25391254759950094,0.6915654034654961,-0.5483668715047442,-0.8196391527797859,0.09796828536207985
-0.8217765083768392,-0.25445811790023803,-0.5808624846680065,2.7382777231317386,0.25675254142862564
-1.8864758351041724,-1.0799673651574226,1.202504128506432,-0.039198282626097425,-1.4267925963964867
-0.7305417007991233,-0.027936047812043275,-0.5881160121390786,-1.0712565668969058,-1.2236180592821924
-1.0841150703687128,0.9397298080408891,-1.1502457515096696,0.4289680375189461,-1.97460130123554
0.21626438825708522,-0.9052183016394406,0.5002393339453914,-0.11471210400012022,1.7151262949581536
-1.2333954108117489,-0.3965803572075972,1.936441638002042,-0.4495182219235726,0.37558151588771815
-0.13598982480087962,0.8180962675657995,-0.240904402336263,0.5447201026575145,-1.9084277587886478
-0.09411357473251068,0.7507331698806278,1.0784469786679252,0.2282350598717833,0.2021194247391184
0.391329513083534,2.8424176293930823,-0.651247456947177,-0.08881980373815308,0.29194011184462015
0.9810609326072445,-0.4787793935922191,-0.03780564855891358,-1.0375759316938347,-0.9396314552515856
-1.722434699377028,1.1084177423574992,0.1661699302428312,0.5714098816569324,0.22276836703130787
0.10335401968388173,0.08771938214566602,0.19986690084961153,0.708443499628732,0.44675325578383124
-0.6153030992838819,-1.2653984315700169,0.20732651384263587,-0.21599229831289815,-0.6294703857877134
-0.13824056259693734,0.7003889424025133,-0.21035269593727318,1.0066423018931998,0.7386900924583979
-0.5144242884757694,0.12795073860133074,-0.6251157903367146,-0.07068312131968348,0.8020298324612697
-0.975262409649142,2.0119355407029733,1.1185879521985733,0.6293313385506543,-1.7650327432905788
0.37223243196157824,1.3208104228552562,-0.5786326162834089,1.0092270920115793,-0.6903087763527617
1.4172849772092424,0.4601525947141484,0.36335207448767637,-1.8734177174428917,0.03446694448733649
-1.4159116144833834,0.24710960775937027,-0.5526816766686569,-0.3033317214133425,0.42105683487297113
0.9768115336811052,-0.15992664365943796,0.3389102416828256,-1.4317083374038249,-0.3582475042229778
0.1642485300901208,-0.5185235894102478,2.1226978100083707,0.5300812416818197,0.7140375274875901
-1.373461343334613,1.7349066397344552,0.03074444477781774,0.5486095430452417,-2.1757502093876653
-1.9664790125616234,-0.7597883169305265,1.036861164367717,-0.2288980131401266,-0.5591877943606017
-0.2218715319062893,-0.7270905018037955,-0.8874697756737014,2.6304941501435803,0.5811116300728723
-0.4234210758190468,0.661774390732992,0.9506083312595813,-0.7051332231251297,1.3284620313026174
0.18953112478116155,2.1019842290542745,1.217159596809152,-1.2857400661651333,1.3944994467252612
1.6844979419245225,0.2608181739763845,0.7727189047934114,0.7401600482538035,-0.6112080536123333
1.1502999387235597,0.04898547633773655,-0.4471067887530574,1.8455604947853566,0.5934784531240392
1.9344423728057245,0.37646181709168086,-0.5909022524382005,-0.6122199957396863,0.3722237305632886
0.7873062152891311,-1.205196224631407,-0.6877679629124461,-0.8829229213852748,0.0648238568700583
2.023691138293103,0.3375106723747821,-0.3550611908768888,0.7964867476337584,-0.5223956759022947
0.3197622503657618,-0.6849383065101092,0.5952372810499313,-1.9511796894345197,-0.08702796393164093
-0.7411720440241292,-0.4188267071762026,-0.19171377118418437,1.215758125287437,-1.374993796467418
-1.633956668924232,0.5540670121728695,-1.0628290221855985,0.9667706804950316,0.6258206873619492
0.787738162317967,1.8227046349725702,-0.38655893077307746,-0.0012581802090813866,-1.0458455216020908
-0.3007536787129053,0.4574210303892426,-1.7086023924003835,-0.8482850445100639,-0.3562423743212015
-1.2657807499620937,0.31330948721648094,1.0091971598859937,1.8114017567127942,1.6950500429981425
0.7722512844549437,-0.30869742956302787,-0.7123752192441537,1.0868946929759464,1.026411049321742
1.4441257513851016,1.6497301710486252,-2.6105827199251075,-1.8439560626783806,-1.0962786843490113
-0.18275431865856867,0.1271032148595682,1.8257925127049714,0.06887386610405427,-2.822552125926421
0.3825618475727403,-0.0029192795900339573,-0.6249448955524869,1.0122527121563742,0.33248848744295667
-1.2143140839178057,0.005722372426277432,-1.5384312182738995,0.9004380617724411,-1.0530039911320856
-1.4742036140236117,0.16430241946333146,-0.8096184200371913,-0.7185125968346937,-0.6075496626174088
-0.3046186861267637,-1.6101723944867703,0.16696306467309815,-0.5087571662319184,0.38521356348148805
0.09297475507211639,-0.38855054798705324,1.827080012029665,-1.3028093059602004,1.3142327673596501
-0.1440265866526535,-0.8657228945967995,0.5309695915477625,0.8140290928556889,1.5738055235991943
-2.3128889827052825,0.02286645372429069,-0.0381806589707523,-0.7981250862430953,-0.7288758216461261
-1.3778865573513153,-2.0164114903119374,0.08110446122214728,2.319773319263846,0.15961569490673175
0.7080420529911391,-0.8653229777448592,-0.7042004640999598,-0.7379059286444493,1.8579521774863264
-0.4473959349881265,-1.9129335980686826,1.0752956377021559,-2.6734896894870803,-0.6674880913821376
-0.025281992747815337,-1.4668315811047261,1.2012880843192064,-0.9639150568006034,-2.1006614817959197
0.8575159004041816,0.46627420098615047,-0.008067354729224045,-0.11712889910018731,1.410909786508396
-0.053309537527034725,3.0505794221017415,0.4239402258146054,-0.446353207288696,-0.0954571857281359
-0.622261914520646,0.39213623524433183,-1.4036214385899057,1.8598865220752523,1.261504705433323
1.5950512206086218,-0.21867453688113161,-0.7950916626257535,0.97553947972674,-0.5211182202931562
1.0058937182730319,-0.05282501373655155,-0.5379673370068064,0.2095959119442667,-0.7553402467453543
0.059798782536491714,-0.3202358913276715,-2.564317491429855,-1.294498248450341,0.4027362301092329
-0.7153179123904975,-0.1975776072412539,-0.06803371753444178,-1.083771907084694,-1.27861999392894
-0.290076898604103,-0.5534180103204994,0.7104898996485365,0.034236250537476295,0.47001366890308305
-0.8586850948184835,1.2965414584668589,0.8609734076347074,1.3296534996972118,-1.3001007088718766
-0.18022868718356114,-1.0796429171967878,-0.4529605170943453,1.1125769291385108,0.761256315381376
-0.5832264542851154,0.028156582380030444,-1.3325163016967991,0.29285755091521115,-0.8085033968721752
0.2678982636728138,0.48222681285487945,-0.8606643965635344,2.073629946581505,1.444597791132153
0.6402109224298079,-0.9031441083003201,-0.39829806580017263,-0.2010642250564103,-2.191581608086356
1.6286788010493098,-1.2425268302594383,-0.36147587620260946,-1.0878417053886766,1.2931062167541731
-1.9219946551712697,0.5953361807909334,1.4861474661536915,-0.2843252698611848,0.13567972670391587
1.0645059230445775,0.212724770394969,1.0400774145009397,-0.2299919939781556,-0.03247633363722849
1.5500964910287538,1.0799402202631665,0.9310341780017073,-0.6658780162085005,-0.9103191980355131
0.3445396314953966,1.340922945117854,0.5127220308192654,-1.1110999678360336,-0.8397543603316656
-1.3270103328024527,-1.777931237507389,-1.1174262559417536,0.3709657862684278,-0.0901329035045525
0.021345316330013953,1.2050831901757704,-0.6883452976729182,0.23232450544686964,-1.3617856544123168
-0.6923439917847694,0.5374543481643451,-0.5452728383121586,0.7844387086118491,0.9096018217643808
-0.42868372267725746,-0.6225535493682086,-1.7141484766052115,-0.12028227043953506,-0.28029873506557434
-0.6264154892718339,0.0613040429741735,-0.517111538368364,-0.19136869005493415,1.016819242837699
-0.4788394401358885,-1.4518484447383773,0.24232204229953927,-0.18469522837065674,0.9437712875856716
0.726161213514397,1.0813784170684455,-0.31290020817545805,2.6885298431312856,0.6940304319861078
-0.1176582739412071,0.17185539570742367,-1.1880231511438715,0.30899364069962,-0.721802673196235
0.6324265595265546,1.026769626226153,-0.6757609062373803,-0.8171256515159632,0.9583954605094722
-0.8851302680536385,0.5099476131505519,0.46575190758410706,0.11189708810477104,0.13827989253628406
-0.7627117017938176,-0.06253146277839225,0.7288672682483375,1.0603184326328134,-1.617267594317022
-0.7503924640889359,-0.5480526986900097,1.4121566875871017,-0.011481028411765772,2.4940648688317633
0.28838661290700435,0.32067550566117875,0.14480384442131616,1.2577102362162933,-1.1774458577247504
-0.9952017213200944,-0.12550480686232585,-1.1420717695441864,-0.738994104686769,0.4400129184344786
-0.22395362092284288,1.3000795690404743,0.99481255169335,1.7293437783298091,-0.44375784115912215
0.6023100803783843,-2.1462568232427595,-0.03992980370650006,0.8354973266648312,-0.1961011312539609
0.7496944704460824,-0.21595673171047924,-0.1544266822399593,-0.6512186023652093,-1.5286888649342707
1.9337643922271446,-0.5575436560550342,0.8692284234064543,0.08896327473335505,-0.006400323075510877
-2.1178583447123485,0.5838108620564815,-0.7818055061257886,0.07375566728740336,0.3648901961410194
1.1059520062198298,0.0023530725384698554,-0.47952394581529895,-2.0708831261383858,0.7379139744572765
-0.37925814510933037,0.4097635168295719,0.25524233902959065,-0.6039320382951768,-1.0791663355260932
1.1044694277472638,-0.23598964371577164,-1.9113753433649041,0.9212656963556054,0.5550286178126239
-0.30714831397643955,0.30643612429224487,-0.36334843427193625,0.7647113994903905,-0.031560214415059545
0.013135785059241052,-0.7198989433753108,-0.8402949080123506,-2.612762162606882,0.5418200741972278
-0.7250173854160934,0.8428379978890157,-0.2519581389465493,-0.08917850818469682,-2.231258069239197
-0.3223338848316955,-0.20042193237893802,0.7077999821727787,-0.4692905129276525,-0.32272614377503284
-0.3761488415819284,0.3077055110245029,-0.1519768837399901,-1.2459300070875927,-2.0384993465043184
-0.8661763833329257,0.860867361943118,1.1775312714970736,-0.07030056485700578,1.366949587264683
-0.06439434380196103,-1.246874869397807,-0.7769148875108289,-0.5639362546013358,-0.6537190804955884
1.648525997828016,-0.9715100210130996,1.0147205514361228,0.5611711897527109,-0.13140502155632883
0.4326405793216713,-0.18005563691332208,-1.3586902883410574,0.5281127385784204,0.3162248484203085
0.3172138624822844,0.6873552198554416,2.796029333601889,1.211340139828777,-1.7497301084116175
-1.4874545933961418,1.1443908487523005,2.217717448710843,-0.0809548175582799,-0.09491795909830551
1.5092637344900368,0.030476914374267753,-0.8188892729522872,-1.3679929528521104,-0.22693248256922655
0.15344034860432454,-0.6749179553574408,-0.6444548700539852,-0.6933297855942181,0.0331985819776305
0.6722475673470208,-0.0038742648145634034,0.8715866069534329,-0.4656407240656383,-0.536474710996361
-0.3369799732214097,-0.43971873131284245,0.26192973737750547,-0.7985115322964261,0.5814383464632819
1.3004549589759966,0.30500665202813293,0.49292562797863687,-0.8962246754170939,0.5517012481879457
-0.15958537718723234,0.08736242873321383,-0.4184404555247985,0.8155949530581341,0.3162241065704043
0.6707010704222862,0.747084452796024,0.4486801615322549,-0.6482308862020467,0.30102878567300295
0.9598577669626326,0.5507726058471691,-0.21986013239396754,-0.4903848285336802,-0.9587598123316604
-2.034610007526497,-0.8012293342680079,0.10243713964338787,0.22525235258610096,0.07586410166628602
-0.9459734221117426,-1.0364347056499397,-0.3325072424512334,0.5131187083977355,-0.11314664102348852
0.8337102777289297,-1.3428286110890832,-0.23763690113912642,0.16458600090557685,-0.6392778459492621
0.16830016441705675,-0.5154225170181972,0.3404655407740312,0.35139054726174207,2.3067770010523034
0.9397732509993844,-0.9338013725222534,-0.28340269520401373,0.028168454176028226,0.029052578691697622
-0.6809572298696894,-0.08674044163568811,2.2135892527411607,1.1994080195600023,0.5811052864050151
-0.21876127987495975,-0.9538927046532062,-0.8780584793414422,-1.9837364504974488,0.4064950783036224
0.5033366358040087,-0.9702764704795965,-0.5045214524899738,-0.3075364121274802,-0.7809930705577542
-0.9735618900347202,-0.5132033559150919,0.9628530668843757,-1.0635271610408994,-0.7164173680827914
1.2013623420645374,1.4660323346822335,2.109647935859886,0.04550011899171326,1.0226330080775354
-0.9792085080429175,0.225623707594443,-1.3097629402531523,0.3191051781719334,0.530164859959885
1.4765510701285796,0.3013735604776519,-0.5721198124716516,0.8034459112774209,0.20941355867191414
0.44914799217058027,-2.0768316865077736,-0.3319282749184989,1.209146273186846,0.11618527843168099
-0.12224543322240478,-1.264153859455016,-0.43139785565784255,0.17881664949619563,0.0930049269338986
-1.6253010858250327,0.14936560960986753,0.2056993263905907,0.6126113938495199,1.3457048673986847
1.7185611112533912,-0.44527111740314357,0.9349770754758837,-0.8972033378041673,-0.9762557105245483
0.26935565145495244,-0.03180414983070816,-2.549241446904336,-0.5185471758863416,0.6363578461639564
-1.1507960873766743,1.0867071517426372,-0.6866274608766196,-1.507993472805874,-0.005473053731747232
1.5775786115068027,1.4775233928171685,1.0650438175075527,-0.018511763156174237,-1.003164814029602
0.6725038607915436,-0.4330934582860292,-0.8593230239531083,-0.38133378681617364,1.436779104429573
0.4081302622400984,1.2042594148771901,-0.43074677245293846,-0.18605474493079305,2.2737404069973595
-1.7965429861056466,-0.4848442570931051,1.0805337172219558,-0.6329305400793775,-0.28142412307759074
-0.6551665715554094,-1.0033471444213014,-0.6581377055516228,-0.08216728721459286,-1.1433688241955633
0.703343543127754,0.06088905519414394,-0.76679416571092,-0.2560946318798251,1.0449886226778518
-1.829164227923794,-1.4871363176393562,-1.427114995934087,0.12916109330787212,-0.8673416601235183
0.8119029142792528,-1.1400937678068452,-0.20236540596330896,1.3271249676424959,-1.2133425659910093
-1.8303598100115952,-2.827260967629229,0.348717005015342,0.8497163648242694,-1.8053228986785066
-0.2402433812369296,0.7348630147969504,1.0353479533846592,-0.9531803414370379,0.8740513852277428
-0.1120524696014284,-2.3245125361208925,0.5408471711773429,1.9259862475824308,-0.34580860054827095
0.3143961387579657,-0.9461292711445859,1.1110966880214432,-0.7177908616274099,0.0699037972334215
0.25751927738668773,0.12135038143686273,-0.14994647485473317,-0.31544849510412765,0.19645156443972606
0.07821618223527263,0.09128497394991322,-1.5492269628536455,-0.42051357018123087,0.9265027537883989
0.7764921725128935,-1.9051438458406298,0.3689373492826235,0.10251926951202683,-0.30479995626707335
2.5272739712224532,-1.300395562333297,-0.8944162708185801,-0.3658922946568166,-0.08649323330244169
1.1089986152344318,0.5881485028538782,-0.5529172516473378,0.40472861221156065,0.3206789964151621
1.336447116301051,-1.660150522559965,0.5587464041977953,1.9013038148230543,1.1287328419380334
-0.26069351202992624,-1.477347530683537,-0.2834351159257204,-0.1463122148649725,-1.2152773880070267
0.17313726465155865,-0.7610202454765935,-1.0564801599926976,-0.8411283948448546,-0.8650921490544852
0.8947972815690046,0.41826654939483776,0.5947988929394048,-0.26464582944438936,0.884471640722921
-1.8350209039147796,0.03208537424093031,-1.5164951908446798,1.5820872721289192,-1.288848941905674
0.8631396567852838,-1.2557721203921233,-0.43709608927755444,0.0009170259977393641,1.7088458258497083
-1.6222174423408746,-1.4908632438297962,-0.742471876038599,-0.8337631357330827,-0.5158219958745541
-0.06768793051366638,0.985063176985496,-1.6755915246058324,0.11547420398838176,-0.26021434698732465
-0.08394116836382795,1.4171023015077784,0.066235404439429,-1.0521367691586547,-1.0278144184977256
1.1546862610651905,-0.8331263501340733,-1.3762200979427817,-1.5218614425410049,-1.4577944581971323
1.5407749219561635,1.4883021743389877,-1.7802191538734893,0.05188275471893143,0.233082448764019
0.5764168005270589,1.2987685307172911,-0.5970710667077387,0.4693467058950495,-0.2832841107595402
-1.9975798678401697,-0.9682828045761553,0.03232503689850488,1.1700547421955991,0.2696054974200224
-0.8422314896298312,-0.18811966651160045,-0.7148842647156081,0.28776625932154093,-0.48683784507947075
-0.3137070552509787,1.1807784913265198,-0.004142970036041222,1.121549964041919,0.21204569766612708
1.0050164948781295,1.4149576446632957,0.17717245706713983,1.5002256796515947,-0.04296911050060761
0.7415953610367234,-1.8399958982358144,2.4232642076947704,-0.193280147794821,-0.8598437459362068
1.430077497249383,-0.9074518773284601,1.4909233744949943,-0.23396268947174656,-0.5031568250847808
1.3087533093932482,0.9733812499376556,-0.6422958692481757,1.6656154943205992,-0.8049040557003669
-0.1758142362541333,0.25476244629646544,-1.2402935792762806,-2.205555724079611,0.27638056941325656
0.5329218112341798,1.5031787586170031,0.13258225579105004,0.9774441160222175,0.4869258304498326
0.6951855293844426,-0.022197884330227163,0.3583744095580888,0.782405986975688,0.0314613579782332
-1.6301326699822711,1.5372286295875608,0.6113800848310823,-0.11555374264047771,0.11419046099818643
0.5801239920513703,-0.26224723377171916,-0.38659447596532925,-2.1061587037604625,-0.22599011501465632
-1.8719661336953306,-0.0694329350135875,2.0772727199599337,-0.14988455412187152,-0.27768812325332126
-1.0714259201760434,1.4867464856705712,0.18739941117078715,-0.3739655499407692,-0.5736806686537363
0.6486322000765606,0.20079897424499557,-0.5367583179512441,-0.32060423322491804,0.28587392259673183
-0.019563979096258528,0.8243081424905964,2.845042844314839,-1.3553911914242736,-0.20217327132450405
-0.556841246866712,-1.2441945608233973,1.6110991969927304,2.089073251430642,0.39336884343264206
0.7192472112183161,-0.8924471260184277,2.12656639787698,-1.9456544571532504,-0.389195444285175
-0.7999067244190428,0.7147289851765064,-1.1733119272165626,-0.6434146763465814,0.14473585021774407
0.31084590789545424,1.2808713130351004,0.903765776899374,-0.9544007366207693,-0.05887283871244693
-0.24955838999299781,-1.2371598048233974,0.23986077255430288,-0.1434576708236623,-1.9246644552739138
1.6047583819642972,0.812974600551219,1.5496438183255403,-0.34659223963202906,-0.45806612606758784
-2.0028460910982955,-2.013620883519278,0.09669174044717384,-0.07602909046928367,1.1396396773069644
