-0.4678870114553516,0.9170712719340801,0.8862686882018672,-1.5859807223636193,-1.2461279566279506
-0.848558955787023,-0.08984135310734534,-1.1162870949425086,-0.1778892794529583,-0.6060078723378334
-0.3145859520361147,0.02286464957947367,1.2369251487110897,0.8773549956943159,0.38835156710657576
-1.1306322381332277,-0.9917619518388775,2.2098579359117307,-2.70709620571906,-0.490699660384714
-0.5205218132276891,-0.7467906526908248,-0.4795458834125055,0.7264082897516443,-0.9199054801128143
0.5544352183294622,1.949039230064203,1.7382768226321688,0.784207114185136,0.3218504115889273
-0.3055394669512349,0.9321645002941495,-0.6568028003532087,1.7896781027399353,0.34310193569646097
0.6260578852042883,-0.7926010186688032,0.6534669925157921,-0.3807226824855095,-0.31878450556229043
0.3878748251342561,-0.6246312744788974,0.14210085175116094,-0.38212368149035747,0.5838358873827469
2.0510215384890964,0.5381777684221896,0.31537559999382153,0.7426934516162269,-0.09696853299970408
-0.09206014984884245,0.35928425825564436,-0.13316812566319244,0.8487089614342442,-1.9551230942021942
0.6387400325623371,-0.28448527823190883,0.9758695624166905,-1.1777443061399806,-0.007445693029529636
-0.1212048859933283,-1.9755090032246307,0.3852500375257625,0.16311302219704474,-0.6279836937888266
-1.1625509823227838,0.33936612677494415,-0.5289447899894053,0.8354116655828617,0.7687247049069619
0.22568975944032796,-0.7778602788768553,0.7941915714453215,0.39774089300128673,0.01516043792955629
-0.09011226252292881,2.3586302815132236,0.3485297245449105,-1.3475521224133435,0.7344648766537615
-0.16359245481544332,-0.33394589966624666,0.6995633060578085,-0.751249599681068,-0.6348459584818645
1.2735802723743466,1.1516749352239963,1.7385412407902272,0.9065289741834932,1.105843054730699
-2.4061191534030506,-1.1277710703616861,-0.1296730253722748,0.6235068780926039,0.40700680904085773
0.9924081592488909,-0.37051464197249195,-0.49732480956644604,0.9379659215403825,-0.18212487146575554
-1.0208062040146222,-1.3116766700666618,2.0523285675964016,1.9873372582094802,-0.11360246330387283
-1.8154772384784366,0.16354750838589144,-0.8793509620120517,0.45569153111004557,1.2765155133073351
0.3935709987825582,-1.3110600266590713,0.37433863435155224,-0.18355609634830844,-1.5509019792946903
-1.051245299550905,0.16905463725077582,-0.026710931019793306,-1.5861600586503346,0.03255271532336653
-0.3501823573313866,0.5875915723146469,-0.30902383490435864,-1.0277360948565437,-0.5856397900627496
-0.1417092386907754,0.9485082708014645,-0.7905854885160793,-0.42098047992104926,-0.2059923234171912
0.11241342226048769,-0.34587860740420623,0.37550509192472903,0.8631303115291824,-0.06938182343283855
-0.0313110090258357,-0.4037718371636982,0.1758611522780311,1.1839818960952204,-0.5718455778791848
0.10575631597691687,0.8603069293535137,0.6555384252662494,-0.4915954287009411,-0.8876565042816117
1.3771255155951245,-1.0139843907359944,0.08523064449810348,1.467908505991954,-1.1308249880836407
1.1766219740056776,0.5392239624298343,-1.0711162242464065,0.10428113061547618,0.5631790940908884
-0.8449852432788076,-0.10798511003841887,-2.688577637399713,0.4151027514336806,-0.18587811104433763
-0.47408574422609195,-0.3279427233567995,0.24672997961411014,1.293087733083157,0.15443341350488501
1.337050966761714,-0.027887180103682907,-0.03811868990746958,1.001241686095201,0.1939162774348017
-0.4478135731564375,-0.8598513586340032,0.4280978411071268,-1.1518124624469372,-1.9552283279222455
1.1681835400122729,-0.5438284491854171,-1.6334167025921853,0.8167641000955518,1.1160842533252744
0.33298765321468593,-0.13031066409069536,0.3656285326642938,0.5599360388674351,0.7797763769170862
-0.20141833330161923,-1.2720503276917523,-0.3404701150872596,0.9128088370263572,-1.7253825245049987
0.4694354443218778,0.21608822820896634,0.5913455901085537,1.3134709507618798,-1.6200710351973
0.020200117457630548,-0.6890085669924441,-0.9652194358343492,0.7173219669808288,-1.367121870628078
-0.8517530677299538,0.8417514325719476,-1.3209137571950627,-0.699399517695173,-1.5054928911102796
-0.32403939431922907,0.4394577873692482,-0.7781391842720496,-1.8675442054578888,0.3954846995281874
-0.85559470717362,-0.2869951181448342,-1.5007086945327326,-1.3188122336410735,-1.1610234735949934
0.5931662637172856,-0.43539238556071636,-1.0390812720979608,0.42581464797943225,0.08313500070756394
0.34844879576707993,-0.16174784336865997,0.34766178370496464,-0.9043886419565531,1.9010851649786578
0.047694613897169544,-1.6693200259810783,0.69005286851351,0.38829654922662615,1.1251921655337798
1.2979812181574641,0.4380563967363932,-0.298949278667352,1.302883473344131,0.10124205198003831
-1.520388994430716,-0.23337011186434797,-1.299888790114018,-0.1000399977012021,0.890464266868813
0.3654769957914406,-1.602258027734454,-1.2853231636972584,1.0976915812603614,-1.140619052336737
0.2765445226424491,0.6539776861327808,1.4338709834607812,1.0719456642003011,-0.39834768151136496
0.544427432120707,2.4263096709006162,-1.4729919924760464,0.5589803558185406,-1.7641865354641553
0.2715236224250825,-0.837547014841535,1.439684503798275,-1.0337814577875966,-1.33093006031139
-0.26528760530718865,-0.23071190623048105,-1.7045072301249964,0.5570914423337362,-0.38600291476013543
-0.3329859114153444,-0.37604387159876224,-1.254643851005237,-0.4522404320418375,0.879931174897006
1.309368176698484,0.3586830076218684,-0.003480034505543463,2.3026931219956093,1.6346963316114707
0.5674039929132428,0.7781134400134109,-1.3383199466282214,0.2324829086788023,1.4734212671642002
2.068222451372904,0.09060710111876331,0.8379836226233208,-0.9947160394729049,1.4633507744183323
0.0760291018450911,1.4878184784837272,-0.8194129778720364,1.5640200748834614,1.0084333613743222
0.9690919543048193,0.9844415646970192,0.733509073105688,-0.8034492596351299,0.9343992686057977
0.4620780992667146,1.249245592173001,-0.9029124934780842,2.225324219750412,0.5418346060522563
1.6550052661686507,-0.8122629208496004,0.7078111993864671,1.6595577234911292,1.098126306182403
-0.21865922951904931,-0.7982345191377752,-0.21444716696234126,-1.0804594620735468,-0.7143708660287583
1.9880275023195637,1.2069157391292404,-0.6050736818994321,1.376040469848468,-1.6476945507259704
0.31876549845280716,-1.2461995513021076,0.5355188448522299,-0.8206298148842942,-0.23480405022452358
0.4157964162213228,1.0029614469958903,0.04286082389585964,1.0524496634453315,-0.3767566373194871
0.9274799508891165,-0.42320388573132145,0.8332220421277345,-0.30192722259179156,-0.23585424739416708
-0.4317468981048954,0.7268398978010228,0.09349758690009786,1.302379242448957,-0.28027361120738287
-0.3778982732842293,-0.4507160351258423,0.865017215836936,1.0017043330603015,0.6830268108032066
0.47829056343917775,-0.8590422659698498,-1.4793056736256256,0.223757026453313,0.7403316745232505
0.8843249703311282,0.7541860168617064,-0.2577147537822625,1.0571088537404973,0.09433633195461144
0.8837203494523195,-1.2497190782760155,0.6171048105905017,-0.6825421890311436,-1.8208957787068614
-0.4561595924941758,0.44156944705086215,-0.08261101911107582,0.7248971187929987,1.323967199606747
1.79209773479387,-0.6395384608831991,1.088222419836018,0.6532249201676135,1.0713218331283023
-2.0415457961949186,0.09195226904841321,-0.5750120535439647,-0.08733932647947605,1.7417471824532804
1.6311201539444233,-0.8212484423393518,-0.5145447533117216,-1.6139970539776463,0.49894181786292047
-0.7027041845446118,-0.5644330592193233,0.9042684564025254,-1.365073970386043,-0.651725314144951
-0.6741046009601863,0.8621746822591273,0.3194923816381609,1.6217610838423224,-0.9385202531869439
2.0452177007795043,-0.0632479441664933,0.600802130912298,1.03564141751854,-0.5449640397182488
-0.9201936033074946,1.2589337455669942,0.7450504569826492,-0.8896084280145402,2.510300775568151
-0.04614293677210845,-1.694261506594828,0.47341263573777503,-0.8539218381222904,0.05917095850672001
-0.08111138300521982,1.5775005936824842,-1.396459447431012,-1.2428676268495908,1.2026987963383282
0.17410628170398887,-0.5177253301453508,0.233460263834964,-2.167988683622414,-1.4650053086183898
0.8982281022833128,0.6468560428993781,-0.4531416631612175,-0.3363680848035321,-0.2799757938000896
0.42874217570287154,2.2173632147949327,0.2006686498720169,-0.8026079778620427,0.6360484394254509
-0.38800955912210294,-0.27982450119420854,0.5803066160946025,1.221338069737114,0.0923362007049674
-0.8265912324946683,-0.47451954324789086,0.9592160029755087,-1.0525373989931,-0.46147837703638295
1.7187742867306286,0.664650772396398,-0.47546443632398055,0.196911272514286,0.008785566160567299
-0.44620747494923996,1.0275007586609202,0.9649407401176459,-1.9250401265308126,0.5149583678657927
-0.43460046621286214,-0.2677310347347017,0.7246436512453981,-0.08628851037876377,-0.3663467664345637
0.9038947682809179,-0.5182139290235298,-0.8917659783173596,1.3200936947932915,-0.49801825015494605
0.884643742586755,1.5511234939389655,0.32149843453390503,-0.4427131781406841,-0.7221484985228945
0.9283172521625389,-0.7234781718993848,0.5458906366953542,-1.7295579142226984,-1.6011235057262343
0.44197168693175726,0.3751138823570773,-0.9487609188048306,-0.846869989168203,1.0331317643719518
0.9826606757136521,0.1856788254321008,-0.8672531322813868,-2.4883635284428123,0.1881897821938359
0.34148665407814066,0.7366315563989946,1.2121075271537394,-1.5087694987315765,1.120041345317063
-3.52089160463485,-0.46141201735752063,-0.6628020419454611,0.1994263201886756,-0.22564667970016708
0.31381154572284364,0.38785875268423026,0.21988865356817933,0.41208604616054545,-1.2103866841844941
1.0634263236583852,-0.5992443515324174,0.8045734004771765,-2.1276903825655773,-0.932995392949399
-1.2422320136144482,0.03942508916842803,-1.2886531730413437,-0.46410559108124416,0.9031564025950468
-1.111081536589854,0.2284365296421699,0.0448052656642049,-0.8351455558158207,1.4945901727592148
0.769895266652186,-1.7265678821744128,-0.9318800763962861,-0.35143520010308155,0.9560636918802174
1.7702355371220888,0.9367154098979112,1.367467855842707,0.9874162026842294,-0.5340816925037597
-0.1293497807312448,0.5202535594701504,-0.2612826625514348,-0.3704398715564123,1.4569430073737673
1.912761748960306,-0.07192799498432234,-0.42565290250861654,0.012996745656024372,0.04454195259899583
-1.6290446279216937,1.2886402057412272,0.5024448149758237,0.07668631287835788,-0.6230568141806131
-0.8994876882596778,0.024873835661402933,-0.02051366228285358,0.8514838666028464,-1.318387330341045
-1.3420277739719377,-0.841318460736379,0.9256679430185989,0.23437880591063595,-1.3352611147077256
-0.23966851362467123,-1.163777335176958,-0.17115058956143492,-1.7945771056741748,2.0710814561241233
0.6956144817041684,0.8687138589120187,-0.4598492972949669,0.6859201653386146,0.21087654426956318
-0.11451142086745851,-0.4358484531118913,-1.079736168926822,-1.5922811472482585,-2.707486232894861
0.016362666734313233,-0.7961580426432686,-0.474094819466204,-0.3146603734162733,1.4813305148963132
0.17180664061515494,-1.7116244307424184,-0.9877153683287621,-0.13311248410111537,1.93267402648774
-0.9280749084094903,0.6141563569583457,1.0124428672446135,1.0351731359314913,-0.07689206791454072
-0.8683450552191812,-1.6490661682978929,-0.5038986919906944,-0.24157498923954457,-0.37266204263602953
1.199473091386866,-0.6283383433621695,0.037099273675167056,-0.583120086507225,-0.3930627075731815
-0.22543533416777628,0.5241844125499536,1.608080748755369,1.0980657997863228,-0.9369979275195179
0.5148246698530244,-1.098828559537998,-0.014904422842880833,-0.3774046336244762,1.7702609531659463
-1.3160423490855468,-0.8463215189641268,-1.1877672445346137,2.21537757686541,-1.3443072435342716
1.4696871034762047,0.8198020211129395,0.029154504662335063,0.9910267035460798,-0.5272743106680988
-0.02485876371790931,1.8466101163755468,-0.4797380669429903,-0.7021174770558105,1.2920437134517915
-1.8533573989018133,0.6339453837866424,-0.9906008974868176,-0.3963073021972905,-0.1594551971841555
-0.6147612841918342,-0.588279057465114,-0.0326493235560265,-1.3486354047763625,2.656952940990383
-2.3808705391536837,-0.3769970469241181,-1.027470327755064,0.1646972133302444,-0.3809533544467589
0.04545276545570009,-1.0052720919202682,-0.7829619061271071,-1.0265058198907746,-0.9783829258586108
-0.9363278937709912,0.32741393834262245,-0.42630257928984777,0.6453850410271773,0.23924832495308718
-1.039448274803683,0.46996739421865164,0.8286464794862932,0.04486067469166978,1.8957498468704261
1.2403982371968814,-1.3846264421629928,1.4468316284108982,-1.5145019019276955,-1.3077930996210507
-0.931774431602019,0.5944776591618434,0.2766006714119477,2.297904230183926,0.11611939142360661
-0.14780028960365313,1.2927380234462915,-0.42660979475898325,-0.41307806860058466,-0.13213016735447747
-0.07241132682503029,-0.668150224137939,1.2911981749726242,-0.12386481804314338,-0.48835043340989287
-2.186625445451931,0.6433959429014822,-0.04860031158386052,-0.13157036937906227,0.32203893547644474
-0.41975983698793334,-3.0305720932613456,-1.0297221691424188,1.0514535726423895,0.4936302676807641
-0.3112990418090617,-0.7291378405557174,1.090840757016236,-1.696248108041525,2.2305456866318543
0.18673848556756215,1.028270784826383,0.3586678178629552,-1.2330218526649528,0.3089681922500068
-1.7753754694672255,0.4973057469165399,0.9729628871247311,0.6130487293926176,-1.2384098431892978
-1.0747038979947168,1.8034201693732774,3.4118483282068217,1.2919610040507354,-0.40128829428725865
-0.26275573512745304,0.274271203765384,-0.8895230188538531,0.4222800054919403,1.77361553587874
-0.49942069982894516,0.29730744008461074,1.536474818284537,1.998741060940276,-0.8958564460355829
0.04045271269315463,0.6068236253930686,-0.08725402867230056,-0.2925349958341265,0.40561482767528495
-1.5001822106390126,0.16736629918357207,1.406208851611897,-0.44064319797321344,-1.3505166634411465
-0.2248895899033147,-0.1554480277740702,-0.729496486710224,-1.855003510813186,-0.48979740313509496
0.014038444928846955,0.3761228016444884,0.05895229417978057,-0.3765795570777205,0.574593746820546
-1.1240528832467764,0.4437066955326786,0.5197965493609686,-0.0893851341873621,0.8713098753748648
0.6884779139549169,-0.7127759891903145,-0.39586052682009365,0.8556176025642169,-1.101890280338374
-1.5375431231126744,-1.026760448726782,0.955567508128206,-0.1270235107940813,-1.5438941136855393
0.18251871890826435,0.8954896813604499,-0.09227967980552197,-0.32850368149984327,0.9397096973359341
0.10096214401062661,-0.5896879314351945,0.3339804881225268,-0.07029959943082446,-0.19134199494286977
-0.9519692572547516,-0.11203224088463154,0.14219039277756979,0.052212527460659824,-1.1900915590352363
-0.05718078349395188,-0.489038646452116,-0.18400500102381181,0.16155865887827286,0.7590764167758223
-1.08527623762358,0.3718810268007443,0.30003148841159494,1.6367077804815744,-1.842251924860456
-1.0750999923123303,-1.7387020633949375,-0.6043536813236197,1.3318633363056713,-0.7971012543497232
0.09889039314422571,-0.4622972422631214,1.549102589204544,0.7783810408561036,1.0049153782891758
-0.7448999365146276,1.3005025811564308,0.7863174526683242,-0.7397914981724153,-0.550401353116921
0.1851909277791038,-0.07534877134303127,0.6830831326283929,0.8054808583008882,-0.0057419240335819955
-2.6280530804779354,0.6325074889474999,0.18015961233201253,-0.6730463727967606,0.38720104693815405
0.1793183577241712,-1.1381118028302322,-0.001863844079237967,-0.6888654117526049,-0.6033672087525608
-0.17133762575174138,-0.4658383360371169,-0.013549176325634345,-0.197452796172458,-1.227795814122337
1.2588769531634065,1.1257065373310062,-0.6957588657715832,-0.6704689398763923,-0.6924683112812383
-0.8363256955258072,-0.19901080418537856,0.302267173665359,0.010477668227817332,-0.14473126862942948
0.5092244315912009,-0.6601833424569662,0.47707188145679796,-1.2017267625433101,0.43826552341252617
-0.5895744107127344,-2.134938619058972,-0.11569724449391482,-0.02099530576729396,-1.6628302247258113
-1.4035937352643308,0.39121816204529364,0.3030418177232722,-1.0099653447057337,0.4610443028916
0.029912290894987183,0.7656024247459187,-0.714090747637132,-0.7696960285822655,-1.8098793542858984
-2.3812959765020554,0.9121379981611009,1.7301558528219783,-0.35842106614834607,1.3257198063937339
-1.5144227031072268,-1.551053503089569,-1.577611886070122,-0.22404316441242236,-0.3668867184205649
0.055232201690073916,-1.0860132782193204,0.5471890732867253,-1.5889752063225098,-1.2772982835042477
1.4524041117141555,0.6813340081931196,-0.8318723952755108,-0.08672669407814289,0.8167909150168503
-1.1904696729677524,-0.6858322620566115,-0.6982091353536662,0.8337570608814728,0.3722678039769278
0.9661777942510649,0.37767984920760206,-1.2717393428997932,0.05911460916964835,0.37447009552914173
0.4322376408535892,-0.1492632040385593,0.6123718469644401,-0.2352236888491181,-1.1040343838606914
0.23820542013721982,-1.1481539614150675,0.09819331431400755,-1.2937795305130801,-0.9452523403623679
1.5103023522088073,-0.4927601297741699,-0.4904201583606523,-2.344957681148915,-1.0084396288538668
-0.45523873624623873,1.2494658471796418,-1.3465936760689436,-0.5262673103549294,-0.4919026169546709
0.9296793384590051,-0.37481981627920136,-0.4945831553542237,-1.0875208515349328,0.15771015359434506
-0.7118978468003646,-0.002405009860728977,0.14099741516106598,-1.0044249848949107,0.31523582428068736
0.4796428041856619,1.2541142641277543,0.7648845216914858,-0.46383378000021647,0.013033951929721335
-1.0944012516956512,0.97303625795764,1.4182647925433656,0.45402363079653896,0.4013468434691144
1.2632646450998228,-0.9667566053699442,-1.259382591577636,0.7396496813678319,-0.5356740292355651
-0.27001387368368274,-0.41073828105847676,1.5227475543283853,0.0031668437452392153,0.19957994453873326
-0.5362615592928828,-0.5148818984424665,-0.35443682409714405,-0.8125051623156141,1.302805859983328
0.4553106282259352,0.5328615653094495,-0.18562708190334617,-0.33652311309861804,-0.2779224555764169
-0.038586245403287464,0.070217545664283,0.8415211317507308,-1.091337475448012,0.8831603913733815
1.563430229009172,1.0506174479034516,0.9868157414899749,-1.1436893390433038,0.8827342032397166
-0.4538848240660218,0.15670251338832647,-0.9865914408343687,-0.04713683774774349,0.15527592894734202
2.8217587498629175,0.25101115263894724,-0.0051872265515328884,0.2233833878883847,-2.3313859665355356
0.49645841811970665,-0.5578831878899843,-0.48138352615481717,-0.7253651435652724,-0.8355544090904112
-0.8250753675203237,0.35158795780935237,2.0776690161709412,-0.3153173446664427,-1.741019857666973
0.21949542364729285,-0.24384732595446165,0.22145277918936326,-1.1008592806522681,0.21809264692544464
-0.04333970801161269,0.4064881010198594,-0.6362016429809217,0.21728881586886173,0.387605677161189
-0.5376834369084059,0.3790678603099837,-1.9678717681785172,0.6396956637284362,1.274446227303532
-0.8737724991286873,1.3304460446029094,1.547962246259793,-1.1493142437938066,-0.45143263616493706
1.3118135543173668,0.052676870289042485,-0.10122492147870539,0.2484132181274934,-0.8412726106886195
2.460953666034562,-1.1563423750694166,0.49145261165658494,-0.18701012314773832,-0.7776169643521089
0.9727047494796632,-2.322014423884139,0.5153012894367034,0.6108679131882256,0.9618962204322202
-0.6146184730436708,0.17306633083961256,1.445763825166866,-0.8338525715805194,-0.2712415531721878
1.4093296530809112,-0.7033752690094048,1.0329998292238916,0.09560443968875511,-1.8510208799857195
-0.325869933045764,0.5368680248394302,-1.1213784056264073,-0.6315930253295353,0.4420266623815231
0.7357824343993704,0.9318610043235963,-0.019715676228130006,0.4798766639252859,-1.2977093130331605
0.25507435358267333,-1.4212186452900024,-0.26093918076921413,0.21588953165977395,0.031273289156566034
0.6182041899126712,-0.7033082215507958,-1.2794866991724803,0.2467075829665015,2.063326780337329
-0.39534085755351883,0.9628191629671904,0.4668674318322369,-1.2204995131119587,-0.02562082947791033
-0.7764678436653183,1.569833091151015,0.8469541474238013,-0.3666316040932589,-0.7789650845885738
-0.5055085455199548,-0.9663217051743116,0.6455977374457788,0.18619973562587144,1.6201621882788446
0.6828095256086112,-0.5315883398801092,0.6830900958951351,0.6892706004614049,0.12165766117831112
0.05812022127040876,-0.32574338759052657,-0.024072216135290547,0.15435462748888729,-0.7408716088383177
1.8887581503494035,0.41221622820224824,-0.4178366461563414,1.0890267388107875,1.4077714079308048
1.596079101655461,0.6192765591556849,-1.7174015565812077,0.5800267561443055,-2.2670112894995267
-0.5700316893596111,-0.13529311895241147,-0.627502109663897,0.20577386537152606,0.14450776247383118
-0.6716162968747785,-1.0568709768403695,0.06848748747891151,-1.2565486520554978,-0.5302512123062718
0.44125184688693986,0.5123458048481542,-0.616086925484215,-0.7866772380823361,0.07717359207668402
-0.34472292839961904,-0.11725569046112515,0.13709198116329924,-0.31058090058110593,1.221146773826889
0.09945130220485734,-0.05418005278186938,-0.5814161947381071,0.9178924159526961,-0.08040580631825263
-1.0782163208742717,-0.07178279863354373,0.9605019463900168,0.06473031898911669,0.44534234164518455
-0.10858317026866528,1.481167607535898,0.7366786634095712,0.44096223425668774,1.9225287667578257
-1.7400045587952364,1.3610659397472624,-0.06382054948865253,-0.5962654709353812,-0.38349032754191265
0.8338803555894527,-0.8425954610926509,0.32044607621513116,-0.17110676489226823,0.3028271805205372
1.4462656084826258,2.879154962431324,0.4798953145558606,-0.924268211855807,-0.7453137281379256
-0.9739664769265987,0.3628957561764248,0.5921987362540192,0.9855640393346303,-0.3319865977685721
-0.5876939118428479,-0.5386037242158149,-1.205325402962031,-1.8797512382142068,-0.0035897690775094086
1.4328529614376133,-1.6886579386226057,-0.3514857712143969,1.2608851812787583,-0.49657748397346835
-0.51089032383832,0.6645857129068738,0.2917315130613971,-1.1395982441973267,-0.06236097215110052
-1.1787426331164113,-0.18381432481218166,1.0986228426949916,-0.5491287374258352,1.2484663990374663
0.4341801196872175,-2.0079079905314643,-0.30250301225787685,-0.9196135563807907,0.607603042199817
0.16954458643466772,-0.4161936274136694,0.9398602784432197,0.5162036028809267,0.35215190339803176
-1.132451336044079,-0.48279664337752876,-0.8553348536313926,-0.4637679368611077,0.9302062066323116
0.41578517120859393,-0.3512458691805537,1.6892358383899295,-1.2430379804940561,-1.5847614623061
0.3204199808312329,0.9901903903650092,0.1113499373652698,-0.12959687710898837,-0.413700213178191
-0.039443803529313363,0.8564970309012824,0.6796088749526924,2.1482193305976898,-0.6613022360222413
-0.6918014765402257,1.9397713440438515,0.015957061372940468,-0.2212419493064062,-0.9687398028577302
-0.5649171811094629,0.08219138737648105,-0.6325159302132659,0.04539089016426953,-1.1002562133993583
0.2443145191822733,0.248908140758455,1.0313486894865693,-0.17954652528921633,-0.7416719794427199
-0.8729548835369157,-0.23226077838371276,-2.723630863196598,-0.5786097930489529,0.21805287992807892
-0.8391247053485196,-0.08862722624629378,0.6909579546840923,1.7709456629873632,1.8648479765906176
0.08818463787586756,-0.8874714427256903,-1.7695630419438089,0.5532850833227276,-0.7172945567593214
0.5394671536292562,-1.401509636920827,-0.1328456281308296,-0.3440934414142264,0.32508946970266317
0.3717471672344259,1.7242322946919526,-1.0939350631301639,1.024843434202948,-0.9094404234624003
1.6815517475697728,-1.2562510463467704,0.6504537509415452,-0.11445838010631544,-0.31393489644105976
-1.4420984272343214,-0.7036933018131077,-0.5956978143782085,-0.522593470590546,-1.492023971925662
-1.1522761274357751,-0.9150368435378006,-0.642310024138245,-0.07187217690932073,-0.9342906821521945
-0.24401470279161352,-0.15587533203557485,-0.9071833743260593,-0.6654951527953568,0.8725954758466985
0.3816921929845066,-0.19372632344694082,1.2831048885191005,-0.15075109216383573,-1.7784640078831209
-0.6911252625650838,0.27391608462866485,-0.20861023100211487,0.2416219131398976,-0.1123752213039292
-0.4477067405220178,-1.8434134305105934,-0.7579978502293696,-1.6324528883800538,-0.4448016313809196
0.4254777660549742,-0.26932441797246554,1.1919649423006198,0.37761037421112714,-0.36896871907878653
-0.8658479407850386,-1.6904526700668498,0.7095503460564624,-1.0318378037240803,-1.4510980506008309
0.7070204013875215,0.7762390155517568,-0.3539834584616301,-0.25389445537820643,-1.1204211035172758
1.2642594346589224,0.35379731426847805,0.16106338597596764,-0.1034117011209971,-0.03664415235349625
1.2140426230622634,-0.253215346253485,-0.7992729883002213,-0.5605867000121607,0.8445940628984345
-2.1293812272356623,-0.3167017004731527,-0.0936510303595794,1.606997273526168,0.9358710536661762
-0.20945388451351585,0.14577650007185172,-0.30615175302434894,0.09160094158888206,-1.3342012283284859
0.4534061012671501,-0.6386535529641107,-0.7434914172879971,-0.4302731785622734,-0.6419664504348538
0.09934945076671321,0.15165598578323528,0.8985902766305953,2.902017595951074,0.09739007493544617
-0.4925005758089076,-0.42200111561333753,2.782841856180807,0.07030095812475404,-0.5856521759562658
-1.3246023301685392,0.2434117605048309,-0.183865659361207,-0.15141902629208712,-0.6229677267616789
-0.5421837536265907,-0.4739704222662858,0.3997977588280716,0.2611378348784373,-0.11077236998620811
-0.9375296630924929,0.3083730446517245,1.1766519127580561,-2.168425583689111,2.3828491659800384
0.3217562710922531,-0.47306859013991664,-0.47779583486584815,2.043932743715438,-0.956560693412034
-0.9155853346267231,1.27060517679899,-1.6263436343961348,-0.04974956599222093,1.2929029425113634
0.38320422127537157,-0.4064257568949291,1.4969177328312802,0.5665504984454279,-0.6696887228626716
0.3682256256655112,-0.6934996626604324,-1.6136851775708354,0.2033285274053305,-1.6288437997315548
1.3064163031204141,-0.14969760550384661,0.45003319620130083,0.7381097022936617,0.44638889922675007
0.07905530538869393,0.8663232059696048,1.2300711448497395,1.1626444105340346,0.8826001225370728
-1.4538222123020998,0.2761878443609171,1.1403824645422913,-1.2996950361797595,1.1996240789047883
-0.6829958886171138,0.45841548966525775,-0.8661743330740997,-1.6899730997600777,-0.08880278101613416
0.5477124704578412,-0.005441476849618858,-1.0310149016361552,0.704360493393251,-0.03916212956845054
0.336256636489052,-0.7817770846604901,1.3976153557684643,-0.8055193447264637,0.2699939113960019
0.8629586120264274,0.33414415910605955,1.364947660948333,-0.5432837766232289,0.1905443492886496
-1.198512995881106,-0.20734951467211052,-0.4385611884911913,0.25070951387311613,1.1244087928784179
0.21492819952622144,1.141941978994546,2.1754416594188277,1.0123682177388655,-0.7929980610239666
0.836059930904455,0.7003742716931258,-0.9758236242313919,-0.023410548415684334,-1.4136151491864724
0.1792115572498379,0.015533625152617511,0.5536814273799446,0.7915729432110735,1.2855781177834267
1.2909934935231056,-0.14665848489401404,0.654468085110059,0.46385673038949676,-0.15037730712072594
0.507413998537414,0.04366114539704986,0.7344344876473168,-1.5425645781856103,0.2278145335050815
-2.490848704610911,-0.3237809081831938,1.3883400525844887,-1.5996127888148264,0.3145126242650235
-0.7595174260504959,-0.6189986917922303,0.361014822198904,-0.6170249349081303,0.09310683129722983
0.047540359831278606,-0.282897792078458,-0.23943864435513365,-0.09404788601344377,-0.569959722868116
0.865122397392058,-0.23769916168559183,0.8570792853896475,1.4869989646089976,-0.975364726563219
-0.5987149260249504,-0.4824857961083404,-0.09026563755207732,1.5268726517754294,0.2231122917301603
1.2569769733772964,0.43819762191136774,-0.32920415706412076,0.4040494885508946,0.13829673024574174
-0.2262071293496503,-0.1944974340437394,0.06700827487201254,-0.8486254364256285,0.8289018468870917
-0.08743649837016704,1.190066166071745,-2.1614960416648468,0.24814387620967585,-1.871416254694113
-0.193372670665148,-1.066132496332319,-0.09539953496346353,-0.6976069022579862,1.4840716658512805
-0.4046439242024881,-0.9700367254400689,1.6604361322843904,0.23610244394250834,0.8389626310488755
-0.679239130953262,0.6801605925594972,1.13064758049485,-0.5774960130409837,-0.17821170832438443
0.6389203293952004,-0.6737923455724119,0.385472109574217,0.15731690079103194,-0.8104023718353384
0.45441314558290563,0.5550573847857395,0.26834072216813554,0.7386877682607488,0.20891283858878093
0.8912462446902267,0.26823194825662755,-0.2825802435550035,1.3902558606419853,0.07040152810219034
-0.8074026552844122,1.0964250397779745,0.7960285582661326,1.591619975139475,0.3180415468034229
-0.710958867278955,-0.9534205613873471,0.029370350817708307,0.0038150350481285936,0.49831460633289504
-0.9036099217796918,1.0387330956243406,-0.7953547008721774,0.626267221510162,-0.7162717515998074
0.4084733776334711,1.1467587357257214,-0.9643638631749636,-0.8346909745597961,-0.9761424824459206
0.7751780752868891,-0.24763076912498577,-0.5642128311530787,-0.7822256765777303,-0.1376507208866744
-2.003615209958647,-0.12790049092640662,-1.49276710929693,0.5839152642117315,2.6573450748266207
1.5114544825888199,0.2876707647611318,0.5479975327143408,-0.8415613376005706,0.49028688765753564
-1.4314575683249222,1.1550105027855386,-0.2266786479315263,-0.9514613225214078,1.5565552004463363
-1.8499000068347944,-1.1216039032741631,-0.6785297430635956,-0.2500834811638129,-0.05944051700758962
-0.5914545555548142,-0.3253894697891784,0.23203922591862705,-0.7751567996624745,0.4568185406620544
-0.24524884209246192,0.48365244389537165,-0.25603466600540425,0.0857437737836789,-1.2523355764332849
0.5492539762282442,-1.605379092712211,-1.5967323306180539,0.5921840173979958,-0.7658128123006231
0.17877634966360106,-0.9114162031630647,-1.0077699602930201,1.354386173611775,-0.24534029186600698
-1.141178095744183,0.7679815564882426,0.6821816200229007,0.6522344467752383,-0.9805138594281031
0.75104056402836,-0.749565593009562,0.4358501557934323,1.302134548625656,0.01103852497200973
0.7839771743048274,-0.21546272044632056,-1.3482316319813894,0.48327835950603615,0.45473933482350937
1.4164246648943652,-1.58615980624837,-0.28584622518240993,-1.2974138361287817,-1.7241024750793297
-0.6591256719698505,0.574219498623035,1.3257522781581472,1.5460198290845881,-0.9418743052807951
0.923584586677582,0.27147828342091923,0.9750691812676323,-0.13648404960796676,-1.0914998935767475
-0.9496123684875998,0.8085511079486363,-0.28420737373672195,-0.27038326085509523,0.3296254340382885
-2.2737371810689297,0.37668152563004537,0.4877947389461253,0.20330768000255353,-1.268252617533782
0.12809325668931507,1.6173476736919488,0.13109842756720413,1.2644056432497341,-1.553409553041699
-0.0758466685741995,1.0247311690132128,0.43094122421299463,1.5423492133131558,0.7605740824955186
1.126053390331623,-1.7557505175720658,0.8455455412102701,-1.1257669236463115,0.6004670764361041
-0.3934732046181349,0.9268123516723163,-0.8897859171603835,0.6867699833051697,-0.628217712531028
0.5065885183230842,-0.2151573060686337,1.006239752520061,1.0748821977804002,-1.664144451967444
1.2889133486207005,0.20692541750284266,1.377368789738915,1.1649116549254355,-1.4943958116439198
1.146649454953907,-2.3725316268790952,0.4652841664720971,1.1872715700579106,0.10525727356471598
-1.2268650772734078,0.18676393625423166,0.04764467787532809,-1.2466566258269511,-0.33582667248129366
-0.9125005167450176,-1.1490570076479485,0.8681695728454318,1.2661599793783027,0.3112351598079805
-0.9647720436448067,-0.36469317813018004,-0.7216623621965134,-0.4348794368259753,0.6577052853059897
0.014671213134544977,-0.4854242639348153,-0.36348276543046154,0.5029835756683377,-0.44658951212487186
0.3076654469505249,1.7381326734618154,-0.6542198257736398,0.5499563850064952,0.1086240136722981
-0.11640396412263841,0.45442616773922745,0.7217885350508048,-0.7851677523378645,-1.582132758226523
-0.6302835471920107,0.940667256676604,1.8165576438327262,0.3741142801681075,-0.27853067244963503
-1.8670904787001923,1.741257190676444,-0.29152247699217854,0.7128039791603276,0.02833983699467553
0.07598171924780167,-1.9430469072650498,1.1382016128174164,-1.4146652161781101,-0.11838116711978952
0.21366548510180192,1.0522719016993034,-1.5194284925792276,0.9727881578690549,-0.42496165001524877
-1.0649939517812883,-0.28643113228297096,0.005339532475685516,0.023172929998368452,0.3116403365613858
-1.0661321114632862,-0.8531276636343378,0.7095810165268529,-0.05101680285050143,1.7579555356573937
0.057626059171274176,0.7184720722548599,-0.8189036494010787,-1.0038897574605858,0.08405894411213304
0.9886134268822097,0.19265555193369505,1.780674683185367,-1.2053893211383329,-0.576026672519207
-0.11230087446176898,0.6560547578727312,0.3744646058634549,-1.4972142921554379,-0.08290792848970925
-0.9296875929035631,-2.050616669399013,2.0674905900798586,-0.31057844189008377,-0.7180216425024983
0.11477145384122234,0.18069912493894474,0.22285308959429556,1.2972716910222484,0.6004806808094976
1.6715761599529197,0.24001930075875688,1.6706954921681738,0.1452941056097995,0.49041068075499394
0.2685221568494546,0.99896841727702,-0.8459371883846019,1.8639761420651257,-0.9822739651809517
0.40459826210697264,-0.3926541955432794,-0.2528373518742998,0.6973911261967235,-2.4465073354006655
1.147088057825279,-0.4286476183565038,0.9551010951543415,1.2709731698148516,1.2904572755733064
1.597200475491877,1.2272799164389068,1.349866300966826,1.8975997870045807,0.25581430719735715
-0.16084104671411467,-0.12229974937928531,-0.9509847017900214,1.4806916485480233,-1.0498819137857365
0.044294399431279656,1.2996833375483456,-0.3353313053711448,2.2710793207113706,0.3381250163389896
-1.9999653449033288,-1.7141543377780468,-0.7026490838544931,-0.6899193072828975,0.1274834132614989
-0.31958682492151785,-2.3001346175402797,-0.10438420463865387,-0.040774990633293734,1.6047371770073233
-0.7966985313297591,-0.7309906963073688,-0.5940905159415958,0.7608923165424225,-1.4575846681616347
0.7119110065311325,-0.05074411383719145,-0.6850161081065319,0.1199292751841463,-0.078764790458542
-0.847854809889522,-0.22459228750546156,1.2154364104522442,-0.6496550854658365,0.5871179635549746
0.3711031519686095,0.15167118305853927,-0.550407850572805,-1.1395194547684009,-0.29053436893811085
0.10443150543766688,0.4841774811607449,-1.7589276958641067,0.3783454348310401,-0.26384650153780353
-0.6913630756340647,0.06776188148386895,2.061382776836927,-0.28372042059480573,-0.6842533230584716
0.3071027407204382,1.6644110168557682,2.0081389377078764,1.0723675363982752,-0.2096809600957905
1.2481699757696192,0.3362074358697241,1.2807008281941745,-0.3988947475075262,-0.9388559772711804
0.309264348024443,-0.9431497515125248,1.7256958147883457,1.681530961704607,-0.06712856192941867
-0.6299876124528703,-0.8542068771276695,0.4917108108189853,1.1242198988935963,0.01671200605150772
-1.2714515776800592,0.4091584525472553,0.7022612179586493,0.6502332673318342,0.15651183902688567
-0.03135071266076989,-0.6883893346745652,0.15113633782852198,-2.1934242396317534,-1.2008554642972784
-1.170328138692445,1.7518097064935125,-1.6335843591705126,0.18568070768481765,0.9399651005413967
0.465693840487687,-0.9969043251779107,-1.063679512643572,-0.39814423020048684,-0.44814857632550653
0.5908897782652828,-0.45927802765481646,-1.4665851669518355,-0.34002564959587056,0.648820352226989
-0.690102194587891,0.09140360559728179,-2.090488200612102,-2.2006226107798166,0.21020356409289104
0.49641526682558196,-0.5549923114743652,-0.6405718185978844,1.7842976932262218,0.16309274481563588
-0.7874965741333276,-1.0931721788119546,0.8737330374316262,0.1982033455275993,0.7401118808912843
0.5357295789118478,-0.6010975129555081,0.5116451690762355,0.818278570056554,0.36917994066602433
-0.8494712693317504,0.5559595152367568,1.7466403142335272,-0.7469084289078237,1.4539431698809402
-1.342402312367274,0.09294392283327178,-1.7901141494932296,-1.266662227868922,-0.7172938893909894
-0.8707431542435545,-1.2691100778732973,1.3490931483467499,0.48701995084178995,0.3316178415878073
-0.7029432384722492,-1.7919109645843982,-1.8746532675751912,0.12879199702501404,-1.3160524764957529
0.8647661108663587,1.191881639117124,1.717769155521011,0.5167047796243542,-1.5691413204266214
0.9786254109329915,1.166814310772268,-0.4681043861983684,0.684882658914325,-0.21204075588498325
-0.94242595982143,0.07710925108466513,1.8591623777041895,-1.4873271892230648,0.405827044606568
-0.08402235325705329,-1.578545701970434,1.1346121734318046,-0.10487077270342006,1.1897255051555407
-0.821006994409038,1.0191460355892592,-1.1786113310200765,0.6907586716535679,0.37582534668031187
0.2335880881799061,-1.160849576739136,-1.1354106697782158,0.72629871912859,0.2012950002342952
0.03061539225327545,-1.1338475742148075,1.005986717178695,0.37260322402786367,-0.5642709042023548
-0.8903745952907401,1.043195209202401,0.6725212518507584,0.43337217900105235,0.5710734696160376
0.36769222842840166,0.8411170120049752,0.640016664372115,0.707099116083058,-1.5957597245810597
0.0031595268352560294,-1.1923220788487896,-1.6679719121166527,-0.3001810619460624,1.6758638268542865
1.8608980758312121,0.7096862423027508,0.7745808682089353,1.130069215744558,1.6064750858009758
-0.2905813999255462,-0.8710396837788457,0.685487961298276,0.8354277922189913,-0.8026506967395801
1.1376716627478065,0.12127761380884566,1.7887633398836762,0.5319099571371496,0.6420644469814574
-0.3671223033558118,-0.4085303908661579,-0.4168886949133275,1.7631923568690528,-1.5795590801672321
-0.35343455954744296,-0.6246939720841289,1.249376627544606,0.3417555622340315,-1.8960467173909952
1.4588928841348747,0.8495942435100943,0.6465853446283831,1.699333918200353,-2.27016527836732
-0.012579325773947684,-0.10716515067601454,-0.07186358600209491,-2.0429210706418264,0.6019730906704233
0.21806245564139012,-0.9680058702464538,0.2735288887503329,-1.5049707108706811,1.1714294188766334
-0.2901436666237284,0.4780916704128703,-1.3043849612847136,-0.5785274510532157,0.2575427427539235
0.340771333766853,0.6374048500783885,-0.6926723806500998,-1.9753368275240943,0.8701620415249604
2.320626726103828,-1.90029963087049,0.3946574410360682,0.9744465989588009,0.21230930687551922
-2.165517043619086,-0.40651117792673575,-0.81621416493156,-0.32759133691717596,-0.07325788693646289
-1.8327222261427465,0.9589974868322525,-0.2725150797826751,0.027801866346155352,0.616306741896012
0.6157977205456906,-0.7491375915203754,-0.6436433592150593,-0.471997419137508,2.1112317881657794
0.12635836398537362,-0.7826758679374877,0.7846549551715168,-0.32548783949499943,-0.005244112214954148
0.9998281953272282,-0.34279780118588077,0.8329380064046891,1.9586537807958306,1.732758149231438
-0.3312064192993729,0.12075038533478184,-0.4585767101123099,1.2370840840956905,0.5867347630538271
0.3872113520996464,-1.188010558510361,0.30433356945409196,-0.08745756283075759,0.1517077277422704
-0.5130291993956184,-2.722799805732241,0.8352682629755114,0.10290463440099804,-0.012538822574681726
0.880941683625417,-0.07763259986464449,2.206603487782377,-0.4305169568916608,-1.9541141709378342
0.30560387466836436,-0.7885834419177483,-1.9623363597393875,1.123891138300261,-0.0471045890238272
0.747481897589675,-0.8396775790969095,-0.19044515139974183,-1.1746319749184497,0.04332506059227975
-0.33802903495481806,-0.2741266716880977,-0.04712624236601091,-2.2192739186928123,1.155558871924481
-1.26720771151102,0.7491635427363762,-1.2376485754984468,-1.3224302726938721,-0.25027644951429573
0.015593675907797117,-1.2314060423872892,0.39452081658896093,0.6320925539288328,-1.3985983212162476
-0.018720790137261908,-0.22606067878474426,-0.11051067540337618,-0.9330259911919638,-0.41375660135316006
-1.231017428842041,1.5829360794527072,1.3977991218041992,0.08092450629273351,-0.9223086829759719
0.9107411896967516,0.20368687208581002,-0.4961092285405294,0.800324922939157,1.2248858375276268
1.90896402655641,0.6710438131627713,0.1372764569327047,0.18127263389418694,0.8536883842299511
1.8057317372902881,-1.4582641301885024,0.21931954973667067,-0.5155803029853908,-0.8942059937369553
-0.49993243441505253,0.12968675383203154,1.9216583894361765,-0.29018281029795046,-0.2713033454909707
-1.2666990962056799,-0.37584196492573724,-1.1693411244074945,-1.4093273570411071,1.780903027552191
-0.24589742882399718,-1.1259178959242566,0.32056016557715367,0.17823153720329774,0.5948001498596444
1.1385101079421058,-1.0578872666342285,1.0674339651411762,-0.043487970719307135,-0.5105256038369109
1.7393736430202762,0.5482104912781725,1.1520148856141912,1.8154630386811035,1.7022641210526577
-0.2597558872384328,-1.6574667835780181,-1.386835416278153,-3.121507681220138,-2.1680928470272356
-0.7254329655334036,0.09131653177657756,-0.2616754052941544,-1.365942374319676,1.3809081442393123
0.607298054503648,-0.12815797251623007,0.3790504629327187,-0.1598886070288064,0.8804462714341108
-0.8276070661718512,-0.5123299256515225,0.9674331569500696,-0.33103853420517404,-1.7602512703429103
0.5144192897388593,1.195511142425186,-0.04961085968320834,-1.726821195552082,2.0486870649943514
-0.45453893269704077,-0.35455551449822187,1.4901015077929771,-0.6791168986090608,0.8385673518931588
1.3060966369310676,2.7094710958983113,-1.1479644220226723,0.19858926077139102,-1.9239809500452512
0.49405737891670415,0.20937628692697816,0.7853057857365472,-0.5718641890633923,0.9768561498740498
1.211514968758325,-1.3521452336326905,0.09743211314598924,0.8164622249317649,-1.9441189149566673
0.60320034134957,0.11345068909601512,-1.1170684209019939,-2.2975019694328314,1.0849096054844543
0.7430115748060663,-0.4482663998503321,-2.0110253000801954,1.0633586303243152,0.5985578998801739
-0.1418903208588342,0.042709508286087626,0.2923048250658231,2.3492750795076054,-0.3692285464482236
0.03182058376231728,-0.23936812751763778,1.0035952474234358,-2.5927404888357426,0.8762208021569365
0.5481048401205528,-0.002611486420486895,-0.1837313445416295,-0.40689929458373375,-1.5326273853346968
0.03258766092079234,0.6374606537609745,0.4765335820643567,1.8230894385690135,-0.975451913815857
0.5689819920677309,-1.7725815739702653,1.4423252248429634,-0.4377373519799664,-0.510705572206291
0.4210808442365849,0.062165872554533014,-0.7522623482525109,0.22967095380517472,-0.2998761344788865
1.2945408391041326,-0.5420755237747729,0.1765869949335439,-0.22101554909746723,-0.007475916967280531
0.607247479887727,-0.8956699458807762,0.4244778346906262,0.9095752244197675,2.2038410951361302
-1.1961693430466034,0.08046840955958125,1.0220428007812126,0.4031497052596131,-1.2309471363661735
0.4553103606055076,0.9566424973159059,0.33993699419407497,0.3900034753055073,0.2103774441231359
1.106016372944205,0.71979682619205,0.08773839744091667,0.2946456150782873,0.18653390909183223
0.28347460490193804,-0.2720126735048993,-0.21929796862540746,0.9767281725754657,0.03063545910179528
0.10045922739433984,-1.1043885772281388,0.9132144946945757,-1.2920313298979673,0.6547062439324006
0.6204508539978902,0.679629503204989,-0.8228367551055396,-1.042724504079678,-0.5800022332877158
-0.49769057210513684,-0.7682836076224161,0.9076848034564203,0.16381639980959595,0.40010035502628266
-1.4174739331812127,1.1612572390712752,0.3201674865848018,-1.9987717709874717,-0.04658417201072634
-0.15221681547211446,1.253392633799401,0.19847061613143416,1.3016769642816406,0.4254094878377654
1.139476075415256,-0.03853093457445977,0.4806725532804178,1.5411291423524398,-0.8470265516688181
0.38752941979596917,0.531630506239229,-0.021552553859488257,-0.052060304760229124,1.169013074883486
1.4788266426147454,-1.024218035078456,-0.7513135262403576,0.7342594010417154,0.21925846946634003
-0.9139131263199143,1.7137864409318648,0.4143814919343672,0.2135965045975574,0.26181725694461633
0.6327662803927131,1.0736863895267836,-0.23050853167780314,-0.07477619939886553,0.8248649604891802
1.866504378059174,-1.3429228842508063,0.7559386121919025,1.568168099416282,-1.1730620085278047
0.21530771484338354,-1.0319875264847616,1.0162932267175053,-1.4043551902463256,-2.3292354576223806
2.0245376453629986,-2.6552015768019577,-0.47784120051508366,-0.13568404532240202,1.177570945229759
-0.6865873893284236,0.16132114487704763,0.03436974940468583,1.8884302545975986,-0.6124784786380653
0.08482825733307338,-0.6482481241385981,0.38791950862132896,-0.5549892797864994,0.046607810013931765
-1.2245934015730167,-1.2491314001322777,2.1726574037789064,-0.9252783459877413,0.1024290796395435
-0.41574961886504086,-0.3991585864997066,0.021648928997975506,0.3823981979502992,1.031434790428752
-2.0017371645989726,0.37996813433945703,0.5474375025059541,-0.4083582469323848,1.8983669679589352
-1.245238172867517,-1.0125267153304833,0.577916945135412,-0.21032575637495196,1.3489436285092602
-0.5648953006678654,1.445074747501384,-1.4410548434547326,-0.7395456492044229,0.10098711522170807
-0.14387506189375465,0.23911961287471398,1.4391680653383023,0.8720647261280221,1.6168189464804918
-2.1072383948914437,-1.1490983073274212,0.8136459211509414,-0.9224183622332022,-0.9347619738855422
-0.13529825904614934,0.31635687269975915,-0.3868430041327744,-1.3126875941462672,-0.14477322074661375
-0.01446977929738841,1.4181707945188362,-0.1413075404314316,-1.8781694575353467,1.1802778817816946
-1.317244015564347,-0.38125793933774416,-0.8473537763274874,1.8641832978499893,-0.5499925869879666
-0.585074105265028,-2.3156291749092004,-0.33784009796998754,0.3864178482001285,0.9359156343509476
1.244397214268878,0.7899844339418334,0.4016364472001517,0.4051612770746123,0.11964283881597922
-0.9529184706736876,-0.48064023527344224,-0.26298253038024033,0.4452949089886752,-0.7140887784842125
-0.5767494245061512,1.6632835025073704,1.5061933481552319,1.246209368997746,0.6677725826977599
2.2259505791582357,-0.2176225356499872,-0.6206644896886219,-1.4436817935694262,-1.4283707891995214
-0.7974808284762286,-0.3113764281762581,0.9934988664847013,0.5107557369418633,-0.4843880693737614
0.3959603778665216,-1.649006542667602,0.5681913264643562,0.602139377495475,0.361115409939348
-1.224387754284214,1.33186912495936,1.6412847932635175,0.35150961584778917,-0.17870567725011793
0.030685694926256363,1.1593593201020662,-1.1543869973403273,-0.25605800111116006,0.1900662556732116
-0.28244722875831235,0.3155569190259248,-0.23777931659722518,-1.6034987129452702,1.9800705717502547
-0.8416043792430299,1.3104611700392876,-0.8369874993384182,-1.8191707339143723,0.9933531117990999
-0.003285353313132936,0.770323106407407,-0.15544856531582613,0.8726190825148588,0.9442789663528554
-0.7383686520116054,1.0190787739990181,0.3408582400603327,0.37620607988653637,-0.14420134275209576
0.26417653618511927,-0.38516803319627807,-0.27804935934952874,1.2233424194995592,0.667297513048285
1.1035820711446482,0.22826318594742664,1.5619741644775529,-0.8740401586401557,-0.30597838468663646
0.30487819298114704,-0.6788064581762739,0.10866363587828186,3.274283117404073,1.1328417998817122
-1.811554543938476,-1.2344528833087403,-0.015937631953623337,0.6386299433592417,-1.4407122132245354
1.3600310731298826,-0.7195183411657253,-0.4669734027364924,0.30744422212092504,-0.5863770461916591
2.5342737379570845,-0.7164055932521438,-0.2006578798316782,-1.2649704841875273,-0.28280210436156555
-1.1945792485462319,-0.5746930899137975,0.5964953918002518,-0.32247605711811794,1.415358326203218
-2.543486029966527,-0.19936263906461266,-0.6880251296631049,0.06500844390362173,1.4549418385901716
0.4769026051313408,1.5454162659873423,-1.0393458705067629,0.4504545720083255,0.21352174692490686
0.08920203845983092,0.5900057033939856,-0.756317100574986,2.390101978984088,0.36588954262115087
-1.3380381939356072,-2.3321029833202966,-0.11655466766285101,0.7078082592841904,-0.264796075571139
-0.46726789091798904,1.1235697827128472,-0.5734399662127232,-0.13083165637395222,-0.8694690187291066
2.1221484786282807,1.3819731757626073,-0.13703823984859173,-0.1411319328209603,-0.3144297091511911
-1.2275939147197703,-0.4148011862843032,-1.7377060214491364,-0.15420546870165874,-0.04068053440693584
-0.4086382884571987,-1.8916649119877746,0.24588971447250846,1.606139989230909,-0.5858702932431878
-0.19821338047624656,0.5525529289555174,-1.0910039423357218,0.30566289464959767,-0.1969688607039867
-0.1887181081181744,-0.4626804394700796,-0.3946822560968916,0.7917156218746164,-0.8774619045745751
1.1084330321144673,-0.7514779805245726,1.9700726971419646,0.24164703320831732,-1.3953853826791107
-0.20079335359914496,0.2034197107458268,1.1900418012355574,0.606867799999337,-0.7561692497885458
-0.7299807006179339,-0.8871035619447136,-2.0916859407958905,0.2850951239759043,1.779849163405364
1.0413559948118432,1.7802457344022093,-0.1725764813630753,0.43844357126761,0.9732962284513915
-1.1460566795388274,0.9538231130757494,-1.088835298558618,-0.2809928994821843,-0.5630756369647992
-0.7032187909143006,0.9013984121697356,1.6054442317080992,0.08736097691894665,0.9093418000638532
-0.4344773996996562,2.39136217410549,-0.11226685597958343,0.9000337345402298,-1.0620146877879366
-0.3002917932059504,-0.22661824101925918,1.0920106621821815,0.5467813630736049,-0.1173984345159005
1.0486650234838308,-2.1405962241212153,1.2175231753416518,-0.9028868995474705,-1.0144016644781744
0.0850635907957172,-0.34185842860528715,-0.3863214688080622,-0.9695574057117097,-0.7509823535696849
0.528540262128398,-1.7384429760470557,0.5768361271187896,2.5759924755754886,-0.31912052011514846
-0.5147340100093293,-1.4221211415290378,-0.851896538743476,0.46356802580311185,1.1943817726419759
1.723013225564982,0.5538592475927525,-0.6636894722742962,1.8734020639711557,-0.0028207647759895442
0.7035473659994408,0.2242496662461379,2.349234871892238,1.1220965495076465,1.071286821256467
-1.2979856607412572,-0.5227187775651512,-0.18846452464459543,-1.2654251705628066,0.6773598147219142
-1.0057942908558926,-0.33325115314583326,-0.6721321226892798,0.16937115122268828,-1.075732132110207
0.37190804813437844,-0.11199683862460862,-0.7528770660577818,0.09810542402022686,-0.7939944046152492
1.0614768127038583,-1.0012340806561684,-0.26624299481242203,-0.8964749409484442,-0.02613168348578821
0.35111946338682026,-1.2332565865434175,-0.18581593219746542,1.059047191942822,-0.15385266771563544
-0.1656057423993783,-1.4436647944629215,1.7882911904536858,-1.9930738569567998,-1.8217007524475848
0.38756617739964866,-0.5932327399610299,1.6048098466590726,1.2694985401990502,-2.850382071935334
-0.811951838109574,-0.12966347135430528,0.10884373279765897,-1.0179510802660179,-0.31742772398483
-0.3380898551403522,0.6355995617889781,1.8335201865698838,-1.4743562717086998,-0.17853116173846048
0.2102669509916912,0.7780127639434847,-0.5935094382531949,-1.6592794097202066,0.37103071809519644
-0.3007073249585524,0.2156846129643511,0.40773866754359206,1.1521478860464691,-0.6352488655704542
3.32043860127677,-0.3764138504880245,0.8056944869134216,-0.635824859374614,0.2293113486527335
-0.06341670755468047,1.4915507908929413,1.4153196174868077,0.8666985385777609,-0.48476115823563315
-0.8167473313278801,0.7157023776624984,-0.6187306011019073,-1.3928256665172112,-0.5090358487315847
0.8197025862880208,-1.1216819987604496,0.6885651583353044,0.3941259079520636,0.9771328470406742
0.3562572151718494,1.5225417287622527,1.0609672603862874,0.6111980582881164,0.8761698160666908
-0.6702735019872086,-1.429394425353224,-0.2564650046608813,-0.38400661505704486,0.27603104068463136
0.3635446104689377,-0.9888229038606716,0.1612213379603024,-0.08157046845092938,-0.9347627571912319
0.291705188894513,0.9768578225349333,0.3374865584305453,-0.52727040275461,1.4247653686263808
-1.1168006546781732,1.570214206072258,-0.5256636640590432,-1.9152664890093163,-2.052955409922079
0.3059307321356715,1.442536899097149,0.7599121917228635,0.8907992495271391,-0.4160232390123802
2.3767812732785667,0.48148206367127566,-0.6516486712230768,0.6488749909398657,1.228840075088268
-0.9217041616848848,-0.20387574315392115,-1.541937866782534,-2.0815651857424884,2.0261011112481833
-0.12386418396741414,-1.017277465974202,-0.35551596842607275,-1.1261479175070626,0.6768448441112195
0.47142806860314934,-0.09447239838419633,-0.30752828009400973,0.5618449792597604,-0.33610299330822135
0.9444011468862893,0.15097952849767268,-0.2777545584976451,0.7925331202114269,2.032187690306534
-1.3914345622370812,-0.8379020594860784,2.0211016267046107,-1.2854475685591997,0.7181088419140902
0.6365764779808263,0.042139676157318694,1.4913008247256132,1.0283274750339186,2.004394880730037
0.35967152877827135,0.8824085898303962,1.3642241417459524,-0.10612979313413336,0.6301808981877457
-1.2795529765947238,1.0292406354173957,0.2668815002971649,1.308947448022628,0.831022576114749
0.6809427236614969,-0.3475727783804167,-1.0122305748760358,-0.6563559844953705,1.1012933978602277
2.239167028340919,0.9454973045828817,0.4455603427956186,0.5450616712995375,1.1089722731816336
-0.6231046850098801,-1.228863852533499,0.8108681786150017,0.006295426378033464,-1.920399289425455
0.024940559533673124,1.5005761048438273,-0.2807887123464621,0.23974471331410038,-1.8010134320116211
-0.27361257227130986,-0.8801502172133102,1.8024942703132256,1.0136731231034166,0.11869916815320514
-2.0142266570116782,-1.1513827395381746,0.58260241321828,-1.009193267814966,-1.275292794974263
-1.6436559165322742,-2.017710563886585,-0.7608946041784941,-0.8652045003330241,0.3542339165010302
-0.6093378179635153,-0.2683576775895846,0.8910749504190909,1.2377138838849826,0.9637499336028067
0.6903722265831933,0.5912966729638778,-0.18592272967246384,0.366409428792316,1.062291110813549
2.0933632858059976,-1.9909492226144372,-1.507724669725287,0.7191051859868149,1.6318798835262227
1.1378686960225775,1.3126063529634007,-1.6096663650743,1.4681864848028388,1.2255314354874816
-0.4532773063232727,1.0086132991491465,0.673400117577343,-0.21953393912790406,-0.023285086045319883
0.33089038075715577,-0.10478671627340151,-0.012104846303870643,-1.369739733031303,-0.7555744858742008
-0.20875481616724628,-0.3349197652492303,-0.05873091616809601,1.2538047290360053,1.3528142170101904
0.8350747131027995,0.16381116343166843,0.12204124240874983,-0.1996383274996599,0.44294089179705937
0.03766869443810198,1.3693241769615194,-0.16890454908851776,-0.28392857283629563,-0.006915738630370307
0.05370416386012438,-1.0213130943423836,-1.1135627821206917,0.4744636023354038,0.5207924158581551
-0.1077358102603189,1.0965073038388136,1.4204155215084378,-0.7839695746960231,-0.5700122378250558
2.1578596396342893,0.534851409804746,-1.1572404734326331,-0.6816978807274947,-0.1658090551725398
-0.19016959063938846,-0.03242702830878291,-0.00411102251957416,-0.34392357422374675,2.488085939245012
-1.263818285412905,-0.04726233743830443,-0.054952308393383435,-0.95351422524849,0.4751039043574335
0.6149037436941895,0.12149815254319227,-1.245672943164595,1.1866386808481912,0.3719634450690257
0.04131890446152568,-1.1623628211436623,-1.5974085450366353,-1.0903703131654456,0.2023054905092103
0.5130613990622077,-0.7749672085498507,0.7049090140774874,0.7963517349268185,0.30862611948572133
-0.35165842720524076,-0.6295699770543722,-0.34597379054969063,1.2914179280242126,-0.48788653692746814
0.7639467339873831,-0.8055203250259505,-0.5550014621004261,0.7821223189223526,1.3856693116208865
1.4309345248576455,0.6075067764034775,-0.8622025585404587,0.05735803563782561,0.7899725310045872
0.04198942636216682,-0.23290331735591643,0.8364558056531513,-0.14260850280769458,-1.3954477048317495
0.32556906901439175,0.8456696499065731,-0.46678028508510344,-1.4150393426971566,-0.30990032019594105
-0.6990048307213109,0.08778665421220029,0.36843958742356664,-0.5134483386332721,0.23750512898389287
1.153787107124066,0.07897126897949419,0.8730596215610912,-1.8968244211539202,-1.0886520902871342
0.6148172161701592,0.5278735609766524,-2.462005612311829,0.3593817888475037,-0.36441859439761926
-0.24355908921550776,0.8607110934634095,-1.3678388325654092,-1.880118822125966,1.3256919338493873
0.1486096553653214,-0.010149574668220697,-1.387629366284895,-1.8166801130448176,2.07150550015393
0.18109595758348973,-0.7678962283489877,-0.44090272390312063,-0.6686645774155929,-0.2822233237008751
0.24178312245141662,-0.5555532033454008,1.3419283360852117,-0.16100196001591474,0.5306490711108469
-0.999573242888859,-0.841466121766071,1.1547271811547772,0.18333864695853574,0.19745337581580077
-1.3859841014557923,-0.21147380616966466,-0.1579140331349937,1.3366809126930959,-0.9249474294298876
-0.46997713531551155,1.0184000474506028,0.4355190904074715,-1.0046917502427402,-2.5674702492608428
-1.039884820640155,0.5110086775753828,1.1389664591848387,-0.405939506052183,0.49110274050650476
0.6664246003733386,0.13281912925001657,-1.132715304629292,0.9725884143802722,1.1921768989865302
0.6019524963681036,-1.3162026202567991,-0.43313656473236106,0.2016640374588962,1.064003518394511
0.16011529339236116,0.04039913148555032,0.002165049486725332,-0.35062029991029126,-1.0664452676644929
-1.7593261002311313,0.012581642621635672,-1.087040321885983,0.9468909873102617,-0.22197229162495433
-0.6274810970432678,1.476464614387585,-0.5139445892157072,0.10516541247821486,1.4511899685651148
0.09959193309852134,-1.434980602213574,1.7139789210179386,1.5352403687223664,-0.7996825952994634
-0.9059129346642699,0.43439556365945264,-1.257530235050037,0.01661679677818756,0.3984860565276657
-1.6504523145795982,0.08022743368025313,-0.08209144228685988,-2.4910779100603206,-1.3350351587820255
-0.9472516195965438,-1.180524832643094,0.045691163003212784,-2.0155613418093217,0.6906832205004334
-0.2857369403046537,-1.1881788091862486,0.42296660834815525,-0.3942313744519649,-0.6919400358588615
-0.07429644032358991,-0.5836813008463717,-1.7364486718890837,1.4567517069620446,0.7343314455216077
1.3213659821859571,-1.6602234092589339,1.12406266216223,1.481671543728027,0.7980915893927084
1.3746702241167468,-0.7111805874266628,0.08183192981011292,-0.25981804009112663,1.2328350926251348
0.4975208287221727,1.0330339352447597,0.8721091347034559,-0.2808242256558109,-0.9244192263211131
-0.1683925182395315,-0.5740701172491937,0.5495849997831525,0.7908591812904798,-1.0243075313050678
1.3750897282057226,-1.2718582919112351,-3.0388485877505422,-1.008553260468923,-2.0843221636809637
-0.09803829971257828,1.058097551748087,-0.18605612295202328,0.9537063669901547,1.256515340528594
-2.358416069966482,0.8633156400980075,0.13251547828276738,0.6838290104005667,0.1991443913494585
-0.6223119370757982,-0.8004327512461261,0.1119419780935767,1.054940213003734,0.34596537789522086
-1.5199748409384533,-1.739668607825827,-0.445689079588291,-0.25597077872313667,0.179015700021277
0.46506547960510425,0.3738963945126677,-1.428118050683693,-0.3089897845319022,1.2280976290754853
-1.1151638317168397,-0.6849030784506588,-0.7536767249137487,0.1366475581383934,-0.7938830747930237
-0.5266476969436233,-0.7684260957541097,0.40351230132259924,-0.29781907866041835,-0.12436242941015291
0.3065793282253391,0.5045203850152888,-0.12153981211579445,0.6231019731103126,-0.5826260924850143
0.7105110630318399,-0.0445747890472156,0.30811446326918085,-1.6909515746484052,-0.24735376843022144
-0.02580132744797954,1.1104679347875472,-0.12978771012770327,1.4526734777158796,-1.1865031943624704
1.7659454403156551,-0.20890915583379555,0.10783303193013122,0.33818430386434406,-0.9999410923543751
0.2310603031923782,3.0640921759799737,-0.15744626903317058,-0.37724639688158434,-1.551470809172643
0.17242123436537957,1.9802678284972017,-0.2904187371479883,0.5479883873651206,0.3106237254331199
