-1.507844319199743,-1.0336417987295423
-0.8283823538028101,0.7287835844790082
0.7521446773722109,-0.4034688311555618
-1.4012781044799478,-1.6352691212383481
1.2030876567274937,0.553077300956898
-0.2817426050492564,0.7204100409768248
-0.06005531697308554,-0.18253227434796207
-1.5830105519444968,0.23429855101446082
-0.4434081525521374,0.2791094895459618
0.5359348901138962,0.45720274253288007
0.5806469983071341,0.07809714083534634
-0.8142142431209883,-0.470958700462268
0.10562135040709991,-0.9658517895881519
-0.15793222140562146,0.2083690685077025
1.176562160172747,-0.3928295753096261
-0.9358587693018572,-1.1057877871450241
-0.3093168576742717,0.4920583628513407
1.6191600845722187,1.067816899696162
0.45138635124672344,-1.3109665917092665
-1.051085447062768,-0.9876030113880653
-1.046293514831258,1.0161065473295041
-1.3427646905869084,-0.7291585490119943
-1.201793827252258,0.7125651577502742
0.6659276991583402,-1.8145880694059926
-1.0522436763693197,0.7600345488782771
0.13186018766371876,0.18548933762314895
1.7481769281980175,0.542266847083738
0.7309800335571313,-0.03319610387365812
-0.8783455697640539,0.38011044799952454
-1.4543671773680482,-0.20960151053268372
-0.5050605720947378,-0.15042461195577997
0.14618526215387384,0.8963946481489437
1.7709556829944129,0.7935052296872028
2.894535490338881,2.311097492258008
0.4213751829383446,0.2844605561414793
-0.4737772460160579,-2.021625776457235
-0.3334470112950503,1.1429240081157201
-0.11321492744433757,0.10677909769026663
0.77776170463821,0.8242997791836358
0.3760468688250527,1.3414506302935802
0.46313148477876914,-1.2174941481664006
-1.0821842027608912,0.47855285757165245
1.1848680147562332,0.22890599091834507
1.6508738492728372,0.3611161470822308
0.2690428712511725,-0.22529304612953663
2.241929209485467,-1.0958358870734015
-1.0447283955866278,0.31550607133646236
0.027998148909817364,0.99414983264139
-0.34996495157984747,-1.1918841306462449
-2.0689212219157804,1.8328366841508053
0.9620066759616773,-0.4080004423619018
-0.8693018596794471,-0.583219461660022
1.8314263647036748,1.3802352251926722
0.9201720243486604,0.5712904900381884
0.6476615885617438,-1.518207334726972
1.0703834327619035,0.3947743631485155
0.7636176690389046,-1.6247217856958323
-1.055976480850944,-0.36577027615323066
-1.1162585982670485,-0.8833246463128209
-0.5102955299700528,1.2790225876981505
-0.16948228495979178,-0.3614993257181144
-1.3779220522642062,-2.353658627869892
1.7433684045858784,-0.3061357245714468
-2.0593743488739364,0.4772026143873306
-0.1952274203488994,-0.2491743174431866
1.5093038986743377,-0.028058873008429817
-2.114407488811277,-1.463061985267693
0.933667314052679,1.0883580779791733
1.4492648578827654,-1.274912237940302
-1.427694380009426,2.2554300079246263
0.2388358504742027,0.13556586673753965
0.25457004805435296,-0.30171625209831143
0.04260363818334473,-0.5290802271380542
0.02102555684919728,-1.2521556750057907
-0.14361716366451768,1.0096273038996475
-0.20669198270683645,0.4731146742674331
-1.4097357168282871,-0.6242330616635883
0.6809111660238242,0.5872106050556583
1.1502552645031312,0.08441189586193024
-0.23527946881965922,0.14682431581835434
-0.018857551730229346,1.2779808621621893
0.7745091409523754,1.971310432752494
1.626709469726742,2.864706456569616
-0.3032210915078435,-1.0028799537404274
0.6120491706168721,-0.19324617459392165
-1.4116476203391524,0.5356885979215875
-1.8319607185668854,-0.4429523086082188
0.7562188018584265,-1.1170784282059338
-1.2464277861757247,-0.10053862876112288
-0.101881788313331,-0.5826662614822183
0.38151000739785057,1.2316569646240103
-1.2336886752919318,-0.35940038440155836
-0.9993372487277047,0.34346627716423567
0.05742624339765831,-0.2835398179966343
2.134852646838367,-1.0484979613412486
-0.1817271892539979,-0.18357084932458656
1.6621642042142095,0.9691331468271495
0.00875567446536248,1.1280817029507257
-0.32779947244284685,0.7637014005270252
1.7154171400245684,0.5827909783089888
0.3447884952085112,-1.4915732259599297
0.17331632981260572,-0.37404295386029457
0.34511657478946695,0.39375909469161097
0.7699051023991662,0.8911791692456476
-0.19442473142413036,0.07902149388060918
0.4332102126258396,0.3116111436981311
-0.3286777357711825,0.9310275857725757
0.030011433806406997,-2.01509590591434
0.39117052022032456,0.1423301303702023
-0.30522354393385864,-1.6643460651542579
-0.4906170413184616,-1.186585276187707
0.2979218270115387,0.9382749052973236
0.3950975901456353,-0.8939221221292303
-0.11622643462406307,2.0621909447934876
0.82509596085124,0.917819547279167
-2.645820285242584,-1.5349191723453468
-0.12855376394057075,0.477554537908807
-1.4099540726045379,1.3433164080898343
-0.4972925847727663,-0.539286329789608
-0.5727319102783696,0.3363114569240794
-2.0784883848676348,-0.9735374967454897
1.1009476373418725,-0.14129066024518647
-0.4122271007887019,2.5439436813795115
-0.8151247913606822,-0.4811402954741864
-0.9499411327478613,0.8529832914621109
-0.2846887314360551,-0.023183244561970327
-1.0628153243840737,-0.11985980404330447
-0.40410190220785897,0.0432005127276495
0.199405453079252,-0.024071410558684943
-0.7121672769316506,0.1019380209606592
-1.438786874696264,-0.8975281554075012
0.9490665180938321,-1.8569387095657603
-1.4771352862174192,0.69978620150121
-1.4313450041783675,-1.9314681620444618
0.6548942859518265,0.09096525675766186
0.74500209311395,-0.17201111693902768
2.069685133682749,-0.07888609114431169
0.03299385336029291,1.173619993432285
-1.6562995849294466,-0.1398810996604009
0.14687847405626964,-0.9650359569082665
-0.4074901061537635,0.12482559808357499
-0.2280837623973814,-0.8584947969905483
1.5492352175217436,0.8536865071963624
1.6897955790847452,0.5233350370691137
-0.8689582229304609,2.189274243928942
0.26631121707516525,0.37133248284704906
1.2734637904190813,0.2715505144547053
-0.004526855587530745,1.4385585285120754
-0.4426442836410263,-0.18405718788248587
-1.0823696059309713,1.3440959885042787
0.6173298369990445,-0.1526631597128641
0.6147863826684197,-0.7580247468019201
-0.25797104197462,0.13692376073324164
-1.8287517578262082,0.5306916313656178
0.12146982505899503,1.5508574923419416
2.3945175298893346,1.0433100924197998
-0.7890151670623256,-0.9160805294480248
0.6055245278749174,-1.5862553347687156
-0.20832710144032618,-0.04348174319216773
1.3540541337296166,-0.27280205347157666
0.795606133762108,0.6273901329576673
0.3228536670709234,-0.4805576961225779
-0.5107956650469033,2.7594807053358603
0.517738272601697,0.8489823391501383
0.21690140401736144,-1.1509243104021827
1.0342071870934104,0.020544979283122565
0.9272891744498866,0.8505075675087279
-1.0386887808880128,-0.4971301364640535
0.4361113665026576,-0.08023505889558874
-0.09577442959714418,0.09678123383426356
-0.46732460505636547,-0.09684007015363731
0.3072845947791365,0.8716528994484705
1.600607597796821,1.2499823384003457
1.0697339836355355,-0.44546824654506545
-0.9096001597253199,-0.7534815500273727
-1.747580750519589,-1.2950038009525067
-1.0847547714689783,-1.2805221926790973
-1.186297785015,0.391407296879162
-0.37594365874230545,-0.20569509035667893
0.15746361505422993,0.5517117774272553
0.5970931438855712,2.163214906962721
-1.7952292130783603,-0.4050587806434814
0.057749893955666515,1.2978299424165336
1.7020905861761577,0.4155478893197399
-0.3274002021968317,-1.8785267254440565
-2.5748735003473393,-0.9253542426179311
1.5185347495077122,1.3588393067855618
0.11326258819004824,-1.248578149261995
1.4032594518295485,-0.5467542074164997
-0.7843751210352491,-0.7511621315060105
-0.7285567486839714,0.16492307916551707
1.7969956959420106,-0.33242366046864863
-1.3080094136201654,0.5959538441767789
0.37959218080580365,-1.567478851403457
-0.2123789227249941,0.6456004860544741
-0.15078305117005786,-0.27349708235789255
1.1679269057420099,0.6502310058106298
-0.15437547731137688,0.20128298568187095
-0.9993686018569942,-0.1291655861748365
0.05404160749965654,-1.8424817424558972
