-1.423438364880337,-1.3704840118602268
0.15887136660655155,1.0999503785864753
1.0154993550784253,-1.7147076011820588
0.3164163643207329,-0.052273533855354944
-2.0599346004147643,0.8197152638136658
0.5777785663777535,1.1575717319809955
2.072781759983847,-0.29376679294453206
-0.41796582539225247,-2.5036388417367395
0.15806117136272615,0.05509825505363106
-1.5783625412988849,2.9210578482224263
1.529077517727578,1.335739038498939
-0.5366142964028795,0.29905926168343755
-0.05670123868171049,0.5415925191693207
-1.252527979523065,-0.034004265023578534
-1.3374606079144176,-0.18485597722478414
-1.1171151630324019,-0.8289552095763225
0.2918877678851475,-0.0311468176976353
0.9381137757432256,0.09137403971642556
0.5036482765284745,-0.39498373566600115
0.5848279887017664,-0.6636134059599722
-0.03566989953055999,1.9379978599236374
1.152088668223914,0.23877442392695084
-1.5412760760455533,-0.414380022576386
-0.9392941031780105,0.7068969955008126
0.8779191938902089,0.9337141260467975
-0.7931268447839301,-0.569412527798754
-0.3189084450636102,-1.280524995923271
-1.164338696778976,-0.33652729723081287
0.7288516060460715,-0.4719206128105004
0.3135037118035452,-0.2485656648015504
-0.7949728535816127,1.394676377018867
-1.60588618020389,-0.7687968849699537
2.249988656307569,-0.3604267644661034
-1.3909782325972668,0.9539331247092653
-0.890148313962197,0.238265195747653
-0.2423232173515874,-0.6736813652368857
0.15329826064026914,-0.9893270980207461
-1.1259422735334188,1.0147987558294596
-1.8969526102633072,-1.2380621345346337
-2.5129084550221665,1.2854528126652296
-0.6854555957966099,-0.7273382230944443
-0.11953760069008403,0.25921147784716614
-1.2749854948489037,0.5786350731701458
0.1693236317361857,-0.429137425040241
-2.4194680725320423,0.6931887952565354
0.8655328511984179,0.35332859676157885
0.6619296275363017,0.9017992447957665
0.43978835895861806,-0.2431371762943376
0.6269255828939712,2.0912530448210793
-0.6604462991259149,1.0837808708393768
-0.762684083063337,0.039236438813873536
-1.2203995757901251,0.16332359867024188
0.14895609499880327,-0.8812751006623586
0.5356768795272115,-1.088941632270572
-2.0365285905828765,2.232517049501499
0.11943897770045565,-0.38745246381000864
0.4267876954630398,0.20277655746378156
-0.0544315776114353,-0.36443103419824835
-0.5582694050707611,-0.3569429499802627
0.7279694149780422,0.4863495745644727
1.2962675784920639,-0.8797482856565191
-0.7150177699551218,0.808537086930482
-2.5458222399685178,-1.5580858012587029
-0.2458506603345093,-0.9465665424898759
0.7945289515960866,-0.31559387991596144
1.013653078208546,-2.042222670504335
-1.341101957728915,-0.5314829483103634
-2.433666836517984,-0.8115282156187033
-0.05422783150862912,-0.19177999270553528
-1.8636541411525855,-0.39398471832242904
0.3498101120990784,-0.3372381211283387
0.15536796949187193,0.2291713876404066
-1.3876824664137453,-1.6637265634619205
2.732824947033865,-1.566176463120459
0.6783007342671671,-1.3394796064839576
-1.1069928036134349,2.2960127886129515
1.883756184088924,-0.025246128316266013
0.7964312934908967,-1.4131576994977233
-1.062592553629616,0.16552889589447922
0.33088006491089156,1.3528497291765849
-0.04875355145331696,0.9678452980688248
1.2428377013754084,-0.5664184134304393
-0.0626235975398282,0.42822831850168164
-0.8330045009365699,-0.15629850163143125
0.12670124238802744,1.0912878978979856
2.1042885543463745,0.8822613513941165
0.03262479834676758,-0.4151714002839104
-0.25994503030675814,-1.5965498803812994
0.9350838848066849,-0.026633607753411195
0.8175232001028124,-0.3924837494402225
0.2952924681896529,0.9512789435926545
-0.248318186660086,0.19234281963066518
0.7349040857607582,0.28788995562874575
0.5512489519326587,0.4831433337094847
-0.38047393252199996,-0.7516353308895264
-0.07575512995528086,0.2167209593586889
0.36697392386903294,-0.5204120309672146
0.15504010892206813,2.2156588717202017
0.6323604029655538,0.2937259475292012
1.9698368508211148,-0.19119335266346366
1.490411455183152,0.6585940291074996
-0.11574744963018008,2.9330386030032822
-0.5903049912690397,-0.6923037765497838
0.474416578332512,-0.8294178257399407
1.1404038717655975,0.301770262556422
-0.05716481128943446,1.3555772829603032
1.5496159558077653,1.309725073065427
0.829513050251332,0.8909650298963765
-1.71446321033689,-0.06851947343686952
0.4185833663051884,0.07747241558227123
0.42724190804076295,0.41099812686459103
0.713646280771137,-0.6228457324548582
-0.19401748426640297,-0.3081349192283137
0.21200017136092528,-0.27817067733833967
-0.6746120410661037,0.4629674371533174
-0.005304219561624847,2.5485042356665173
0.2768698798307053,-1.4534370945236434
0.2861758900038168,-0.4383782602982023
-0.5248663342094751,-1.1630218440713485
-1.1803027220617324,0.10797784347446984
-2.1982499097239385,0.7834914153812248
0.25195996244855706,1.5812134098594222
1.7453074848584798,1.3353929142460599
0.4810900233725906,1.9600508385204105
-0.9843541401700686,0.21760449153474803
0.858144371507883,-0.22138345797045555
0.38694833542707724,-0.07877527726978512
0.7340259438945331,-0.11236694574109363
0.0023909078375557195,0.5401123829788389
-0.2510930382967235,-0.3301565145645849
-1.4070343102479552,0.061112811649120344
-0.9594094609337649,-0.6612028752258989
-0.8399050539013484,-2.2950794668168175
1.5324059236279732,-0.12859415405057648
1.5345463991308943,0.34816196330991156
1.8242223485604379,-1.2492850736744516
-1.1342493911386906,0.7416456938046726
-0.3096327160376224,1.194648666972715
-0.4790624143069231,0.7199886859850819
-1.1543001311553192,-0.6877282269598368
-1.6196236820943017,1.6676125970510614
1.273764475314084,-0.16785089272088985
0.29927209731196946,-1.1015699029938253
-0.4443091615630622,-0.0011298726218452791
-0.26107004511224013,0.025665768404993072
0.07072939376645287,-1.1558352980499746
-0.3079122604750218,-0.5452096975542251
-1.2412097780682145,-1.0337559760905477
1.185751295738641,1.154218617800424
-0.6069340406590801,0.9006699368379585
0.09398538017490034,0.7743698447047198
2.3091043096031956,-0.42193902100480474
-0.6985736173349759,0.8478793344480618
-1.0526034110482345,1.5311737741724185
0.44002680420260576,-0.29799212176299184
-1.3991215957415857,-0.29355062374156393
0.30457577762178634,0.1328856914527624
0.6654739519191956,-0.17367408788362326
0.25701882921385605,0.17542329967084874
0.13906138596936699,-2.108166802183266
0.4670133316767396,1.0672572189225686
0.03806147150726827,0.1588232753008598
-0.09384012877836223,-0.8593252880307525
0.1502194538898875,1.1576486122638208
1.1705176337005965,-0.3634722141056893
-0.7603399995274995,-0.9965589007591271
0.3006802530162741,-0.22179027707138077
1.7132799247778787,-1.188913517730985
0.7585868571372971,0.538459054173433
0.5809075891349305,0.1351807078742659
0.41340012880211763,-0.13140269357988152
1.5601847397092912,0.07648572025126277
1.5475532935743999,-1.1398121070940135
0.09928343412154689,0.5197809684942837
0.6703072239616683,1.8224023150881405
1.0093074331954595,1.1535079686722463
-1.203132228745167,0.9480500003234296
-2.3020413852102846,2.269932486606531
0.513331073062841,-0.4115708872517988
1.2180964142863873,0.8003750131901811
-0.10221985942542094,-0.5759352327801849
-0.958368640602683,-1.600674767435687
-0.13226570025650075,0.17902576495723965
0.5677200153072836,-0.26732691399991754
-0.024993613840755706,1.796797700984697
0.3256611248492057,0.06674970793241582
-0.23010732759590136,0.4719682088102108
0.25090064257052863,-0.3040750919150857
1.8650151055737192,-2.0975126189703697
-1.2353545201324276,-0.1637923440143851
-1.320799075829321,-0.9796534754725579
-2.3933155851524974,0.09870934272256263
0.41903055834388764,-1.0792823062096393
1.7217738646283585,0.931972743773663
-0.8638831688658979,-0.4145346901456758
-2.3633835131574363,0.3792422631411011
-2.4063785600694323,-0.2091227607679013
-0.572140116100983,0.11598642653742902
-1.2460885071717038,-0.7978927321520243
0.252535485191664,-0.7993551172775818
