6.280949122930453,10.148402582751437
-14.717933713171188,-8.536588885116291
0.34450377397549037,6.679661010978936
-2.8573641661832436,8.32823337526478
-2.0192383898809902,-8.443489476279872
4.185143799401643,-20.130061060598166
-13.73691007073035,-3.35970574495203
0.9417420320925469,10.129818792560553
0.3155176735113008,9.41145748977291
-6.926896147976288,-5.708528127252762
5.243181735544976,-11.19752836746509
4.221167706499349,-14.27857384909944
2.6844029525571225,2.380195212147888
-8.429680840116461,-1.74017156590783
-10.346770871239062,-0.15659148385317767
9.581115838672865,-16.11017015815032
-11.402123840672811,11.889149047019394
4.985982338771772,-12.518959625978376
-14.608458885160285,-6.345276880744537
-14.810712069971986,6.382577435898019
-10.958056887745926,-20.693130196624352
-0.3115333239308189,1.5969407504333755
-0.2202315365584615,6.229023342033648
8.45717329936112,-1.2300820487606319
7.466874885631222,10.883331134833211
0.2595406942644969,-3.555147613041163
8.062755248302778,-5.643615972805094
2.637661501182004,20.518365721928124
-1.1855867757704253,-8.891666079043782
13.720845553398684,30.91254164540679
-13.917863612120588,-13.317680347126604
-8.287964399763629,12.115712590920374
-17.473649770105727,-7.280471629097082
-17.154996340642484,-12.074620724042202
-16.194944861478568,-3.9338241724103367
-9.433926732093159,12.235495140836582
-8.877784428267805,2.239851828225624
-14.411857329508752,7.001186523800861
0.4133159540526439,-10.889133087020475
-9.168029572336094,2.858097044277437
5.043582810496597,12.46999587508714
17.289689767199526,6.76890005687625
8.176403728285244,-3.954562340853977
-15.704123995549962,-19.826208623895706
4.5915617095734795,-14.241204467034304
-5.427092042923395,17.896430813021617
-6.868080452636742,-12.812929593182822
-1.7233988611022468,-1.4493311030598166
8.776945221488893,-3.710381429030141
-5.712871674783193,-9.518082273696443
-0.20746729100378403,2.50343197911695
19.123511191658935,-1.0030055374990723
-7.601487713229654,-14.153652848594973
2.4975811900193965,7.091247368834479
13.700111360176873,-1.9972922672347586
-1.1474330242272046,3.253579266259088
20.964200707940215,12.381801655663633
-0.9924187586682596,4.206328728903066
-16.479294590586846,2.0714400477679416
-10.59780930400254,1.6510723314711415
-9.435257932978525,-2.9320912644473642
16.779656217590347,5.679864329998834
1.040354257961428,-1.9222814828965915
10.549653522681318,16.28608558675066
-10.923576299491895,-16.8650374131983
-4.673780457444533,11.306576048016124
-2.555490351160092,10.66284738567224
6.2534943920317145,13.069818423718221
-0.8668572980948022,1.7520955098921185
2.0690350662830284,2.5028481254840966
-5.594000310602002,21.867495032640193
-12.436732490818022,-5.853822030423871
-17.09872126805326,3.9360637590501897
-6.7957044251627785,18.217706337022342
5.818870897039566,9.70759335797888
-17.014405661814195,-2.1087193775833795
-6.53627044106652,-1.3400491804263734
5.437143722313071,9.401717426869439
4.529685663600088,-19.1066361457386
-1.1656188988520566,-16.517828891428618
-7.249176655526735,13.685503981590783
12.034251489143927,-8.347622104573743
12.009133850120346,-10.439818904982566
-3.108929698270681,12.084505516273566
1.6685814816567417,-0.8607874022641335
9.351801360088245,9.330748733286267
-7.346162070606785,2.0256112191588693
16.34485069612689,-11.376201221104157
-2.7573523699546696,17.50076364872237
4.088647071498102,-10.25772099801392
0.4715914732897257,3.2128202586446575
-7.382720100693422,7.523654459281167
-12.787628586108996,-4.380013314656848
6.697406580202977,7.136313477918268
11.52585899504592,-13.217370767925843
-5.70660438420578,12.524754267194455
-4.455387820124871,-1.7430128653426626
-11.540728108383483,-13.52364746878169
-5.0967666567830925,0.4415991997676114
-7.626310664018236,1.429872969899398
