-0.11206853514976924,-1.499584564079588
-2.114425332372874,1.331238552846005
0.813165494457157,-0.6801712548345926
-0.2979920545287839,-1.3371239974435467
-2.641580095212566,-0.6532867262510632
-0.7300926994820833,0.41856528465202203
-1.4790376163008705,2.3308483796840833
0.20039618393341593,0.42300661062500533
0.025894334259331714,-1.1298690756634566
0.909747219455277,-1.0671229716132724
-0.595420952028775,0.2465399859989744
0.3426504663846322,1.4053992952278025
-0.8939866345857647,-0.6221092687649132
-1.3953884000246026,0.8709818913947932
-0.6333018254079851,-0.5534529071980293
-0.4128016115702578,-0.2206464966231843
-0.8852472678649852,-0.26115250370546184
1.4370966632174125,0.913872633630355
1.3987726003270107,-0.5429234218148675
0.22253530268348132,1.3706936268332233
0.945212652567666,-0.15435125255836174
-0.12161296315640241,0.16745569886953693
0.31734272827867555,-1.5761163066408597
-1.2057863501302266,0.32053119229058147
0.5510864010429485,1.5959729911507679
0.4738204036823196,-0.2513907761110215
-1.1720103132895228,1.2167262757440067
0.046272419282018945,0.8449730643944131
0.6031057417020774,0.4385133007100861
0.6575950517176797,1.1139642068902629
-0.7123658893507829,0.8062038635819011
-0.7399352516889611,-1.0093957268994274
0.4719636213139463,-0.2911737250258163
0.26882883941654273,-1.3517973179017142
-0.28960813747917497,-0.5392742658716723
-0.33793952604284466,-0.30490246817786304
0.7939327808381701,1.3217374173545073
-0.10994205192615693,0.4501042272520851
-0.7871595516077764,-1.2187448909347582
0.6643436846169594,0.21828265961245927
1.534057645235367,-0.20927406289622386
1.0465797461604012,-0.2548030587049882
0.41937483137148246,0.7342410844533706
-1.5600826138229227,2.7806888117361543
0.6857820368975236,0.31332459543861935
-1.4822930772290221,0.351325436696474
-0.6287556224118735,0.07460911943752682
-1.3319706071709134,1.4250382581570402
-0.4142669048709528,2.228395530088761
-0.603251209791855,1.0123958567787796
0.23634063957396195,0.6810780258426055
0.7262567550506418,1.047433295546463
-1.49961412056008,-0.6648365910856544
-0.4684227854110582,1.0262270963810214
-0.36717488453772923,-0.4043567367490431
-9.459626455175568e-05,0.2532964345045867
-0.06070163083741813,-1.1344299021860702
1.6124107236118153,-0.20646276215363546
-1.5134945499587502,-1.1482187466333746
0.19607725242523566,-1.6217122259614885
-1.3379549919163334,0.4985887827923802
-0.3008304117562609,-0.6658893368780332
0.37042137802130237,-0.13045799383971457
-1.0736380207173122,0.08009353052642712
-1.406252776058157,2.0499573126235986
0.616149782301134,1.1021581943124164
-0.24790033639137243,0.8747050850587305
1.1408203457511603,-1.6122547592158405
-0.9010723039071823,0.534871269784258
-0.812136354425543,1.191108721231148
1.0405202933349091,0.9140193019007623
0.579773967043068,-0.021561495349495998
-0.8521681033513759,-0.7245155312357427
0.5096936132427501,1.9049326051532514
-1.5743660746681647,0.27242991508036757
0.46519730753719224,0.7801879313464439
-1.9632922777890425,-1.623680439094042
0.7820629103712514,-1.2944319560393358
-2.106425386858105,0.40828823370291173
1.1714185765217822,-1.4270721201495478
0.029497247696323968,0.022451408926301007
0.5757927080165445,-0.16058913621199836
-1.3164337086144156,1.0671419823458264
0.09808661674101636,0.45871545552565995
0.022471539644179462,-1.5036875417641593
-0.32739540272119744,-1.3075249620176062
-0.769867656013935,-0.859755498917133
0.8137118595859233,0.481339929882329
0.0659254900972048,0.1793563422218538
-0.2063827355370185,-0.5673773750438584
0.012326832464029045,-0.8500386417381279
1.1256911630580717,-0.7606123756256434
2.240211499715226,-0.22137877379210805
0.13357532731851973,-1.1945576745464563
0.6880751353870458,-0.07840629777354811
1.4721955899757737,-1.752587605557229
-0.09769259057471198,0.4949534593066758
-0.35868038535979596,0.016962682582003355
-0.025303509014567786,-1.1002049534816774
-1.8498120105479117,-2.369004882247205
-0.7379556545168591,-1.85820033957868
-2.2045199348379696,-1.941394921631673
-0.04763109965954356,1.1620735910444904
0.7661678455582285,0.36095907018059054
0.6366635120158861,1.1501403222493385
-0.39525161878955495,-0.6590433618664281
-1.9529323700076722,-1.1725731101118368
-0.7367078073620349,0.6978852473916438
-0.32329286135320795,-0.02488502540866621
0.5735273574297024,1.3474892025050687
-0.47116116970285393,1.6326119983492584
-1.1426708298065982,-1.3715577144474917
-0.815037659326579,0.5725572158088789
0.21889731200595247,-0.5424008176523019
-0.1014207644752061,1.1872615073790758
0.8563324082904974,0.545341951968721
-1.265111509042855,-0.8948964125359145
-0.23004728831685134,0.14357881441416165
-1.5666787799881894,0.6596143318293392
0.33347324311396126,0.433346467264107
-1.3286957797175853,-1.3410829235970136
0.23971800708864516,0.3766456492936292
0.31506003606363153,0.08599475632548761
-1.002866527738168,0.456434867337142
0.016949291437437407,-0.17463053935155134
0.881775343528053,1.0260221834922583
-0.7646617455777819,0.24990696344397048
2.5756185956994004,-0.010711274565929225
-0.9272405350241072,-1.1490498532228768
0.9495124913320243,-0.7986707810895858
-1.0505836657958085,1.8700478062246075
-0.10033647743923033,0.42048863271100806
-2.186878025197464,0.5266584645459109
0.024280553941060976,-0.3776294627391861
-0.6580706059617063,0.75816402192444
1.2063877330974493,0.4630695614575684
-0.2966645198360667,1.0903160559911496
-0.05773860639905907,0.08052770144797872
-1.0239347367046947,0.5046636813054654
1.105474825600472,1.019489697033889
0.9044433509336538,-0.08033053400100996
0.18019745464972625,0.18303063289899618
-0.3023382135355011,1.0255578138025987
-1.4607366643462225,-0.838197068268498
-0.6772216100129343,-3.66854029898771
-0.4234005793973731,-0.12763061126458952
0.9293841617017252,-0.09861836765125519
2.617810854264689,-1.4748345563858547
0.38031838296486314,-0.5659231593502672
0.2680732778402985,-1.908795676863453
0.6839689246999211,0.4179137628733794
0.7693480668585684,-1.4842004356902856
-0.4036327410712136,-0.16956901246602601
-1.6126111462476813,1.386362377857379
1.1053885073580203,-0.5509356586650979
-1.507411529171495,-0.2238663360781604
-0.6045053571771126,-0.26154540736485116
0.18893662766737554,-2.081700291196769
-0.050044389550424784,0.371832727539379
0.5783994972227912,0.3988377873763595
-0.21893049191693761,0.23503676099635992
-1.0303782138383941,-2.1004818465863972
0.1203964084291241,-0.979967775963143
-1.095491546800806,-0.6689677356291661
0.998479899698126,-0.26104561748678173
-0.2983230027624159,-1.1641300672457524
1.1829611909297117,0.25686826592690326
-0.08302100293182345,-0.35829064361115187
1.0394989936477563,-0.931030480201294
-0.11635750198021225,-0.23416623917100987
-0.5198084293399182,1.1019305788581677
0.2094355686087501,-1.149270835754353
0.7909208246737661,0.06055395859041438
0.46762734282337215,1.0620676299057739
0.6540150070756747,-0.7632618309849855
0.2652916794305456,1.017284094896525
-0.26447422555804684,-1.5719930787378869
0.5598014424733132,-1.5115147979461487
1.042355970667802,-1.544501347148768
0.4767176148705977,0.7921723209020788
0.13776242520813342,1.233706593236268
1.1549763057694216,0.5249967043208522
0.5612722878210897,1.344341000193814
0.42220645619565833,0.1925467222578258
0.7506846627218304,0.5340480125763631
0.8272538997964342,1.754074342387094
1.66774600688915,0.4543483013522786
1.0961573361849493,-2.086206295464316
1.3294498031206765,-0.9800697225542847
-0.389282047275322,0.8180372325600981
-1.1942617756349483,0.8689052284613789
0.3003712077966913,-1.0283489769440792
0.36981663909113566,-1.0320344464038513
-0.013848161831932977,0.07333315501741645
0.35709688474104173,0.3289710487872491
1.018088097831324,-0.22386799364853613
0.6582099874218328,-1.851540427932457
0.5064284765366454,1.2753818425622852
-0.04295703113380816,-0.9005620697256206
-0.8848208890214594,-1.8360075693103823
