-5.275345543145492,12.157091984389213
4.465277679842753,0.7858825034087714
-3.233116517997318,-0.9523614160392269
-0.765333921141526,6.108894954446804
-5.451123413703358,2.776483341555049
-4.762186900479383,-2.0420446136204027
6.250618654125544,-1.4519189736785827
1.7805094058066269,-2.107458217871678
11.718209044361634,0.9310025590723681
4.321750217984549,2.401739640463293
-0.12546205954708012,-1.1399941163939236
-2.389534608333061,8.939433188076833
2.325721862626859,4.891712813093736
0.9799549951207963,1.1785030262102234
12.642627824643707,-1.6936769644994878
-1.5955201304875577,7.278062873750993
5.428506681902127,3.4103665504509517
3.765276611373613,-1.4975818438710102
0.7540380840300709,-0.7048443796083461
-0.6387325091347409,0.08093664941014167
6.945076232140459,-2.3929000221025807
9.977392747401822,2.549944670571799
-3.341116559728915,0.763350059922467
-0.6924893160985133,0.24182693853925963
-4.203823628022788,5.774593113444539
0.5876149248706797,-0.43088875948583016
-6.1654443063883875,4.84510542399182
11.555526214165662,1.1165417763146819
3.149774258934391,0.7842429768075856
0.058200244738007445,-5.394651122716502
-11.414727156045451,0.20136349416040455
2.1106075134515017,-0.8152128542324806
-0.24114766326902148,15.191207991781416
-2.7613974807227932,-3.4200161533788798
4.363173056744197,1.534928298757739
0.5931636018441822,-0.8989698160478226
-2.6904849152427177,-6.232390843037156
5.761895541604925,-8.180092158427096
4.9491370435762345,2.155935047590954
-5.300906503533882,-0.9201611710990816
-2.6292329802855905,3.340789438984832
5.3645152158274625,4.308297225490442
-0.7720176205273621,3.49488135800512
2.929892395219279,-6.364754663704013
-6.142897222453777,0.7118696184719115
-3.798991231518362,-1.3762081381438334
8.990909208465485,4.719672201394118
-4.2177398412830645,8.139064996379929
-0.17028134248889115,1.1972028313054668
-7.258762524188033,2.5126123972643315
2.6088898498520856,-5.587751340606084
-9.495687836389282,2.5800788863186
-1.7343603495892208,12.733168585729688
6.160063914526535,-4.417882536199285
-2.9542615249995823,4.2520724115898645
-9.800443662271249,4.975550881305416
-6.804954923123148,-1.666318518181749
6.3680446433371545,1.8110346061449383
2.648724794515753,8.52586713923128
6.108711989115828,-0.8044753819447408
-1.2115035746562461,-1.9297483029871443
-0.12458108985775407,1.4512778596048297
-1.4512893515079774,6.265886270778864
-5.929942517476901,4.705601245516068
-5.126125486661756,1.454653087281343
-4.260709470464159,2.5344738017858512
3.32801570089059,-1.0575105183484506
-2.0699432949395375,3.509964309833876
-1.0942596655464025,3.0996616397411976
-2.289221649847774,-1.3241904330865997
-1.738687608466667,4.367323837873166
-6.0484633025149535,6.623569560209635
4.859361841068587,-1.3913389132934717
0.4606703080970178,4.71654725769526
-1.2261759810888009,-4.310941843354458
3.1037918847123893,2.034100160507373
-2.6102036257810743,1.5512015118265188
-1.950929028336502,-1.0539734053910959
4.980371418292031,0.48566902538395995
-4.561515034622472,8.127335129527404
-4.242504526870607,-6.7395161598255555
-5.642852716379764,1.2372940391291598
0.18472573577986195,3.5226385030195657
3.6030324086388923,-1.5604215144232785
-1.713513123027504,2.4183851262099316
-4.032850718010868,7.1837074678462995
2.9423410189678894,-7.415123994410822
-7.341372674193812,8.733825148835187
2.830839847599931,-1.4813241606308476
-6.8250339576551315,13.372190896648
2.9282484885631654,-0.19835030081086957
-2.9603237204879704,3.20150258134049
1.436886256983087,4.5472739605889565
4.20877824049405,2.4552586382899824
-8.317642380332625,1.3706545218358237
-6.407135923025254,9.919748884213233
9.059542664562457,1.5258321972046527
4.800900604000691,8.937922955334876
1.1297937989893128,3.4009809791439394
-6.691758426455855,0.19448260674714435
