0.4858672423383603,0.1421984334202002
0.21697177638822937,-0.22956120010452863
-1.2591763861567518,-0.4441255110104562
0.07781268620344584,-1.026519214301289
0.6369319730560876,0.8103169836623705
-0.8393375803109605,-0.981141715359319
1.2422235977087246,-0.03323167441557355
0.34507872127294703,-1.2464101159070424
0.5751351846680672,-0.35419826325505965
0.9423403113593604,0.7777836113891452
0.7931800954129798,0.4526170039957135
-0.7857783105368698,0.5646731228975287
-1.2605451922378867,-0.7662717917916037
0.7307410963141828,-2.577649149097518
-1.5210297927909686,0.010909346600541218
2.024303687385495,0.6802676890112692
-0.36699418140495266,-1.1915753896493932
-0.9542956261194804,0.1103185561188734
-0.6792325533900558,0.5871523817139744
2.184310421204461,0.5885738350964139
-1.2627287220947643,-0.6553218087203175
0.2709055993970768,0.02238952619239315
-0.3683603762521991,-3.5294478584193945
1.3511999527456695,-0.6402173317218377
-0.016758943347203,-0.24840540204160785
-0.6630623859610819,0.2613679385751418
-0.42568310798566616,-0.7519384487031924
1.639258256685072,-0.24324919357189417
0.6460689540552987,0.10749132084882233
1.3204795977657486,-1.0097996868373897
0.690718298223606,1.1048374680259458
0.4252330421847398,0.06154717034923916
1.2029992971574683,1.1056778245996333
0.9557827869663726,-1.358121392337304
0.736467153383351,0.07211042194766548
1.3092588033270856,-2.87735103485686
-0.6610993112662948,0.013200657720321297
-0.4801262505957353,-1.5352952407671563
-0.27499164255306835,0.36835929559597835
-0.29064649966578365,0.28681254720860583
-1.6187553695751844,-0.13008470199595082
-0.7660338039816886,0.9567026588889711
-0.276401332703624,0.8419970205105743
-0.7364801064678064,-0.33139662447050855
0.1831203916780195,0.547234055216511
-0.3446066671942312,0.263338179185567
0.05755980196871052,-1.7808197050423196
0.41046231310443726,0.1835011444510632
-0.31248472413366035,1.088677450699194
1.6855982882123386,-3.3613850661382934
0.015582895312897374,0.5029546556979951
0.25658871901350094,1.3339760747572855
-0.7444439082392411,-0.8505189654246409
0.5589739269471513,0.6759943511704279
-0.7308548802653569,0.238764485551781
-1.301166680555109,-2.998513870587516
-0.11303714564282785,-0.7013964697618583
-0.6668356432316883,0.401632411152446
0.44387888838613154,0.48549791588067
0.022805910329642486,-0.7519036045832866
-1.4594243183702185,1.4319161424908526
-0.5308414168066582,1.6827754745721641
-0.6104764022171651,-0.5314946696826943
0.081709224846297,0.8435804120930163
-2.042304189322263,-0.1807998563450387
0.5524849319225045,1.7761813976939687
-0.24716235572497336,-0.5685907543191525
-1.002443791857005,0.4120898517024162
0.009620543813245125,0.6817319339571086
-0.4707228862145278,1.263822834398569
0.7437013645033033,-0.014481154485963852
0.16267222977897244,1.4244966226803677
-0.8698692989519308,-0.9982983210214424
0.009347955334477999,-0.7842921911663642
-0.4088434227632751,0.3091752967336812
1.631220149237435,-0.3318838129864234
-0.39099314111557226,0.7983006979223676
-0.8249495049849538,-0.8494619334688169
-1.1345006982299155,-0.5337819633454062
0.50862972336246,-0.02088760191716699
0.8608747153675151,-1.3398272352074276
-1.4663515567058865,-1.1455914668633818
0.6952099802724261,0.07483033753893051
0.6037847227808396,0.8301971595089997
-0.4409289883693836,0.3801046584444871
0.9174716533063844,0.12433325981232846
0.4179952565405945,0.8224222948888785
-0.27259234085697165,1.106910263172619
-0.05235581186028852,-0.9418674140053624
-1.0110326160541485,-0.40100094367181616
-0.15572579898534009,0.33474666619393684
1.4902384609209725,0.574307775692872
-0.7084898105078669,0.21311914769293738
0.595571908042353,0.15378500091367373
-0.9875200486477552,-0.15287711316344654
1.284668519646465,0.06581447756139285
0.42146688562041884,-0.3270957304589959
0.39879960562135885,0.07449001942272578
-0.34060948782149403,0.6716389772132028
1.980756065859541,-0.2877090488036178
-0.18205206815126826,-0.5149157773547687
-0.266194642459487,-0.6393659321140516
-1.0001579607294842,0.9242966009203566
0.6445646852425935,0.9543424925160243
-0.05808799356192836,-0.008389586346903313
-0.4402270745438011,-0.7881582834350451
1.1556973619983435,0.04473937126339003
-2.0642564102847665,-1.663842039842348
1.5108400566301148,-0.7204300273552217
1.7593994358618037,-0.7637999237011378
1.5628828179044885,-0.14704905913572414
-0.8204676230390829,-0.3287984530672492
-0.2518970804335236,-1.6786891123328898
-0.46256434042999545,-0.5229055244914173
0.2967947558088041,0.47155195354509566
-0.6248867229240347,1.0504526775575314
-0.6218680583642185,-0.35959966685360734
-0.6916369343555688,0.8212707969307338
-1.3286160702681435,-0.21231304187506575
0.2611985768292504,0.15376584657714787
1.5732170321722994,-0.31667430834671717
-0.05967643282151153,-0.055940983668423275
1.6196234763588853,0.20475891296399612
1.232792553744385,-0.30792330933775747
-1.946142472749342,0.029973303463196953
-0.7381473936157703,-0.48036958390361756
-0.5185398300092007,-0.9817093256719055
-2.3427672023740342,0.9086080353883841
0.5707677985449364,1.333333046930306
0.2617409503336318,-0.343343584222991
-0.1694134013562998,0.4590762243079895
1.3217274590598678,-0.3416375910597173
0.24972840111304628,0.8143096216292741
-1.4862127758199608,0.6079355005028265
-0.20625821378815026,1.0743727830819252
1.4659460705373664,-0.024039471929159863
1.0479338016357012,0.7975140815768484
0.8354780037443374,-1.7231219394282415
-0.47315125899966926,-1.04152478294987
-1.1637596616325836,0.19779769251964022
1.070874568550143,-1.3895971473210056
1.3468172981888826,-0.6012158672968417
0.46939665207128833,-0.19145779394471701
-1.473578896471809,1.523795717880251
1.9484352833277405,-0.20098937044670567
-1.058404555705265,0.6600358322568084
0.2036427620606861,1.4317687391451608
-0.5091171659266396,0.06584693250881059
0.07923089529676182,0.17277191111828416
-0.8383570387760517,0.520443210003335
-0.4438256941113117,-1.43811059490901
1.221998953810583,-1.9324428813498178
0.4610232632189585,1.5381928836645145
-0.8580088277608072,1.1995673514739564
-1.4739804753283905,-0.9126342904121684
-0.5932993566726453,0.30081694483508215
-1.1380038520220246,-0.13848398693406128
-1.1682978407865434,-1.487459726284124
-0.7147846699875403,1.130451867879022
0.4400807915851399,-0.6262627908956487
0.10342609069885508,-0.22224913425711743
1.1583143335385926,-0.9721811985752787
0.8012408237675044,0.07648303911693993
1.323606852074587,-0.1112794182077168
1.0286981957550556,-0.07449525248325967
0.6820106717838478,-1.5038167107965001
-1.3168195738463775,0.5547979861410388
2.1548549037538764,-0.7805921932065352
-1.8286680563320177,-0.09420159167195195
-0.5136686349574803,0.44463038378486386
-0.448184940628018,1.3638174562412766
0.10276834761784368,1.7862873922433573
1.34502494803039,-0.1552281842687804
0.7992130438825038,-0.043395204424007135
-0.19792443718591285,-0.3328485529522809
0.9520768551405873,-1.953624563836261
-2.0295627863189343,1.3697517562822143
0.027020096778856716,1.5856544257372047
-0.2974120251680429,-1.3864604442219577
0.6737441230399207,-0.7831227517908336
1.1886290318803623,-0.026688124784137297
-0.17412621040994278,-0.7729205829176439
1.179083501244522,-2.03939476150249
-0.8706635653847543,0.08003835813419566
0.570956752232076,-0.5416939727100878
-0.8414166525140272,-0.7408061703681313
0.2621835321152679,0.3585971299508724
-0.7080621640595244,-0.21498376006884884
-0.6394888290283655,-0.7418388207529342
-0.6108652040413656,0.3264096966799477
0.33844557087084526,0.8770250582970571
0.3495061913428768,-0.41665723401044646
-1.3522242052356062,-0.3536849546448718
-0.9640636906603476,-0.28836469578169993
0.9315453387025633,0.40137850466527
1.2078210086177095,-0.4943901993477959
-0.07098982964351012,-0.46963068870221575
-1.0270390215500114,-0.5986623637266256
0.8584150070086642,0.42817397985780153
0.11880277619402053,-0.9157988140367733
