0.3627576803732009,2.436589690095438,0.752738682866643,-0.9216279138120025,-0.31316015915948436
-0.8555263421866799,0.9501560432137102,0.8251352120896039,0.9011225899355159,1.413615629841943
-0.2817252933912632,-2.0421884180306016,-0.19940442430335473,0.38948818465771773,-2.1023368044537127
-0.9679395439683233,2.0787020444472057,0.9333646862580374,-1.388910127115981,-0.3203112539068415
-0.8050865259215375,0.8527805799842324,-2.155350549564013,0.22547343947130544,-0.639593766123355
-1.1900279065733903,0.8550863665895805,0.12241312887458594,0.3846382746228952,0.4560511686729636
1.193607238476594,0.25343670414396824,0.49846608637380546,-0.13346627942222478,1.0502729308238574
0.08668234955140486,-1.760889241813781,-1.072339943970581,1.2949835580660203,-0.530429320987417
-1.6429936109662122,1.4388469046360601,0.6487813868000034,-0.6308526280686347,0.9025048900160522
-0.682195882208216,0.28385421202576533,0.8235565987898318,0.0006458398082165536,1.9382060367724685
-0.6816586638720136,-0.6967337381249875,1.6213588134881765,-0.23974134676690914,0.11048949439924459
1.4955882268570977,-1.42826931969641,1.499931107877453,-0.15429730132809785,1.9146236053660313
-0.13800907611190003,0.7461297725128293,1.1128005196066502,-0.13021989422905975,-0.8756856471613009
1.1837450755556551,0.038960975332475105,0.5085742495605309,0.8549134345283784,0.0599954875248621
-1.2925666472723567,1.7786408298816505,0.981630977056546,-0.010936144143973588,1.6838732438080959
1.1729082756325049,1.5731712092349885,-1.8867081097117722,1.3848927707167369,-0.7419559473828594
0.4196708621666026,0.33839205237618053,0.34210982770383613,-0.9350067311335443,-0.3573808248601859
0.4985239686939391,0.7833790327385757,-0.9881031207572551,-0.04646718895141325,1.3087967265790683
0.7952323077606559,-0.7199058453057672,-0.7607156750396483,-0.030244312169951826,-0.503594132838491
-0.6014790656798836,-0.014742158810116642,0.4418587118997055,1.449036428194193,-1.2360689185193192
-0.0146421606932743,0.3289928227421437,1.3553889053060175,-0.0916672901582887,-0.5241846532943588
-1.5492817744053256,-0.06242398469782433,1.0558484949877691,2.173621050940524,0.15258281053896683
-0.4427564812362547,-0.5836816773346558,-0.5359548251446549,-1.3306646255036416,0.3258833000605834
0.8166023932768159,0.6972234462150418,0.7430337289476495,0.9883653721594962,1.1561581263429768
0.6623809985088221,0.11694070322592717,-1.4681751144591457,0.5301835661489244,-1.2550132831476286
-1.4680523145259863,1.0107286126123958,-2.0604450870276314,-0.8421274615722466,1.4287967380647202
0.03622614117101132,-1.1792345299850728,-0.38475913271716833,-0.01472666372998532,0.25464633655982494
0.1492038738918584,-0.14638681877932178,0.27838798490796973,0.4284596497930978,1.150511841800843
0.19854558264154915,0.8832913000029581,-0.941811833427063,-1.5887623970048992,0.11118681584861738
1.6815829554760497,-0.28167570239474277,0.7256895482064166,-0.25533925369620747,0.38776223901766016
1.2070515228426952,0.5638671082027769,-1.4987739580037829,-0.7035366514318987,-0.7950078433947868
0.8948986447375296,-0.13253303481325932,0.11109300331137517,-0.7423190948475721,0.22497693944874997
-0.09182098426366067,-0.5424409445756738,0.029787230110778166,-1.111017187540415,-1.278960936136118
-0.16276909439423937,0.32853713497674175,-0.5350819255097206,-1.1596763397549719,-2.396164195366072
-0.9031227781513914,-1.1619939563694817,-1.3530225705554344,-0.23715478957356514,1.3706591594136186
-0.3724778184627056,-1.7458705793476033,0.603543700584555,-0.19999029560196607,0.5313336008867886
-0.9816724419197191,0.1649779128025964,1.2278105829904973,-0.3125920801228719,1.7578614920853313
-0.4886613097884333,-0.6380992535723272,0.3262579223170154,0.23839830582827606,1.042471304511276
1.3406518249034065,-1.1384283389312957,0.45229596970314434,1.6096449405814952,0.9003738250653015
-1.9455703232066284,0.2327858764625659,0.7974475505573728,0.8929572459437887,1.746230004722553
0.5807763247451392,0.7496622068503135,2.5213709097341286,0.6480510636283053,0.09428550548025144
-0.015634424014957522,-0.13332819074166666,-0.8674894798187615,2.0661709790562903,-0.8409468036605658
-0.4810650106125739,-0.24339812355974202,-0.0895962378737002,-0.6585664475705945,2.4533892153494112
0.1963266959866152,-1.3180742439285311,-1.2616787016757027,0.5785280365582699,0.3775304725721499
0.3779941500101854,0.5553798333780611,0.5446389758948772,1.4978899183430683,-1.0818496826981794
-0.32526669325890123,1.2837518005675115,-0.1161030789965542,0.4892150215922529,0.28821157712854406
-1.2467102112061688,0.7966491117152322,1.7791593726367743,-0.03935931321052053,-0.6920979972482341
0.7658593653872426,-0.20427928923999353,1.192209464877499,0.5664164903983004,-0.27406979465386444
-0.2830187082960612,0.5745500407031396,1.4425383919836217,-0.6981988735251125,0.873424499309352
1.1176215773446834,-0.3069104713087561,1.003051701531752,1.205551180311915,0.14294935274285142
1.4716470634342866,-1.8073314526103392,-0.41837156142740706,-0.2702424374299861,-1.7303075332232605
1.8012893010603541,-1.0424037010727885,-0.6054390583887971,0.40530249085126785,-0.19983857358416005
-1.0381856044778166,-0.11529301879190655,-0.4368972710238481,0.3518277056302411,0.20246524595212995
-0.734930646289068,1.9710478697149214,-0.321654353113807,-0.6922372990538209,1.7086908763207889
-1.224174742779192,0.5558380913234944,0.5300147414938655,2.107208042699784,-1.1787396783253554
1.0965984820457935,-0.07302194849463055,-1.3755109698008732,0.11514198117379901,1.8846744698464075
0.007869972721009907,-2.587583120689514,-0.3190964240895513,-0.01994934646882852,-0.3866796949680925
0.1501816040997007,2.323400513897258,0.592076866117841,1.8607948376927015,-0.5956106268459852
-0.8058327862133569,0.7037197701799299,0.5171055024623534,0.16824086699190355,0.3607946043474525
-0.13851414805259057,-0.3934877414056151,-1.1097450061139607,-0.2074761945523066,-0.36941734287252925
0.468849189178348,-0.13211772428542196,-0.07778633920892922,-0.8239486426253476,1.7889317076077407
-1.0209850796774549,-0.29817707643934616,-0.32834748504302746,1.9340157812179886,0.5204740533731059
-1.4431224145193375,-1.1222853481048434,0.10351343036805867,0.6089932180130966,-0.17819806036614677
-0.3915740037860834,2.2097047745141976,-1.1650161078943009,1.1406345684671233,2.2623891257939577
-0.0537572790514732,0.08910795983214709,-0.044607930776804985,1.6791393606732599,-0.2025662125941549
-0.3307861121075574,-1.2233757096737103,-0.9101725536552646,-0.9165507827860726,-0.12241921106426386
-1.5310780913819773,-0.13525364107795038,-0.5387105595994512,-0.07082394789574172,-0.8866231235563063
-0.013679613652369086,0.657141895834119,-0.14871212765694272,-0.9827069978535002,0.26821523114588974
-0.8461991633729322,1.5209455378983878,-1.9104519161928508,-1.1452120922012363,-1.390791880073541
0.06250331422250034,-0.5699118873870477,-0.8905922472944838,-0.09203548441793435,0.22430860227743754
-0.46043071695992766,-1.1004943187021292,-0.5145126447690471,0.807463715732217,-1.124281735481364
-0.5400895462901691,-0.6742566622235981,0.15547169904065838,0.352727681597047,-1.2055248783555577
-0.3848179617507805,3.004189031353233,-0.47825680093801226,-0.8030417560673089,-0.2950200047478051
0.8776947211109004,1.3216139897102268,1.3136427798938628,1.444335997917587,0.9903555416312616
-0.4232385026677672,-0.19145141404458302,-0.2887354007186623,0.6247116929058385,-0.9536015659796404
-1.0210429414532962,0.7572537537602937,-0.8515782888814861,0.2512231671872687,-1.781488373234457
-0.963868886877771,-0.4337017304358811,-1.1380007981571338,-0.6082367566630977,-1.1258933586923643
-0.488056046387995,-1.1233565410975173,-0.40597430963700376,-0.8867923096841547,-0.017225146392441062
-1.4156351049788414,-1.6632157441155413,0.5437585912576851,0.237653788069771,-1.0283135005352042
-1.3312451701458863,2.154512911044628,0.24979724073822193,-2.73595389909595,0.12998720093887364
-1.3713034091320493,0.7629990970494819,0.26097959942070437,-0.2364698018023878,-0.34212942543666014
-0.1849812319717529,0.10996011174495127,1.9460705767362725,-1.1381372074645173,-0.37154434827919786
0.3451316368053756,-0.23134566348839114,0.14770114662006736,0.02312797504984837,-0.09870079731691347
-1.4489453276026119,0.9660560659530218,0.15328282942033994,1.148159880274697,-0.4054515263193522
-0.9536224279819059,0.7777129155349383,0.6145398906996282,0.22417916996011567,0.16997687751700902
1.5331404586788924,-0.9287283682907337,-0.38643833547602335,-0.13195081702580785,0.13426294563723185
-0.35988746205529965,1.7811998265949855,0.3318378073133143,0.18619531061928518,-2.3430011156528123
0.9997066849753007,1.7537117526412187,1.6142881659986028,-0.509931615270066,0.23923234157139645
0.7870733739391726,-0.08391932366603032,-1.0519762844284881,-1.29298859243538,0.20871527936870224
-0.7259716102566166,-0.8882951858275244,0.17846066066221825,-0.46240205567742554,1.1423701282466008
-0.3674995100164306,-1.8176574190573402,0.8848783055333957,0.45380647921741823,-0.5964384921100011
1.7638641577846454,-1.5625538108737644,0.8789495953638681,-0.2562129287770546,0.36897963110268545
2.315318131036482,-1.4778169490104895,0.8166748337765162,0.035152291097436374,-0.15516782949275537
-0.32699919309312137,-0.21384051180517036,0.5705672857634787,0.23483973291607427,-1.4712186422220714
-1.027118640902803,-0.04683515104601049,-2.1212688845147296,0.44384068494343026,1.2638533917003456
0.7908784650090078,0.7981915680027437,0.1673460818825853,-0.31024487043242416,-0.6136570695250362
0.16549714554170017,-0.03871921777086124,0.016554776774162824,-0.7045206438376347,-1.711860982160558
0.8463099975950058,-0.0783424384291835,-0.2913336616307269,1.2163144017142768,0.5852124090862777
-2.8377172422727774,0.009717098902669885,1.0030156489583961,0.0030087717991954597,-1.4005625289051866
-0.34865189677464137,-0.6075527641230953,0.28029709944772463,0.4178422995199328,0.29796779229114306
1.1987064733373416,1.1106242168566551,-0.2799226102531456,1.3960561543078625,-0.029361206097826675
0.9806162776417174,0.5217712744871862,0.0067267285925618064,0.5384407888258155,-0.16230792692086657
-0.4681889352523683,-0.4908974597721045,-1.6063424930404602,0.10017279278882409,0.5215290475763926
0.8855290685913498,1.0684586025412437,-1.027806952816513,2.017813871701384,0.6382176601129951
0.3007823008337469,0.9908999903166851,0.7915505886378377,-0.35818384091239447,0.11766164154602858
-0.4582153662701252,1.5543426330966208,0.3573576696085371,-2.6417652312448783,0.6299324784352249
-1.3706879606318283,0.7107093489431386,-0.44767177076418113,1.1075781757380212,0.3368486701381672
-0.8829047809639128,0.42353055512426974,0.6823912951869132,0.5221519742459766,0.11435159141240138
1.2209628875501277,-0.8287032580126648,-1.2674211270782971,0.30098381874608693,-1.4709567820814506
0.22443808667327603,-0.3159614238682718,0.19458159459419,1.4621645265869703,-0.46860608950592036
-0.5350833670321915,0.727433586809805,-1.4495943108090272,-0.30583299983633094,0.7382194905065746
-0.4163011651880444,1.0190918296524591,0.6245468823881895,-0.6433566065573666,1.325979206241352
-0.2235539115598528,-0.8678865150568292,-0.1259041148841223,0.18388950406794402,-1.9175063922670867
0.2967304968997304,0.572905296920144,1.46665487170201,1.773118934817437,2.585503576921542
0.571249710563063,0.8719432985198216,-0.4924502950467629,0.8794675062411483,1.6888941787571614
-0.5148851412238854,-1.24217543700471,0.20307622232861938,0.37369141180900645,-0.34947284234697495
-1.092264500692102,-0.7453592768527754,0.7022157302767255,0.5750416681518805,-0.4918349603821516
-0.8759832749378414,-1.5555882941019135,0.15524000813389843,-0.23224953552651117,-0.8720787808298045
0.8878018274137807,0.5753598831374725,0.6591406366084254,-0.6635674445872359,0.492970343087548
1.2135740110986872,-1.3022301075364433,-0.07722558429399722,1.036915300524444,2.413947912497861
0.6630831635036443,-0.15903897419834562,-0.5941446921781444,0.3921861347812268,-1.2438835109596642
-0.026756941110488118,-0.11719177498583155,0.40659704871370544,1.0599723350579013,0.054906209913958386
-1.4157320055799394,-1.4986532403148143,-0.8715893133308996,-0.6669219258236306,0.22479932206917633
1.3143936323223888,0.9092448400681218,0.6785850221900417,-0.5508130512641973,-1.210559304572238
0.6415169463453432,-0.7933132772948859,0.9191328469694087,-0.11034342510122452,0.5123786808518558
-1.6288271653185817,0.26193199375332693,-1.184682167768492,-1.698170183561146,-0.41251753278798103
0.6395780484145724,-0.7537862171057751,0.1021734611783792,-0.4720698350225623,0.16492327839215498
0.7170614950402033,0.08723959632002297,0.9541234662955284,-0.3543942228367451,-0.8580524798497615
0.3522720092521595,1.6200050191377657,1.334225752617009,-0.3083487263997889,2.8672880703578927
1.2716286409900075,-1.3365923039581986,0.9832475316368247,-1.469041600514662,0.10108336460515677
0.3539994071344152,-0.7396822088888043,0.9876030627409079,-0.03021421451646505,0.024478589207671143
-1.79537161063647,0.4641428134082998,-1.5119658945956118,0.7193778275250838,-0.7263653419028387
0.5604756045422272,0.214321380326528,0.22217022084140634,-0.017784772576187692,-0.5744259005106307
0.5365157852314117,-1.147159597352825,2.450450441593324,-0.31900058558077365,-0.8683033101455229
0.4959563324490948,-0.9368828904445192,0.40619644363240337,0.4904309113178806,0.9567987019824528
1.908748762359784,0.42670040700454964,-0.5466722777593177,1.6695784497758537,0.20375465889105798
-0.1383369635011048,1.0673737832609898,-1.045586138810982,0.18531404484581343,0.5633644199168921
-1.039060341667893,-2.0151125307166393,0.1791175900096685,-0.6632450021395573,0.33580204338313707
-0.019748504347210368,0.11916540461929424,-1.7836881780797538,2.1366743555818957,-2.5731061263886774
-1.3875938721932763,-0.07838567750113495,0.7113386362582198,-0.2775027937021688,-0.5569061473672196
1.4720149880581745,-0.03234520216288305,0.28648525613338005,1.5413460710524298,-0.47403556267086605
1.206792102539143,-0.7089072800077625,-1.3367431338921554,-0.7352738465258409,0.4869777658795571
-0.34189436246441823,-0.6964131119644598,0.16214836414021694,-0.8414436650772282,0.31837575705017757
-0.7940402337446576,-0.07973492917627736,0.3661131509493206,-0.07696509154335904,-0.6755199928746902
1.174445197089264,-0.5801533990282294,-0.3844156357490502,-2.68651113063549,-0.16360464584110931
-0.6341615228695048,1.3130270660866983,0.42282848856908206,1.0532106995571329,-0.6103863696960194
-1.0958928183568943,-0.8730678840621666,-0.7505348145921705,0.35290429041222765,-0.30053454735591495
0.6806674632973102,1.8461188152011836,-0.9992914979318849,-2.241777720999586,0.928305811141082
1.6645674392967296,-0.2263120328542301,-0.7237718755619476,0.6583072448073077,-0.46958544579138406
0.0031772786061592317,-0.13023681283321423,0.263257387150899,1.22970625307459,-1.580582046146935
-0.13254496207071748,-0.8344895932810223,0.48642625098389053,-1.7615019677287258,0.9366162380089873
2.721606189022193,0.34422992496373905,0.25446731782503157,1.64108756248909,0.4001601323417052
1.1242410937350487,-0.5654367558260359,-0.8525938666241729,0.27363682865667216,-2.59907002716497
-0.4563350108779247,0.8184711935746564,0.8247200951593981,0.4433258794201034,1.043430137898459
0.14224358993476016,0.10457107160431134,1.1051145300809284,0.5677887247999174,-0.5038829362383141
1.4209562126520623,-0.27091559277417576,2.616505153107302,0.18622409416375538,-0.25381682453619175
-0.5126017327605199,-1.3387064293618314,-0.70590607852153,1.2820105028544568,0.5380741396891965
0.16300534609637432,-1.3820500117043872,-0.45745582613736163,-0.7553004978657718,0.502073694961388
0.9133308702922937,1.1999575428858145,0.3262933823691032,-0.8617307620544048,-0.3915567703312613
-0.6097864449760062,-1.1072827932041862,-0.08586299529822054,-1.1485052099273283,0.7417247642033926
-1.0712519039075195,-1.2176526107288719,-0.6120026266841684,-0.8319476738059471,-1.0596820649808127
-1.1615651574100416,-1.498418632547499,0.1883712076740043,-0.08828296365011529,-1.4858567984720417
-0.7262122090266454,0.956000254886397,-0.16137094023755552,0.08823785472825066,-0.06722744753204249
0.30926271321908905,-1.2577571007393455,-0.02266165470066105,-0.36789093478111545,-2.090692375374387
-1.5622353017597603,-0.18985639891617556,-0.9019322156611634,0.37798663471845567,-0.769713756005246
-2.1047697493329465,-0.2434967979481394,0.28347487068980504,0.053265252240117356,-0.5572825853392269
-0.481725943222552,-0.3649719797633681,-0.11185520168518491,0.17062872757463277,0.08605421092255376
-1.074078496302111,-0.7033486018873428,-0.090407473661411,-0.9675189049157479,0.47565626726697835
-0.7024460413240086,-1.2233583079808406,1.2681287433449975,0.6251126087470921,-0.08862971810804604
-1.4437511374422967,0.3747809688595092,2.025634724808504,-0.44702561868866075,0.29346945368536664
-1.3465948205024934,1.5490320221791274,-0.8951060870161299,-0.49591787444764573,0.7939432995391135
0.48560054970883715,-0.2951985966812396,-1.347667358327273,-0.6403211013167548,0.18186177691866626
0.41867639117708455,0.8681064974258582,0.8444300765740942,0.23875432201603558,1.7390992215897438
-1.0197863901381707,-2.7541087480988806,1.541587603995355,0.3710852853873934,-1.0058941122985077
-0.5011004760475047,-0.18812293527572566,0.5235854622362307,-0.33179903728969784,1.1892210316675635
0.8914360567720895,0.49025503579815316,-0.03672229713268923,0.9984844839636787,0.5509182981374633
-0.24125979077846413,-0.5956224440011064,0.09159299015410588,-0.7193134225478145,0.2819075554147566
-0.02512396524827797,0.8466662356985485,0.2522289816557493,0.8511178075811511,-0.18049627899207835
0.2726096336734172,1.649503746137809,-0.6793322401008873,-1.4405378067554997,2.4348707036257866
0.5225056785180671,-0.15121621734044166,1.493878170874014,1.2399599489464759,1.7470288654950847
1.2116360240954738,1.3258011381370118,-1.561160752075453,1.7219744272614563,-1.6466314211046191
0.6314396668790639,-1.0952374610916078,0.7963608244690681,0.27141951699312894,0.25625439318528265
-0.7323145700116281,-0.5663925483117979,-0.00828817188776875,-0.33197112208816704,0.569857648496375
-0.414733645402287,0.9671224175323236,1.3918619219816002,-0.057943428614616356,-0.4059518421458962
-0.3034679473957072,-1.5813370985662165,-0.03917997473550882,0.7763865294089105,-0.05736985468533975
0.1588573789455385,-0.1950071247043514,1.9222266454398562,0.6863653088057052,0.25815764830835203
-0.22396487693651104,0.4662355765374769,-0.2734530798912594,-1.3509646185408322,0.8889034505353349
-0.5015070449161695,-1.035103850207226,-0.9835538935673881,-1.8735431864531693,-0.24720510792300282
0.2510304059273982,0.9328065095829514,0.5835148553709341,1.6924391665050496,1.0236209644012262
1.2813351119943128,0.9228263208386154,-0.22947603463837446,0.30940125040488464,1.2765408865935424
-1.880924494476988,-1.3645104423371064,0.30710979089917473,-0.4798235790735153,0.1814453212488153
-0.8612332716116978,0.203953501450318,0.6200723992562894,1.5075794872036112,-1.423541664482466
-0.36410489778269495,0.7400596678642882,-1.1996420172445177,-0.26810561245214243,0.5151901344301737
0.37181519890057707,0.4936823683143688,1.9884029929652867,0.21587382294321844,0.20626295229468652
1.9362277773033294,0.46303180523211496,-0.1610978565159283,0.4791526503065578,-1.1149268180426979
0.14637906835203446,-2.377307477045409,1.8570936012813046,0.3647633632511596,0.05323090447268914
1.5030506692982468,-0.6698932727719538,-0.5825889885020386,-2.0501139732932883,-0.043333335110656096
0.3933649232344725,-0.18655715285243718,0.1815197578293722,1.4074851147587917,-1.8718139846793738
1.2857806903323434,0.8532865005814327,-0.834005401115466,-0.3316861551446634,0.8265428603159448
-0.7698992431917426,0.3750378937615284,1.8584138352403567,-0.2779221407829539,-0.10562979152279005
-0.3077582717225039,-0.6106981447737683,1.727112102477748,0.17169311324476186,0.5840209816360882
-0.7516693104910523,-0.6739466747616367,2.106262529749346,0.5303832004988575,-0.40933836162430637
-0.1559016078133191,-1.1893018977087977,0.7233396188347636,0.6119461516485882,-0.6649739015416934
-1.0617084477204903,0.4743692756818447,-1.9056823666469143,-1.2793475928189073,0.5158390623721946
-0.6896656415655594,2.7148646673616996,-0.09248523028197303,-0.5439560925399034,-0.11350214028224032
1.6237557887888028,-1.5229731237801247,0.35835911816597993,0.31192243879321346,1.6529883906387226
0.4156866701944302,1.22599289699701,-0.7512896682517344,-0.37489190828168434,0.5111259250559828
0.4902811925613444,0.9586437771513341,-0.9330617285524915,-0.29610121025516833,0.7017450973144759
0.3664302124740988,0.161686996220899,-2.0357749684528157,0.21644154032973417,-0.2304957453179313
1.823024830027014,-1.7583015525073542,0.46887368944811325,0.7720920603332286,-1.0068111556898744
-0.178896775238954,-2.3997222662750977,-0.5575449053864894,0.43760492059027173,0.5357586806680906
0.6996246304974396,0.04832718895451478,0.5813567968994303,-0.3337632297103901,0.5244656244396383
2.0616576024453312,-0.19912013898131622,-0.4000865737084192,0.7555169110440626,-0.14288725487221146
-0.9562984512306102,2.1749279570216835,0.9148422565318761,0.7530434357143467,0.33178869290790874
1.1353229087565337,-0.1914273567872011,1.5472426915074582,-1.2964050049233593,0.24099351065330937
-1.5683234855790242,-0.9901548229757273,1.8499000886107895,0.7552724499547093,1.2946950724983273
-1.0650344151126165,2.3649064522899774,-1.4215147851683736,1.5423415162097123,-0.6794032101040375
-1.4950957216366079,1.4471179673543313,0.6303214005706069,1.1070297817606727,2.2080816168030974
-1.6139562856392593,0.4117086264205242,-0.8292393618990298,1.1087655050347294,0.8237565512451613
1.769297698340521,0.3227986454525466,1.3698987253373618,0.14199447185372652,-1.3404466504953632
-0.2791876413877725,-0.09092801158245742,0.06481005424805061,-1.769870978120453,0.2010511636379661
-0.057129837188590646,-3.2389458894374097,0.7569500006532348,0.32144121023966155,0.4049773425207152
-0.43661891592640656,-0.5238605313395938,1.3044332207317515,0.8862317148510465,1.0415504195143026
1.1940035562266378,-0.4996363537593477,-1.2194675717802892,-0.14924316170294094,0.8812857829617573
0.08033051081854936,-1.2586099739340582,-1.0855772145486653,-0.9925503100225872,0.01540588398149144
0.8253971134037742,-0.3463626222622164,0.539884144258038,0.4662328758717824,0.7126346921213227
-1.6354064635442964,0.8013301934768131,1.0230458333241241,0.18454252151733339,0.2157408173476359
-0.6673468148300152,-1.351343967151116,1.2179734305735457,0.4718198036289341,1.4228022622818335
-1.1339982104643582,1.2322961366526348,-0.3013408628680613,-0.5057792051801983,-0.8991108330456117
0.45147161135617403,1.3668914700659092,-0.2477004501573032,1.7100077832373066,-0.5783884453411686
1.1114099931572268,0.1801429462517416,2.3883870531482194,-0.13871631198980175,0.6789836116139093
0.9311867173455107,0.298624029225525,-0.9186039405121188,1.4384404362249494,2.325656274704538
-0.47908303281212034,0.8596343150789842,0.9433877997486853,0.29819339651625837,-1.271835320083348
-0.6179362312756551,0.49176888124841917,-1.791388161102559,-0.020868617503009397,-0.9092728376743314
0.8941315668812823,-1.2118492083922845,-1.6184011136806835,-1.6071903024745822,1.331605966006551
-1.5798848796766911,-0.46006401926456847,0.5480205834294174,-0.3426126507483502,2.0395328441366045
-1.2475694690348165,-0.41607218638503163,-0.4059612184556725,-0.08340343170104067,0.038919327438785054
0.5193599865705989,1.1033636369888693,-1.888438008682948,-0.09856553016751055,0.29983025105828903
0.18943995183397372,0.3414742584600678,-1.1079842491336183,0.21200976290216403,0.2705780805215981
0.4237260375796205,1.2027325227022794,0.7562192784109203,-1.1906647828958876,0.3955251622018197
-1.4875100401046462,-0.6920971776041586,0.07228731582444448,0.45601366902518703,0.28011670655951165
0.507885178957836,-0.9296095670300261,0.1602702545195326,0.036415657386214384,-0.5433418206358676
0.9056703157757605,-2.309826697235183,-0.2066401826040704,-0.844289528709592,0.01740715054299557
-0.0008370462375689898,0.9140501440730147,0.3054924511802556,-0.2600985635188076,-0.5424177734795036
1.3871700538845524,-0.017984218000292866,-0.5628439932312945,-0.8822011644665128,-1.5242822598213124
0.7963905050769756,1.1006228444565385,-0.6584876839669959,-0.7805569420099691,0.14103419888360358
-0.8340375276160065,-0.7461543045861456,0.10242156844853298,-0.5790176454822287,0.3457609213073294
-1.4173862905268255,0.3494083516407195,0.8940811214940639,0.5593053195782226,-0.06674883272981558
-1.847001834654762,-0.8537178215399542,-1.1908284579124853,0.82953601334337,-0.8579456924888402
-0.07799730445121894,0.8928672590329761,-0.07753911480288901,0.8670009178979543,-0.8682203179209167
-1.5988144285992871,0.2640668117350725,-1.4554197551940222,-1.2694164575565827,-0.9504510795325064
0.5696988222581135,-1.6430519552845135,-0.02286953812680369,-0.6297188909071603,0.01593302406063658
0.19986585893186554,-0.7868487190565081,0.8394279756670573,-0.42636793935456085,0.017445137937932346
-0.1079385651291065,0.3363482929049544,0.6177467906830238,1.2123763650078634,0.20653526375928236
-0.40439324226019424,0.5180078765861614,0.8326069151772485,0.9705395477354631,1.3832870268811261
-0.6758659427309068,-0.7431278718508807,0.512460058605657,-0.6525903226018811,1.2918423617824972
0.9114945371301277,-0.5378487703910215,0.11886105887378175,0.5724249473794483,1.3640384169754511
-0.2095667182275434,-0.47517604834306315,0.8104715481580362,0.2624135899083049,1.3269387355959703
0.9232765367662144,-1.3170153245167242,0.6137783890024185,-0.2378424000675053,-0.6607790320245687
0.7784117179296367,0.7622907622080427,-1.2814897000194205,-1.0211418340545362,-0.8644941382431528
-0.3286577811696766,0.8041310489856839,1.7075047742863976,0.5270932891630538,-1.4283913915130124
0.5146150182358153,-1.3437778749788793,0.12517625558245996,0.599260956360242,1.0075604725298588
-2.6778580395897644,0.3164781494549287,-1.575677548100413,2.2596807005603576,0.8225015129030145
0.0718739253997168,2.4640649185768706,0.6057820443047864,-0.9796961626188283,0.1574773458092988
0.3208300789499451,0.17598217797688953,-0.2314636589315442,-1.8063365047206004,0.6765761012540354
-0.5106700355342847,1.118756788384904,-0.9637010907038598,-2.6162439387116514,1.1414190289402741
0.4178107220905448,-0.018474807412530714,-0.44783512511461715,0.2355896654161249,0.9451666477919404
-0.49133596048767764,0.5116611064436388,0.8367027454804888,0.6452523442039041,-0.6173653334365465
0.1059043163677522,-0.6607556744808071,-0.30926191920525287,-1.3209378320040808,0.3893878830533954
-0.5929808572941107,0.48773323997400253,0.8714750835618167,-0.3711342663200468,1.212783808205204
-0.562932435900499,-1.2086223793985154,-2.071238146079283,-1.9577355849960205,-1.2401347867394104
0.7097371829272499,1.4858475117429581,-0.2691403646699827,1.7379226655763766,-0.6162331862511421
0.6129509853275533,1.6066887660832447,-1.0497452423797529,-0.22477554338236808,0.6322651920145823
-2.149797008335814,-1.8736526156391784,1.7169793480208277,-0.2079427531645264,-0.679477048446101
-0.4069915944538247,0.396500556023355,1.1540864471550554,0.8540800743882885,-0.07237105043059776
0.3368639704891349,-1.352174394868379,0.010543014425971442,0.4356481096556547,-0.22725133000535183
-1.1592276935682986,-0.5218562471619795,0.6895771834798836,0.537269855351236,-0.07698603269845745
-2.0560688970772247,-0.9152641515278832,0.7957404627620245,2.8228646937468485,-0.5971230017493006
1.4827059440495984,-1.2621461869946933,0.580797855718631,0.9199838924126532,-0.3518780523650344
1.1500657265876517,-0.932832497538231,-1.808467167110949,0.050100257319765314,0.5776268458909757
1.53077682975309,-0.5813719383015125,-1.1138479589219754,-0.8341343802594399,-0.2545799075503896
-1.0213162742894117,0.8054802606894044,-2.5127868560545714,1.3011249836802052,-1.0639066318088781
0.2644928397546388,0.29971647626838166,-0.26522057661934345,-0.5555960756003709,0.14931233873328098
-1.8460301321562729,-1.1894216938306679,-1.099987376268462,0.38297992772853207,1.1870448134573153
-1.690092570505629,-1.5782124021282287,-0.4978791709258807,-0.4796951889053062,-0.34405471267960214
-0.14654125350118366,1.291737534505002,0.08348187401027544,0.07872036700757395,-0.6666424192636712
-0.5400828634122209,1.8594997692593054,-2.544238604345245,-1.8439289330008841,-1.0212565945158898
0.6416399803219238,0.4373777822228132,1.3536568955724109,-0.06485989220673945,-0.7456783548767649
0.0560461617544233,0.8097057188086836,0.11250160789132417,-1.41897482112168,-0.6454402021166888
-0.2276083010055843,-0.09610484025542795,-0.7777686451678548,1.3467657468552043,-0.3461449402972619
0.12466539783481807,-0.0643488981896888,1.7124635205318706,0.8020865492510141,-1.196030519609255
-0.734710064072366,-0.6203817299330976,-0.43089429013897834,0.027300542666734907,1.5025231515928716
-0.31106697894792534,1.8772285301123826,-0.31412879124907167,1.1988716501237746,1.2049731687557528
1.6338128242384182,0.019624814416439578,0.6779226815038918,-0.31334708977763753,0.7243830737683893
0.6234415352122916,-0.26094737563400344,0.5709032106091213,0.030284454007099407,-1.242153764059019
-0.14496565830245345,-0.8780210544066875,-0.09117640283196643,-0.5376846659255455,-0.48553350758383657
-0.2994779982867224,0.22065062740680122,1.1300733023640372,-0.29706325185721677,0.2440239447926107
0.42086876915825083,-0.47787828245033803,0.3669929670768145,1.2442177915472137,-0.21368092892295562
3.3527136849716777,1.06406649496527,-0.8938233819851177,1.1793093093877074,-2.857544580306869
-0.15483140707521958,0.10044232577260852,0.8314839338506185,1.96007407571561,-0.8284715426688308
-0.5893365227125368,-9.403981660861924e-05,1.421852407970579,0.40211174094835445,0.6298627102693231
2.6454978437983474,-0.24021133060071234,-0.2785646318750224,-0.795092513933507,-0.8824500672908859
1.633173898116302,0.11722024087228847,0.21249309311704906,-0.8002197866081664,-1.2837629595758828
0.6692037055831496,0.5536842245305702,-0.2827559635385016,-0.41357727464764765,0.6923573490894638
-0.9457999807558618,1.4640304626502763,-0.2048755170541663,1.6407372641660003,1.4192920931715922
0.320223779241485,1.7896124681306078,0.6966447945069454,0.3192955738882653,-0.3753290246032825
0.834440454000016,0.6340684601755775,0.5147041796674364,-0.8699218849926657,0.11042585556334351
-0.009523994364634964,-0.5899151384113891,-0.4518349948846856,0.30162290838714073,0.6259176909268964
2.30273244852832,-1.1960913692219983,0.8188330686240989,1.0486997746387745,0.3602564709455254
-0.726024825121449,0.43726825829974264,-0.7100691645464879,1.2553684878523599,1.7276379118202498
-1.5618435252551535,-1.256395087794365,1.551868507474147,0.47218577256947747,-0.0755823291015649
-2.0901106207430495,-0.8257431316977619,0.041837775373784136,-0.055472443718300395,1.2610498053657644
-0.08224501970231148,0.1779166083777138,0.40334255703333804,0.9064918637632203,1.771277764548703
-0.6863265495749775,1.769204116040893,0.1785273015126115,-0.9568225671847916,0.08865404342643568
-0.7782200682883857,-0.6061169681977319,-0.8600918186737123,-0.6156093890469996,-1.1408784160940197
1.1662243497295997,-0.9534675264413152,-0.594530094854076,0.8736496449751331,0.3734002803777524
0.7555160062357894,-0.3928569910094023,-0.9110365783766261,0.40680639588123285,-0.6929705769944828
0.18040567186309245,0.6809185183963542,0.20936544099001667,0.7767836397562208,0.6237464060264313
0.9113114748889252,0.7168887986195389,-0.8902728380089221,-1.1920228549391012,2.620014329505933
-1.2272867949226605,-1.4841894600441201,-1.2784703303590925,0.38103476342156317,0.11905622232924688
2.363937337655018,0.5348577940549181,0.1961830035050218,-1.8594420390638835,0.20041966107559187
-0.07977931029588206,0.6070443948772339,-1.429958539703335,-0.04325322897398335,0.4516220413458438
0.7404598238158838,0.4525604316730692,0.6578939251702106,-0.8686692020296903,-0.356110063340264
-0.8384580045364475,-0.5775440936166358,-1.3346616498362285,1.487681456968919,-0.8083628154750919
-1.0623490522313246,0.26332368420829555,-0.18896659515768324,-1.067238939043787,-0.6988109646845542
-0.07430071819443222,-0.3149088768999504,0.5764689702875498,-0.7901920124231331,0.37600416862384817
-1.8994292543750637,-0.27157478848054767,1.461387147053598,-0.6267782633800756,1.3161871810799222
-0.1322266197023045,1.8336096717593642,-1.4634468317666656,-0.9761244094316404,-1.8854876866113566
1.4469911772579596,-0.34079844910213336,0.00039397402351280277,0.3172297605790219,0.7118242000839122
1.2457461043737552,0.15095169358464325,0.07602813531771371,-1.6411201785292973,-1.3142103626217192
-0.0676585290067991,-0.7703022450416825,-0.8553324434886393,-0.31866586680049586,-0.7535236346609242
-0.8529710710419549,-0.0008345700070833271,0.2170703118657669,-0.3701171402555944,-0.8515238234528334
-0.6079210422001936,0.14742311715853273,-0.7939629451460574,-1.1235223402615557,0.6095291050358722
0.36293540151450365,-1.0713652572948373,1.2121290982083697,-0.8834848614358346,-1.4132442576523458
0.7248469921544011,-0.11861837869798747,0.42262246095015016,-2.083793673858504,1.9925952913074412
-0.8980276963820076,0.6780750848592694,-1.089247687317755,0.5492986881489628,-1.1860358908536537
2.4250719111054893,1.5837246037933852,-1.052326184935135,-1.3971548977018728,-1.8417768262448895
0.35465470818142913,0.3023379910009469,-0.7298050968491143,1.3319865178148291,-0.347595901348282
-1.3689779206979704,1.1644883059490658,0.5333221945383183,1.0023901340133177,-0.09328431363331373
-0.6246815183001724,-0.38684347697351595,1.0356578231811766,-1.4058684697480632,-0.6156440172990884
-0.044924183373688906,0.023553522328793108,1.189294764091494,0.7182839940418497,-0.1593829244932045
-1.3533053508821742,2.218835291013166,0.4119516133076759,0.3233002937232421,1.0787678911752838
1.8172192050467737,-1.3529195641197156,-0.06325380339127348,-0.3112377062794611,-0.3718609513438764
-0.6126982263955887,0.9301268398399589,-1.2741625233770542,0.5983442059848744,-1.5305648765543376
-0.6582026416698851,0.4532801461224818,-2.5614589951192404,1.549369856126641,1.112399630641341
0.584469793729042,1.944054004983102,-0.6837685465490079,-0.457046540373562,0.3816204024214675
-0.90551964824723,0.19321032722084175,2.044274933450438,-1.5233819996104463,-0.9008176936360851
0.5709000665001401,0.1863211378263919,1.8637365562779622,0.7778476305258482,1.0222929882741714
1.5562415111144146,-2.6928671043694643,-0.6039808920412074,-0.48773243027120033,-0.07063617236966764
1.0039388300385435,-0.8188770519080091,-1.1646829531460612,0.7507117639677777,-0.45281740610944793
-0.5378617385180164,0.04067120443268489,2.1999411467460317,-0.6158767300762936,-0.022140610949203665
-2.4895522604286158,-2.466954757798182,1.1635318024671808,0.4858153514096767,-0.4980554765222826
-0.7241051158933841,0.014928192453103825,-1.1187929981973135,0.4631486831686525,0.5843460560052369
-1.3365992100932313,-1.954490411338797,-1.3338920736538946,-0.6738902625236126,1.455642833216277
0.27700708483255354,-0.2702403788125197,0.2045030665291905,0.020401612953470864,1.6116778867826769
1.054416668505323,0.09386338970126215,0.9064681297443163,0.6421950537800405,0.10241695497878052
-0.527132578731044,0.4493597983885137,0.10946988758217498,2.0351050377808773,0.2549229715337848
0.7052860188225882,0.6219974096076771,0.006378518747197872,-0.15541273429367156,2.164694612551799
-0.24429251141179328,0.29587847935007466,0.6776460216080681,-0.44452542388087685,1.0960046698780466
-0.9000057630049223,-1.5666470094236744,0.4185969669636735,-0.05176562107498656,-0.3730061833251499
0.7586001120045802,0.35897601903158033,1.8807159160201534,2.6915915099409125,0.32103922367811516
1.2833101639151099,-0.43557570127775685,0.7370072444502478,-0.29671786168591224,0.7948195488878457
-1.0632958669635737,-1.2485263030656528,0.8871585894445903,1.0251773426523356,1.5879430183996177
2.5078721997592393,-1.8543672741078763,-0.24694347940139058,0.03996831581546741,-0.9661884431728966
-0.8194471915774058,0.5160934397924734,-0.6618793236767206,-0.8525968209352585,-0.20047792272923448
1.0414587147292909,0.39942433288036744,-0.8727821248076979,1.870568995983146,0.19048733795381653
-1.9299522708129326,0.5464237091071265,0.2134741244239958,-0.6403206118665622,1.0406681160299234
-0.43092957098250834,1.4661315509822426,-0.38914544640359394,0.42668156797830603,-0.46328682881093336
0.04309162912965613,0.5153352214806195,-0.339374391385692,0.6822637876831869,0.8133254294891132
-0.41331171809149186,1.4364964111881322,0.4673435177976378,0.06596152704940993,1.2661990877294242
-0.519639354687492,-0.04366790764140623,-0.3425826479666256,0.9653136576626574,1.0565941630358662
-0.6277740735363025,-0.41371324136293397,-0.8058669695733551,0.6525806004066113,1.192928959960508
0.15433842385843696,-2.0317895032052355,1.6559952025866542,-0.7722882597648922,-0.4314866081813802
0.37784378559002924,0.21989132392882088,0.0034361599851107597,0.6547684750069376,-0.3126494849046014
-0.4761401813648204,0.3142561847081485,-2.304125574032396,-0.24976302278652876,0.8996986310823508
-1.852371346956009,-0.5524891436925558,2.064570970777845,1.2662469114242447,-0.20875123732930648
-0.6130926624635773,0.26090565341080624,1.4792069813358637,-1.119858181879181,-0.7582497964227889
0.5982799239475277,-1.0537274619961563,-0.7480784128955794,1.6805493015065507,0.6349662493741006
2.3927864674062196,-0.5756150498223267,1.2216013285424752,1.6086457985828526,-0.880324390238033
-0.30070763712119547,2.38376791318235,-0.45309521687978704,-0.162040700082716,-0.1813197744152744
1.4705124054858552,-1.2402753414919574,0.5935353758567398,-0.9078997881907173,0.29409067888142154
0.04669293714931196,0.09333271102207476,0.4313585606087141,0.1310995768132846,1.1108510648807945
1.5666189836675088,0.08461996690169794,-0.5401725196470223,1.1884833109998796,1.2628550903758535
-0.03751281321749641,0.46286060963412273,-1.3013771009644646,-0.33129179399943903,-1.8075998526106423
0.25903588368052555,-0.4843644723225006,-0.26931727386831195,1.586871871880118,-0.2346777704791565
-1.8793254013398069,-1.218277243533964,-0.13427734820986856,0.9916599519484344,1.107787484435703
-1.3774128509179429,0.01893528289375654,-0.20931244305351943,0.4995299596480552,-0.6662502568843237
-1.5922680014895376,1.617946670668983,0.776175808455877,-1.3874155492829263,0.20131156024296618
-0.012375987563666528,0.5432399169834681,-1.0114812965368414,-0.8031695503793973,-0.2416084612474567
-0.7083184876325831,-1.0832658748667967,-1.8063068594013247,-1.144621710246145,-1.6156553292359668
-0.8144511586543826,0.9248316752583273,0.6853793458787532,1.1959101432347377,1.2126447718099667
1.6109192397245857,0.0075101754975886075,-0.9508527454392303,0.5649482575796483,-0.19563217486435652
-0.5135876735850059,0.5063588224896408,-1.331134070396272,0.6219271501242918,-0.15194767584762595
-0.44071011246933234,1.4946326010506712,0.4701081528925729,-1.0418799311687705,-0.6698578482968083
0.3611030956225471,2.170865951509528,0.21094050757967103,-0.2284194397680405,1.394509450271694
0.8655454114778317,0.25301549046116273,0.4004956480096672,0.04518746270405279,-0.5758332314977315
-0.5453027304328983,1.2924094290538566,0.5572660236900403,0.049291365588007265,0.5451386294686758
0.25126118242036344,0.17033216306759266,-1.5020164639361484,-1.4497781014840243,-1.03138592713995
0.0925779261321017,-0.1302982373339102,0.035623892748901154,-2.5058918629857527,1.079183461881151
0.25137452003285593,0.9115407443900285,-0.3731394770806267,1.3217567809942043,0.7705586474015477
-1.8143918963970327,-1.3937813345938688,0.9783798726236961,-0.8076845008280209,0.6059888458401279
0.7144873174698255,0.02404524656835985,-0.03584611050976996,0.08953935162736809,0.3225663386436286
-0.4893628017045167,-0.38841781468896674,0.6766674691379262,0.6038324088173762,0.6459839147413604
2.123737248272717,2.764472826672482,-0.25310684800906774,-1.0857974479326402,-0.046857408493654516
0.9187077803586565,-0.8671385704504093,-0.22121372130316325,-0.2775599301858354,-0.37176730093553867
-0.3519176606969923,1.8905225193198212,0.738825652663516,-0.07805059975866613,0.28443468044984227
-0.922141027037253,0.26792811182771276,0.08254089956383968,0.05469223606546254,0.21043287696942597
1.382990340332231,-0.9227616176144146,-0.7332298544255262,-1.1901366992092595,-0.4341527937540649
-0.4009563536683849,0.9718379456832298,0.7716996425639815,-1.5846289532341977,0.1882469047798308
0.8837721611125187,0.6312762132055145,-0.08172655836971357,-0.10949083613041898,-1.1597273532484729
1.1132238438238138,-0.8641963912306592,0.46511286901300875,-0.8443419216094197,0.0316149463409754
-1.411550086422908,-0.3241259598489665,0.5736493228408241,0.8153230112059949,0.7924183004959068
-0.7638803774465425,0.7489378841030769,0.3301149613833235,0.36648669641130244,1.9251048481490607
0.818282300428121,0.1051323902823798,-0.6875221712977063,0.7425293582656057,1.8551726332314353
-1.27504056567738,0.4707282064748532,0.8646321108856005,0.07368303628808572,-0.45501402624338816
-1.081869498240656,1.095503113325025,0.053336320812723215,-1.8140993553728337,0.18029389792450437
-2.3988273239571836,0.7297428346736569,-0.7972468923340641,0.5119337606970243,-2.0965929868396436
2.426835226414364,1.312606169846628,-0.7137076681789399,-0.3816675507527943,-0.22552479838639217
0.4208963643034922,-0.343309319698794,-0.7365266075047758,-0.05677668775330521,-1.3454089787165675
2.285857116901898,0.06486460699591244,-0.44314298473472996,1.3125855678105742,0.6585725732903436
0.9939431552745701,-0.6600690073982066,-0.3358809907659407,-0.2123350149654268,2.422665358178867
-1.7822653551836434,0.37944822834179476,-0.0024662136886604968,-1.3724743143492606,-0.07576387559858148
-1.0395563861273729,-0.9048782751146398,0.5103019340832047,-0.5473732248942791,-0.0892498554725265
0.16475772988493584,-0.14287758058933134,-0.3810339515438017,0.4467536647889856,-1.090737855607587
-0.6850635420690034,-1.2973222498640178,-0.093616018879279,-0.7100534875887893,0.21121000212735527
-0.7423287659342118,-1.4304457010207843,-1.2476792256095524,1.3068402648963413,-0.17891329734624378
-0.11787047427125287,1.79644597056897,0.7585216819071853,2.5349010370244778,-0.9090890329845321
-0.4477519367907037,1.3403967858235142,0.48481821779866047,1.2592593579194018,-0.5437079662569773
0.0627234458079757,-0.2776271352763888,1.3065343997040246,-0.7004902938653726,1.5591102925274647
-0.15646296851642658,1.0273274898756934,0.8866098577618361,0.9525344918645815,0.47709636444476017
-1.8871759875607421,-0.4672326510497853,0.6900239683515567,-2.1345424293157,-1.2780239968840637
-1.0604234135798043,1.209171266626599,-0.12574156783597198,-0.1963881431335583,-1.404071541619887
-0.7407603017257446,-0.2642592377179254,-0.1259583435237701,1.3479708309030731,-1.2152525912655294
0.7349266519339654,0.18856889148218772,-1.8263735697905892,-0.07434881898705628,-0.5411088755836403
0.44402350724200884,0.49692715436802654,1.2142221582411687,0.9277505780514523,0.30852437018704637
0.5621431006183597,1.0702361718721387,-1.4481625642032354,-0.6223297294533553,0.8847045437636227
0.21454857936332203,-0.003131851730063047,-0.3454747595575242,-0.3346374375803386,-0.2111118020068459
-0.23730806983680777,0.6915945972925984,-1.2777728874950491,-0.11882872105306756,1.049110730531993
-0.7467363527300431,-0.3613468172438704,-0.5777860615504102,1.0875557839072092,-1.2132585964505753
-1.260202521835345,-2.317308399513856,0.7556331030581247,-0.2763557315877211,1.206004670017168
-3.6527518231289404,0.5097904316532548,1.8329255402601516,-1.780999293718717,-0.43822619028674126
-1.3863525801418646,0.6530354945952168,0.7267263370523439,1.5025515780352714,0.6712642610342618
1.4787978057398037,0.23713362957547637,0.5297230717033451,-1.9120088446642032,-0.206391170599437
-0.5181468320361016,-1.4061030074750465,0.3094454940863939,-1.7268899906920392,-1.1230407031043432
3.0472013818784602,-0.2632621174318648,-2.5863205040398163,0.06739465949442015,-1.516083963679503
1.3851438806054852,1.259494978799049,0.08376859089363413,1.0212733753261556,0.23982600400324502
1.3689056281819796,0.3798003984279764,-0.37264044160160115,1.448894745910347,1.0220181746231027
0.19262295519908956,-1.3850596002402635,1.327487269188707,0.0004847350528670101,0.8180146213809072
-1.2048973145718105,0.637840839466985,-0.0013367150578990593,-2.3521876193232165,0.012647169946745728
-0.7062168379662846,0.1756270629915028,0.22818522868459945,0.6445516749251173,1.4968408163920746
-0.0879619452353253,-0.5583220828370633,1.0813446409369432,1.4945784585629815,-0.3445561689411002
-1.9510556443129383,-1.6083325823177315,-0.10460807265261911,-1.0828252560678044,1.3810860711248343
0.1899031692857402,-0.22875666330343794,-1.064880161531011,-0.089294454218139,-1.8753482884004953
0.3376866276758661,0.8338795670999569,0.6610033039871206,0.3740338060178193,2.471249486531213
-0.036141716478001434,-0.5769967672965514,-0.19014893846466466,-0.20678028744427873,-0.8714933810900707
0.3512651482641096,-1.180198911413911,-0.28385585977189737,-0.07362959087755705,-0.80371832266493
-2.0120837935268705,2.1966799050841104,-1.005578319340611,-2.6737800798719467,-1.1980848573936038
1.0518704515927824,-0.9559193186204352,0.4546451381972251,1.7144115772738582,1.9841088647314329
-2.5192072064168185,-1.5346098788031328,0.43120758958155825,0.1160191740073253,-0.14615180104773884
-1.4434496058313002,-0.9178344652604512,0.19217622686280061,0.7650185091548382,0.39544521578889696
-1.5844280752039945,1.4665350108026574,-0.08652054719711248,-0.8856203271309545,1.1013845814573173
-0.1079312992213602,0.07446471363147124,-0.7219695412463875,0.5064306298102889,1.5924626357300558
0.9021046153536623,1.7788666600581655,-0.9155681429922703,1.1544103447578662,0.3881582785043012
-0.49702050537433917,0.015761645942573437,0.6605923153406147,0.8090209761302573,-0.7858220205224421
0.6140268884848645,0.6218274844440854,-0.4179352460850774,0.5374643043908143,-0.6364807917091854
0.09590309713161427,-0.5339489787478685,-0.12559068484564498,-0.7685641635244088,1.7188105502028563
-0.040860303558205795,1.3948256485541164,0.9940015818954973,-0.3606329588629417,-1.9118836231170735
0.03257592105166747,-1.0255821153811253,1.372006166297402,-1.3446012718816454,-0.18984766484841714
-0.5953823741869667,0.5952052504530397,-0.14036486245882096,-0.10908083537956197,-0.14403997226170184
0.5969382482694237,-0.4881286031761911,-0.17916910487366197,-0.3360446833875067,1.2041420081959417
-1.0916136351166432,0.9709313783976212,-0.4908445016359192,-1.0370233028970355,-0.4953966930732916
-1.3997676440941922,-0.3546247522488861,-0.34672314770627377,-1.1067704216773881,1.4415532746617405
0.6311904472865247,0.9484402784311001,-3.8381603340919725,0.467700217176789,1.004226193298782
0.659922956574914,-1.7168360778434066,-0.7851145061402366,1.4310148927080626,-1.769605839248861
-0.20864455548533517,-0.8182170947002833,-0.21070835347568034,-0.15195987732054694,-1.3007895653717443
-1.4257473907401432,-0.5398122068036902,1.3661022674661525,-1.8824833712524036,1.000957683688897
-2.034209392182417,0.34790092116211957,-0.6696792909651041,0.5942137933732816,0.7152850303689394
0.39224882551547474,-1.507434048560877,-0.23265524979425564,1.1237175549687675,-1.370725418097868
-1.5120431707543616,1.4552814852371043,1.3125836515559035,-0.3115044889756242,0.4633876357409228
0.30391051944510644,1.468913853076201,2.17890171272265,-0.2509985106568858,0.48547823268116475
0.457501245109001,0.283376733401372,1.7382354855232804,-1.5208779823523446,0.07261396371611663
-0.2502311551867538,0.867261564930937,0.06662859036037905,-1.0554104948007574,0.23113936326363105
1.0715605395362513,1.3023453476845253,-0.04263875815479427,1.720196754678138,0.2967062858293035
0.5123743236148233,0.5916324705040656,0.5062722477194529,-0.2682502731095675,1.5252650930555622
0.4738320778005742,-1.3125023502402702,-1.8896476050375002,0.060662856908640664,-2.669461797707678
0.9362473535589433,-0.0474125815594343,0.6238487531132998,-0.8055187025734913,-0.973189872093999
-0.5804695266665516,1.7401462468038558,-0.35108389991412586,-0.7095458868436155,0.055238681643733946
0.16464788345453316,-0.37027995363199373,-0.49624019623634763,1.5414585816270543,-0.5320787658515127
0.7731611953786999,-0.008563594267699542,-0.2991824070247004,0.8694122359022334,0.6111806469376724
-1.507855904947807,-0.6308287934302427,-0.6590519298239037,-0.43465134521560916,1.0737221422736438
-0.2087646289061219,0.39493502624288,-2.3609376854799904,-0.08273963734943333,0.08338871570727603
1.5224529544427168,-0.29238935206829647,2.055894820456251,-0.09460918396413415,-0.5327404200671501
1.2239383369166132,-0.5952424448129107,-1.8275738971491857,-0.34017824618659653,-1.7172359467319542
2.263703590405548,-0.20567506083172388,-2.130784883175921,-1.0827073956468978,-0.7928957055370304
-0.8823012614949469,0.2720293660598805,1.4628064413794908,-1.2261405545624413,0.3551598293592501
0.28556703227413827,-0.7500219043681648,-0.523157013379465,0.8175939496811114,1.578750461391424
-0.6987645194081943,0.44641896993436037,-0.5255714738136227,-0.6954592893674276,0.3195750442040201
0.13556260044813023,2.0691396019777213,-1.0599252142848419,-0.250093868028503,-0.31217351353542555
0.7865129547271316,0.2977473991427613,0.2511295353917817,-0.9952717108101448,0.5584306725039367
-0.2994841306572732,-0.2400714622477654,0.01131734204111301,1.0618103165148638,0.2535163923946615
-0.33274356992107074,-2.692398513513814,0.8260387717530554,-0.030280910007905087,1.0177927087213021
0.05658735783717561,-1.43827732953339,-1.0748211246509136,-0.4043366046648537,0.2583376375827564
0.06923728360303376,0.6351223754524655,-1.1230658284398365,-0.5711557513094077,1.5196968922526426
0.45030879376834565,-1.5663988157632884,-0.8620366433118455,-0.44502467981946864,-0.7443426293489255
0.7967113515884604,0.37756855596445293,0.20276774270102724,-0.5086401846892459,0.578186161667758
2.0474343089881044,-1.1514561562241115,-2.145211163501433,0.9480052374658389,0.7770277887988544
0.2679389096697552,-0.5415168788698878,-0.7016649020994709,-0.16618203735147477,0.13730699614795125
-0.6469608606621436,2.260346983147034,0.3417287983824498,0.5815291121533649,-1.0497337692498383
1.1356593786933848,0.9358447164116942,0.7791715132978676,-0.5475342214814736,0.1715937291727113
0.3881090309115409,0.8514157141417757,2.2198329414140505,1.4731591156040156,-0.7227430920213853
-1.2108014273404262,-1.2086872296949878,0.451014207814854,-0.2558756328898597,-0.4632289189625051
-0.14955761871707876,0.9397896754332767,0.16451248339585903,-0.21385389627084053,-0.4374189933046231
-0.3742098545245825,1.1485088628069668,0.005161038182194307,-1.3257880659079446,-0.9548531157035539
-0.3356878273698498,-1.8143905365700146,-1.4428429101480011,0.26421297158631535,1.1759246303775526
-0.213648490828518,0.5098395094120989,1.82288138151965,0.1339621149031895,-1.1720998487864973
-0.14799158459306122,-0.7544559037842512,0.19671684191924066,-0.9438628267831771,1.479757560971765
-0.5999957668850755,-0.025218387059330123,1.4741847518555593,0.9300201726798542,0.5506210988810006
1.794327269382664,0.6495568785909444,-0.06069394719612789,-0.2638119158872901,0.5559042822006569
1.128109089176618,1.3576092583798443,-0.5458410344629039,-0.024153981703032474,1.0404045094941037
0.37979482919729357,0.6589483090044617,0.828789818459769,1.1530539508962638,-0.7653854837102946
0.6148555146615564,-0.10278693787749255,-0.7550542745118656,-0.09714157918930882,-1.218989092611519
-0.39301267409950436,-1.4806597751207218,0.9878785369202655,-0.186462196578902,0.1541684217015919
-0.8392658621859292,0.23009515676466724,1.4256159127921229,0.4667150762401574,-1.4144735528473995
-0.9922295659802709,1.2638988194952512,-0.8601583477180073,-0.7664292745400432,-0.31685603457442274
0.2914360290141591,0.6874114896221494,-1.7645659261327027,-1.527103704603194,0.6400396220867323
0.16232324753341504,-0.03418477566718093,1.2912491377846067,-0.36938705249321474,0.4918903672883345
-0.9434116739242231,1.2614432200296664,-0.449056630543275,-0.34640420717923665,-1.7719546735496765
0.12107566154846093,1.1869113346878626,-1.185328414065922,0.7922124096305523,-0.1938305877177267
0.09545593320303197,1.504156968248544,-0.058107935412896335,1.0286187682134904,-0.14421861121853186
-0.5985898530238422,-1.528541346618585,-0.0107479572949078,0.41417031887724765,0.5028788422420919
0.2938328772775314,-1.1932814594336725,-0.2642257729396617,1.2695525667951992,0.07653068227712308
0.9071133456302749,0.9482850786196552,0.4063708469201772,1.0952578586907358,-0.13667892801392453
0.34173388043616326,-0.2515174659560802,1.9361997476158532,0.7486975683848333,0.43858621786777724
-0.5328596897004086,0.6110484615699084,2.825463991248044,0.09518624533317384,1.173846694635089
0.517059041506564,1.536562029213143,-0.6294452629934157,-0.6708786654281873,-0.8489626650526664
2.4779343697216616,0.6558221313104933,0.5244857954531427,-0.5601347290240495,-0.04496426080807113
-1.3603459580768658,-1.0391232192219324,-0.24424303337368278,-0.07546838714607201,2.94748212786825
1.1074385236046904,0.6021777253716992,-1.176317807481579,0.5394057204398743,-0.9721198390703122
-0.2736294848777722,0.44058587897751844,-0.3079888390742325,-0.11978523944935265,0.6865502284238186
0.45861942995692506,1.9191412973767281,0.8370172939800369,-0.27895242212520627,1.1478257597806454
-0.5440082161329861,-0.5044339355824271,-0.7466251420245044,-0.2802882746054354,-1.4730112720150412
0.5562434321272901,-0.3734240412659115,2.4581946561614085,1.0263371718133627,1.206099032614527
2.4685393728090936,-2.242047230692076,0.22356363583211425,1.5661909534703022,1.0759480678325044
-1.4475340451027228,0.22057641232788647,-0.14389390453399917,-0.6624302674282226,-0.21875995979173185
0.697492644941423,-0.10158415740809572,1.2559057017009163,0.06311295899303966,-0.6261501885719769
1.3446119104102592,-0.3839734064950495,-0.8411029861647948,-1.3599193960487883,-0.2321736592888448
-0.11970186478987412,0.041702677467961975,-0.9789492726471024,0.9555763151331343,2.431157785474872
1.9142022660861628,0.05748316043128903,1.0486756437360454,-0.3226618777678717,-0.10583261843540083
1.1821643870147918,-0.12900239631761898,1.1789716938221724,0.0050482577362971895,0.7496465787901632
0.5177936238081375,0.9301552808079896,0.4717125728366386,-1.00688621933775,-2.1169533893313592
1.3793515905773754,-1.2255100752193984,-0.0313678286175125,0.17630771285465544,1.9619683852744025
0.35798256075307877,-2.0940856038317217,-1.4121319173810392,-0.19481181438455283,1.8184990580386842
1.0509500993219307,-0.9095297319070139,-0.8744884710592231,1.0142704688443824,0.6551309357451078
-0.02018214964389592,0.37715333646247506,-0.3462976820674375,0.7627594305391869,0.6484301171076587
-3.0632035575231793,-0.5693453991462136,-1.5787466319482895,-3.1481472716347456,-0.4202398038480685
-1.0764100659581215,-0.9013806900782688,-0.5391935221105847,0.21260606091898515,-0.7860978054389126
0.12502964779938922,-0.8106132349137061,0.530730889523287,-1.32043516769121,-0.47641966794500906
0.23085433586196194,-2.084838756670907,0.07610923860327332,0.5293136182736637,-1.420553198072736
0.14499171292402516,-0.736667455981727,0.44421426506821193,-0.4176235489621991,1.2296243983532753
0.7578067158741556,-0.035055351598861854,-0.06416677978223877,-0.5706366287455498,-0.8539550500028276
-1.8384765360353457,0.8393356137697152,-0.2540882296959762,0.42361867256031094,-0.4237071364449597
-0.8342726801902175,-0.9132560711134788,-0.7542870386169174,0.7223187332626855,0.369806169956583
1.766868437353996,0.017941923606803734,-0.9646151142879941,0.4656890490645885,-0.04181777665469092
0.10432642356966497,1.9390857533396464,-1.026762951596129,-1.6955433818373618,0.9146480903220854
-2.000169085953156,1.8559294526258154,-0.30162330690669037,1.9474467283512222,-0.6412037737991405
-0.9148238861527682,-0.010671208175072134,0.022916591583413193,1.0376929794478784,0.26836713960112063
0.29303897428975256,0.4420282861876501,-0.3726289759556972,0.24475515043176715,0.5950036023857029
1.1872265569734697,0.1957098429719245,-3.027799341253564,0.6424424619961427,-0.9316175374508419
0.8105502852513401,-0.43922276235043556,0.18558118493242576,1.3220544924150908,-0.7667600274351195
-0.18259402462337823,0.15760262557495106,0.5724647371488918,-0.17565877644632968,1.0071045019167497
1.1708735786101316,-2.1193727284935746,-3.0376967618924384,1.2201658856804385,-1.1753656617797992
-0.07052636985034356,0.9195375921331095,-0.7888571113190046,0.13027647464530992,-0.7661857817072291
0.5010311969701338,0.8010644714766093,-1.2990083621848016,-1.0891564166535892,0.19063625789152033
0.3619640814471049,-0.9770353733976007,-1.9951298771775936,-0.2465067414401383,1.095560153791548
0.7114377867626944,-1.3358825813873862,0.08688829044545485,-0.5725927760530845,0.6095162739364074
0.033590589205227894,-0.005957663464767941,0.7915879921803727,-0.755965278808923,-1.221183849040147
1.3667672163589202,-0.5822071722822468,-1.1284011605837125,0.16136807511593065,0.44022408657347556
1.0467044468330748,-0.6945293266202943,-1.5162524277974176,1.0903506809722676,-1.2693346912315804
-0.5457596746608228,0.5348613858245495,1.149048260222122,2.281577443629251,-0.5350945372469489
-2.5852578416701104,2.2066784866664473,-0.48728674166359226,-0.34075369972331593,0.34826570163813847
1.022991077442346,-1.7972367555800208,1.9681567031445477,-0.7800675054542855,-0.872999779526915
-0.33444102841474915,-0.07776558568003786,-1.4382754200479546,0.09290292173749563,0.2426296732900615
1.1310619262266708,-0.31813198158618383,0.1865548522936509,-0.27382419059362517,-0.8066017787769799
-0.9478160089120006,1.3187860513377272,0.5059303485338966,0.46523840004620004,2.21563873226258
-0.11509819190115395,0.06174951925853189,-0.8120137469873043,-0.637798598029506,0.31548712452056826
1.179565455645292,1.095423484133324,0.18310208995024493,0.21809107827640825,-0.6839030353554544
0.01801244454786808,0.4936979487790462,-0.07967554909739233,-0.011167470974021725,1.2857573980440464
-0.3574940067735454,-1.174041315665191,0.15646576311283703,2.0913598040443784,-0.18305044441517432
0.21203998414498348,1.2209418722761136,-1.0594059068667558,-0.5512028236585983,0.352616336613165
-0.10738061990326776,-0.1924439608832895,-0.5267000053134102,-0.899884677820747,-1.0783432595530091
-1.1547331875806375,-0.49676889200799795,-1.315340723977302,-0.2407076245053353,-0.1269674080329197
-0.348353125972683,-0.5196108546806827,0.5725309264628821,0.25756872497621464,1.090758436818099
-1.2799548385699118,0.10032657291513931,-0.27882662334328273,-0.06989113133012662,0.10786545027018755
0.3537352519572522,0.3005172490215774,1.009261777943741,1.6443395101077487,0.0785229463909745
0.48206833470278765,0.6429576974959971,0.5424923528717271,0.4523178910783372,-0.9789253299396937
0.27249313344605464,-1.4739877194848692,1.110248019131714,-1.8864845128356633,1.5878721155814084
-1.15823243921164,-0.5340644051863761,-0.6625336468370095,0.45359808429833975,-1.099788650039834
0.5222590381526981,-0.3930825838594012,1.364901224961982,-0.4119511906008429,-0.5531753695141525
-1.6656370931136681,0.16775420080613546,-0.10738587782650731,-0.7676331332777945,-0.04501591008502393
0.8862892580384871,-1.258667556454079,-0.5526482390563505,1.9627951830764174,-1.0751102741156595
