0.9831299887222683,0.9439074534734521,-0.7013457922364866,-0.38716537128033557,-1.7925252086280032
1.5217112380243571,1.0112497287310342,1.7517852122993471,-1.1043033329968992,0.10811203353088421
0.2792902457226303,-0.5264771618235695,0.9181954924285225,0.39104100390680147,1.7386206124715877
-0.22538546068153725,-0.8569231938932333,1.396818961253262,0.1505191284071376,1.5328008805663849
-1.8358919104904086,-2.106299041831432,0.8368050961636586,0.44891699824780174,-1.5418185938078643
-0.5327473254990344,-0.9626948700514609,-0.3156721968296774,0.7160228389478325,-0.9579806862308875
-0.5880683027896612,1.149273486779433,1.1547666089143942,0.22760996682292792,-0.8293803980135146
1.147869256559605,1.6478223876626903,-0.5681607438121922,-1.089427201935742,-0.4487254360854167
1.5794703377921966,0.9409110288670551,1.3004928064451735,1.5966198527392936,0.7625560069145287
-0.2218822808652666,1.3478843992616933,0.3257956016551972,-0.8901297751154313,-0.5986081340511511
0.0737860364418499,-0.8613611044606383,-1.0641219814834888,0.13355081023096554,1.269026306394481
-2.3373527793881177,0.6717453457877051,-0.7553346912825705,1.2321674315211513,-1.1168358282607727
1.4549034064214204,1.4814552174687576,-0.1796892658705853,-0.40411277989379557,-0.5752306835097771
-0.9994839123815293,-0.08304728657672851,0.7167254120319493,0.008800098914230291,0.7649548636238809
0.5348868977817758,-1.2162754962467583,-0.4146406980625406,-0.5616761513314136,0.2063268535219318
1.149060734628832,-0.5179434689528386,-0.7033601877979752,-0.3128173715602313,-2.1276724432129313
-1.6480022215477899,-1.4200816475556133,0.16150410255780423,-0.46184408014067585,-0.23814665639691643
0.5589021185177795,0.5870236455983207,1.558870858183851,0.4026506729719662,1.1100090905695934
-0.8404248879980312,-0.7366615876376666,0.1660996739263761,-0.28047372738141063,-0.4108781749074553
-0.2094185293660732,-1.6746546712134454,-0.45790800721202146,-0.20722239119936037,-0.7413622467218152
-0.7785076060332567,0.3499051123245742,-0.16914423331484973,0.14112980345023768,-1.4532025544646978
0.5404807415295457,0.07823553929405548,2.251084413530894,1.0853711665811459,-1.3270965016717726
0.730326190155778,-0.4620801074940658,1.4417195938563165,-0.39537307244483977,-0.036634147529923305
-0.6544194615690041,1.4112305293719567,-1.176906316305531,1.560748169899772,0.8278889413687414
-0.3682311990936237,1.2034693657292104,0.03191052211122847,0.5120898903839607,0.6020806661562067
-0.5662814301351657,-0.4228793294440841,0.6370686753843501,0.017158525553739243,-3.5337756022755706
-1.6005788561542924,-0.40922057378035176,-1.4716755914525104,-0.41521818276500777,-1.052917970189119
-1.4266383924272394,0.2705488713618845,0.5233904922630952,0.02702818791344233,-1.8462747300986064
-0.13641592114618634,-0.12309816385739926,-2.024611540355011,-1.273687260604348,-0.9980930143256905
-0.6916500202843291,0.3369034169760431,-0.3810631936153679,-0.0059494477653893,0.9557912857893515
-1.221738238128938,0.9529763585937545,0.8355908758682113,-0.9963618126712861,-0.47398658924545267
-0.09566032775917087,-0.2834979055615775,-0.2514993526863346,1.1965020788858949,-0.059554442019226245
0.8490225448432411,0.42987607178353515,-0.9426771200165689,-0.004946673826061626,0.5468572467627938
-0.7734935280716438,-0.8375905169043083,-0.5641553912006917,1.1280055267488132,-0.9253612259249031
-1.1666689311227822,0.33734199478613336,-1.0736382834667022,-0.19595327176353364,0.3926782596079496
-0.3095138554381363,-0.4347332641392206,-1.7407502860641797,-0.054610638895286355,-0.7266143173507565
0.5761419921600535,-0.013693591618333589,-1.4848192467740582,-0.32810633932967737,0.56101138349786
0.629208120961969,0.8152324787099945,1.0300864463949344,-0.08882630748158958,1.7662200037554368
-2.6037616424951904,-0.7256925671309363,1.4984837903246078,0.16729420273212592,0.4189695112193185
0.15173417925784757,-1.586496904191586,-1.711388970656488,0.761209447776764,1.0487211430381445
0.16339278724309497,1.3993500641383882,-0.059706732146638346,1.4035780056055203,-1.7469721945416388
-0.3454176817949608,-0.7613345392415352,-1.495029791539035,-0.7603323445531802,-0.11977251429121055
1.5689834317431024,-0.0459377956953995,-0.8915084397284742,0.9112620413950496,-1.2133456854047444
-0.4239184323711471,-0.3093909533574457,1.409305609596688,0.07647897266788295,1.5024888030412926
0.04442839282494636,-0.8177242590778653,0.13734822568840374,0.35281933165330753,0.9738289315613743
-1.3199020599747522,-0.11631991573782428,-1.055162614383612,0.4872118357484688,-0.7843849660355918
-0.701430225776553,1.6693422524140946,-0.20001232253804535,0.7129341501586155,-0.5792105958845002
-1.761140905662743,1.6564885049431033,0.5251089516915072,-0.3818494430337994,-0.07634555249909653
-0.314243618664174,-1.4977718109782074,-0.03127246039626698,-1.6679752769185556,-1.1615011874945016
-0.15656130416613917,-0.5366165338141955,0.3515868922223896,0.8484139400047931,-0.7071340331006967
0.6111323510645505,0.19999788635952892,0.03862526315887699,-1.7842524056201678,-0.8944776161174158
0.7481295128957163,1.1662849977931495,0.5878514516064374,0.4939464204749238,0.350090966891925
-1.5665755086001172,-0.18843909527615466,0.6882490043294447,-1.746574613281198,1.0582095983155482
-1.0770827566445744,0.6500280050430592,-0.8786883941976295,1.352962586713108,0.09342606654597953
0.2847708405828489,0.6023212218637874,0.1797287936523464,-0.08757207312501408,-0.27954295317415734
1.1177978721437658,-1.9238715229463266,-0.9749058852361442,-0.004032039424838751,1.1093938388133282
0.648680702439291,-0.04108511910831782,0.35461095279384275,1.7460370435906383,0.8356678326375059
1.08114653012016,0.01207878336042759,1.471958840209825,-1.3951675564131305,0.4446392425847223
-1.0890633627305648,-1.5164020266753517,0.698821093371164,-1.1268650651596601,-0.5434656198202272
-2.230034380980021,-0.5536603980192653,-1.9635462060642757,0.5455177680448804,-0.4880158381062923
0.12821502533376086,-0.1820400525882403,0.16883426731433074,-0.2380799698179161,0.1611690124273527
1.0250775261455114,0.24582726369183128,-0.37076598123408916,1.737493236981089,1.695180253270367
1.144476794024201,0.5317722327362324,0.9687831388569382,1.462488458081598,-0.7730939282352037
1.3672193186332464,1.2791749560313461,-1.1316311733252442,-0.3468714107075493,0.8767049659682322
-0.04657268568683723,0.5259561792434382,-0.5092314729057517,-0.26749078223998,1.0404770278329467
0.28023833760110234,0.46027177672587344,-0.09362445460036958,-0.09258266805454449,0.5897055947588792
-2.2174838385921753,0.19721063936581612,0.35040418010795094,-0.7134904257292616,1.6375766847461846
0.7560720899223632,-1.2223913151191395,-0.6246683107185691,-0.9913276513979126,0.2339077694519864
0.00444194961317829,-0.29024923467652586,-1.554045613059946,0.15688826599702826,-0.865200169205033
-0.6139425046457795,-0.7389963278472248,-0.1715495073303074,1.4582980685842826,0.27494126105173905
1.992729242580296,0.6251293528982664,0.08289992180168267,-0.4490827547600609,0.4913301491220144
0.7628436714687319,-0.842626464421963,1.1812104455530903,-1.7103874730934716,0.4233175854547301
0.1487771055664073,0.2703671159595931,1.0974748698364694,0.17396167356947045,0.5954835689136728
0.283586803341952,1.1303809347386915,1.164529033644602,-1.9949413662719808,-1.5539552554575213
-1.1964772506124466,0.9074902841142021,0.6280730910879186,0.07717055682243691,0.9295260479226798
2.155967313843239,-1.437261787180031,0.659529629225101,2.0472871578309566,0.5408599353293708
0.2899257804524992,-1.9247631311395346,0.4352003861482641,-0.21675609070788865,1.1181816177471058
0.3198144270036662,-0.6455495302757791,-0.42883107623457645,0.07379186759466408,0.6630002754263586
-0.27511239005775345,0.01354376981790257,-0.45255917461317285,-0.04552344140031984,-1.9971914504894495
0.4325551448710336,0.04160300560916875,-0.05353167652744075,0.6898323108720461,2.3887617248062374
0.5902614876251513,-1.4187618035495804,1.1183245256898493,1.5859299532069366,-0.7046760355283038
0.16742942090649338,-1.1758297787989893,1.1069540811466223,1.3671844311431693,-1.7321183355805823
1.0288101402344496,-1.4691833950839845,0.6883600666317381,0.4397314601585679,0.9327261415210425
-0.027004975039215992,0.08655395433845339,1.2596898415071347,-0.6333271710117109,-1.299836154447779
-0.498072803880756,0.3211882620709425,0.041931294775725866,-1.8588418396265853,1.0882916194966579
0.43924899915402893,-1.6148352005422764,-0.27567912823362223,0.6450655266281156,-0.7991786332584457
0.9474936316884945,0.8149847542247177,-1.5714883871212175,-0.16667560373886325,0.0028018443494654387
-0.12263657668845919,1.3731770019744358,-1.0639658229820053,-0.16175348640951678,-0.30767924339545877
-0.7626868573101347,-0.5304008522879609,1.2327412293378344,-0.06725449214642018,-1.2551898108609953
-2.271391567600086,0.12971072241064432,-0.22800080925216812,-1.5870715410063114,-1.6640075817120337
-1.7967984259945335,-1.0880696254762485,1.1608709564478696,-0.8079980745053391,-1.5727195194737615
-1.0758130965859687,-0.0663776995362154,2.279070169283978,-0.5577588522510178,1.3094132065222925
0.8277990835047487,-0.0695416177032381,-0.5743352952528027,0.7621059659626775,0.5696201615885027
0.747858676872687,2.1124434915236145,0.3585956226167769,-0.8211294650847201,-0.300835062393602
-0.6002990878399905,-1.4261358422156096,-1.3549147944349718,0.05229064518332954,-1.806868416899952
1.3827433474568447,-0.45268959783741586,0.30403336094399996,-0.8589569878161547,1.0531203929717379
0.1730820401488046,0.21953517079440102,-0.9326380354665867,-0.3642124981068434,-1.4167681695234322
-0.5074657205664084,-0.15257665020945838,-1.5493938120634587,0.12731485410670945,1.0798944776754622
0.20979707379005724,-0.6734721125696034,0.29989198381609533,0.03596790975559202,-1.3063379176911154
-0.5770166432615396,-1.6801736007971002,0.4425975829145828,0.7650140908443929,-0.14014219367460268
-0.5142139270801477,-0.16413606473114475,0.7995463411571021,0.8046491977350201,-1.1829551968218517
0.3934578373566922,0.2892584691552947,-0.5968196397673808,0.05620139704829026,1.7625405407760182
-0.1404685090514928,0.30342200530091173,2.896733818916293,0.6288716226512435,0.22661836890231177
-0.05699742014194068,1.657473970040894,1.0349733298355626,-0.5091678356140468,-1.9327162088340168
-0.8228565514629382,0.6174135908311968,-0.32130973597973345,-0.7752019245953788,-1.4524946515540604
0.019084567068134068,-0.9485528184261238,-0.8586381484510562,1.6388348918775866,0.8773106306599006
-1.0321189826934247,-0.4592797956890251,0.13344393987727785,1.1200933305965282,0.8041874205071929
2.103419917661785,-0.39382171721511383,-1.0414010953395805,0.3095891890878672,-0.6822329936799766
-0.156766456391458,1.283366738650676,-1.5639094061401786,0.2733332172741841,0.029688002094922415
-0.429920783846813,1.0714415463168308,-0.04862104348751384,1.814631721245282,1.6095282716535968
0.02583961127287788,3.04624620234361,1.8645979151749086,0.9854009415336766,3.3041543406246143
0.9108659358317502,0.5424205188644929,1.5229657618102297,0.5919685945469777,0.15573737837235438
-2.683150465513252,-0.6966271254759971,0.4225414353976238,2.038115319403836,-1.3713554651262092
-0.7500939846811421,1.474785532649145,2.3568411272210414,-0.666115514173302,2.9610404674863897
0.08389585817765079,-0.3446837190825085,-0.5276656508228645,-1.4412339481119665,-0.3457229028034886
-1.397518224300506,0.9979052757849279,-0.22643408910476698,0.6437226087251691,0.5066411912078723
1.1318347741955113,0.03624705615132652,0.8687557238233649,0.16484396917144103,1.0976397948158239
-0.8538721424086593,-0.5915442991662649,-0.006944590014495175,-1.7293782772220745,0.4068195004671018
0.6876168390125312,0.7519844025769749,0.5317868225341082,0.18817629510751727,-0.5542315177874051
-0.42284171057308545,0.27559148601669425,0.23350642983071154,1.0299656127768255,-0.0305533116045108
1.2481204288513377,-0.21628568131259815,0.8893444853819148,2.8487386287179888,2.3476146464417855
-0.4044174321205143,0.6941565626742563,-0.22885153993531585,0.1759695855914891,-0.4554442016605073
1.257331036353881,0.5163857082588156,0.9563490833202158,0.3601895490965295,-0.5570652980156907
-1.0971673590840223,0.6017840016032222,-1.2950641721739817,0.8282365013581974,-1.0204558667083612
0.7808328180459088,1.4767941552500228,0.8255347602945027,0.23229269526060334,0.6100807083704828
-1.8348119050377956,0.9744365674502969,0.45572119147577383,-0.6495768756601012,-0.0752154340355286
-1.4045782655438455,1.2339749369029425,1.1339783984431262,-1.590447022232052,0.06984912747773961
0.6317097490133854,0.3311232406816455,-1.792149734883341,1.6162994129617252,2.2230871943775896
-1.4851870430107472,0.2001812601339326,-1.7431253752959524,-1.4468928835572006,1.3927228153130036
0.45216555242640444,1.106425736171128,0.11884323896941235,1.033308153014344,-0.9108234863223487
-0.9327752279178554,0.1767523261416795,-0.8803276487059051,-0.30626570013728943,0.6000451039615127
-0.5159843884176024,-0.32357878794456535,-1.920219705296845,-1.4930532327155164,0.5793930478009068
-0.7726598538288436,-0.5320899206274103,-2.0971672349640853,1.087775967157078,2.153412356876659
-1.4319436991345478,0.3831136739191882,-0.6820716870221094,0.3398274105516401,0.37805313632399185
-0.713838280158604,1.2844566468445158,-0.5579681905916893,0.7384155223020054,-0.2670300700515483
-1.1281145417155394,-0.5279813534073362,-0.03382540815289411,0.9024167265343607,0.42313248825249694
-0.0163237102211949,0.7140382158165741,0.7179930841974566,-2.1391757528074544,-1.1031480628646495
-0.4020079284219638,0.5144144975287324,0.3524318765618465,-0.18483956729976542,0.30044427130062124
0.22990748320125368,-0.9556146227787878,-2.5767262532459383,0.4847128766477464,1.0036386434142242
0.27515850769311373,0.03426759986298752,-0.579097264077831,-0.5879719933392216,-1.250724663972396
1.0033747286241104,-0.238130006220205,1.053593951710945,0.6555618364044205,0.3575893220549404
0.14765990116759617,1.4262463703313186,1.212766156625272,2.96441992136313,0.19881953734830493
1.41748776233001,0.49796408951653426,-0.08940468441768576,-1.0518737540749368,2.7502880213712624
-0.20136884826890242,1.8771968021939505,0.9506920608195955,0.709399420835629,-1.2367120083519507
-1.401638061149609,0.3168611314878349,-0.23489593724333366,-2.6589164822902496,-1.3605826426998138
0.19887955070514407,0.9053579252578682,0.5594683869137275,1.8489204248958928,1.3565041723208322
0.7588558255919714,-1.7409321933144941,-0.12066932734381104,-0.0294682695861943,-0.30143956622793866
0.07935831038219085,-0.5836547579780641,1.8885397023678714,-0.10341306962388042,0.44328355251058527
0.5393650498721194,0.32195442286397324,-0.2284443696761906,0.3021286136400567,0.8105727084470218
-0.11434567106802444,-1.3590658646946054,0.5054190816188042,1.1502802770770757,-0.6170081147940304
0.5035330329290182,0.8845707231701324,1.9213795702232428,2.3642076425000793,-0.6203892130687437
-0.32556949309092537,-0.05392658006518525,-1.4802188259656557,-1.5643162801117991,1.0968640149676934
-1.229644870640322,1.156258136684958,-0.3953703034511469,-0.8009667488395813,-0.0028954196128999103
-1.9373904919119036,-0.26977805792867604,0.08137768008739595,1.2372548025622159,1.1752312076658742
-0.08933662754016033,0.46101272374926194,0.6043346490956792,-0.5254935176480547,0.20588630758441945
-2.6887034559823904,0.7680465251070285,1.3200701522692546,-0.9301082732949582,-1.020477824534309
0.6807440643199053,-1.3412815875723971,0.02767349209176978,0.9139685669256079,2.1831980124538246
-1.6800071370545135,-1.2907510807870208,-2.390076671713181,-0.7257335183866815,-1.1656744900683815
0.7717046705006502,1.2694997225518068,0.3308020490006877,0.6333706537019161,-0.3462952715481008
-0.5023978917424491,-0.6575714859186828,1.9932122308920857,-0.028125198668922845,-0.6696393877796848
-1.674223041332396,0.09335055017661885,-1.8468062027036556,0.42473757915141563,-0.8819197499354154
-0.49085620950695125,-1.605476939872529,0.11232785716218412,1.4459506540512697,-1.1126020928108569
1.465542422329723,-0.43088200955508293,-0.4398298865073953,0.14711285482966002,-0.36422318300929435
-1.2688768972656712,-0.22694990369582485,-0.7975412542323747,-2.586954394267095,-0.5442900209588669
-0.9287215076818787,-0.1951136448648618,-0.8369278138411379,0.40186223425481005,-0.7732063759844555
-0.15709180075685197,1.010966788308374,-0.4255659938894501,0.21391880235860164,-0.8216049580325624
0.6482452057550928,1.2649719022923906,1.154060682628688,-0.8309502078745723,0.2541871750385851
0.6947335938023045,-1.2730665417111433,-1.7353430420009406,0.53144401119541,-0.018726532679544373
0.7762456560839499,-1.6449078645151023,-0.1448333976940116,-0.3354718444803421,-1.0665646590966458
0.24154777837880384,-2.1790131168917846,0.2993508656353267,-0.6094406779881189,2.692338145518198
0.6127804648382376,-0.3158856706167087,-0.2426354631353405,2.8244897850815964,1.9972722617006897
-0.9508144221610305,-1.2047047835105669,-0.5126461078449,-0.052947878919839333,0.7239631053409782
1.5419408491802833,0.38899098378588826,0.4899827182165114,1.2791827139211223,0.7640306131709507
-0.749890842009372,-0.08887820451512032,-0.14076185145427744,1.3738864258392325,-1.1531903721071326
-0.33836720257968067,0.21293019287991133,-1.329872133195692,0.08338596023578758,-0.32691981807001047
-0.9932511781632544,-1.0044617114318803,0.4039491945301198,-0.5370311596763834,0.7183068509037737
-0.7624818252839697,1.2852525872535425,-1.7782817532879658,-0.5923794033824914,0.2906719272532807
0.2094249651361883,-0.8397063484642814,1.1191028438408994,0.2507822720176458,1.6810150320701747
-1.7280973545120033,-0.7406628881799077,-1.0805328501292177,0.06700822666780198,1.334558902487333
-0.8101216001034197,0.3990108548090292,1.245311307006091,-0.5236225835511343,0.18552984928352242
0.3109729222148264,-0.6145730622082728,-0.2661962716053589,1.2191566424308686,0.7382200762336291
1.1891376286832236,0.5026911534115895,-0.14100647073522474,-0.8096077666329063,1.0271438531442296
-0.4860798603434091,3.048326999554112,0.471151217764655,1.1780777918403786,0.35231988126934005
-0.2778973850995791,0.06349899011739815,1.3491870532537051,-0.3252575340668782,-0.48850500334175695
-2.1729828828479922,0.42006583358550653,-0.15961038280247353,-0.3201164153287893,0.9000737872780973
0.04813430359253154,0.7432750142699455,0.9112697496913185,0.6283528297518827,0.6600228438098302
-1.083944157394332,0.42779702600435365,0.19892110210637678,0.9944362198551729,0.008309224179622788
1.3168675807878676,-0.3672077288596751,-0.8924898123418393,0.2549344627752737,1.8661831119748875
1.672898281672104,-1.0281986565247279,-0.6483382598114222,0.39477160463494404,-0.30131576409483884
-0.5084339340849804,-0.5383176105527175,0.750611862086501,-0.03107604489972127,2.1756775552890386
-0.7968528823145942,0.01041569788107698,-0.9260455862408785,0.39244409623232995,0.3606287734631899
-1.052127846199861,0.4525058010200524,-0.3334384263133809,0.34903833989932087,-2.5989746845104436
1.8148183067305874,0.5221709055921062,-1.4364969284861633,0.2251433688833977,0.16876277179800056
0.25791811509345697,-1.019096107202393,1.340327970802256,-0.6014636983405587,-1.5321810271302487
-0.5802414277820429,0.2909714158983083,-0.6394598341654464,0.935700817256546,-1.0317109316790738
-1.6463405674728193,0.09622347664416543,-0.2726430196594812,0.010380635007750461,1.1185926557740644
-0.2778576315488561,-0.13554438598217053,1.8951727406159622,-1.6533198864142837,-1.0394452861571086
0.04411407794561166,-0.6150029507863168,-0.9018414876016783,0.9105607628855785,-0.763490375821561
-0.7786397920920646,0.3053732924007221,-1.9176108379272574,0.19420976015102476,0.5671645789029998
-1.5318814406552381,0.5911500546517231,0.9168283550401144,0.3765535913238219,-0.22887046295260488
-1.8564108919923155,-0.6925391937476708,0.45329518449893264,-0.09534203235071836,1.5642224116211856
-0.5163505580161045,-0.5938870880761207,-1.4157957251883992,-0.04946657585904028,1.115307719201468
-0.39052937112416275,1.2211885161525282,0.9397007673182848,-0.7166324176190154,-0.4903641127612512
0.7852341391285609,1.2898863791248971,-1.398827666621176,0.2845028526775804,-0.5236687396133957
-0.29919420093950505,0.9777514375173829,1.4240511504865265,0.5019080344600758,0.8009518174640115
1.770248273441053,1.1119811222451368,-0.6240278938472206,-0.45034612470652974,-0.46560060635437256
-0.3022053678962038,-0.9660439953100767,0.5392959037103088,0.12110250419280455,0.4755979706722563
-0.9811342890737433,1.6196876239445188,0.2859045723562235,-0.7501495479153497,0.11354886329951462
0.6489384161151449,0.11429707102861669,0.7652005039159008,-0.32592379418702244,-2.9389602184095014
-1.2827235739538048,0.04329384608267284,-1.5149527751157084,-0.5588059356961409,-0.1735103069387816
1.1106833802349372,-2.104022280952394,-1.6529463075013386,-1.5902071667743434,0.9115518344414605
0.09826101164643367,1.332620170166873,1.007362116638472,-1.5118616995507779,0.35643399948700916
0.6407053803181333,0.1294260329772218,-1.8773659345957918,-0.7599839244762433,-2.330368499779019
-0.06430155560908338,0.2955346844426087,-0.5968171140660117,-0.8181104750059864,0.8933286952424211
-0.32742117675619814,1.2149556161520656,0.4946634518295335,1.246876417756112,0.8320821389420239
-0.7010866023712877,0.8668021052038363,1.4043954185800172,0.5063813831954078,-0.5749167972283755
-0.007231068703925493,0.662067859719069,-1.5821168992218009,-0.25086385901319114,-2.3785693141447175
-1.5537503706005085,-1.9789709094517989,-1.476797479839597,-0.7029975800884077,0.9221187594190275
0.5061984164990118,-0.577201390817682,-2.10147957407623,-0.08354897279719638,-1.0722467082720055
0.515086620874622,2.7523392409939182,2.066707591519129,0.05828459519437602,-0.9032878914092154
0.032879883535396254,-0.31312735008633436,0.8684900599835929,0.5569740566821356,0.7423660380454203
-1.9031529338793467,-1.6014044361209887,0.32214881796720257,1.3071110667269583,0.42336026028566365
0.5691944721555956,-0.3634107878123909,-0.35842894388055185,-0.09066434632021701,-0.4476740624684118
-0.5943585123763159,-0.6741424005775456,-1.3565109632958745,0.9538856924162485,-1.5386458787846413
-0.05020253677407798,-0.6971730616598233,-1.640593058218604,-0.7932861547153529,-2.187939780058023
-0.6432097334048043,-0.5397888867586059,-1.2118422953852608,-0.36452346781332945,0.6596991110891058
0.2802481182435805,-0.3039130582702761,0.44200919238871383,-0.10085321937682218,1.2021511581403839
-2.1525137210734187,2.0254077932418206,-1.1942995228577309,-2.189591417192158,0.5308582042193645
0.04158061404994194,-1.921222816102453,-0.2826848098528394,0.7464507747994719,0.2901822196208667
-1.8086065282175527,-0.8846175365870551,-0.23449507471687944,-0.9513094420337695,-0.4673126643996416
1.3281770943837408,0.08903037132579147,1.0319128308983663,0.09160399523260722,0.71249271945033
1.9590605358375384,0.12934837523746504,-0.8630559466998621,-0.01536891785276751,-0.628334992289272
0.796611566764816,0.03395525693741504,-1.6360311859617283,-0.004528460570413632,0.07671978793686905
-0.46925293519011413,-0.9696166912466793,-0.09562746187500307,0.3712164961422534,-0.9702098376834056
0.3990211362597656,1.4169785980608265,-1.2538496832643498,-0.18658170651154712,-1.0820859908216298
-0.6380563521145632,1.6142126460055828,0.7159394400726877,-0.06601228854149109,0.09877640241353504
1.1549665788365835,-1.1653847371759256,0.4653014513306923,0.205202330588462,-3.1866955191685156
-0.3565781733435562,-0.8764488323597819,-2.4246540322390717,-1.5379421205653152,0.20763912646722404
-2.110651659172343,0.4223921789914164,0.6281190939000902,1.2797397666200105,1.0769076530671522
-0.994760860174864,0.8950731237576245,-0.12872466139031952,-0.22678952444030748,-0.6436692897277546
-1.819305618152706,-0.9326082160921156,0.958876918890056,0.5871901660294025,-0.5900905390227268
0.3489759671611835,-1.2512329003275398,-1.0033811157269041,1.4847197764277746,-0.6747111742467229
-1.7668292979945759,-0.07406806719146806,0.32012666726893313,0.4627380464126181,-1.6015332115570133
-0.27919274325717286,-1.6460190400144996,0.3367559247219459,-1.2907827967438161,0.23905874389203982
2.262046953330588,0.792982154553134,1.5653469414036956,0.5489565802947584,-0.5242917708571598
-1.2906981581188541,-0.13728458902895704,-2.3589359204473017,0.17476422352582113,-0.9991878010299418
0.7334006907193648,-0.3237292050916661,-0.9661006911536496,0.7874714867863079,2.0169276882891416
-0.47014153950792803,0.2792604990194307,-0.5921758993176479,-1.7313420544351168,-0.418900934125039
-0.6337278699896475,-0.9214845543358127,-0.0041159815240175215,0.19514029621655168,0.4840202600950052
-1.6395044006364436,0.45504131351953647,0.054588985085723386,1.5654904751884606,-1.3973404601728805
-2.090691057093291,0.599488027854973,-1.1086300441225247,-0.7003402093420757,0.8375691299056921
0.7977967441253443,-0.2064252665660527,1.381768685847913,1.3450155776165504,-1.2378074643745598
-0.26830117204550563,-0.9844908972075503,0.4016969171228895,0.7520937719014846,0.08961039710731483
2.612799306596406,0.2609094050740096,1.4351067573471223,0.9691834609562356,2.051973619265349
-0.5386027041416919,0.973864981679478,0.15892641837774643,0.2727002307119375,-1.3893350048556932
-0.40554080544183335,0.873052508631963,0.15206670933071412,-0.033850054196940135,0.4994115700908988
-0.7881791415172155,0.25152637128668237,0.43383122944535113,-1.90052543040595,0.3326553340127959
0.567376670883161,-1.3190329674534127,0.7429117673091914,0.5498356022818864,0.07572565797018596
-0.6843862314106293,-1.9755102568861402,1.0615446888345839,1.5862632717226997,-0.418800130452786
-1.7617546526796173,0.7894099569400735,-0.06733532073339929,-0.7725338499007233,-0.07146227552707707
1.1962216817619842,0.731633386158115,-0.7784541032282931,0.3208016693293981,1.9851322682330381
0.0676380145518761,-2.068340003977522,1.1131549803990402,0.5557110294224226,1.2835142857312207
-1.3363840128526117,0.8891264957629073,-1.3179369134898777,-0.9784860660101582,-0.28426323246575014
0.11505902004766858,0.03136047748415716,-1.2635161468722522,0.1972664514402661,1.5480609724307717
-0.3338788554461247,-0.6348561525552707,-0.5005186327289906,0.18892383422580714,-0.5911280879301699
1.216863425100209,-1.54820994027068,-1.046376904917678,0.19064021113592822,-0.3636661217059814
1.7724874629275305,1.0297661800366442,-0.5637693617375324,-0.0039261438896864035,-1.2779669665206745
-0.22595777482566545,-0.6194813860461985,-0.5568249246200514,-0.2865602446571691,-0.7292044936166333
-0.18752848339124417,0.5670572511578132,-1.3357407267136803,1.0409496372497142,-0.27037133665217683
-0.24312940615127504,0.8682453824210337,0.7931186803860658,0.15785286421388112,-0.638015056700124
-1.59344650531013,1.707776118734419,-0.3221270301262103,-1.741590703224927,-0.30001083738236195
-0.34025743944315406,-0.09416643961443445,0.16596881311647863,-0.796350988566707,-0.5257823916246246
-0.62413720432587,-1.4294231566291236,0.1930928222395412,1.416619559262103,1.8805498868311306
-0.052748093672012525,-0.5336956889305327,-0.588240007894114,0.6673772115580346,-1.4174176814239332
-0.6388889017577041,1.10377176178679,0.264309848458331,1.6381284723370244,-0.7128187212900821
0.2780816835358253,-0.429317475368436,-0.10740545461803307,0.23974181780593545,-0.3141272013910101
1.3743300170745876,0.16713967663409618,-0.38732151399079107,0.45445258774448694,0.5238545917850854
-0.9619194251825993,1.4058476420169626,-0.1125523625792403,0.07605061830784847,-0.13945782383234467
-1.4040635466695837,1.3620615202206723,1.096692047986552,-1.54461140094882,0.021868673518217457
-0.1773911965664393,0.6052688368565814,-0.06967093115434111,-0.5396149720060336,1.2527259416958418
2.57672500105642,0.23044861498165958,0.4113080394279742,-0.8949996553378111,-0.25954405058726365
1.1685750642644994,1.2996043771836243,0.6234627548189474,0.5051451763018241,-0.5085296425338778
-0.5318690167231981,0.2804207043580885,-0.8207116399855261,-0.700865998100026,0.0015411934885362598
1.7417857479783885,-0.5887799245846113,-0.05156764665937587,-0.09909224029785355,1.7880470521770753
0.7721842632750442,0.5952871924373933,1.1656761703992684,0.34809298160769464,-0.2911753242277177
0.6891136597458816,-0.6609080307879648,2.1099916113643182,0.14647726905282693,0.33545378508671214
-0.8173597206036974,0.08924244017699026,2.7497175250174255,-0.006733448782265463,-1.5842978175919813
-0.5987613968618786,0.4622070131518008,-0.5899806609125904,-1.6963737693077532,-0.6548482292453041
0.5838786628160427,-1.9974773370186754,0.9171216157087074,-0.6102613247174002,-0.899238291188665
-0.3605282756501311,0.2961589340659238,0.210391409992344,0.12837313835737743,-0.9031984265227976
0.11991176596177655,-0.7538266342858921,1.1508334291530724,-0.7650375903183192,-0.012339490351764841
-0.2993466009431625,-0.7244585607600054,0.26358085199871906,0.20573736594265046,0.8474859773258175
-0.42406131184908336,-0.5758654122542213,0.9553785225564888,0.9706192902749737,0.5369670457994384
-0.7615307403780607,0.06850043643851676,-1.8613377082177749,0.8625685020869068,-1.623868242747842
-1.1813922931587177,0.5546078180043913,-0.045532105070608085,-0.5536559209567974,1.2963659453566507
1.8200846787918405,0.6700860081129443,0.10327928554195775,-0.7645548688972013,0.4304887817414185
0.32581315237325476,1.824884719849955,-1.6872036056822748,-0.998190231435454,0.006457759594427957
-0.2523325667681393,-2.006193294837874,-0.2625721798769933,1.269589862019784,-0.3172090520568234
-0.46030342036370225,0.07939500293191555,-1.1289405976110631,-1.0154991924711203,0.6737481216924154
-0.09105961248207442,-1.8735523784765298,0.6249287579334151,1.6521995989947889,-0.5462155874854301
0.30265097681582565,-0.958293031079212,-0.32367676102895465,-1.3724511942673103,1.2325063062605934
0.5192874739079393,-1.3321640865561788,-0.08417837487862516,0.07948209063667097,-0.07894058348280866
-0.6092261021097941,-0.1850516303860778,2.311244189638692,0.1783577180801707,0.21911052239323411
-0.21619041322369614,0.3897362338165515,0.05747470100230441,1.3266847193803544,0.0554598362482362
-1.0084253084402273,1.1584333493116283,-0.8799413018269138,-0.047820272932907436,0.08478329641184704
-1.9525054333055107,-0.007648920747943716,0.34102265785217306,-1.4375397698946708,2.0890507092048347
1.6305971929053562,1.0485655528640743,-0.7864510854781546,-0.4844303070411055,-0.06433995268458452
0.19450365625179644,-0.7859308604332464,-0.5675068164086732,-0.930968447540084,1.1108159755339175
0.6146848171209108,-1.0637730669140635,1.0471199016179797,1.9612356711343248,0.012159979265535895
-0.193200026934584,-0.23880961685229932,0.4404736209393772,-1.7272448716880497,1.483448231592936
0.12180014608471806,-0.7826972782513734,-1.8867067053093864,0.2563977185266886,1.6668751622392495
0.25006426707608836,-0.11715540635503059,1.5263554307597524,-1.0122609124772617,-0.8851999320588223
0.7825066902455828,-0.5150754709954558,0.3313802514900774,0.5526130255893016,-1.3973265014978378
-1.6384825776907732,-0.6995929410523809,0.034857256264043866,-0.8628688069059478,-1.0546351855454563
-1.9065504500335426,0.9115380865482008,0.7530028961736083,-0.750399086185467,-1.9387558309005415
0.5504933437771711,0.5607240261933276,0.5840705308687796,0.26583591601926254,1.5980764912878531
1.0150308788739018,-1.2644881825452488,0.07189089248482221,1.009505605247449,-0.35557831953320046
0.8003536341514853,0.05496317787442236,0.3959448497422043,0.32106682178511764,-0.6978662378044876
0.29888754306973847,0.595039469723427,1.135554362157266,1.2641685060039867,-0.2990986899656977
0.04563153832654897,0.3561929296515246,0.029368488707794887,0.4797524939994069,-0.8379088628713176
-0.034248149115187115,-0.8363688691067301,1.479620066946873,0.48978018538268125,-0.543314048410407
0.43503487857027584,-1.603913249387817,-0.8616859586189373,-0.5294210634456912,1.4132917611406848
0.652829455317439,1.5021152101790773,-0.2139854838615043,-0.3806562846366479,-1.514026262131664
-0.08018355041036404,-0.1547287807178478,1.3888002536634982,-0.30108869954346623,-0.4989935708774611
-0.15198885753694877,-0.22217279549362473,-0.2411932243763603,-2.0121763420936656,0.4274881683701259
0.06382874082537256,1.7175528132381352,0.21874072667217417,-0.4903725898171251,0.3950361757877642
0.213615829684592,0.42443778187350756,1.5078082069241143,1.5583143134380422,-1.26854881330126
2.204171008524563,0.346836936237162,0.4978780740612637,-0.9636518665671399,0.0002751435704451556
0.9177664670374743,1.5433408381473084,-1.3219509636169269,-0.7800810456379718,-2.1166887716809986
-2.7175367453207055,1.1952105848195667,-0.428505215271244,-0.5734431353732838,-1.602427088138455
2.722256915897007,1.1438142930098754,1.0361611743961914,1.0717445730459578,-0.19783565016662885
1.0311725387098503,0.1089192259589048,-0.36820166317931224,0.2714907334058378,0.9427317133775983
1.0888628529270579,-2.2898345016104873,-1.4613369824861648,1.5757490766214002,-0.9063844137325917
1.449647252912323,-1.1123483937831475,-0.8462231415214986,0.5426804617542601,0.38024944274636313
0.2908284006352804,0.9617950342685747,1.1835923031322897,0.2997915956074914,-0.5646022052745499
-0.14404274599201977,1.4283354485335882,-0.5366032831001961,-0.4135565739530334,-0.24024901025222659
-0.7135653188023316,-0.5228701499934306,-0.5405353729676999,0.6520647969557009,1.0140225750902905
-0.5656962558854793,-0.43459433091728444,-1.441894823506145,1.6857302884501584,0.6126439561625207
-0.09937652750768552,-0.7463965237340585,0.6814521551036381,0.7605263463907201,-1.2101235877242043
-0.5585069792242836,-0.036346743520002195,1.0023947997530132,0.2960369305254949,-1.4330175315111817
0.49573487848564535,0.7125381229120593,0.6348889861156962,-1.7017594379577206,-0.4178292515639157
0.5997625836745308,0.6236757653381095,0.5462982047889876,-0.8744973022015919,-0.7481520857487697
-0.847550027683738,-0.24414259565575458,-1.0658312420914817,-0.5917219774301202,1.7818640222032247
0.11406902485526972,-0.009322818611262686,0.3432588329853892,2.8679099182290817,0.13449816023296293
0.05089523022855578,-0.3303527930972425,0.41469162014938377,0.5732636341276848,-0.9256371342974126
0.3464092729032678,-0.6390729189914579,0.29467435275380466,1.6142363909796693,-0.7175769482139436
-1.5385333023475756,-0.44474893314536906,0.7324679697872855,-0.7773973668388403,-0.12171955709253991
0.3878424280670467,0.06145817885049592,-1.2080649493403979,0.01801574818647025,-0.15285064148011768
-0.9216101967594871,1.0406236833362499,-0.32029066503992293,-1.5635184307476833,-0.2635667838145103
2.3055486711148307,-1.2836440418052042,1.2239534032892365,1.3485493378604447,-1.2407073414224654
0.5411590211639241,0.5311403694586608,1.3281438949281208,0.2095940554488831,-1.8387104839174409
0.12409016117030276,-0.8597246554890781,1.5488987518399884,-1.1022800564090154,1.0806869289556729
0.6736441168575202,0.7254060262687289,-0.48372625235497174,0.7704284893395191,-0.628748882456067
0.7569321547177815,-1.2667610521375947,-0.6980336051484218,-0.7164649342212535,0.4838447341528225
-0.7094083912360472,0.3595038516100414,-1.3420651819676026,0.9204544350073088,-0.6710048381088322
-1.8590332906589346,-0.8586883777942336,1.2073443282610514,-0.18339749909726416,-0.48168657796427156
0.9199471652161733,1.498484898058144,0.9391441483414982,-0.7993766226650341,0.4732900959605525
-1.4727493278408517,2.1931229080854164,1.2957543571866235,-0.3950398395041131,-0.13593308052134068
0.5928520921358054,-0.5102851111133728,-0.6042517089591662,0.14986154644309765,0.4287743131519041
-0.5810702681823351,0.3821090706893967,-0.589213011825662,-0.2131889607989914,0.9406318255361734
1.4033635116054706,-2.9352554725989544,0.27116452521242024,-0.5568860308658575,0.1275108257887128
0.6929579093430571,0.4644676808503037,0.8727428600745675,0.4706956899356009,-0.2546482827833092
0.8513353772155638,-1.8675520552108866,-2.018530390104248,-1.455142605152772,0.2898076426807554
0.623108182790271,-0.05887698553998233,1.3064110405942075,0.29623456875472853,-0.8490608910012318
1.2668212615472751,0.8837138757561844,-0.39105109607254174,2.485743332046787,0.5503645284695896
-1.0265961903420326,-1.9376459987146661,0.41231889188269666,-0.4448271843046644,0.16277399961834974
0.2767843792786294,0.446406211235303,-0.6383622373393905,2.8886072961545337,-0.23466237329523937
-0.939288337129571,-1.3294580171335613,0.06022468305572542,0.13932812282494925,-1.2975996660366451
0.1372244241792203,0.7146081222489753,-0.6609386310321997,-0.34848731437058467,1.169154839172269
1.0488298853179088,-0.8179902902534907,0.015335404381015709,-1.4453840479168252,0.01687245517582067
0.2708798386256218,0.8590806221868665,-1.307720265354242,-0.9681578248297819,1.7037576179535936
-0.16527840922072573,-0.8157466572881511,0.048303183783227156,0.005988867412665781,0.36670018207365335
-0.8307146028546045,-1.1959756209510939,-1.2582726286554178,0.22764809600384658,-1.6804445866565614
-0.5418427349321778,0.360791762388118,0.9040190993587041,-0.19109277465978922,-1.8606372522063905
1.1381461898342007,0.25655007520731127,-1.1579670275791123,0.8577965150719931,1.4205905691902305
0.22319686182548715,-0.8161039101635374,-0.13974423485885384,0.7019807210939416,-0.5049217969683989
-0.6560756816149073,0.6719275139508608,0.5128924318489702,2.0690042189094706,-0.7146776933222592
0.15743928703300883,-1.0176757626521662,-0.8995333405490024,-0.483930008365542,0.9870266591266599
0.061208357138068686,-0.5306263404140545,-1.3665151694619964,-1.4969575377436437,-0.5075571496696419
0.439310946843943,0.7539061490008484,0.1409365418611619,-0.02398218231353246,0.540745386416149
-0.9918808008796653,-0.327614912292785,0.4115192731493803,-0.1129620083099119,-0.16420304660867324
1.2560101616473658,-0.10814419362929367,2.024431895310429,-0.47671399330611625,-0.28409864011554475
-1.4444018035847324,1.0038733837645424,-1.8028022536194712,1.0545156750896705,-0.8366792075917735
0.10084417936031971,0.0748683659155732,-0.46765197799205543,-0.7534720229704261,-0.7014980235767263
0.2672939302417274,-0.8461505770301764,0.3203294891447202,0.5949690044146604,-1.0041416548172386
-2.236975319876543,0.09423337725008918,0.25165537038175073,0.024785735273905384,-0.3589550975520105
-0.6286850366220665,-1.1116181565871117,0.11747890373402829,-0.3297550132282548,-1.5003619976071298
-1.0388714290954502,1.5988805039061325,-0.3081250271957928,1.8639736291420006,-0.3588266404646045
0.993331719281763,-0.8474369462357557,1.2098883440097117,0.32999421592690037,-0.10564543845285226
0.41642486991017486,1.2844387879223969,0.41346046633066696,0.31727149470669147,-0.2189571920005316
0.8761348239414557,-0.5613284763821617,0.06772393422958575,0.08980735954139454,1.7057210600998556
1.0340628540983536,-0.21799852357596314,-0.05003734731716948,0.8446068797764413,0.3913501921841444
-0.050311292763926416,0.5132314893284652,-0.004579757445888775,1.0418411595927874,-0.1916447994560688
-0.14068938274895337,0.7115703291062613,-0.21491082163745662,-0.9991384897592706,0.6350776066537003
0.46069853945644873,-0.0212492577330634,-0.19529869524321464,-0.4822987408334689,-1.0814892985414515
-0.5015979227127334,-1.0615065706291977,-1.3121908860301268,-1.011816377180278,0.4633695366463604
0.47953352062520405,0.7189775998394969,2.8082750456620142,-0.6835488028408029,-0.7810777960840016
-0.4587286711437366,0.8263241629105121,-1.2377014890826752,0.42379448098883277,-0.5738027497920356
-0.07511399255686312,-2.5299095225952275,0.3091282637689033,-0.7699086887940468,-1.1356308286176227
-0.3463712717014893,-1.7688766600077466,1.2943098238782471,0.7162890641953384,-0.1432155550937959
0.39212236151504887,-0.23953574915320888,0.5346848212786982,-0.8754702206126752,0.3691715243937077
-1.3418769414120018,-1.9479355433923051,-1.7099333258345397,-0.3543070779094368,1.0835000041691507
-0.6532016742865374,0.006576835379172636,-2.165507674329397,-2.1705718701727656,1.2868656833526984
-0.34438882583709346,-0.2591110127117508,-0.9814375834956416,-1.2855831456838351,-0.04274122688138911
-0.25415459264435813,-0.11510585395844868,1.4868917863976485,-2.831305724421401,0.1943754501316993
-0.42401835372772584,-0.33495624109518274,2.0481638468362977,-1.885870107861862,-0.3256460397690868
-1.6824476845295455,1.4082651758849123,2.2812979346888125,-1.040235798919871,0.521247551283133
0.5098309643106023,0.5223475095296671,1.2784215718252288,0.37877365914104283,-1.4634529333565254
-1.0835532026916603,-0.7289826706683251,-0.9842303451046724,0.36831005736253375,-0.4474885702634416
0.9558883522293238,0.32394935302499617,1.4086911127435242,-0.8098389385163332,1.133192813626497
0.7582167104971539,-0.8574324579528902,-0.46632542671876026,-0.6060472535241211,-0.36370090638413866
0.842448735323517,1.0118831402466892,-1.1936062305988597,1.113247137719352,1.6815351580534874
-0.7110130466451285,0.43792873812430977,-0.10176551566218486,-0.14415250327625614,-0.02543661080741355
0.4893437062087325,0.39110053020215596,0.6714532022323646,0.90117384669457,-0.7458568303490443
-0.19293126591802343,-0.24550196386528572,0.7240890531417942,-0.7140976565006909,-2.0705730417767834
1.9949064176201392,-0.47796202619895095,0.19821624408810096,0.4041133034784172,-0.40474948337673317
0.3752629327160775,0.08474846825153505,-0.2676501233422545,0.9794694401620765,2.506252325870483
-1.114142824899645,1.179597628293295,0.809540386761163,-0.8862014239865741,1.0051697646219035
0.03045726725532955,-0.31459991235729606,-0.31629498566483627,-2.163683374049765,-0.1890079095745126
-0.029894747469194533,-0.31164450661459464,0.6334852088148486,-0.6415151191430664,2.7087113855183698
-0.9248936646552172,0.03383251086105049,-0.15386283679796228,-0.6204410517883466,1.4595461982343865
-0.014542029572521662,0.6071699836489093,0.6149267421132456,-2.1793760844151464,-0.09696926706096576
0.0013665100921987573,1.081754019214326,-0.3431042092176089,-1.075329878627775,-0.7329862919604427
-1.2790923021575933,1.1845116816752335,0.9566395110907572,-0.6385245214783861,-1.6823793808970053
-1.235033304040688,-1.1306322301646632,0.39812619654176723,0.015244294422933792,0.07324256209209344
-0.5319931549669583,0.445691814203969,0.8192095890581234,1.0750909053216233,0.11167911329457754
-0.2648676890855981,-0.43067880808040027,-1.1869181567068685,-0.35328251011664513,-0.691352753450312
-0.3737504655385964,0.852639289756111,1.4107820548755188,-0.199947000437838,0.2519713867097107
1.887452393289677,0.32217551138259154,3.465637476593717,0.30739718971339314,-0.5766896405567435
-0.9810138726542846,-0.29034563477637587,0.39581699094032197,1.5114817343827271,-1.363697681420443
-0.010761122521480405,1.1903161937593747,-0.03140388041027018,-0.45857106649697404,-1.4425124717954012
-0.05626755762895731,0.637739237061429,0.5693650330228002,1.4163459314221187,1.3792433337224126
1.2722948173858302,0.6916755916288363,0.4688030970660832,1.2763726245118725,-0.29134378936217703
0.11669157466761435,0.7262524991552612,2.3433929447815918,-0.6987706881209653,0.011541385696145656
-0.9816419637194295,-0.055300782463915406,-0.30200344874304363,-0.8106388189235464,-0.4301184142842368
-1.5127438975694696,0.8657471836673915,-2.2777879345418524,1.1422392244733028,-0.9238294930991356
0.12466883949034444,0.5927451170255555,-0.5406641945455729,-1.1462950884236187,-0.30791339584554606
-1.6316971857894063,0.9685895707110738,-0.2045937775241142,-0.9695467977854199,0.4204574505055786
-0.3399739043937642,0.3569400885324572,-0.5815077907489169,-1.8283782075301074,0.16654897969457735
0.200761959217335,-0.7061925033842718,1.119605733414557,-1.8668529506931764,1.174015346061848
-0.515124307762914,-1.3818501340150426,-1.0038464145500692,-1.4383569504633293,0.041950019507682616
0.2254163014785179,0.5328531532224259,0.4778298711568009,-0.4042278839530299,0.26190647645625864
-0.3618549316722988,0.6233261602353103,0.8446955225009422,0.6293492564676338,-0.7044108871337779
-0.9972718729832277,0.6694091080221961,-1.894038297022037,-0.4990909447315644,-0.7911418289332113
-1.292082885596819,0.7393347735607878,0.6326348873049681,0.6784886441449344,-1.5687307449828918
0.5544795358016622,0.08458855492368787,-0.06094198646750194,-0.2895817105671577,-0.5093175313906432
0.21389098291147077,-0.5707872121238626,1.3611496983896807,-1.6455816562878993,-0.38730762930882695
0.9124099957192667,0.1354212698184389,1.1192251970391034,1.427589782476557,-0.5407061793755069
0.9501284041430906,0.6748874614329999,1.1837450865298629,0.389551994151457,-1.709484063815993
0.23169106992007266,2.0429560591878118,1.1288367654407334,-0.09958186297103755,0.6952888889378644
0.34996775332172103,0.1625464200571801,0.01608441326744913,-0.46176013509677916,-0.3836894691910076
-1.2965750874760045,0.2914568941955761,0.25057990023504767,-0.9214067388137364,0.2907740177476625
0.9861210831705076,-1.3088427721002986,0.19910039114307718,-0.5524872983134627,-1.1575066785871615
0.8264498747018895,-1.9134031583428894,0.17387421589075833,-0.3472456412911761,0.1488741997870879
0.34519668395259795,-0.5897822197069408,0.9971991204822536,-0.9530720948673519,0.6097269786924092
0.84962775100866,0.28742024789657145,-0.46751012428426575,0.9094363791167802,-0.41293403852665067
-1.2318032355201973,-0.5302269928396584,-1.4849182483849641,1.296641992930677,-0.9399687729558309
-0.2673703602757207,-0.8615982167613784,-0.5547177335789719,-0.04110589188510392,1.382647496880122
-0.6528758789283525,0.7286470079892196,-1.582318037998358,-1.90197797709182,-0.828685571078887
-1.0968706597526496,-1.1840573769268412,-0.816582168455371,-1.3725657877620496,0.6972016041241538
-0.8169469479533065,-0.17479549251472312,1.1538724204426545,2.46988028771954,-1.1499971792753458
-0.6102793983511265,0.7136827026152205,0.5959590479796596,0.5917463053693822,1.5895539202516997
0.10681690632338112,-0.8563423650287265,1.2168033240281526,0.8289253791318489,-0.4702232860882093
0.1710843262932399,1.3358027852685102,0.7884466456099168,-0.12607890694853613,3.158787292712164
-0.17628473365009578,0.24583982124933107,-0.23991523153433036,0.8949060504788309,0.7008948601802639
1.8585536927262791,-0.059013524365280574,-1.4449416787311258,-0.014185199023267469,0.6578528841312421
1.7289960523385537,-1.4091508221623918,-1.2744636702808037,-0.9490241945600023,-1.7484687218517951
0.6701627836150736,0.5892332322583002,-0.5597686848178753,-1.1033856645867428,1.386886040227121
-0.27412387861117216,1.480267820958018,0.8923242998226542,0.12369858457180705,0.2704590453105434
-0.09174008023623542,-1.3049033774426244,0.7342690694342698,-0.11432025735287112,-0.8811099827957394
-1.2145918803455664,-2.0531415493712712,1.0590702936916416,-0.9528874242513687,-0.5078122980899582
-0.9966607653633486,-0.4681096005663154,-0.7967689291359858,-1.6554696271241862,-1.277397243814344
-1.6814535089837235,0.1542199852257353,-0.7623816870197603,2.3949229072286133,0.20105027708022608
-0.48067527121382464,1.317148106505898,0.8354596928730368,-0.9657003884561536,-0.1370870719619741
0.2261705609404044,1.7198069383753594,0.7596452820776846,1.1076956536195142,0.6907329437968281
-0.67457669997868,-0.263818694374729,-1.1749550303114842,-0.16453148616614344,-0.3092452345731065
-0.1331434041220951,-0.6968538852822946,-0.9755539682091207,-0.04194244178309422,0.2604693689039713
2.4755230323472115,-2.5721457657575675,0.6465151596634021,-0.30054514760402506,0.3190170088910209
0.026878104649752575,0.22184824417769397,-0.49901586116762064,0.871267960108762,-0.6472616468999768
0.14728847691059094,0.6127105064378006,-0.8167255805618713,1.079893765106834,-0.1154263150686829
0.7354631331923944,0.3305774317337416,-0.3553812426943655,-1.140907135110885,0.2131557176763332
-0.4877014080916152,0.8886506934777626,1.07744438164906,0.5008553273592317,0.09946620084031077
-0.6289717397110655,-1.6139664562908884,-2.601579410532702,1.0865552545349129,2.066776571294907
-0.5258381513264608,-0.46727462556886107,-1.3360316155431307,0.22220830255720272,0.3769293830181414
0.8554445154180904,-0.6618032955735222,-0.3251685101431066,-1.0290783513652397,0.16217765469883116
-0.35897566532522307,0.33970275732753163,-2.0546988364899774,-1.0544168948047126,0.8567148380253087
-0.9676148070412743,-0.4521901720297361,0.7762798194652515,-0.5445179526936558,-0.6886188172268214
0.2454798423805431,0.045241856936474915,-1.1951874948538295,-0.3240772288413216,0.9335509049804449
-0.2720974516194232,0.06704972480678427,0.2594483078544133,-0.9260138544447118,0.4915344547052678
-0.6005202175558652,0.7410195476759259,0.13235844324381876,0.1850514237847404,1.7714156529051697
-0.865019655679067,-0.44568395391888815,0.1893123690930508,-0.3682010402752901,-0.7292075483356951
0.23594808307951554,-1.9295200670750021,-0.13963173324041514,0.22091992163348953,0.2803459718436646
0.9060261797597183,0.4844351637733232,-2.3032678593745555,-0.25115993433576217,1.0041347919727432
0.43658558734971065,-0.40161346988092095,0.04985927521430088,-1.4158891753299372,-0.8716265395186839
-1.5586517161538809,-0.8427849892266578,0.7062221979354631,-0.9728677107531396,0.880125805738405
-1.2243023265692237,-2.083201473663947,-1.0815574145438112,-0.5497959511779408,0.08660604992446101
-0.7548413811953041,1.371378893955685,-0.9886085286816891,-0.22349773007726673,1.1131387136325628
-1.304299585765949,1.6756941896824433,0.021049037305687142,0.07598149250286085,-0.12104205057492703
-1.396101565313193,0.6953630829817774,-1.7080702347317889,-0.15758998203875182,-1.6476163278413958
1.1209109648063806,-2.1553622301263187,-0.8227572759295667,-0.9446236574466536,1.1574984155758419
1.4368933706104332,-0.6454837383942212,-1.6245340239076849,0.16118190135681282,2.416026962046525
0.3982797328477733,1.6233358132626892,-2.322654374702876,0.033745191529992766,-0.713357924996327
-0.7352857523230077,0.9192083017034245,0.782462509222232,0.4247375892915977,-2.1610000394712454
-1.1661236998428732,-0.411798123105851,1.174344469691467,-0.046312461708620856,0.28911130491461645
-0.6692517740481259,0.9958019747843668,-0.025955568345945118,-0.11434678842842808,0.22058572884008584
-0.058202754791217254,-0.4979986649114708,-0.9563429200182152,0.0699670167057187,-0.9651454510683133
0.5148349049216064,2.5112065897571285,-0.040723776709135476,0.6310438977303297,-0.819147655747029
-2.335714748780012,1.4166255512299417,-0.835134990614001,1.8509714951332146,-1.0892347067491532
0.402349572456791,0.6497014298135606,1.4867666080070874,-0.4497790762609105,0.09592718691404858
1.2143296700932777,-1.676164874481838,0.22081425749422204,-0.41031093321724765,0.08905595640843444
-0.7882060952776181,-0.9716726817740571,1.8568620663665814,-1.5738503125032326,1.0627432039312141
1.4193507342938978,-0.22380148448930284,-0.8253623196755745,0.5926606049306438,0.4242566605152568
0.1637807629938045,-0.6560788693242432,-1.0529478306462572,0.06995630515507514,-0.3089433510558767
1.818499585079843,0.13939576468810572,0.041972239539566934,-0.6648752054960634,0.46606389942590487
0.8047839381584269,0.2213110097352126,0.349622477129686,0.8676445168216812,0.10238867736075216
0.35039233915737716,-0.39038487916329434,2.1205045015012804,0.4558384129840713,-1.2720603455783206
-0.3253956381391965,-1.0415956270348707,-2.054979545500519,-0.5325820562354319,-0.3222991882966454
-1.5041727673586027,0.5185249851120614,-1.245748669392709,0.6534729167908938,-0.7040625691899084
2.7792673716052065,-1.905364525638847,-0.4004185377526801,-0.6961514534910387,-0.5131614420453903
-0.332286848081544,-0.007805686198298852,-1.557223839190806,-0.284437657852415,-0.7099106312979314
-0.8665443945788304,-0.1556945532528618,0.954685652032187,-0.2444703132517894,-0.5603949650075516
-0.5320181283480677,0.31394935550955577,-0.07168796813910668,-1.012276308170946,-1.701817964335339
0.6906662125944036,0.1833766678651499,1.46715653246936,-0.0357431408498311,0.3822506454628942
0.19744809455945447,0.08141107354692131,0.6303669091863661,-1.3982347247318796,1.0550167310462477
0.3170375190335077,1.9912331574669027,0.7518993875650855,0.18854305360410234,-0.2329308313643039
-0.22485239854685546,-0.6325288236573258,0.728816018690163,-0.44661645066678307,-0.05570008195682078
-0.41292338438416737,-0.1462907899144491,-1.5033090220198895,-1.042912702006092,-0.5377140451829271
-0.2632989920481076,0.0479209758380567,0.8122010367947279,-0.40273335078758393,0.9956204086766438
-0.5727480115703107,0.07240546528641917,1.6475222633279265,1.0107191425109747,-0.5670554750432816
0.8358760973081478,0.3452177644257024,-1.3604896793174217,-0.3579183609651918,-0.9278658004409961
-0.1828214752556413,1.3058197341050706,-0.23210070820013567,0.6096909765753934,-0.4208272324254402
1.0695692214395278,-1.0535564944494682,0.4982624772491768,2.3674855992767707,1.7691148793132614
-0.17290860892696425,-0.8912966910662197,-1.0159088366671523,1.0373326073373845,0.17130178331053447
0.45049992570048614,1.4229025257937928,0.02044547352949724,-0.27674308795789737,0.2265567187799258
-0.7082567946377987,-0.41616552507921367,0.4264206546452836,0.12372926273708351,-0.8138090815961996
1.0154778330794152,2.2177161313112195,0.8084832675031571,1.251969975068688,0.19790622496780008
-0.8267238543788085,0.5915954095369034,-0.350024770982436,-0.5076025142990317,0.8841041622602708
-0.2661416967975869,-1.2743845270561576,1.2098396567939638,-1.3787394723630253,1.3255425967645216
0.28561226329257167,-0.02416909145998262,0.901315163376697,-0.2176576409696185,1.1343160709923747
0.38345840079670485,-0.36544231277377115,-0.008252252532816334,-0.7414362455606205,-1.4960556941405843
-0.0709692565862885,0.6887776089640979,-0.17998969949377958,-0.5289406010738453,1.376545875578546
-0.8385842887598097,-0.8412497077304655,0.668007719124777,-0.42494393276990367,1.6097011982826923
-0.941004502186879,1.1266242300168055,0.36417356838687737,0.12174237476384685,0.35835671003626274
0.041873539979771876,-0.7158561158109742,0.4606154115892824,0.43841348297114235,-1.2745348037123467
-0.9032031798135309,0.8648250091888728,0.6109673024778398,0.7995809456751931,1.8660680068480984
-0.1135651820190786,-0.5060507342641127,-0.3948606169679047,-0.4176110057702928,-0.5363079813580124
0.48871834874438236,1.585585542586869,1.3534136263805103,-0.6402040407881491,0.11736583947415921
-0.08056768264691795,0.10249465446751245,-0.6075096181512354,0.31830501040273534,0.7503463900990912
0.2738271499764218,-1.7330768136126253,0.7718447081290271,1.1265599571708764,-0.24999238371061003
-0.16123594029519991,1.308281683939513,0.6800814147398707,-0.6221769596370128,-1.0342438242327217
0.3609272922275568,0.5768007264054326,-2.448888690297223,-0.41843236038927173,0.5950318215390981
-1.0153950755085472,1.0484962677085647,-0.8960469367597739,1.1324920216288274,1.0682973073374549
-0.18858423375173758,-0.6105272205032369,-1.6425083442013078,-0.07740715970291266,2.2503182512379616
0.2510902290489814,-1.163154157038109,0.6258562364593262,-1.4351081972975133,-2.0056464072585656
-0.17383778038180833,1.0604929008479997,-0.40894234362775955,-1.5546920437829737,0.4646175118994593
-1.3181490108194287,-0.6237888578490323,-1.023761903252392,0.9036415007173205,-1.6307674989486602
-0.11079405585377508,1.304315554043008,0.19357599547584048,-0.5683291179872659,-0.024886617264233805
-0.0462180494916874,-0.596847918877353,0.5871060330836207,0.7614994278961875,-0.8245990550160999
1.975019585630122,-0.8398697506125308,1.2607661778615167,0.1604253367278161,0.7835878865508488
1.5467656018506397,0.08183524720586935,0.38723064255041895,-0.04125133962989213,0.8749481098022425
0.06969700717210747,1.2007549113635392,0.5600789535441175,-0.1456943217205482,-1.3187981839697136
-0.7792712302855894,-1.469076133351802,1.768316191300755,-0.27146929415449444,0.6353651073513148
-0.570639904742074,-0.4504000796267384,-0.1808094519243523,0.26271740913139496,0.2117228328604263
-1.2593992875407227,0.4100364446525779,-0.8811998807359372,-0.6783055326879422,0.3311283180833679
0.08764716089976377,0.2612857952030691,-0.07677946086048591,1.1564141366448428,0.6839858060139808
0.05119845523926009,-0.935268030692924,-0.7691733187720382,0.6216841216159049,0.7366564384681596
-0.6120606364638299,0.9031432094284976,0.24844870340072417,1.253911027289117,0.03373749405264576
-0.3886217005670653,0.5210526740558803,-0.783879557976383,-1.1052555358085328,0.645580961608489
0.1564974589874884,0.5386312607845218,-1.1042951426467782,0.13258433332705163,0.336691764228409
-1.4444081886664963,0.554157850184287,-0.9018910777710072,-1.688405593092766,-0.7389225326610174
0.5400342454282788,0.163310421422846,0.0889058094406046,0.9483720007473899,-0.420939048572366
1.0867719940025329,0.46272439198643894,0.89679290120157,0.7235330001407331,0.7669784723224277
-0.8375862964554354,-1.381211794100505,0.9724816366872259,1.3475131923626278,1.0003713464298987
0.8160296095060853,-0.9466766294598117,0.5037902407379137,-0.4865663438597508,0.8051472923805281
-1.8938763319495477,-1.5911588500860145,-0.374569956333559,-2.5452081674037337,-0.5272472615728949
0.7742306480854059,1.3602702296719282,-0.2637284456924532,2.026934898313243,0.058330444432569524
2.3452724760941988,-1.9566845067445153,0.10544195597378361,-0.3060552599311976,-0.4282603992661175
-0.8082749326965099,1.1160289518934134,-1.8727983588766028,0.9505264164615256,0.4866721716674353
0.8755733978364942,0.34977821294494515,0.4634113409947382,-0.19168737822834067,-0.7578123826539284
-0.8085730473214143,1.2128982838257545,-1.9806041378501928,0.35898435829877523,0.5450146541966582
-0.6209926584722405,0.2527142386281505,-0.06318911932008538,0.2500429148969499,0.9564047013354242
-0.7313240785978106,-1.5848057125674566,1.9183819009794136,0.7559827137945019,-1.808137824674626
-1.8788659992607368,0.1724136851733171,0.97896374063802,1.0954048033895618,-0.7179101546110551
0.7164083852445071,-0.6337728272066766,0.7442908812111537,0.04016658107075445,-1.4017238295894785
-0.14903743789476198,0.9116478257128241,0.7400391923011732,0.9809244916073506,-0.3596190782788635
1.683365095276581,0.15435953700341004,-1.0225905957521089,0.9255494328305293,-1.884982118765472
0.2405358041965632,-1.8611534997883032,1.2428199888394502,0.5346295226855121,0.3072788085165403
1.8247837151644921,-1.2434956692393013,-0.09097914115508511,-0.7018015762002056,-1.7106040984338196
-0.42505717040517127,0.3448191640703082,-0.9383627439144187,-0.09353821518045659,-0.33724006518892563
0.4587079604244565,1.27351945049672,0.8899163169940894,1.2334798842724648,0.9646899056440137
1.3312556758172402,-0.2947922524863733,1.3666090035889307,2.4485368250981816,-0.6946196637938091
-0.672592248122435,0.17790636076107333,1.01467540044658,-0.6315856428880305,-0.6816228139444244
-0.42532740851783024,-0.20744885578295408,-0.9487230620154353,-1.140852073420632,0.6522230202554673
0.40779186956036184,1.0008156766509873,-0.21941285264468505,0.2134882571631065,-1.262901633685823
-0.5713602175903963,-1.0855958280201168,0.8420911135730893,1.8415270447120167,-0.12828102686268336
0.5434900397723361,-1.1279364357114143,0.4526621576382542,-1.5144610749256542,-0.39219854310038477
0.43527387420934116,-2.1694600857378417,1.8690133465641436,0.0694841969635268,-0.4361232880584635
-0.9121898746197707,1.8013486290657938,0.5042998802574045,0.9569178950370738,-1.1326374259724317
0.23052721632046053,0.34300387982259967,0.07013298909939612,-0.6649543326649163,0.04226963952718253
-2.060819465754378,0.06840153740823232,1.1374749280983103,-0.3535310178733272,0.16104298460745997
