0.20751907282078083,-1.1267234840152032
1.0577010968389684,-0.08828887527529189
0.08489864427237906,-2.0106002889014833
0.13638643588494204,0.3801297579383347
0.8935642658446652,-0.9809011941416975
1.7246031796129513,1.882317990939247
2.60476472980139,-0.5688997925371855
-1.594906061344194,-0.7573644338790286
-1.4475107060278636,1.513834810420668
-0.20802149189408475,0.3952848055969979
-0.41215442964309495,0.563543864034884
-0.4232019486876694,-0.3200095062539545
2.0393945831450453,-0.3968526923642119
0.24508985204816847,0.9454386639475153
0.7205558477847906,0.01128474919721967
-1.7509737362314075,0.40371225936495203
-1.4883172662063506,-0.03146416485978355
1.1763853153322046,1.180661629925725
1.1369286741333335,-0.7073778049673936
-0.6305355816119054,0.10100175811093597
0.24316969910502986,0.2534544340997535
0.24440289717184663,-1.0573444503469414
0.36645279991963337,-1.0566903958840896
0.2636604691728566,-0.7010682843517638
0.31653210543716215,-0.5289290507649603
-2.014104581360836,0.2765384796353826
-1.0104083809771227,0.4496156287158711
-1.21378962622337,0.05434282649063341
0.9918951340196607,0.4881894475787805
-0.4262036477599334,1.5673536318557781
-0.5354315437591288,-0.11397534552815927
-1.0757998344442834,1.2650908811835
0.16342872880255813,1.62430288524037
-0.4870317067510581,-1.2690111719428816
0.0803966952551292,-0.3973965117958029
-2.6673973127067416,0.7091818612689996
2.3903943842543294,-0.9272524803367906
-0.17380511228645976,-0.7719303360719613
0.24339833417366108,-0.4778901986533977
1.1876796375183596,1.9249547112564034
-0.13451390775713634,-1.7622428510164219
0.31268056551503376,1.0075987917734368
-1.468890092359972,-0.636806547471523
0.6136097889361983,-1.7367040800690785
-0.6892499881685564,-0.12386923431894935
-1.6655639962703122,-0.427912061630483
0.2367795493438113,0.16970766663083536
1.616794319306807,-1.6885317310304515
-0.5407656379979646,1.5543546363930631
0.7422674445547528,0.778633733738062
-1.0745961495214291,-0.17709348938927902
0.11462390961449746,-0.11950737091706198
-1.2623806729700746,-1.9431284197820267
0.3026820302197691,1.256208666268192
-0.3428542948102105,-0.23699125615355388
-0.9217013768043911,0.5448922645780514
0.4912952287831299,-0.4323771095587639
-0.5981315565738574,-0.6646812190974188
-0.02975727221958428,-0.3073994613500629
0.7261467971926577,-2.110169344687945
-0.00515503387561649,-0.5247473187129905
1.0268129981558323,-0.018650971165089042
-1.1713086479796495,-0.2748321662651546
-1.0319279976110296,0.23448407383811165
0.6676053673050844,0.6278389363367151
-0.21480746774163634,0.20978994339564744
1.5958474373577922,1.1182873453349729
-0.13194898259672588,-1.9888400619304918
0.5190555727233309,-0.16965327423050644
0.6114348451778824,1.3751992871139966
-0.012174658447127918,-0.011361830621105217
1.1249135683704363,1.1464950379161996
1.0650743659025101,0.715648376452322
-1.590951313664443,-1.0249366511846592
-0.5893317198341789,-0.05582109129716392
1.143187512391235,-0.22334743932788464
0.2673918751815803,0.5436076067280248
-0.23995583226673908,-1.0608215881701624
-0.8243550460722787,-0.16083950038935738
1.0445049465050558,-1.6719469068440111
2.4839661599203273,0.15884776970734327
-0.09601979820233562,-0.8219514341690826
0.847019062292131,1.5132954327931334
-0.6494727661025844,-0.5553603732312454
0.8990814001385071,-0.9656456759114778
0.6034977315602958,0.3652874566546179
-0.16605133983272946,-0.0380208931084141
-1.1191211802141041,-0.5515550187747181
-0.6807346024461354,-0.0110407832520256
0.33197459498090137,1.136487529170751
0.9868119867294565,-0.12002338663481399
0.933040190483306,0.3844947253400261
-1.2684898828742368,0.11484134369384381
0.4286415007763972,-1.5328740999674373
-0.6170338405502874,0.24271830335365652
0.4935648472321216,-0.16458095594927794
-1.3626616066857733,-0.14412057949086768
-0.7111527094390437,0.18595069179207738
-1.7993751477448439,-0.17840274626176827
-0.5765149580065259,1.3362418203771385
1.3469785796150966,0.45922607994618003
0.22442145479237163,-0.4843113821265634
1.584972096519382,0.31513957275209403
-0.0337804513521871,0.05383224677289105
0.738110775119477,-0.376668001735816
-0.09163143856792474,-0.39555384167708335
-1.4930176710702197,1.6401806672652357
-0.34963829394741813,1.4337613420728437
-0.5575212704639158,0.9106977465391767
-2.267772629991093,0.6849244708479175
-0.4442002205127053,0.8534504919590599
-0.561366194792407,0.9406150439412131
1.4028346075692375,-0.7943899048888382
-0.626450776842738,0.8899736363847268
-0.6282984731937323,-0.910052106572694
-0.9955222197826633,-0.2117724114198758
-2.2070124016012302,-0.012203131411615822
0.11907508694004047,-0.2905475152468589
1.468074710392781,-0.1574202297320706
0.9104297177197654,-0.23934032332801758
-1.3985830689013639,0.26099455040576813
-0.45119834950360754,-0.577282834470948
-0.9317183965215032,0.02319194493402255
-2.3896695224807383,0.4503207865315485
0.3008759048686561,1.9695874444222594
2.234958811820144,0.9777809390571754
-0.16380976645656414,0.08093615790159364
-1.3534362332763616,0.5455930273124651
0.07600082745709044,1.754112833487182
1.4554014586779582,-1.1908499429424388
-1.5808471782005444,0.47158674406297396
1.8917792944642418,-0.6663668760120818
-0.5699814053945781,1.0624687177964411
0.12330101792732691,1.1455110260118113
-0.325121946065936,1.5114777350878805
-0.23424498116122935,-0.8763915172455424
-0.8033111401746511,-0.24136187645140175
-1.3983523926001602,-0.0898618264602074
0.31123998280719917,-0.3981434522667959
2.792269089930405,-1.406446711146971
0.8379389098322457,-0.3640018564722628
-0.3861415531151061,-1.206641619743774
0.5002247855057199,0.07969599110970844
-0.014217719673282036,-0.007340849152560644
-0.6263239690455441,1.3918430483818254
-1.2395616204211122,0.48979352331895953
0.2632707975951621,-0.12420638369789884
0.1792931674432952,0.7498705627266338
0.028975122425827254,-1.0729305599985413
-3.2694966730734443,-0.08959491073704837
0.6581016549969024,0.38514604936673724
0.14842218530072546,0.9228821166341483
0.46905180406022934,-0.20677601672909307
0.7176499842083811,2.098722203493499
-1.8092209384310582,0.869530523079553
-0.9670766432817615,-0.7869249262661294
-0.5231236706852149,-0.4911493489347629
0.48975149308668325,1.1516437081475006
0.7425234017264625,1.5124682110094254
2.054696280715137,-0.22549737357198146
-1.4087636217449193,0.4727076355065642
-0.263322854035578,-0.6469453507704951
0.10529491399498456,-0.20978732378479975
0.4798316481116881,1.0952942316352778
-1.2267490172668978,0.3988685584448984
-0.17720658381771065,0.41166841683247696
0.028145382253306702,-0.7704763363955993
-0.1285199280778048,-0.6906542290891978
-0.7343649147933873,-0.33809771488593754
-0.23173861308089158,0.43641661732418674
0.4148388030502521,-0.7778881413899398
-1.1128562440792904,-0.8536996224861156
0.054571494511001115,-1.3342957807964457
-1.233980922184146,0.22286918132955208
-0.1812184848584547,-0.3737639188110303
1.971529009243328,1.2438595849874832
-1.8578711147194702,-0.26748865997262233
0.7392352594665645,0.9264639361802867
-0.5227301795249284,1.4379348311280409
1.5068462283959634,1.1810315571894898
-0.3611461267967807,-0.13374476388232218
-0.27599398989446206,0.3501305078194902
-1.760509530698056,-0.962498743138368
0.0596579118744917,-0.49563598326486036
-0.48197594467579874,0.3834567109232448
0.6202795926740371,-1.512580959269636
0.46607820658072346,0.09896831222222342
-0.0012995880943573177,0.9312060837363548
0.3347936123427812,0.15178428982562372
0.8503837181363626,1.430135324726117
0.8741276417538576,-1.0899955830841264
-0.9710248370277123,1.0053709082277376
-1.36770105204647,1.2324281179049419
0.2701530353092696,-2.0561352600114446
1.5728320979570412,-0.2636097923498966
0.19151644560506612,-0.4427787315811127
0.8423322531936679,0.979943397748966
-0.1480300120393295,0.716014291505416
1.629571259751773,0.1295738016861735
-0.46256608338802085,-0.40549974993292426
