8.79873483437479,5.018812586100369
-3.3024856436466834,14.97266218901517
-1.7818233808564612,12.11984487184679
-2.0069014125653197,-12.867909823972468
0.1062911813117342,-2.722752361551703
8.78782534922328,-4.65190525628112
-12.82747560254766,13.076130608168796
-6.521968748126385,3.5810123102232367
-7.721577379162667,-8.101029230507754
1.3902248249971416,19.24297747857908
15.623896232431893,6.271646340344792
-0.9026127311803389,19.12556330803874
-10.587126413657078,10.943712831050927
5.555652552804508,-11.783794246722312
0.2518035668923062,10.426961359321368
6.439850827002411,-13.126329050397532
-1.2729971927845565,9.7209832185982
2.7821432372045547,-8.000663038807572
3.5626066564638155,-15.507773055721138
-7.425411937635422,-12.518696126438215
-2.7103817885368526,-7.490842799519449
-2.0488766941631287,-19.80788119020476
1.4755376150358055,-5.744603662533295
-5.740482681459326,8.613835079210471
8.210340645434723,8.148409208872245
-3.291285252668036,-13.014743602657465
11.115915064292395,8.407640221555422
-4.139009476835534,16.20372089397712
-16.590853824741156,-1.7869096325645288
3.5280770431310957,8.503710167785101
-10.738239673905342,9.521278682089362
-6.1492329473326715,16.37645182699283
-11.785633517558317,-0.7201608954336436
7.189635482260899,5.653340719492858
0.39816515251535733,9.036387037385381
4.5392930203493576,-5.703260017296845
-6.195227058182695,-19.055708774622733
-4.0084487138751665,-6.890852835369445
16.49172030286573,-2.764658600132246
-1.3287156785806058,-9.647323833794196
6.006046120271362,1.376729475915882
-10.44540248536596,9.255908618081355
-16.654177856962498,-8.36516638301174
22.16323504443357,3.7782789724960075
-8.206125655030815,3.397295109277384
9.760743596237848,-3.8407993216379612
-1.5465645199129379,6.800348564113624
-8.026407797258237,-4.0447695262606445
0.4386469186517399,1.1055534464389765
-0.7322373811841416,-8.714754138492847
-7.460101887473881,-9.944109006029192
17.074588140882625,6.377736709774041
-6.96000237959327,-13.780352882540367
-8.147282247717378,-2.7503123476162172
-5.436082578002766,6.8219421537526905
-0.9051453339676996,-2.7132397642474633
-10.21569126377551,-13.09701356231368
13.867123979313465,-6.3732910190453325
-1.0372924540776234,-7.374018091949038
8.112620636999768,9.197855388500288
10.38013999974832,-1.183645985559295
11.056824999924185,-10.838389724097151
-9.119117482011816,13.905134004183292
-26.53966508754396,-17.347463415529475
-11.006563970271781,8.730802138585307
12.718262609392525,10.752723564350212
-1.1577027159588722,-1.7497604511116096
-24.637147793864074,-5.722267569917588
-7.44719446145951,-1.1446413379786367
-9.884001285825505,7.93512794871323
-3.117739626939101,-5.770833382674473
-9.359759105951289,5.020759238430973
8.940770530645416,-6.649851505546319
-4.841273994718383,11.399632483899925
-4.4801406239008,1.8501795120288436
3.2555247559161122,6.224409990112214
3.7677432202515995,4.7040405718490295
9.567285990033493,-9.081930603243046
-19.130293868245452,5.801360466876533
-8.523897224841056,-2.5858953385955044
-2.3144777868227178,2.0348160199530527
-4.18506597963757,4.023889481309867
4.522056508496721,1.1198537349122875
-5.816024718194163,-7.02782671328033
-4.294027951434405,-0.08229834097369793
-4.711772000167196,1.4834579565093486
2.1833742563783316,3.361887841213972
-7.301888684621046,-3.349873946702883
1.653470528139949,5.776571280789122
7.073780594547099,1.6726986308095348
-3.1630947433972993,-0.037906283672654695
5.84971730070627,-0.2142634714628775
-7.450271650583422,-11.461046052744539
-7.511066588601477,-10.401855957878075
1.1535507591512775,-6.436271907675348
-9.995083751861888,7.902019621030834
-9.530938835110593,5.112690005806105
-4.938886839665947,-10.630482546444657
-4.775706755695977,-1.3918372624677935
4.214359713517198,-9.862999849208325
