-1.4171745499284005,0.7584992342405391,-0.40431169446110715,0.7489988355665682,0.00542263876107682
0.5462551628284859,-0.11966708402425792,0.09889877899568708,2.097159300211568,0.3573237848609493
-0.0763695491458993,-0.5023185733637097,-0.4631109068889879,2.290850928441575,0.49490221996170414
0.5602806413130308,0.46320527067967976,-0.20102691378021303,-0.6891581451105128,0.5171799212081868
0.20146589655057284,-0.30436594275494194,0.5306033645164461,0.8883653619470183,-1.7332410886373402
-0.005226429608634327,-0.24680148405511815,-0.033149611387747566,1.22414316774689,-0.2604843787540818
0.5002979432799781,0.17695182569471615,1.411017138773664,0.18238576211905488,-1.467380683283185
-0.499099741048492,1.4471852716188078,2.5880702073761874,-0.15022110478792935,0.26964500576016703
-1.1616694054743595,-1.2841180740692353,-0.5197926905238897,-0.310261512518449,0.8800466270027607
-1.4167258939124787,0.6293360791392151,0.7060499391988085,0.5895834689777214,-0.056161092763618525
-1.066839690203501,-1.5502619608728383,-0.7519373849093561,-1.4833305625174427,-1.1061304139181123
0.10540290406627018,-2.3430371180024534,0.06619363688121228,-0.22813298950253177,0.9950897599871481
-0.14958455466234175,-1.031323394615204,0.9789683994058924,-0.9362686871138712,-2.413187175242287
-0.9728477423667884,-1.9768538190779903,-0.05700441041290796,0.5081700697401694,0.38300698395359006
0.6648316764144548,-1.0544234073405017,0.7902990757510984,-0.2638697248312066,1.711787268578642
-0.10260653201550378,1.4312239686301538,0.7190930286691843,0.1996280308358462,0.04069787434354683
-1.0748921740568074,-0.8970068893665714,1.0201439190209174,-2.190864777342176,-0.9545271378495448
-0.8430512100437741,-0.21933004482081517,-0.5289808378907047,-0.26618281807386424,-0.5126001697674322
-0.9107374408272955,1.8525110504009448,-0.09850417013151284,0.5613201061504182,0.7326500970532112
-0.5649153970708536,0.23670905858433344,0.055436843807639205,-0.3053043632152437,-1.0096188084970987
-0.08682756118990026,1.2422743984654152,-0.8347979611593348,-0.6277492789484106,-0.13773013611640442
-0.30204360869671987,-0.9277002666203028,-0.015256458301837026,0.5400575893678118,0.22212538866572476
0.9997940414283072,-0.2135600095613279,0.4454094145256566,1.2623983720240932,0.14803303509507704
-0.085652346314368,-1.1802168297278974,2.3102864998934027,-2.1548696323463816,0.5751710212343567
-0.13836579795006823,0.41929258678630865,-1.093302223906742,0.5394293785035316,-0.6088605910124395
0.7426982937461395,-0.14183290190501865,-1.2409128991629954,-0.22092190099713171,2.5269837901324252
0.418760624812165,0.17080326188317657,-1.0541490259355923,1.6469564162422836,0.3483718849804465
0.2195365399253977,2.6781557530729936,0.8371886420921024,-0.4295733296954309,0.8268000768122207
0.43036409336068404,0.5606843882958887,-0.10114995197757548,0.04003309724514299,1.2514408481114676
1.7535692808626016,0.015687377904899415,-0.41313033844913954,0.4632909158248362,0.36704687086221166
0.39166063068974427,-1.1628961291463444,-1.6326109462746807,0.6589100076535699,0.5869726925859322
0.9330311387902113,0.09528518511837693,-0.18064869614572188,1.2647530215988878,0.7434475878438916
-1.76793444199815,0.091675348543563,-1.059713258477115,0.5225810194680163,-0.4031633420073269
0.646107067379045,0.2697641331051721,-0.3479404562039057,-0.013479581556295637,1.9391172401821881
-2.1383293294557286,-0.038699328814847916,0.47102317374623776,-1.7119726647600488,-1.022115097008611
-0.5898115823962128,0.7402433708599475,-0.29542571019564234,-0.7972084916060981,2.2352996797833953
0.41361555779674847,-1.4713271883816383,-0.885262997470325,-1.8848334830461997,-0.08097315760116292
0.954457551607075,-0.47558572351973527,-0.6736941425114557,0.6561179701233789,0.11127283098403373
1.3061637400809882,-0.41814044763941455,0.195531565818533,0.15673585451013022,0.6632106509808163
0.5866395431569209,-1.256794726863006,1.3165845818764388,-0.2063430544546412,0.34241080195367807
-0.18858186864030907,-0.39793295716944077,-0.1738382877128375,-0.10429163501567555,-0.5224704103042567
-0.03423687232886296,-0.8295568777832794,-2.2585822898367396,-1.2237671029699113,0.14172223008633264
-0.6827064756561776,0.11277004071771746,-0.09284911898742583,0.008499779498395985,-1.3674980342807332
-0.7360186024780581,0.3910087521415875,1.719027587309776,-0.9008203913265151,-0.2694689040395427
-2.0564876745393157,-0.5911183640995548,0.03637690825900198,0.4234053056439258,-0.41620579614311837
0.9896734010629654,-0.9623701339839884,-0.128948253785889,1.0916261508694005,-0.5598255995887579
-0.446623931157908,-1.923241777618084,-0.9496538740872998,0.725136515305591,0.9426666627901322
0.2854812879664788,-0.17118235309367702,-0.10319197068381147,0.28616225697426934,1.1197018658250175
0.9533180472385173,-1.1071469512359713,0.6674344033537212,-0.5162206957002785,-1.163660277405813
0.4159380976768451,1.810773718729245,-1.779694584727832,0.07025130390935491,-0.366494408828254
0.7870750659082572,-0.9189377739257623,1.3773080391444608,-0.7379170496216525,-1.570369576735425
0.8161990334163154,-0.7088358572568914,-1.8553744029409385,0.04934186128904846,0.9176892087336735
0.29268282366219567,-0.9438766688987622,-0.0207891134370673,0.6818854038034365,1.0872776281570684
0.6053619651281185,0.7143273186547986,0.31096410080869463,2.3215568690788353,0.7312345435769124
1.6857067032960558,2.0800331169861015,1.1110640397835958,-0.48888122479533214,0.03932586366685841
-1.6305130356504314,-0.829664743673145,1.8610803784499308,1.3226682504706813,-1.0053532533334713
-0.9871156077366986,-0.5967927143097511,1.0847158837565394,0.7562105969806318,0.957984621954451
2.288632332454956,-0.3249853403961854,0.3024288641548315,-2.630896390586961,0.2707642584241291
0.8293690985733313,0.7936863152311283,-0.948565775070004,1.046546034038045,0.25714609427349894
-0.06029117251035191,-0.4326646040046794,0.011602603466108523,-0.31739418717806145,-0.010127813661144042
-1.294791518789228,-0.4869802145686189,-0.18484747499495555,0.19721692425282714,-0.3937629492160038
1.2024913176130432,1.0066745388576583,2.624543294138534,-0.06924589201917807,0.4728683057755569
-0.01364070301030525,-0.25678770623143604,-0.47804575831211077,0.5211871662632164,-1.0927739569805772
-0.41058522575566364,0.29981042522602913,-0.9348737126280919,-0.6917798082421025,-1.5563989953331978
-1.7596353776168103,0.47826392549996494,0.018876821421528526,-0.9703193218965862,0.6239029409753037
-0.47700695047193586,-0.3739771482845167,-0.8575641856934005,-0.5395036230789053,0.14049503758591034
-0.19987845390631606,1.9892538316477903,0.4727083671668637,-1.3131489069564186,0.35567613334874654
0.5120790681135423,0.7954480069033504,0.16183006612289283,0.8123128335290634,-0.2023892022724821
0.18959283484440953,-0.7826384588035021,0.7208327061669886,1.1887785524194594,0.5089351857273346
-0.19069421065032538,-0.790820033326654,1.2848371263102358,0.12322869944928415,-0.5483053803903069
-0.19561603195514063,-0.5738780733119518,-0.6278198065277728,0.4987033284771177,-1.5151585407155705
1.215351299526747,-0.6223731563692532,-0.2874219077438563,0.17153076287166835,-0.8693053474800219
-0.29571532724652805,2.6002644866689693,-1.2980592749023847,-0.2698114963082167,1.2485557404811791
-0.868644385506839,-1.9335749221911713,0.880788583709727,1.9137157570110719,0.9080214440704398
0.3290244611523933,0.022722152264215322,-0.27760594753093476,0.6159067942167373,-2.066798195278184
0.2748974638924435,3.248579675404217,-1.4434872991211112,0.12550579805024964,0.7792726323227531
-0.4285975128099368,1.1479110131733845,-0.7030035549116732,-0.08065466785808155,-0.5573007073117302
0.28098349510886755,-1.6264995471864976,1.235407445116811,0.6629313653261422,-0.4893456224377107
0.05547207103153778,-1.2311715755158794,1.353377318866565,-0.4454791161195863,-1.1221722331387742
1.7024892804628358,-0.6823151032400431,-0.33054903657372475,0.5570181320909287,-1.3501374153007444
-0.5992838905683864,-1.6322073609403636,-0.7668592185021297,-0.3034804441190078,-0.4821892533982076
-0.4639915420495567,0.3507041091683711,-0.3501564610293361,0.16024174291943305,0.761265974316785
-1.0412628528887005,-1.4654187975224828,-0.7205761504919537,1.3838655654218477,0.6233308376047181
1.1729635444460622,1.9137638239318924,-1.0056706955595494,0.3344152585175448,1.3025257450027368
0.28688786374116043,0.7368206946803048,-2.361573108228883,0.9392097351427702,-1.0173446591358783
-0.22906787132461667,0.2281355017169728,-1.107508134247909,0.18352090510704377,0.6009065053640182
-0.7264219110841383,0.819184867003505,-0.2684978663017142,-0.49293013748791115,0.489983046952699
0.5822607208601221,-0.5406285682958926,-0.0764019458621152,0.4060490907852709,-1.6323178159143512
0.13609412571614468,-0.07103462439555433,1.5196178792376616,0.8969484394847553,-1.1292071127271188
-0.029387181175471736,-0.027017144101506584,0.6889261873996503,-0.8384186632847493,0.19625644964973388
-0.5898547991311444,0.36196455425933605,0.7337202686921562,-0.29367065667796755,1.2316994521425106
0.7117737593176003,0.787632071091242,-0.8888985559195561,1.688345261323825,-0.5164513565854539
1.9831203661936228,-1.9502827621913306,0.023254184174060194,-1.214202319073287,-0.27107494013876
-0.7092234265040317,-0.25780794139431745,1.3990700970722125,-1.0807252615242777,-0.08000623993774778
1.6038873294458151,-0.13558853190306205,-0.6787760917756552,-0.4258991674642595,0.4408359532541293
1.0014838148293979,2.028008258443265,-0.045128545378111465,1.7565831311399427,1.010340066020819
0.30668748177825383,2.116861640113415,0.45762765604909733,1.837421512950377,-1.1305775734903227
1.3235495535121349,1.1647964895593292,1.591714447147048,-2.7536678282160674,-0.15042755877772715
1.3741850319152356,0.6746129224743146,-1.3791298578974283,1.2847192678644086,0.20039639611103058
-0.7239505732998259,0.8566813330736449,1.0408793195019737,0.28033233723116185,0.27212523612022116
0.46753567248011996,1.1020171748162504,-0.7469741800170802,0.8742444289622512,-0.6750167632569226
0.033618621796365857,0.3445738723474731,-0.6429623920657511,0.2912807385955809,-1.7081134792630461
-0.11118653599800976,-0.6116044361588824,-0.17858099118060483,-0.5606786858519082,1.391906769140534
-0.12504457377355438,-0.9778721544101123,-0.40308598654944605,0.8611686182910738,0.5957126176279538
0.4510710470452099,0.24098793418665332,-0.7896276996933796,0.8313216740468499,0.45437872381643535
1.3498826481036403,-0.8600883439812206,-0.4948719494364989,-0.2514610667841128,-1.632283445863889
-0.2800743354765287,0.7204531555466983,0.8705374292751394,0.6311179476855765,1.1632746513119487
1.0549006042617086,-1.2729941894631158,0.49349936501606867,0.43926301348226426,-0.16027001979432318
-0.7898365003831735,-0.7132629750860818,0.3762457105913739,-0.038412643451819356,-1.008433009929868
0.47468951766791984,1.7768363304264003,-0.7293829739409492,-0.0983074935934875,-0.4897747334651247
-0.7323578385740439,-1.606363473918744,-0.33782142777692836,1.4073292873452075,0.09879409009473776
1.3659477645151663,1.7719904505191204,0.08176646886055002,0.49053503935785214,-0.9074341833398046
-0.2510698113604609,-0.12880166316040173,0.6387097392659197,-1.6163897778530216,-0.14307418952933942
-0.4401196606768381,0.31112746510614875,0.7445745795464234,0.8967806502745999,-0.9443774872452866
-0.5270253165516766,0.48217088597478713,-0.29135789329343986,-0.010093400251406811,-1.6534885721503951
0.7491369452545343,0.1317939741005559,-0.4997163888779123,1.0720606022024215,-1.6862717856502205
-0.788607020736108,-0.6744088657233175,1.9687645921984103,-1.7754271522668175,-0.7424556822769305
-1.0890434001767322,1.9397136699181472,1.516935879261174,1.2884260218398296,-1.3050647411047824
0.04443814323671867,1.758357092261858,2.602585077511011,0.447004668834915,-0.27496898353314714
-1.0763310990905104,0.6358485654151852,1.2960121664902529,0.2014900825005992,-0.4060728288968492
-0.8428898977892941,-1.0778083513525103,0.8154498027272109,-0.1579691791984786,-1.404318831979796
1.853522066376161,-0.786582586117818,1.0871878496725167,-1.3756059370683782,-1.297296953308083
0.4195696048077134,0.6113686998224499,0.09712364175413206,0.6876816170527235,-0.5364920703438553
-1.7771045600981579,-0.9141597286177408,-0.07384651342963715,0.8098307795387429,-0.8008299962139493
1.926321309141864,-1.8216240781344277,0.8185325824704439,-0.7936388786282386,2.244373379962856
-0.2409202475028431,1.7414297195951298,-0.11354556895545279,0.7947587839280055,0.20127418187550233
-0.009854516258172866,1.3407440929941083,-1.2057120655791633,0.4528421537103853,-0.16866026605202356
-0.986280378057724,1.169646390530629,-1.4568119269989905,1.3716670374656297,0.7850949700520657
-0.8130541582583035,0.5848470059259034,1.0851116960529106,2.0034297655886033,1.1813767960818713
0.8982083747287688,0.26958686369356577,-0.5856535828901874,-0.1870653481965244,-1.1104884146706673
-0.2272594855201799,-1.0049306158159688,0.1451184318305619,1.0490234915895607,-0.09053679754826903
-1.1156347605099126e-06,-0.47388208431049744,-0.7964133645801187,-1.466613148668442,0.971220138644743
-0.9704795497398376,0.14332675212883605,-2.2065558506157634,-0.6354291274344122,-0.2894815785918471
0.8646008958787662,0.30568470504719014,0.5952077369813367,0.9767308548703497,-0.8406354769255874
0.5276110193923302,-0.23892917503477412,0.575340247807536,0.5748729087172206,-0.2794683583138644
0.6215952391565702,0.5810502867179589,-1.0339350313793143,0.06500268394737863,-0.46812625953425213
0.025221218936683512,1.1284380526153637,0.9218882157663476,-0.8763496420109421,-0.3912931623448852
-1.4917010006975806,0.03345416187868149,1.9953184063961207,0.5585556903965769,-0.2732005720887861
-0.5929415925677572,-1.4053915212557548,1.6893912346079747,-2.239127044892268,-0.1150753393872648
0.1568083240597325,-0.16096841439198986,0.019770692845715428,-0.44682200979321685,-0.4350834328446842
-0.7560026597567012,-0.9250612610893002,-0.785649664604015,-0.6677866826183999,0.11588384006371241
-0.8037851662109285,1.25661689142009,1.1758529770737176,0.06691488622756732,0.7535194384397313
2.0011821508558874,0.25633489100590096,0.5176307247761076,-1.8756850126498885,-0.3386228106757262
0.9280750287856276,-0.48652094915845967,-0.008217794439868763,2.2949515067154067,-0.5982112563532508
0.4890403910268879,-0.932652053393423,0.049936074569331856,-0.10299930792149602,1.2320361231004362
0.5990548048694618,0.06344588926741675,2.482396708401237,-0.05097251195851265,0.9260431349828645
2.6442103985991814,0.18494590265276542,-1.6755475776949083,-0.4862847517702441,-0.2688006642205001
-1.0306766928739843,0.17260113918215572,-0.5100728635441818,0.6980545442708871,0.24422832771543893
-1.6621527684361836,-2.156528268069335,0.8831896865648752,-1.991450897963794,0.7750552020326061
0.9241357308102636,0.03838118947810938,0.6788662146755745,0.5452107467148309,-0.23330092129511998
-1.5439986220558477,2.113786715256523,-0.8472789983056686,-1.4551594775168384,-0.8133110055184254
0.2849636721915546,0.7198597035841909,0.09311428942885168,0.33615898510636827,-1.8521534045577082
1.033129301164476,-0.9443386563827791,0.977509073978662,0.9992939250114615,0.7973190453316212
-0.6126325686112267,-0.6924314304189914,-0.644210300640431,0.41840687693635376,0.021294351624430084
0.07004200114648484,0.28460494343117976,-0.5559341109312085,0.9317348692868602,0.11470132113075289
-1.2823307392575527,1.2110733790726997,0.819557684296731,-1.1224378506630377,0.6218307476291883
-1.068585783676058,0.40984632219906,2.060099526376611,0.5031155792307427,-1.2564844620062774
-0.9341944498127072,0.2347420746189502,0.05233139208685655,1.119442311597398,0.19971887562175303
-1.2539547936267412,1.0825879275550083,-1.9089808489648024,-0.4093412818230376,-1.5791439934891471
-1.3221039414768028,-0.22361103588784484,0.13818203316777097,0.6323691423319382,-1.4120094158987468
1.1714024943764618,0.15387806463713713,-0.7747724773753085,-0.5651536538984387,1.7156401372375394
0.6753873534392683,-0.3521971989089756,1.3911183202973625,1.6983673946103546,0.39980822663649196
1.2647390547288242,0.05793194645279935,0.8747332385675755,1.1608694964250559,-0.15858615531508558
-0.9668656731270646,-0.47505673115560654,-1.0963351383403404,-0.08741107705800442,-1.347893675669226
0.2773609271597904,-0.9898244461232549,0.21353640665505866,0.5118268682568834,-0.4892466527374631
-1.3366998368807168,-0.06751010503177247,-0.20421225016055244,-0.24093304689463144,0.03262372643797244
-1.4117955233749002,0.4070482942685468,-4.015367785615238,0.9399428130003309,-0.859546413181179
-0.6193252541473304,-1.1447777552447205,-0.2958296507288899,-0.7216018637735363,0.3178373828334427
0.5089954886290757,-1.310912777861975,0.6120552319238114,-0.5417535392293217,-0.1678194577980356
0.3556887755246007,-0.6238735116248052,-0.45623399658509695,1.0109034885290893,-0.3811757281670887
-0.8749071918922083,0.21926099389505171,-0.7615288310922159,0.2333101504377997,-1.043174487028674
0.7204195542345234,0.426061443905358,-0.09724487352687239,-0.297448939118347,1.2114611980366004
0.47860197512603464,0.43245308126313214,0.6235662720359302,1.710222915092921,1.2780143146338814
-0.4435248094108797,0.5643030693144383,0.5774297520716887,0.25695704832461286,-0.4904281428103517
-0.828322232599582,0.4685360521018595,-2.5350356739614406,0.5127322134673148,-0.5297909841427236
-0.39408652501478414,-0.7380751654465656,-0.4592543068929359,-0.8870922002178437,1.3542071595023335
-0.03200140467022999,-1.3650298760516026,-0.6265253990582835,1.117419187505763,-0.4426212126705969
-0.5029291254665962,1.2408593699145025,1.5471147312028488,1.140206559297513,1.9345889373075145
-0.8280760974032484,-0.5840944406331005,-1.3712655672115996,-0.20320924861906345,0.312795293697349
-0.3170444773514092,1.201803628168509,-0.48750424524579167,0.021894326460024233,-0.49293538413327076
1.0051759021737308,-1.0355048722262057,0.12490037073371787,0.453223628687282,0.1025415420835459
-0.3148708359702454,0.1945283303336207,-0.08473668529280873,-1.3746340472874785,0.028857367458292812
0.908263709777611,-0.7336075186241752,-2.5125058592953278,-0.6667269997555597,-0.2904672451112865
-0.6932780707681137,-0.5237285643570049,2.3194956259737065,-1.707581131810525,0.0625358589981086
-0.6279003887343831,0.24974255593004838,-0.5861270255249675,-0.8887539200348714,-0.6271574052041334
0.20442825444650223,-0.5266114056034782,-0.6374455665712194,-1.0524841093793698,0.29927049953188045
1.4242372791362647,0.9903136442779442,-1.3674330649968258,0.197100197851292,1.6865674491130869
-1.4512294737454725,0.28682631390391733,-1.157795454437593,1.7055472049900595,1.5926146930925362
1.463473511471176,1.1367549402079318,0.3524597283249849,0.7271930225464387,-0.4679690758094889
0.24770569509366147,-0.9218797092953028,1.5835393155830435,-0.9773103604805955,2.4910341492510724
0.2892130973140847,-1.6093996433910667,1.528543347706842,0.7520021200697082,-1.8298835367604012
-0.05904910748718553,0.05066100851974795,-0.625259270411123,-0.5197014507207544,0.5834175588559717
2.0111642998076644,1.5703249697670845,0.13519034255742352,0.9204320968501273,0.21407311519103572
-1.1210203925281208,0.09076779141530408,1.5084683755533526,-1.2657343909172976,0.8286433868156228
0.46222447112662307,1.2798423940199242,-0.19200966430727476,-0.13062752441074924,0.2520890422792877
0.009303800644702688,-0.25067135762626624,2.3244288510079736,-0.8147206507365284,0.5836753949674349
1.4132678634473224,1.1259090983496252,0.06830478066400437,-0.5512564419269922,0.735016712687205
1.105025003002339,-0.8547901686381376,-0.5616440877057962,0.2208641036189834,-0.6962730590209552
1.4978063264559938,0.3909722743612893,0.8224899152013176,-1.15599695754565,-1.1452458904863934
-0.17082184743010032,-0.5795581105058336,0.5341910556467628,-2.4564575077944903,1.4310354922819717
0.2990753883085974,-0.6395200542063002,0.7844661352494708,-0.17341224783002868,-1.4461387773400172
-1.0877068010864142,-0.19236658382880825,-0.31776696077957733,0.8069041084851183,-0.18301207557385768
-0.9166369843158169,-0.06057012462072412,-1.46146181100503,0.4997479977973928,0.14573585722075058
-0.22352432944327907,-0.32861883326827934,0.19568258966433927,-0.3768593902568027,-1.0451503490596525
-1.9534177978366158,-1.370507217710016,0.6131699375160291,0.7331009112871378,0.8393896225518164
0.6579466091370956,-0.01674377257523146,0.6992128204559096,-0.784806124911795,0.3357118064578554
0.4662542829043138,-0.3309152928104962,1.4319767562704169,-0.1446661892659397,1.0211950474469575
1.0261453979752695,0.707877142511968,-0.3939087854403571,-0.2607451668574358,-0.9043274839128893
-0.741500182605825,-0.3271048843483373,-0.23844511152091674,0.5087241975877715,0.7055442220496171
-1.700124450162902,-0.2681049408111284,-0.20393562405305363,0.7477479610110551,0.2846819243863383
-0.22680191180082498,1.5939277938078114,-0.11396593272634459,-1.0418025632005956,1.8506305174892834
-0.22935251944067853,0.9348803623615777,-1.9948325373561613,0.0468458412060534,-1.3738661146605216
0.6670252435592382,-0.39356231466843705,0.3341079622134937,0.7611287698812017,0.18186584176682846
-0.7978896555888443,-0.859009466250603,0.4214444264000476,-0.010161177857664346,0.24560696015319758
-0.3272314842588662,-1.4822939301907625,0.21756664096296094,0.37386765205205136,2.783251232876744
-0.4790789251900893,0.5513555361863037,-0.29670723262416676,0.14087697323698264,3.260948044845694
0.45290467522880673,-1.328068369831156,0.8383926565883318,1.8398409322694562,-0.7180428897413814
1.153045828575285,-0.1556147472569454,-1.0715937206098767,1.325854352594097,1.1671164742997933
0.4176348901405621,-1.023404298650397,-0.03315185346531636,1.2564192111487689,-0.9965943571100766
0.9632096755665401,2.063192229787956,2.833950773154126,-0.21843072316026949,-2.312710563448507
-0.5846242706228897,0.31751802722718914,-0.26317990452571044,-0.2640963276139103,-1.1759009583001436
-0.7361971149657833,0.6533560601476011,1.2062337945044073,-0.17789615348595306,1.5573410427860621
1.7017748120071503,-1.6391268048288847,0.058579345192720234,0.5398904546652973,0.7322903102473566
0.04056886967622198,0.7537473143256815,0.6813207658581747,0.5978808085788047,1.4880108522173185
-0.5764894922728914,0.034114742249013945,-0.8281021062295073,0.2522658766086524,1.031870418829835
-0.6950000466151993,1.135565806984614,-0.6645258872836532,-0.5022597206270039,1.2118361760116871
1.2868522185522135,-1.066049184125654,-0.14686501714123953,-2.079280559317802,-1.2449896355028691
-0.9156130570335457,-0.19792843162870932,-0.47048475440479726,-0.2123717383858173,-1.4822018254843292
0.39230794100225036,1.2130331704144883,0.9582099170301247,-0.35921281744151645,0.698056668876259
0.650720185262654,-0.04897344695789587,-0.4556783813761321,-0.7944147863112291,1.20917572775199
0.6830390698565694,-1.8730114129514503,-2.2213364963019835,0.5269251457922146,1.384549745767818
-1.214645769526765,0.7953870847071685,0.46429609600581606,-1.00884048424267,-0.8208603890118367
1.6812170658086043,0.2768880143683799,1.0336623279425616,-0.9522169310461417,0.2985519146202055
-2.306432508114845,0.38536707046606866,0.46505695958899007,0.5543970587173732,-0.9137119211519117
-1.3399240094052964,-0.6670097901074482,1.3013143580051931,1.4387818037643554,0.8091026321435154
0.09061109937165432,0.6795455561778763,-1.6954375481064818,0.5265008535197646,0.10799334960065239
-0.7795761294680271,0.707925323055332,-0.6218848615454949,-0.06447768181945819,0.5664347780375508
1.424949823713275,0.7755538680064802,1.1951692835258023,0.4564361987960066,-0.20545860397712737
0.22976745720191077,1.5350697866870937,0.6570510373596363,-0.04014003684087223,-1.5392973340955904
-0.8445038835676444,0.559241648107269,0.44622218632008526,-1.438691612783597,1.0678437035334125
0.3134164693497165,-1.411189298191943,2.0044512104445933,-0.4883908876364214,-0.8765592638008681
1.9378533127219715,0.8684034498213431,0.8695433279245227,-0.599010790630206,0.14838601011843078
-3.32065924623209,0.36068691679254256,0.41476165716316554,-0.44889485003343754,-0.9351012519268067
-3.3005069592563863,0.2527275429288963,-0.7339349901782855,2.4772736024411683,-1.2371303706963945
0.28059782804929195,2.359459366145747,-0.6983645331297251,0.687578175649807,0.3126213163442086
0.3576114581624097,1.2246383158850238,-0.14855754851961253,-2.0451830627681664,0.17420890112475648
-0.6883313667148246,0.8379032286470965,1.7498075388994045,1.2292465565336792,-0.6148546048380231
-1.2907213847174426,-1.0461048438806573,-0.2107643108580833,-0.28319999277509533,1.0636345274617411
-1.2351941092572452,-0.46434159179560447,-0.990482149363594,0.730927831846027,-1.9851468570373767
2.051600266037384,0.23289212017737,-0.4738360914884038,1.133447243470677,-1.0204733914108142
0.6543587751099538,-1.2831133922176017,0.39317849938341937,0.5299929145586447,0.22369305431561032
0.3405512902507095,-0.8746516852514316,-0.905133060234163,0.871256587132069,1.0264777853550116
1.7315922102895065,0.2256430577586871,1.560493002197678,-0.3506254308545933,0.022745344904774742
-0.510662710860484,-1.357186343622756,-1.626328422026477,-2.546771138564054,2.540428041343352
2.3744128379203513,-0.025922725386302973,-0.22556254850091273,-0.3352952913004101,-0.6658107667773022
0.910656206160908,0.16960917529163866,-0.8288853580042167,0.5846519734483558,1.7679477539031383
-0.1775463151086167,1.1407257181059351,-1.7723114268254643,0.08730844429098572,-0.11185321024478123
0.1401862745399653,-0.3759789232334065,-0.5419946903216216,-1.5413088642209911,-1.1488588227009575
-0.27125679887491305,-0.18106522703015107,-1.3244602394570797,-0.08459700908895873,0.27947081050639544
-2.1306746182549903,0.2504950182909039,0.6777437228619382,2.5016006618231623,-0.4908266962856856
-0.1806138275003296,-1.5849090760757603,-0.3200181040471266,-0.11818428591901173,-1.1031663450349132
0.7622260920442865,-0.44323253363760823,-2.1923337423584845,0.3979800361932601,-0.5024727589161976
0.9485916343040539,-0.009304949812034162,0.46297498654402286,-2.979656877819974,-2.346753617322521
-0.09849661603183808,0.2166305041741406,-0.03633892495053826,1.6429881169451295,-0.7190188829457268
-0.32500858814997946,-0.41502370802672084,1.2051744619659852,-0.9327129276395139,1.1986495386655134
-0.09010729177881929,-0.6907176498984698,0.7714764905257901,0.6064651170887706,-0.47613466328650067
-1.0087228281942953,2.1918910119003607,0.3213079470510481,0.8431617203042531,-0.6600139329548624
0.22618199682658285,1.0332377279999592,1.4168190728911456,-0.5097062442025052,1.3493213192508469
0.260177381984849,-0.7023894979912405,0.301363924184792,1.9683665519923108,-1.1043632601467546
0.39337693188520995,-1.0531736635276856,-1.18615620024726,-1.300486308751274,0.9324526600978649
-0.07812099255787416,-0.6500827705367113,-0.6556571569711812,-0.2588455700927125,0.0354084862276214
-0.9328093478013222,1.4139155928338154,1.2369686430753732,-0.0033025604471018833,0.7466012334589375
0.06437334250751152,1.0789839434033224,-0.12382429657156212,1.5273036608674886,-0.5036341045609385
-1.3529448887773157,-0.17472637474356126,-0.11915918457824941,0.3536795102593455,1.6600359593035867
0.29357463009059365,0.988758943165341,0.14119584575936978,-1.5417147917709932,0.11185335026757898
-2.240974128671805,2.5244322122300167,-0.6079231756230961,0.028968022659899572,-1.0132234855722142
0.23863671032494366,-0.4453317662397502,-0.23958951393785655,1.0189667725090652,1.3553697514477785
1.9913294137729354,0.3014955071302962,-1.8773417773323064,-1.2503136629879863,0.04033024181064977
-0.6494254220783409,2.3200081312428007,1.9998844622289995,0.00467214883516142,1.2387863382971196
-0.019932832623944942,-0.6307945834266754,0.41886613183816923,-0.3743179944639919,0.1740573932819982
-0.7968276815838553,-1.7185280497657225,0.23023064730135495,-0.23805554493575673,0.04380151354424697
1.193281388256192,0.14563020996488357,-1.599701783573958,-0.8635491338184285,1.5713593238211672
1.3798951791430583,1.3143964383003521,-0.4670578809289788,2.2995534432876448,-0.724529136128263
-0.13504116928766613,-0.1559565253592036,-0.4283522497999304,-1.103423098702499,-0.4530254284887188
1.4806451116683366,-0.3978099403631378,-1.323088921125787,-2.0548670558392153,-1.288794008055875
-2.0542940244769907,0.5779448873851749,-0.8834801778851795,0.8670760824231972,-1.7585459125121412
0.31298453162892986,1.5489209932180774,-1.8247301141564503,0.7960993941940434,1.4101141362700866
-1.703892446620995,0.2635718884755552,-1.3831673858082922,-0.014433265690483163,-0.297511104708134
0.018336160126346424,-1.7239865194773492,0.04009362430414459,-0.9448380778067758,-0.707148560866844
-0.6692314744187946,0.3555224054793703,0.3212980233953242,-0.5898990902159135,-0.6337358286207947
0.47021599102268424,-1.6565588021177586,1.3235526997335394,0.0586388313156434,1.1968367875438373
1.218627921856963,0.013946476396664746,-1.7261570275574878,0.7140484569142839,1.4330459122707047
0.1344257196952751,-1.625079923556891,-0.10949699695755337,0.4761262393321068,-1.4734217327165833
0.37484197556470833,-0.45327363065160814,-0.9938657529696774,0.5410354749821081,0.10190818907134588
-0.5002396854454746,0.8640024193285114,0.8573486522454629,-0.6789161156614099,-1.5681746987663432
-0.83816983734328,-0.9642810984622578,1.0035334436773269,0.7817800907793505,-1.5133844408776909
-1.9757490828059134,0.71159368199205,-1.8233855518217605,0.6788253869817876,1.0785923376406705
-0.0499086318221384,-0.25610878535100084,-1.6538210188222264,0.8025341122478195,0.2997952592938254
1.3337594317725243,0.8782396840636479,0.22519972259690785,-1.172847891308307,1.009459196815275
-1.3849242714364494,0.685778301558152,-0.5308819312758251,-1.2268037583428644,-0.5920504055658488
0.39630707795571596,-1.904314115242278,-0.1294767911998937,-0.0014367325097017034,0.01098427449388091
0.4306652392363276,-1.7069997386266658,-0.517581744277741,-0.3850237712126726,-0.7098085504294878
0.8439978833307824,-0.6248427201066703,-0.9206460079232854,-1.2141345504187875,-0.18795615411907823
-1.4446563207904508,-0.4345171119551992,-0.009135278133800974,0.4045870097328635,-1.101678831965552
0.8217527137369709,0.543730663290063,-0.30947007612298066,0.902425576281514,-0.3860693460369018
1.370469131903406,-1.6645890050079908,-1.016791395446907,0.51254855162674,-0.26798644446832715
-0.8442360239326467,0.27481896792634947,-0.38547522300559367,0.42317400567885616,-0.25559277042118617
-0.4865965562356292,0.850357990727886,-0.2990743701381799,-0.17708884436418015,-1.9911536524989044
0.13110259596957358,-0.17683885863006255,-0.14603052617975446,0.37462118656648985,-0.7641388113302865
1.068705573844731,-0.31390747691861715,-0.4024930813663985,-0.13083926118078476,0.6238773837914834
0.4349126689814096,0.13759304916947046,0.12203943907036734,0.002889626019450677,0.7089652164684825
-0.15488848795826846,-0.6114790498117878,-0.2978212510548857,-0.6569318639890364,-0.41989574333100765
0.5746517702818555,-0.8306332409584865,0.2512501979002913,-1.5262267659714854,-0.6415034535623794
0.4872110246131683,0.5311986570865728,-0.8739036770770385,0.3537542611156452,-0.20583578834764435
-0.4037395508340643,-0.8803609156686865,1.386162769854014,0.837360533693144,1.1855378606639744
0.03652942592940216,1.1138923884543457,-0.7615383656089162,1.2053185987855852,-0.5031367510182586
-0.5092122000733661,-0.8864956738132855,-1.350924473364671,0.8323919285363848,0.8782474635405673
0.7661152882008178,0.36569550998393874,-0.5934012753219082,-1.0640500871491674,-0.18179267935754007
0.45989909453773686,1.18484463445151,2.2063855573960973,0.1057315121756565,-0.7742673379186505
0.6862170809016455,0.6177586453390377,-0.20031114586697207,-0.6990382262328806,0.418083682882207
-1.8905581163384209,3.0867366549169324,0.4660062804385686,1.030942066415695,0.5897913033506613
0.4121726111871022,0.8560672712708165,-0.29545384482946396,0.9444944820657325,1.3636802352699882
0.08649747159664878,0.13718454162174093,0.9985038232332244,1.7119010535522226,1.4702090713423295
1.3860790928367297,-2.465208908141687,0.34245871025169466,-0.9514770993233815,-0.8150013293541536
-0.19857522649439746,-0.2066048717973938,-1.4244486051249665,0.22402560968863908,-0.4078726117502122
0.24511428522072326,0.3410355358070275,1.2505969392200493,0.15741055392557915,0.4097634760119608
2.327712103870669,0.4453582292355456,0.6375623393333119,-0.5638860979539247,-0.33892886255484544
0.15229837119372266,-0.4950769686804789,-0.6284108638413534,2.3441901159793814,0.43690889045196035
1.892022682059361,1.6288419361227118,0.29412708798690196,-0.12854642241443806,-0.401819301427292
0.33190287665898643,2.036342637258433,0.9144599425029643,0.06315777744103387,1.0826577249845408
-1.0733707475248242,0.05926171700321182,-0.5476954181182089,1.9007840663159739,-0.9280119387419717
-0.8713626563068912,1.957879500757368,-0.43365020137468546,2.1069707350806204,0.3079957067510444
-1.4474795323403882,-0.7492941096533412,-2.081876444970524,-1.9997600427886761,-0.1685459908499063
0.738741859357417,0.3823383949991476,-2.50885535109694,0.6710662769966794,-0.22703024898382523
-1.165695092559313,1.2516923693928959,0.17838155453295043,1.6356904435431472,1.0116746251930655
-0.21122067325316982,-1.133110973489567,-0.6954582131208862,0.2465640807108775,-2.2075336667480383
-0.7267809007205477,-0.6060987867519187,1.5979377001845134,0.3622822565580013,-0.8092547032184708
2.378055079860823,-1.1325910779289103,-1.92335213911866,0.07977190517524956,-1.1031081007569519
0.6693835813385549,-0.4820605703563986,0.9029779372409662,0.38985002851333045,1.384129934047986
-0.9432648756654913,0.30184265373819597,0.04626579257892452,-0.3959558949840915,-1.1595894382951624
0.220915479958006,0.8880538825055869,0.6745195946909308,0.47651002841576956,-1.2603468623170397
-0.0988354885146362,0.38451284973276184,1.1193481691881357,1.4108004190822292,-1.6250691050298394
0.32657938332148867,0.395919820779706,0.6713854020436595,0.12010889961644931,1.144581160733657
0.36920347777652257,-0.4633483654222525,1.1593075926004452,0.7748197845918944,0.895347044469156
-0.08478184922131897,0.6323708779293861,1.6004895072739458,1.6029789639074175,-0.39044886440576004
1.7917141785758581,-2.152635575628951,-1.944132502137522,-0.6384636628879262,-0.9231432865368563
0.0015140228042620156,-1.0623994059359203,0.5719261591134265,0.7816593741816378,1.3865827619353739
0.42678354424305043,-1.0815512255766115,0.04037151743520348,-1.036237585003837,-0.329904019152387
-1.642893906947407,0.5451555757916422,0.17821554467030837,0.4615577791265667,0.947223111531856
1.5755769422636676,-0.5127412470958924,-0.050408375762216524,2.300933456593959,-0.4217779050836488
-0.05502684200970095,1.5044087011843776,-0.9435505934442157,-0.5239846058516027,-0.23647920757443253
-1.035424840638696,1.2803085195869748,-0.6754671016614812,0.5867416701561282,1.19224454688747
-0.598456207666494,-0.3346856899150892,0.13439456859694576,0.3911707535010213,-0.12411368642025401
-0.46406427366176134,-0.1152034740641876,-0.3433876368096778,-0.3010289193085417,-0.8526671189003009
-0.2212446254013016,0.1380318978623491,0.03498059059880504,-0.9339690927992919,-0.8504434536320844
-0.3485488017671942,-0.3687401424383212,-0.311835536411834,-0.06056776876637326,0.9809942412700969
-1.0719288619928258,-0.15739940270330732,-0.618809287432466,-0.6594982148008854,-0.08952502729391801
-0.5086842987988324,0.4995507403882994,0.420310670952086,0.09056814757030558,-0.29877898300723077
0.014377610930315808,1.0806935571513396,0.8780008335727926,2.359090610127775,0.0866493085437014
2.133182596528497,1.5789267145877315,1.1344517759580557,0.9783013483592046,1.6622152059233901
-0.9429551302504673,-1.4517852057780947,1.480890171868127,0.6552383408153493,-0.5758941161092354
-0.16821937917042107,-0.051567046433855165,1.0260328049279832,1.467758933947862,-0.5492931359887655
0.8407845606462112,0.12662670602394172,-0.17150382682626597,-1.3475035381924618,-0.4521530282680086
0.05747532159789649,-1.6044451569709872,0.3241513493169011,0.6501684422273688,-0.6886084336924092
-0.2939060881984929,0.38814948327931575,0.662925949037288,-0.8140886381196006,-0.04955619093262067
0.045978619475348564,2.008329041221356,0.8883776470690221,-1.4180432167990544,1.8319116386096936
-1.8266638928000667,-0.5393210807224815,-0.11119767962362517,-0.7151354761489355,-0.6132561086328989
0.9706787881932354,2.210977812710459,0.36607617383433666,1.98494884699683,-0.2540868881375165
-0.3345243295578635,0.4248524389062621,1.3151964821602309,0.18767997295461308,0.19566268249294785
1.5624287481633408,-0.2845865317613954,-0.48618058079832566,1.4049072479048927,0.5297254223374589
1.1125570482514642,-1.0050497069179103,-0.3098401980166723,-0.4796144550149989,-1.0503242553019536
-1.0265437063866774,-0.06856578500624519,-0.4006608617492381,-0.8726952490345947,-0.1796798309626181
-0.7780614887241118,-0.435082615118711,0.03364523159816053,1.5304466477056449,0.013027232628340416
-0.9984409536120392,-1.1873743758444941,0.3679336774910419,0.41108570051288135,-0.22805142508176873
-0.580111723052689,1.767144395869196,0.6712474245141795,0.8669045102986089,0.143788027719121
-0.3457956951262004,-0.3679230822724482,-0.7940748888820796,0.4387056015291751,-0.06795518350024261
-0.3994894876862658,1.3460825452951013,-0.27482917911091276,1.1461687660988005,0.7103708267673119
0.9872854365343029,-0.9982992880134205,0.5342759071047714,-0.7194677002408418,0.9767586717275177
-1.9383043489892804,-0.45246265682133907,1.420210113791278,2.447220519772023,-0.9623371718051039
0.5003864358069325,0.3797740109005893,0.5661448725562584,-0.8350610864101607,-0.44284841438336636
0.27695736193798526,-0.4705598781667202,0.0036883003173982898,0.5830524625380764,0.00604009145843391
-1.494286258788782,-0.44774716885611904,1.1289387661456993,0.9577661608505251,0.8157865392714431
1.9367964526663661,-1.333600607878599,-0.06495783887855243,-0.9583425644015466,0.458804144036434
1.9210101065963037,-0.056547415114228235,-0.7046356654610566,-0.5331657471781445,-0.642369790014635
-0.4819851952165373,0.6664739120327172,-0.44341978102938745,-0.2771304767095271,0.9484390087107128
0.6676327244533843,-0.9584243583310205,-0.19893812493932198,-0.6507829224816424,0.485257314313371
-0.006137969400314893,-0.247986041075664,-0.5016718739407207,0.24683283191605632,0.6825856460240624
1.5880901414342987,-1.5190592933959866,0.5457364594761207,-1.3864968998850138,-0.055402013394283245
-3.2174863341825057,-1.378495418097994,1.4336626755245452,0.9821783123529679,1.4414339516270822
-0.8940056438724913,-1.138667336709243,-2.7338590118647974,-0.6374052018410286,-0.061554053723010614
1.2793129010937525,-2.0087483241034416,-0.030781252175651076,-0.32395817076022115,-1.3800421123734237
0.06112569213605127,-0.9658903273240281,-0.25024207485720584,-0.04424633302844721,-1.1153018766714269
-0.01088363420067991,-0.13019611346943472,-0.8462925176664341,-0.14395481953457942,-0.13188125539713286
-2.4778835617592527,0.10136550860548622,2.365845678229202,-0.14454702515016965,0.7268723972598038
-0.3835545931611842,-0.7510988785992676,-1.3835554562222994,0.5865411641288972,-1.2844351124796074
0.42965987228322605,0.7629398083410748,0.583291292911267,0.7152444597814038,0.25552503116662584
-0.80076150421534,-0.8676506000933408,0.9483612323237357,0.6849097025673119,-1.1638200016957152
0.14972134437533097,-0.6993424980988298,-0.13633754577893212,1.5069415210297545,0.4082862953414561
-1.02427312203588,-1.6545473936309287,0.20847288002552639,-0.4255317611496572,0.4223114703795175
2.3076473411944476,1.5703418477013604,-0.9759547524457127,0.47005625855750954,0.903062831532105
-1.2084897692240586,-2.1864099647632,-0.35435467587703534,0.5034922092105479,-1.9849191702515516
2.0728310622956125,-1.1017602135463558,0.6831912004022741,1.3933923630369363,0.25046244565585174
-1.11415395873275,1.572234486325765,-1.5627375604019689,-0.637221895506273,0.7453242432996242
-1.199553940014567,0.14180590339150012,-0.9016909992687197,-0.4659890503091236,0.16606698291429273
-0.6921255046353728,-0.50616597635708,-0.3723349450197799,-0.3266791507015244,0.10623774429756201
-0.3579263118510636,-0.3106412189577085,0.4148992668235281,1.0609721692413654,-0.49357941709127523
1.8300572659451284,0.45742219084396696,1.339840801997955,-0.6173518906146959,0.036527745440947126
-2.126153346419458,-0.058981674606097816,-1.4155773428425276,-0.18281760393870802,2.4491868417472644
-1.251924640798464,-0.3371197059470326,0.7989465690292383,-0.657945927710975,-0.17969214822627536
0.4622543623620631,0.2873250820804816,0.36044740070386455,-0.9733035970679967,-0.35191499186607883
-0.5063278312147906,-0.12354304151185393,1.5733216376866952,0.1806471637156904,0.3892035461245188
-0.43734241334248924,-0.5784484264318509,0.227206608939381,0.20809457360119862,2.444593974104573
0.6609976717606282,-0.6714415975630256,1.5435581115074457,1.0797864963044441,0.01437086762218732
0.5764200085659827,0.4612765907180126,-1.1718810905790165,-1.7210700569375463,0.18968398894505142
-2.074430824330416,-0.7144824368667264,-0.6193189170856049,0.12399430485793464,-0.2827324996304203
0.25042084651072927,-0.7706322177013896,2.293270606989744,1.463788613631708,-0.5692586036558401
-0.031485359030252374,-0.7468969281997708,-1.1293736843142261,0.4775184316923906,-0.4669049162345903
-1.3074430751466104,-0.6538657925513437,0.9454701338772773,-0.14341179831516027,0.3531204262365744
-0.7595804037302608,0.5614050428023478,-1.0301750123762485,0.4731670716224939,0.17790511784041813
-1.457904326533261,0.7531145299538041,-0.5951414367568637,0.21401644867271677,-0.40764748526817046
0.35988786124312844,0.115526057341995,0.18988256280425286,0.8050408951227394,0.781145864805507
-1.2284549809157441,-0.7721360467567148,0.497812412855078,-0.9062622961829238,0.45196109168267945
-0.9125673111806156,-0.22431420285796627,-0.7262122296684973,1.0817473836030014,0.14264199745402847
1.8403070991300126,0.01747213473729165,0.9362302236794348,0.5509266611672473,0.5112531325679504
-1.7740224106815434,0.5656433851576319,0.1500491612558036,-1.1444241697300415,1.9695589855458597
1.7296291579198122,-0.60931855043175,1.516664541212238,0.9392626551737558,0.3461529840096099
0.38722442773332655,1.050154791976924,0.0007430036187357646,0.597892160845292,-2.0560359749341717
-1.1058090815946784,0.7429592666210818,1.7500347361774207,0.9069913195241253,-1.109908523685504
0.5801256993421589,-1.6185349275716154,-0.7927176656504303,1.7179835393714982,-0.08436918300318937
2.3025490964477866,-1.421735574914117,-0.5820287978063912,0.0198139818044752,-1.7408252881861062
1.0836614359890901,-1.3990829585532831,0.19646207584994216,-1.575763964674567,-2.4761463458326096
-1.1889247531443126,0.0038359852924085055,0.3489367040069117,1.0916860966626283,0.6365335768203274
0.8993706548100328,0.07761704286558567,1.1821564738981702,0.10890545042727827,0.4792191453817761
-0.5731531065433785,0.008532155388121566,-0.3393439463843299,-0.3349714243610617,-0.5022278274090564
-0.2416395946615562,0.046667392722360194,0.2660337499245243,-0.3459392204688462,-1.1241294913378892
0.5876046695618925,-0.905010753290833,0.5049555257817719,0.9854271581641465,-0.6097263208654089
0.20131969709598221,-0.7304419919182465,-0.688166938026069,-0.08722252430592577,0.32677613611221107
0.9066831570362665,1.392667326374513,2.2787309863964014,-0.2754884275542686,0.43079107356448937
2.096657308055507,0.5789420218443577,-1.4555399775609594,-2.7584717211494785,1.0348942585714063
-0.5692209191693931,2.3622100785331517,0.6985948122001782,-0.4866375187467705,-0.04715262718651033
1.4796910812911048,-1.586273469690797,0.6377756564304462,0.5023594858768801,-0.18515011951405247
0.5008970228692982,1.0427824824919556,-0.44840360020797815,0.4909124395496821,1.091629785248557
-0.07872703356176919,0.896367357955569,0.2786931096983435,0.6414397638282933,-0.3915003492139109
-0.8441252946638763,0.42144384389639394,-1.0459738859089909,-0.5337740674084194,-0.4231480152795447
-0.7753213852609632,-1.1519532409745932,0.7664109757192838,-0.5262110424816231,-0.9234468304887393
0.557518171816084,0.0986762556802073,0.8052319677689667,-1.5637111950212286,1.3368967243634755
1.125078943562846,1.391468712009569,0.8071061644154673,0.1685355088134489,-0.279840268847864
0.32566547033755766,-0.34767410643799607,1.0802923258994077,0.4501541177876834,-0.36892799245820657
-0.8847033144306173,-0.9054814081786152,0.7632742110407859,0.10989182016042105,-0.6348108153948897
0.25392748764658263,-0.003596592260712819,-0.3260151622735883,0.3472490834147279,0.031114775025997948
0.7816834331873913,-1.4904769094444854,0.16104744118274417,-1.4337131098400722,0.7279204474077081
-0.1424253191176924,-1.0243692907884594,1.2436259995366963,0.7272345771978957,-0.041660873008464494
-2.307791805780051,-0.07756924483455856,-1.0366844541291989,0.8915173285760861,-0.10470407118909049
0.5263614351551463,-0.734469651923685,-0.6827620530725306,-0.47900213241202594,-0.2383300016245821
-0.4919077859140692,1.3794200737268159,-0.47591335059383577,-0.9616948088983788,-0.7437122657103501
0.22352126209825962,-0.2101561099230004,1.8044419627998263,-1.9245129812105817,0.023852547165120107
-1.7631286659915821,1.2049576781895321,1.481769655274317,-0.8916031749494241,-0.8072896401185631
1.824688711737278,0.21652452383017987,-0.4738206619196741,-0.3040879780447135,-0.6929145541115289
0.9182343181052759,0.6854240041886024,1.2495437648385888,1.0439517173011743,1.5689217820310697
0.5462979278700427,0.5613279398099774,-0.22099122534194257,0.04540905733439109,-0.08761765923125506
-1.6942104454820472,1.3711367263317094,-2.045452499944921,1.3203836062654637,0.8744606909521517
-0.30356309689921307,0.32402965770517983,0.5783577208626286,-1.351038713292395,-1.3977235140394586
-1.8137301721608088,-0.3156811856408357,0.7780114873514586,-0.07906593898568462,-1.6880736748474456
-0.5882051608619072,-0.5901450859321631,-0.24248130019223815,-0.7343896280853185,1.2108154244962868
0.012355555638541973,-0.11205379676771537,0.18842803079444861,-0.15958053798434157,1.3134298173668086
-0.3129512847206921,-0.1807199642183533,-1.4506327143022673,-0.27498139897855367,1.6210679487967565
0.6958159225662044,-0.7455141294306569,-0.64989171349665,-0.04689371090749465,0.1608361244229505
0.039936871713594314,-0.6391951729170855,0.5907132184557968,-0.15609984182004955,0.5058305999409511
0.6991147628806587,-0.34447334261129336,-0.11315625313305538,-2.9746890349741593,-0.5578976846162443
-1.8843937402703348,1.7870929384777696,-0.009245788389352428,0.010919045841939742,2.4155293447706456
-1.6712289943581211,-0.2377545459963599,1.1165670424050218,0.6758088582280136,0.8666064777249264
0.8449625995869365,1.131176817354702,0.37505869753624493,1.9081392396983556,0.9394963562544492
1.1882364034317685,0.7307603647412302,-1.594169086962129,-1.3724272651932294,-0.7080862319166699
0.9733765417095089,0.3508549602676702,-0.6105170447057675,0.9258076306779061,-0.5348280139154346
-1.2858868847815732,-1.1347022875049175,0.11699854947625467,-0.4065095053204928,0.10090288923994847
-0.504781254038329,-1.2736018450145628,-1.5557701096232013,-1.1916598238393852,-0.7890483181466632
1.6979457791362416,-1.1586523089136935,0.5598881193052538,-0.7812501309309974,0.22297284785304333
0.7965833051904594,2.4810918552116705,-0.6645527761330385,0.9536103137468381,0.8887709884001571
-0.7836640408130655,-0.41208308046016223,0.4039171957864322,-0.9708658335098415,0.6541428310562771
-1.1564670292570631,0.32760084422767966,-0.6774538954409111,0.02755188609118852,1.7868508017750795
0.4428132875426752,0.08745548617218626,1.0512852177080367,0.882434373754367,1.1008944615001734
-0.3662644663477209,0.07827227854199995,-1.889344843994573,-0.6896895914694782,2.4384848073772183
-1.3979235589609749,-0.15776037213567112,0.43746719442743726,-0.26152508525729645,0.6490947229588101
-0.031142211524102965,0.6362586441768635,0.3940979033407653,1.1300267764709213,-0.08910305255966638
-0.07473697190216631,-1.1865726340216298,-0.40551495880509103,0.19123889715260875,-1.4665890477866208
-0.06678002081301705,0.18710258376358763,-0.482368990064931,-0.5003419870947764,0.174459596804441
-1.8499926356553211,1.5152572195369913,-0.16956554810643212,0.8198096694616179,-1.146504983098662
-0.8446988631168363,0.785156027150331,0.05259530698662428,-0.47744741573218646,-0.5779465417478402
-1.920817762700261,-1.7376202506469571,-0.47766230709110197,-0.6096509555124062,-0.9334772675895264
0.20271310633086737,0.7153140625498877,-0.6299124707441971,-0.2544816798283121,-0.18208473379837528
-1.2753358935028576,-0.037338007268838284,-0.5733487675037773,-0.49204977845892833,-1.5247975969748042
0.43782722670264757,-0.14541833021532194,0.5541156663076572,-0.4593706706350978,1.7709683791097464
0.8085793188329679,0.3740441303790386,0.5307681109180724,-1.0469571859886146,0.9362777222614042
-0.3286190754101692,2.272441336731442,0.003859335021113036,-1.2031019463661923,0.7801661287947532
-0.7883072461944534,-0.6550180836795721,-1.798020190749807,-1.4285433263241396,-0.05071772681359691
0.5370623480790694,0.2336281475947277,-0.9547345270601576,0.42665888958253534,0.8318108322923212
-0.65298899816968,-2.210263037957825,-0.3564522909807404,1.587607789312645,0.4994249946344732
0.744175315590221,1.1310981697603486,-0.49206129123988457,0.5175072328520245,-1.0445289972171605
-0.6269007700000548,-0.8668616677137908,-1.1893996206154331,-1.6159211889433165,1.678945477909087
-0.08567860961681655,-0.6094965143700635,1.0356058055130135,-1.3595664213433243,-0.40992370106208487
-0.33204943561684974,-0.4140942541165508,-0.47238952070869084,1.4389836536057508,-2.5509213196272844
-0.281515567572184,-1.5088198808744973,-1.2513269269833016,-0.6518492830265368,0.13698564584525266
-0.8070473732033249,0.9935105948975382,-0.5131772512053702,-0.6922431550883436,0.9232190093418667
-0.12064104859729884,0.9457587320619409,0.2888145117796329,1.2590260550518246,-1.0996648286545592
0.5178008982764978,1.3790613820970754,0.6474064750527142,-0.19224644243605474,0.31410342667418467
-0.9203940368627552,0.1784322890893176,0.14661094536709313,-2.0347893802052086,-0.4794714998193481
-1.1473112715110512,-0.14338097981765408,-0.38956520628415686,-0.5171082160036335,-0.9733848579801063
0.5928592303378851,-0.6853049006913569,1.213862140001181,-0.9624463342607097,-0.8089809411498219
-0.009470678992363033,-1.2331365155753953,2.0552835456945817,-0.76099323562348,-1.172137719947535
-0.004358860568916906,-1.212950092516181,1.2721609096477324,-0.2152103244714158,0.39039394191714843
-0.6643070064135985,-0.7270405516808192,-0.0612401006354911,-0.946472734362705,-0.733642923081041
1.1581307193561932,-0.19361327207556034,1.374244606737396,0.1799058194706593,1.1799777829024558
-1.6797998225451,-0.9332633066255543,0.21252144249124502,0.3667039310356996,-1.0390158866985633
-0.579988845001959,-0.8673847702295736,-0.8028753075835728,-0.05129798974809862,0.11754164196762064
-0.22243558436100977,0.3690766280504214,1.0018313281824383,0.4946510099081875,-0.16281418893937524
-1.778757738272072,0.7669601117182733,0.4177519327749521,0.808275269475798,0.03344514741498625
0.5025781464939468,0.8281118533532162,-0.9650679776933101,1.170840813815457,-0.189791705104404
0.09728894662874703,0.41588444016021686,-0.6632045700588094,-0.8325032744833826,-0.46561172845907717
-0.31969234207138264,0.24409172836032084,1.3765801257363557,0.0560018595960841,0.6635026848927963
1.6727988204769004,1.4118063660051012,-0.37433026601035985,-0.4975997238839847,-0.22142088276314104
0.5213278541101738,0.4017878898682359,-0.7998087372430787,0.7264161928232912,0.010175953217986195
0.1034230739603813,1.2880320770080573,0.7402999004595824,-2.1082673551349593,-3.1425259572619315
-0.17702717158995857,-1.391106792547599,-0.05547052427162299,0.15087088952907896,-1.5698303631939488
0.33111134201212145,-0.34895776466710926,-0.5365192055505735,-0.42299515735977933,0.9190661342191835
1.1987415832064865,0.7543095215999367,-1.1407638082608131,-1.3612075607924017,-0.9635506442995327
2.7025028351553786,2.3300385008737567,1.3815605710964989,-1.000325999660776,0.21329955104756265
-1.3259489953008363,-0.2472032043753396,-1.1428184275110556,-0.6822208472638474,0.24830663522521068
-0.6692831925339999,-1.3570479682067011,-1.3439766960758326,-0.18795846545649328,1.2817356704943805
-1.2363911574841695,-0.17505872934136119,-0.23892504421292868,0.6726704985401949,-0.507405185153309
1.040360242346761,-0.7651832839821182,0.1616459063417995,-0.14313526049753922,0.23325514417694088
-0.8819165014138443,0.07624670045626408,0.6527048639588748,-1.496475657057226,0.020456637912811323
-1.1531798812805938,2.0239844249313923,-0.7556819222129679,0.4056397937195051,0.7244543919429274
-0.9608322314998047,-1.7500713703365454,-0.8723814002873438,-0.04178683243496804,-0.5878256611761552
-0.034909041095608336,-0.26077518761487106,0.6678869308386932,-2.151922538211667,1.1077312480280554
1.0764468542755559,-0.09206786080424473,0.6618544073704831,0.39322372418264384,0.7278330071784394
1.512775376528715,-0.6906175215408542,1.8126948841429347,-0.34244045729910233,0.03835704691560878
0.1894460702575165,-0.8423397405497138,0.6166757987310958,0.13534336196027477,-0.434726290070303
-0.9170409553449255,0.9980485148428466,0.34796923702832533,-1.8901489376806664,0.27661555772767715
-1.3044805160665034,-1.9263360337066566,0.2903169323289786,-0.8370206383622969,0.5734894539090728
0.34823262251562503,-0.9165921894118826,0.7622085639770904,-1.5921467706231385,-0.6899880405108357
-0.1840367882982835,-0.1431970391936592,0.8413676953785973,-0.7083091157590377,-0.15733039923881173
2.293610973200681,1.28552399645824,0.6585080972553465,-0.5513011534469322,-1.893024136779287
-1.401423587166072,0.08074943368303227,0.8051439506305952,-0.26559662395101763,0.43130852768858485
0.36416388412103623,-0.13055824897793394,0.9934755893660605,-0.4239446660580578,-0.4568973334520551
0.994379384066369,-1.311561235257387,-0.18845878748217043,0.2549976599646473,1.4234453627287935
0.026026921401455495,0.32037527650498865,1.1703747858472608,-1.9691714953106634,-1.1216492889237815
-0.4981016289484742,1.2952425290582754,-0.43975080185604176,-0.46678385092477936,-0.8234329077242899
0.6558321515330233,0.4516354190678603,0.863794215747737,0.1423183335778982,0.5955932149320311
-0.34368083138984024,-1.3045076399041382,0.0926785722610445,1.2215366541743977,1.0335724429275392
0.30487640188744103,-0.27938477654466165,0.37184215818528277,0.5081182820940191,-0.842883172557731
-1.9810719014130576,-0.11307721568658416,-0.9556281316282025,0.041065956403078,0.5456531358711554
-0.6760085828913199,0.8298870036961912,-0.43994135247459176,-0.23423944806556934,2.045511593614283
-0.12763822316806453,1.4943519674744685,0.713619160374485,-0.19251784552344597,-0.38131667454594265
-0.7379207233846705,-2.037264251415443,-1.1379646234287595,-0.3055486657617978,0.2733913160965755
-0.6101786157932274,-0.9363074578240197,-0.8758564168187541,0.924175069379273,-0.46241140125853947
0.9408175045596447,1.5472133993532584,-0.6418311617774757,0.018261772243851723,0.4853970989491649
-1.740009435520151,1.87727228502446,0.3405140146971912,-0.11390406555048439,1.665617379879515
-1.467528643149729,0.6221901314577389,-0.06494929420253265,0.8065668603078603,0.6991630346523152
2.2576481541733604,-1.398498159205126,-1.3117930130878301,0.3060339715033097,1.0475297867662372
-1.5322835918879736,0.47320138015508706,1.3881750279893774,-0.953238898688975,2.198883061874608
0.11055578359724531,-0.5904641831697531,1.1350558368723176,2.2189359868657523,-1.0371886149428118
-0.22094626485146185,-0.8780019871470613,0.21998324458162194,0.8123287939376634,1.1545117212579181
-0.08541228933173496,0.5415217052818877,-0.9170648260325213,-0.531761018859764,-0.7299473157501932
0.9795915186626781,-0.8129070573824516,-0.7954376499529964,-0.07535715667151231,-1.3240071806799902
0.2583527157105138,0.4919247750445265,1.0230470865266048,1.2989716581107642,1.2713412407705253
-0.06821916766449296,-2.017365880357843,1.7255093611477155,0.6681477941258702,0.7104678710721997
-1.8770632315821498,-0.2389948064141402,1.093886103284959,1.6329860363093112,0.6811101325999723
1.0207930599578376,-0.5124008610920833,2.7737984276166894,-0.744267217615046,0.8177901123470662
-0.07106294117330714,-0.3617080617751554,-0.5721709618582568,-0.00574692612478209,1.416533486211642
-0.2758275226756976,1.5013764554055398,0.1619188294663115,-0.9706138982182797,-0.4678324268377331
-0.5208823225258866,0.7876008956210451,-1.123136442758962,1.0181564287818412,-0.13032830697098244
-0.10806404418940496,-1.1178116467429098,0.8425341541258026,-0.6510150633628359,0.23235050728396997
-0.9275654486531906,-0.13074067294802497,0.14721347590683034,0.3803712721600065,-0.14785967720938345
-0.14846848987012698,-0.18716363524559443,0.1847571210588459,1.0470646507716765,-0.07788229174772571
-0.4737164286516636,-0.35287825135416845,-0.29031609207851017,0.6578025851586604,-1.4014380635723471
1.4311720750965227,-1.181471042453309,0.5282054249474991,-1.32410160788975,-0.8090609705452819
-1.6900601206186665,-1.3122598511791643,2.455192404526045,-0.22491376453356784,0.22471693334161696
-1.1388330849677977,-0.25591443349871834,-1.0754949545042003,-0.8114231189189499,-0.011115629232562384
-0.29097558273365653,1.7104039605519399,1.3887675490352527,-0.6984764475027059,0.13517303293584612
-0.04439721785830309,1.373812747710126,0.23977896531103265,-0.9672863046222201,-1.5054759845275563
-0.5449983692025472,0.3459208264362028,-1.8420575003332371,0.9648543099994824,0.036139097277737856
-0.18990765831592266,-0.9163527928118703,-0.09410924116774298,0.34515360545422985,-0.5934811510528272
0.05218260354988134,0.5966176244680649,-0.3885841875173747,0.1291209068424463,0.8595076777174236
0.20680797456997022,0.6810529790023881,0.6049013603343417,-0.8929670821314103,0.30715249335044875
-0.6804000342991835,0.19943609775268728,2.972716818958195,-0.8234602321376875,0.27074326235157037
-1.4622368668230419,-0.3455544584982484,-1.4058398223454711,-1.6128733434910765,-0.8253419737693942
-0.13652354696493216,-0.5470304542096898,-0.13000851341974975,1.5566729358086948,-0.696955215146445
-1.5301493910878277,1.56922115190183,0.16509947479054837,0.22281465527567534,0.09543584900173167
1.3742815735686593,-2.1539225300739755,0.79736493201853,0.7633172178389395,-0.05112137788008446
0.3016923475969236,-2.308856912068978,1.261148965859522,0.1446317228979035,-0.9440643008066516
-1.3166898944413192,-0.5492357849423367,0.033661756632910725,0.4944962401562971,0.7443455497507375
-1.7969568030740772,-1.1114718811267335,-1.5822795799275164,1.5639744817821797,-0.8883582254635553
0.8478720859377636,-1.4227137749049104,-1.3013746379201034,0.8253959910494353,-0.5483064693625409
0.43852654618720766,0.6879427372697463,0.0533425158818925,-1.3007954036616283,-1.5121964258672556
1.1940589263459778,-0.6251103403773187,-0.4076700064931896,-0.2202031047160853,-0.37321410668338983
-0.6484110545435151,0.29296932293505923,-1.0045099372086574,0.8864493711237279,0.8577154217863066
-1.697672347061466,-0.07159341878437572,0.5107039922387406,2.014471171597971,0.26451832265164366
1.5073400902227865,-1.0551255280910008,-0.11518656846835003,0.16612733956446468,-0.025068680384169525
-0.5896205650781486,1.026937519195589,0.21708666481541872,-0.4150000555225931,0.5727009059908661
-0.7293320065343661,0.8314826936554142,-0.40179674132123283,-0.04151054831031514,-0.09249605377173802
