-0.22132407656745443,0.8268286142680963,0.5838536926935741,0.1925927406988957,-1.2943688191518457
-1.838683686320465,-1.822094853290292,-0.7685391299067329,0.776488866019642,-0.18977785721576526
-0.6973060585739644,0.994520316860288,-0.3786134766109045,0.045840695088205374,0.7616862840286104
-0.11756078304572373,0.7478931835912676,-0.07060460455813972,1.649770183520941,3.0603396699599856
-0.6669830970491428,-0.10878782782516914,-0.29092220951162234,-1.7076717248671294,-1.8984588703013032
-1.0506452857820745,0.8294420402549866,-0.5721546325961964,3.64011545958711,-0.45240146556029887
-1.6659981969099793,2.502138169759902,1.1364294389739829,0.6696377620147348,0.33611874979780865
-0.506019803787695,0.6529226150445117,-0.098617639940537,-0.7872399989324982,0.5824357680532402
-0.8623858099517484,0.1419386353557646,-1.6610421917000626,0.3682904635857176,-1.105878980824092
-0.9380173819802542,-0.10941031578835626,0.01134573753422954,1.0819559648887074,0.5127779454747267
-1.5434415172125215,-0.060593274114267105,-0.6692576322342674,0.04010239242142106,1.2221622832851888
0.33354936977340083,-1.6020172106133277,-0.5114755251381661,1.5675040186040443,0.47004627879386
-0.025846477497027447,0.8497301847128105,0.6910019862126945,0.5361726977710765,-0.8867724265016262
-0.4517558659887033,0.012509002196245683,0.30939671412523423,0.6451111873734734,-0.052498474701073966
-1.3338717237751951,-0.5273761097214947,-0.6658976472626509,1.1651692007628862,-1.3568786800313186
-1.815536117150684,0.4927177021112087,-0.46342331437983003,-0.8020903420833828,1.04475130766103
-0.5365065820072165,0.5021802264373367,0.9101897691469376,2.2280654605546553,-0.6098775806590184
1.4324220510815224,0.9198304326534564,0.4267352647472011,0.7091559571238637,-1.3764127556984787
1.940546119360172,0.8798320586880916,0.8830118970121931,0.7236301503528911,-0.8349618118485037
1.5225582440085972,-0.42322106774830515,0.9770131726159127,0.029446693348326645,-1.520470781742706
-1.2383199983896471,-0.18263875875072622,-1.0233708709974327,0.6199007484227618,0.11927568992421902
0.46439541661342587,-0.3490622799857737,-0.7059007456332951,-0.9983348834593748,-0.7679899350311339
-1.797821616233028,1.4728268519010126,0.6608337223589619,1.19337145579978,-0.4761098463530875
1.1187363072868424,1.0374623768574125,-0.9762176700615415,-0.25623805188900173,-1.3145038775412106
1.445489764152513,0.805703927941628,0.41126968599863817,-0.8943395470946212,0.08821531303647315
0.03080452818972486,-0.22644312140895206,1.4379883299198057,-2.77809324946259,0.754657894167786
1.0336822266756835,0.602125395158877,-0.2633692304161699,2.1612423932908285,-0.02381857973981793
2.3528348636811027,2.483870758552245,0.429991551982353,-0.19600545822618146,0.07237677987411081
0.04565537430106848,0.255408753260022,-0.34460724707485857,0.036130008518287016,0.16036794527284548
0.47173751075439935,0.8584723691557702,0.37362761848114134,1.0366945779556156,0.13055844130814717
-0.365580459831751,1.7313074348258155,-0.2460516791675822,-1.7879531359049396,-2.2770390191257963
-1.4062863932092087,-1.2142133426445059,1.1752550511386606,0.08373727617934605,0.5026702508091848
-0.5390322156992045,0.9352118258464449,0.8138692091112139,0.4149649396264834,0.8734790158023048
-1.0099373861748697,1.2734030129500626,0.2795460978759455,0.5795503480913387,-0.5590459223903693
-0.9840800813883976,-1.3700841802758343,1.4838018489781246,-1.2260416007040684,0.6441232596705417
0.6879636186536214,-0.6317573690206814,-1.049956190647774,0.42237340046454175,1.1724166844623174
-0.8691250747660726,1.1533119331594748,-0.03571591986434435,0.6256624302046215,1.1787278010633118
0.9800588713140224,-0.889563539746276,0.04546370078380346,0.18350793349723699,-0.9579933301519472
-1.5607218388040476,-0.3894215833759955,-0.6778151458072154,1.262025097258497,0.1451152855445439
0.772108078342486,-0.26598398528458755,0.19802409649952707,-1.6384895622412592,-0.9601850073942132
-0.5764327859669944,1.1296774103204745,0.23504948674203008,0.7954953348890754,-0.7548554603229728
-0.5861653866349283,2.0853627871353413,-0.9993942046874622,-0.5699216415642402,-2.041369955829219
1.400141501150161,0.3142711646529499,1.4826854887475425,-2.0455545392027936,-0.30495727197275263
1.5288355749200857,0.1127432306594478,1.5469137930327093,2.419046940779486,0.8221056800503947
0.7685218843339461,-1.5543614175357003,1.0702926045956052,-0.003857682382349684,-1.3207320960274722
-0.04473618661371375,-0.5483940080831025,0.8690184132370184,0.3463317666088355,0.7412784525939828
-0.9467043567473419,0.534675887005265,-0.6733719853437065,0.9005374241740727,-0.11181222316202742
-0.7525563081651907,0.42131283217003895,-0.4172425368773357,-0.12722176069546667,-0.03658181883201176
-1.2462236642388551,-1.5339897293934053,-0.1426624969575234,-1.3887159705978411,0.8933392595131506
0.3899289188818304,-0.8598548404378384,-0.041183919321854966,0.7318834872453396,-1.1988223886507297
0.5314396136555025,0.1728064081979207,-2.2765840670270343,-0.4917082654400775,-1.1347767840460934
0.22082192242506427,0.44491994728043555,2.530985418022853,1.0481060201173706,0.15296732389757778
-1.939857427133892,-0.5022196207612747,-0.5100791940967631,-0.6711632158127195,2.040054168043169
-0.16730444831408048,-1.6459144228005327,-0.6837041258520681,-0.6839941756955674,-0.4657524226538207
-1.4734574996271894,-1.7068030535052143,1.7720550941775945,-0.3448933320114068,0.9907685761341447
-0.19587980260432794,1.0056978281009687,-0.6888320483471768,-0.2676577138747976,-1.3958010038931592
0.1666022512272892,0.0029397445730610927,-0.3631020766137626,0.20682467008944316,-0.8646183596117754
0.6676564398295923,0.8660491725231177,1.039722480507025,0.16854635557505415,-2.029579713533838
-0.5727022955147855,-0.2293114555537883,-0.9156788446913497,-0.4205927449813881,0.16176109211208728
-2.027748773906669,-0.1778706033825546,0.8836766851049139,1.6777368193746793,-0.18474173358320828
0.6810564899580872,-0.10321316887891203,1.3375958999397957,-0.4127070338487185,-0.2934759761015834
1.0913752602608393,0.6881631941291612,0.25170327546658344,1.4523170482682188,-1.78250241608282
0.30147662080378645,0.8156472451844311,0.6400806846785086,0.3155129849414885,-1.8812473108484065
-0.06616524358673324,0.5898926448269597,1.3004275549639017,1.0906883716439824,-0.9381237244879781
-0.5291554826283392,1.6836722196427771,-0.3978745224564373,0.4751345945382436,-0.16033327814140932
-0.1625018007554887,0.7325412459695896,-0.2997537651628907,-0.5942681671508973,-0.5895819454342881
-1.739416091226589,0.32659292483324176,-0.36087462551294713,-0.35974573535573384,2.3020312802120495
-0.20198251834427536,0.009398747829172239,-1.3698775407397987,-0.6689064365045795,0.841871986507149
1.3418518316253947,1.6377734077136377,-0.46374653918478204,0.8557494971225279,-0.03156552848304675
1.143060058865553,-1.3396521510608197,1.0572583218669964,-1.6952679635782162,0.13672775838036502
-2.2945743331791797,-1.4346118703261086,0.7103187108975607,-0.02149687880926722,-0.036116686328574274
1.1668196850402752,1.1724535342917053,0.018945145306601338,0.291206359809748,-0.5763488564246948
-1.5413863553980227,-1.8427742020574862,0.18712382669590574,-1.7702591540683286,-0.038907865008457346
-0.25178393758950246,0.523495548933469,1.2167195355403897,0.4395381156829637,1.1729668855027156
1.5378544709232096,1.114529783325549,-0.4936186504332924,0.2861692232184907,-2.535816753623409
0.2695151534976297,-1.6954472407902874,0.3964345675285027,0.12888118965017561,-0.7520883522389697
1.9788996352457748,0.5071637150960051,1.4057864938140496,-0.8261647973801686,0.11923076350235186
-1.0857858501653246,0.832166898027718,2.377397038764217,-1.3893376346339,0.5512314034040201
-0.12286190262548798,-0.6441321072834322,-0.5014139190212398,0.020403200569961713,0.9906830303866694
0.9891984403154304,-2.8458345449851894,0.1214354670498386,-0.4332652324434897,-1.2212249778995183
1.1149349630149854,-0.6857450089402325,0.4411964531626166,0.008866270830694424,-1.3371158532091822
-0.4612159468185517,0.5556587937286757,-1.3576527831320802,-0.4387878800930039,0.3461973152334422
-0.7262388862017298,-1.6085264924618927,0.14280174913583835,1.2977104252536842,0.5033801454224321
0.6793377365666617,0.5121511675561796,-0.33174391829153455,0.05350800990322204,-1.5746991224483522
-0.8126207616700316,-1.1651197196651015,-1.8018871505527476,-0.6331250811136458,-0.1542648731634401
0.8424344445436636,-0.3871190895083803,0.06240891208854689,-0.7460460196079066,0.6842075704454519
-2.366832990696204,0.9462990047539318,0.26455997492046224,0.8427446095613935,-0.34719606447804274
1.0466148967248559,0.7595215541771293,-0.6323086654311801,-1.0481540675203722,-1.427020901262845
0.02304414840676985,-0.5633880791570443,-1.1821790121132913,0.8567221286974779,-0.9128826958987167
0.2357918047288046,0.4280439005584637,-0.701270918946112,0.22520696038509666,1.3019534320645683
1.0676656973352527,-0.007615992631139675,-0.37034679586435015,-0.30493807400646733,-0.45818570732523245
-1.078267296604866,0.9506895771318901,-2.2372787365501314,-1.0599734464412343,-0.6298758924774702
-0.24119293842513517,-0.2874852543825532,0.007401047123606832,-0.587680794939011,2.150057439300748
-0.23405315417950825,1.9267105339914743,0.3056140944593012,0.15945756142287748,0.5074566057683074
-1.008918101285231,-0.117855391370853,-0.7294565470500636,-0.2217935539705478,0.529609779943825
-0.6956575212441958,-0.15080092024309,-0.5227141313569562,-0.5398003720573763,0.9202725860385425
0.9369958441031488,1.480889529914912,0.029287327915209528,0.00939557374916685,-0.8634014281470337
-0.3330838034047831,0.08585605172429889,-0.00867756089759322,0.6532255232565444,-0.2025852796932472
-0.23908089799993174,0.12188373753179595,-0.6363540552831014,0.546972974815394,-0.030142478035057155
-0.24752598244049062,-0.7785887642172066,0.8216833221645358,-0.9269115883477262,0.12678693766771684
0.2529387400194255,1.3289129446362196,-0.38083783901506374,0.31550887716705384,1.523645781667572
1.0136463526279287,0.6296178260418495,-1.1954028630457394,-0.33242048890106607,-0.6171204666767115
0.3049402012860558,-0.13445324825495206,0.9895978702342263,0.40122324228769346,-0.5818005436257755
-0.02353858770847009,1.3295326571600863,-0.3079702347083385,-1.4848496447538573,-0.04895014460199556
0.9711772506666595,0.37920478067657226,0.3309814114927733,-0.7536281358582325,-0.06143022013748979
0.5290835872327331,-0.3293739893046824,-0.5113426443728344,-1.396248984816862,1.3355134324014177
-1.0859266666999412,-0.9762880820670062,1.6984882929611889,0.61435454342278,-0.165429893083545
0.36896201028661435,-0.96863930212379,-2.508358037484391,1.0850580512327015,1.2413948232945675
-1.7831041822538234,-0.8794600630555645,-0.7838030797451229,1.2383026808180597,-1.0030859580476064
0.12530590569598352,0.24987790601615284,1.7700825146314505,-0.25284582958514384,-0.13901411037127975
0.17014204392983828,-0.9666514058167887,-0.08960436044071766,1.4902589718094919,0.7751511990188927
0.3257793914099036,-0.37321544011562574,1.6535640863384038,1.3315296304863373,0.059279908739848466
-0.9247157670566573,-0.07891446146785074,-0.03595618823743549,0.6417744692294846,-1.2208023056102981
-1.087704801013408,0.1705166418422497,-0.5397883052140008,0.04609644350267716,-1.0536385184516477
0.05820532197304917,0.3867521499789004,2.123134917365555,2.2426954502276018,-1.8136398456890972
-1.3596313741485124,0.3955871332484843,-1.6207325145913472,0.8951952297934426,-0.621729837533727
-0.862291759589085,1.6130876399098633,0.03809366715121733,3.019115225514457,-0.6605937835772131
-0.3527956962841115,-2.051815850571501,1.5658909829718646,1.6960941874649111,0.5091465930562024
0.9284903850483516,1.4926335463512543,0.6817703075421996,0.7983122649159357,-0.012292044342717806
0.5838404682567099,0.12432202030213615,-1.225020622151334,-0.21899613937661525,-0.6819165133711493
-0.8126991072164045,-0.5839771581511407,0.37394047170684613,0.521874647131624,-0.6723934611017982
0.045744655527984075,-1.1148560209945413,0.5431150337611599,-0.6254039845653825,2.4448558492388672
-1.040811294409623,1.2718446469762246,0.13865174123666227,1.2231795719832665,0.2156274951674327
1.1335976416216207,-0.6646300901704502,-0.7055151779050731,0.9252714687764468,0.27350953373781256
0.36410973673274566,1.1478726011928833,1.7387500446632453,-0.041774629632736066,0.40916402271026653
0.7426674825526257,0.06416255422592057,0.013496692433520262,-0.8678635056662498,0.3765590787861497
-0.9371980891058147,1.0229023784484537,0.7662524341459135,1.4528074189093096,-0.23902635573691308
0.17700681750455172,2.121860516190032,-0.34345884779637736,-1.065994472868556,-1.6333895340521039
0.45886162420162224,1.1244524195595154,-0.5412906101606447,1.212398978355868,0.7290874887574528
1.2164369084927733,-0.5343902104850559,0.19741190030156489,2.3133159345937027,-1.8981846849013662
-0.6665871118285592,0.7921904243853212,0.09086772918452783,-1.2087763343288858,0.3412149606216817
-0.26127845625893414,-1.6513836829061233,-0.6247926283024027,-0.5507396153007831,-0.2713966365127013
0.17908313213459554,1.377005218716955,0.5443458385538436,1.7618052910009325,-0.09830232421978007
0.6277579555434679,1.0755722335634363,1.1065551029279173,0.04988935565461105,1.1298247328984807
0.10421191404196463,-1.2038102026117479,0.04216964805320256,1.8192848129389618,-0.41634272388251753
0.7079006683839336,-1.7437067149038072,-1.894184147152325,2.2236969715690917,-0.27526040283364245
-1.9012959661187272,1.9595810173450754,-0.7058823025371547,1.9765729425974052,1.3241187399113092
-0.363735795567781,1.540351729382327,-1.5516015769608176,-1.5139199901312816,1.2481347105171263
1.3335957045664775,-0.41926220718752766,-0.6452674019925072,0.2580900712825326,-0.398501010285045
-0.46029822436393425,0.95233994124415,-0.4264351244982191,0.5913298591479645,-0.41750047988203276
0.18924938357617985,-0.38006750993715105,0.2910383404665846,1.4656032454059453,-1.0734197485897594
-1.2399514675682828,-0.0805144951415482,0.6479708004456013,1.265586233135343,-1.594738045696191
0.5623257631091108,0.23713217531588807,0.0066108231865559764,0.9996220621510584,0.7065621282841447
-1.1160500789851904,0.7708152978445226,-0.5537522505142412,-0.9263369306447552,0.18757172752799267
0.26195400472268643,0.5507501435414113,0.6992470258659027,0.5840848500086561,0.7932935242260253
-0.7642867806937639,0.4142314488863427,-0.7054297332153747,1.8218706152771322,0.13382438835148364
0.36135042978903814,0.254955046460433,0.6860932739954926,0.42485440200925545,1.912374144742455
-0.8380878034125679,-0.6201956817898105,1.4355572705272048,-0.5266759485979647,0.6235987907110941
1.1066770540170854,0.5756040028822096,0.18014566131377824,-0.23255733975743534,0.41842593324325833
-0.8900099524608908,0.5028868324239308,-1.399930501787441,-0.763773352895817,-0.4264658048863074
-0.7585876134315315,0.6105946076642769,-0.08568431346672946,-1.081091257293946,-0.2665928914067676
-1.1888695824377844,-0.25319828832472047,0.883057897150218,0.10266154826070377,-0.5767274061046102
0.49070814182325256,1.1746711162177457,1.093354683872409,0.34635999910496257,0.08966295859619804
0.7240624640886602,-0.3010164414989495,-0.5922231537833421,-0.3007703434776385,0.5784552757970995
-1.6286294510897306,-0.4209651817807036,0.3184832838922777,-0.5246471034000342,-0.5039168528428759
-0.05064055661139678,-0.3302563027061425,-0.3201824601216309,1.0217529723480245,-0.670866004132974
0.21122775009265782,0.07473539643185757,-0.2462397990316132,1.295131902395526,-0.31126408544246054
-0.8366808367450668,1.066071245355479,1.3668767897330152,-0.5485444187068452,1.254570290257046
-0.9389861938898433,0.4450495324331075,0.48528074671848764,0.2627451584861563,-1.1812048131227175
0.1688208936471643,0.30902185914094565,-0.6362892444587468,-1.1164960324024131,-0.9712745320227105
-1.4179714813163746,-1.05337826749918,0.02015775884951517,-0.13467888341608414,0.9360750454863715
-0.42667235266508113,0.04585041753474056,1.7578714899447496,0.9046403773247642,0.9288920799145959
0.17541760592443467,1.731644223588456,1.1995743863679347,-0.832674229505138,0.7096026177359942
-1.237675057740627,0.9334356104547388,1.1632261398376766,-0.595595563272701,0.8758225911547431
0.15503447988261748,-1.1040866376018283,0.3197879805916822,1.934268601525538,-2.1035330777532657
-0.9831006642107155,-0.015899761366082527,-1.1533111725440732,0.4269663013635256,-0.6661960790923501
-1.49831614047806,1.1262449466126936,0.19321483445655654,0.08564260241068906,-1.0800219890288216
0.10066284963623788,1.0231359443561079,2.425456469483271,-0.9096388939107338,-0.61757748365613
1.5383530257260003,1.4501108727643204,0.27236929349554373,0.43922364180265466,0.05235393794240841
-0.24712641554547396,-0.1612254621114103,0.9031479939585069,-1.073379737094077,-0.43208724117780817
0.3177670292214654,-0.19099737546952456,0.6634736488067764,-1.522227108358124,0.0714865239449139
0.6427144008017824,-0.8732458417870758,-0.34006572072726365,1.229838574097228,0.8725192949351555
2.0338588453728135,2.8307202997201086,0.4611585966520768,0.345997966129477,-0.34726963845133363
-3.001445470339707,2.4472013102320815,-0.4310528000042145,-0.8298323139530315,-0.714447042729569
0.8088018015111885,1.72836180514394,-0.4707775542078311,1.6603338012298492,-0.23312115344852927
0.8282150961623804,0.06077145080935832,-0.6303827157266657,0.706407272600021,-1.52270682787408
-0.6179287865061387,-0.45708044941824183,0.38141390161941424,0.2904680028979049,-0.8855023063923069
0.19470213348656715,-0.3706434351238819,-0.6752221167317604,0.8953920224872376,0.8344903304641255
-0.7325878172391784,0.16226752971308803,0.7638739375958776,-0.7643179726873038,-0.9800352139300579
0.961159003299099,0.25366517917431824,1.505314507800522,-0.7978788341219681,1.344303695453165
-0.12243178356675452,0.27081794637075196,0.12475182354507017,1.9912063141659375,0.9559515682935357
-0.6971953646881526,-0.47486951989250065,0.8833142340221446,1.381270381967073,0.5241396662963086
0.8900120168872243,0.35627669342219653,1.0829312320343203,1.0687657732851743,-0.27633284025199556
0.855865845401398,-0.73791625582516,-1.3256713071993729,1.9117738180990616,0.3178135630745267
1.7855708255914493,0.3774061281339744,0.9051636054830456,-0.6812041855498661,0.3184254609214381
-0.0885295750460949,-0.1005392391179262,-0.08360235993183318,0.17486752079775927,1.6056105094358442
-0.13422733136073295,-0.5452340035051909,-1.5396150448886696,1.3156541029918656,-1.3015781322841222
-0.25130331259473176,0.26730545166469477,-0.8359049633287331,-0.8307095464992196,1.3693814260725137
0.4646317633532564,0.7315436502840916,-0.00044737181473521425,1.2804650254922538,1.2166516661918039
1.1232236941110674,0.3961837308136025,0.15679264588268682,-0.6495283277950982,-0.3458538847890849
-0.8630031893794456,0.07539219633426587,0.6510701647260834,-0.10054911133562837,0.2683616842207252
-0.5989750088918087,-0.5158041069715423,-0.6542592486846447,-1.6078636955028018,1.364309897810273
-0.5203001943045855,-0.04494881556100543,-0.6812334814171017,-0.5776916511497693,-1.2087872670831339
0.6376249175782603,-0.8180117519079547,0.15494571340851587,1.8991576040314138,-0.31644197562886184
0.7343557330172987,-0.8057496430855912,0.47851701763566473,-1.8840423790696574,-0.9044001552545483
1.179624659316037,1.9452651320738685,-0.2942960923553154,0.24387896687909502,-0.14054169106509548
-0.1377729399140543,-1.247036106682297,0.36334729779455627,0.4480228089879571,-1.128757499903154
-0.6968622549802079,0.8776636533322373,-0.224907862914987,-0.24834516278863025,1.027823527016201
0.4684399062003511,-0.5829698541449079,0.28466775110886694,-1.3739164170016291,2.1438867568066837
0.5780155742790271,1.4743711240441892,-0.7111991149372361,-0.2559688174097554,0.3066200813158807
0.8529878564198777,-0.020766638816024127,-0.9452163522284076,-0.3577225781294301,-1.3032671427632603
1.282278597930993,-0.9549706281244726,0.21455770950594075,-0.6617201940567173,0.2699050038737344
-0.7732410041444574,-0.7423693441663481,0.8201267035316048,-0.3032295346449791,0.7687106332088123
0.5525592137919159,-1.2041002429229464,1.527203961164849,0.508626093374926,-0.40894987098297164
0.30965945691086444,-0.3746608888736819,-1.0594234593499343,-0.08402891525813579,0.30911510399399894
1.6784437878494507,-1.8097804458859517,0.9330469226938222,1.5334170505033753,0.7425948578845483
-0.5214782946172617,-2.4264535863680456,1.1144599823012833,-0.5805602760357299,-1.6176247102446808
0.4431321770476021,-0.624895952905874,-0.2981690881785309,0.32649009053854355,0.14450359205082072
0.166008256481897,-0.6900381183382367,-1.174143778345325,0.7075717471434881,0.24842159278211493
0.7494861135013712,0.8582245233009774,-0.4181303515981218,-0.4307396360552558,-0.3168199027618927
-1.2329049755999295,-1.7167461863861209,0.8079464174828167,0.6735328935420306,-0.8357939021272281
-1.7318106067168038,-0.09165690945524169,0.8552169128873527,0.42703710319232663,0.40705169843698397
-0.10025180666166697,-1.0427168373099946,1.5469752769997327,-0.03858916948140394,-0.4277053205874312
-1.1226138691037373,-0.43149202257896896,0.2273031292427897,-0.8946081849054758,0.6013020090287597
-0.8430476788787364,0.16435197530762155,0.15668793081764182,0.26740920209254765,-0.1862864766263148
0.09640352802546538,-0.7318506489259566,-0.8060972133539429,-1.513507917845264,-1.2946240687508905
0.7975883675184278,0.6224068529210168,-1.2848731344808382,1.9573205490199672,-1.9093125825633483
0.10235461125534916,-0.5659931830215339,0.07486588380702368,0.20820097448110791,0.6000956689673292
-1.481166603163291,-0.424658655922569,0.6852446308092771,-0.05993502632378145,0.5181825099317446
0.2778396891157935,0.9661911464164408,-0.6718644391480487,0.07324444505716837,-0.10873451815232886
-0.3131568587923747,0.010412652669016628,0.9980177266754543,-1.1190965147847514,-1.3143583850176563
-1.07921377448657,0.6502480617621893,-1.012224454572182,-0.7490980294603323,0.706888241745793
-0.4111060218187771,-0.9435698314555045,-1.527378470743901,-0.6329601101271838,0.9044649550699334
1.0546680331280585,-0.8306984523053351,0.8399294328407898,-1.0746097851560277,0.9822503207969763
1.2318231526033332,0.3176507785952883,1.4620570034668803,0.04859707325503803,-1.6667801302940195
-0.7995078625589903,0.229741214083712,0.5523452407082656,0.06538994213220646,0.9564467775649838
0.08439707942209097,-0.7438359051257885,1.548526832359346,2.096763392371267,0.7555305881277932
-0.3524572217434609,0.45706158718664447,0.3332960711066298,-0.7236021613429372,1.1629018044733017
0.06859350888475428,0.034418249533629076,0.6813903662189089,0.45256676556304637,0.9016250122612298
1.5081993279553625,-0.41222092194842136,0.26140444782309724,-1.3606410141460843,-0.7427991418667251
1.405975998628292,-0.5775536317689681,-0.8756803565889455,-0.40726557406713865,-0.028816187930691434
0.9975155586268273,-1.4043656602789507,0.5068123169137496,-1.795290760188988,0.4184580134228799
-0.3692767598226442,0.7593283927389628,2.0218487516621675,-0.9814139285521438,0.17262594526277583
-0.36905098786433493,-0.05362297159719246,0.7379470842966717,0.5689072113735515,0.3587460475221527
-0.562435362384183,-0.08672853917274645,0.5184095436275754,-0.03107701571165467,-1.828737707394521
0.31356653034767307,-1.1772769427787455,-2.2313620198781465,1.3785369011308921,-0.5591978919586925
1.3600876924879022,0.1710230170240618,0.1226601741514154,-2.0888174934890005,1.8572815521156396
0.2865584495989575,1.4743423908893263,0.7478442919386633,-1.3817654341529346,-0.8503512085875912
0.8076021182814782,-0.21178198577418156,0.543981917724191,-1.0787719722841398,0.14244079283587854
1.1103236040812376,0.18610739234268933,-2.5249488004241862,-1.5457096246638289,-1.1999084074989186
-0.27842082270109014,-1.6311916568139129,1.832183625551127,1.2111656914942102,0.19885839670878605
0.9064364376010815,-1.036862612893632,-0.6888940316740052,2.8340188836252356,0.31452821255675684
-0.17469540667215158,-0.10763925656352416,0.5613569620733841,1.283055702671725,-0.4050212304561454
0.4977291259497444,0.9180058118987664,-1.6027559551337438,0.09160322306230957,1.2759891653242201
0.8518759840244771,-0.9740427464487164,1.7548947602146807,-0.07005518388315525,0.11909069499779941
0.5777042289244553,-0.11812081916440809,-0.7968109030375597,-0.14863228536568082,0.17829901252443403
-0.09360456899429366,-0.10508865831186515,-0.28023293888170836,0.14930011626125297,1.2215623788749734
0.37941277425090975,0.9206485183444183,-0.6932826536820081,0.31947802925913815,0.5771918612412653
2.7501242082039594,1.6774361036907115,-0.117292832177716,1.4283428911865146,-0.5893854653993554
-1.0541256673047175,0.34935814940049165,-0.036011425749003144,-2.5546495600862125,-0.08764090585230794
0.23395385176774977,-1.7822070450169247,-0.6137032822180019,-1.5150202391705105,-0.9424971403917364
-1.125705381465343,0.25007738639814975,0.9818362952337707,0.34650948842727214,-1.6169820935203456
-0.2653372756383715,-0.822278208997092,-0.14438099048383835,-0.33517332290376756,0.3789400978856411
-0.16027739707432814,-1.5878385225137215,-0.476962498180666,1.4450480535153083,1.219935610915633
0.5707004299643875,0.07917451257133609,-1.6810008438143356,-0.8385578205313948,0.1569220200358158
-1.3651372655597442,1.9437163110541456,0.5870342918211802,0.07695116161433266,0.6012204121807133
-0.9190566575649278,0.8794217103131446,-1.0308394107032894,0.4664036029220015,1.7519840289515636
1.7180922894064077,-0.09893516131832159,0.14894995628500682,-0.9082202005397921,0.1354980841767004
0.005703645618229979,2.656226960078454,-1.8634828501784173,1.0386716234068714,-0.4632742152583389
-0.32006829688632105,-0.004178473477992518,-0.34582865489037223,0.13003803948718828,1.118473682953626
0.5493421040366593,-0.635401470008388,0.37417388979533583,-0.11098667702054141,-1.6213950526959648
-0.6783550954113725,-0.43758826018628744,1.0839622261827775,-0.5182973877249651,0.96250187852497
-1.3521430590683574,-0.64459338962924,1.3774621587186222,-0.30966667969207745,-1.1175775520327262
0.382922598535563,0.00629876143977259,0.1274733630958423,-0.5057461226702815,0.9568362479866024
-0.7835728734361752,1.1207016979077313,-0.4242953374766873,0.46036678643106155,-0.03134554738076144
0.6894398755182801,0.029083948043845315,1.631432582843356,0.6477991283624339,-0.0661513122338539
-0.5847543068789329,1.3011581413216542,0.4373836891718916,0.38515886223646306,0.4778494534715358
1.1724006160061302,-1.3195777304539924,0.10468613558520037,-1.760705346039124,0.7533724641485052
-0.4726398727123605,1.302157470314664,2.0974017697768543,-1.9034069625994476,-0.06589490005168981
-1.2100646391017864,-0.03757986033665984,-0.9866425007906651,-0.47659168493263837,-0.7875130006983619
1.0233852437314102,-0.4609996996215606,0.9716954734335537,0.9320324421782178,-0.30983813303614327
0.034887559641036965,-1.2255536430557195,-0.28986678302180696,0.7773918145821347,-1.3915746106746911
0.5536078486586394,0.955214217471346,-2.235320352503585,-0.6521658326702298,0.294042745203213
0.27404384174525415,-0.8180483600803831,1.555805132184722,-0.2765754601947672,1.2783429349169355
1.7760434197271608,-0.09343384940067523,-2.1097524892312576,0.8877842312547475,-0.34846728804616345
-1.717528973471241,-1.6240163038269244,0.1553799098846732,1.406588137818714,-0.7676527667513601
0.7198925537161472,-0.5231943654283588,-1.5613403660717071,1.457046683725095,0.8986341340317955
0.697291964422158,0.6165069952185113,-0.5026518693301267,-0.3358719318500425,-1.1452264749527457
1.0424426364674244,-0.2809983528124249,-1.1686827492933136,2.018897938637807,0.16184823856173763
0.09250332140711337,0.420207318009653,-2.1949663434489493,-0.18595156191704187,0.7638827731683513
-0.9478163348976081,-0.4980000067526917,1.371992405073602,0.911243165825949,-0.3914938142873291
-0.4547363081731927,0.45809363951300125,1.245077405593667,0.05944506868840776,-0.7478680297610133
-0.2010582412993127,0.5260865270396393,-0.4591956630407781,-1.2903930090200673,-0.4731936823592191
1.546539024611545,-0.08531796796612874,-3.0012534719189445,1.0382257339125756,1.4798834109772647
0.24884818220802635,-0.7634307280434678,1.524109158302985,0.2540918056364314,0.015379362818782714
-0.7708939160401924,-1.8391967183508915,0.7814308363279381,-1.0673734278060543,1.083338652581089
-0.8318036025680701,-0.6574415914152129,-0.008883169150813684,0.512295118943706,-0.9722322550744519
1.0849990898264237,-0.2748668228601337,-1.2900140802631743,1.0413493353705732,0.7651039704289694
-0.20021809451471478,0.16696069664624522,0.8794801994780759,-0.42021989189472037,1.096276091835177
-1.3107619848394887,-0.5086131690893734,0.18260628307087828,-1.0958382359082641,-1.215545085305103
1.7767780957515904,-1.510138151472355,-1.2946538817198519,-2.0736271973486393,1.412030383068892
-1.095870234515557,-0.8832011205952242,2.371512833436253,0.01878698208123864,1.2104485840019088
0.0011974173358111817,0.7604112249178347,0.12718011609939753,-1.272669379125234,1.76354368722601
-0.5815205922008353,0.09739862069474682,1.5987385523941502,0.6128984029863072,1.2790416063710919
-1.0825651615073097,-0.42328364493146836,-0.09943241070023986,0.1827066944471703,1.9423885479487761
0.3516873804484474,-1.3822314773074647,0.4805351190079192,-1.2402033048518684,-0.216646414661899
-1.768312556698058,-0.004859124489870091,0.760154498834472,1.322447745748448,0.4125685143245287
-1.8326615112212745,-1.005340790572904,0.24466839355805373,-0.8184691756125578,-0.9634541607558778
-0.20958268130121915,0.28332157742859554,0.6566707888300137,0.10974242470385484,1.7144430029795885
1.607372820058271,0.3735160333572562,0.7367427363817379,-0.26906649004415695,-0.3594419767919046
-0.5238431921216656,0.5909343471180505,0.5399335299219571,0.5376759673463549,-0.9795589488719296
0.48487614504642645,1.7154040350416087,-0.46965470969078754,0.7848441957978063,0.007455073061057817
-0.2068668304998881,0.8769784262117051,-0.6590337585358398,-0.1458775996590564,-0.12533765781044282
0.6519800490033257,0.3879003657594286,0.5235120744607655,0.48371966678297323,-0.6467610336828905
0.6079222900842741,1.6731558108894118,-2.0312881458885212,0.2160674650717413,0.20987951942503674
-0.273930411611841,-0.5412016883002694,0.10923531582193638,-1.0449986515171459,-1.4072348508572368
-0.2234699553955535,-0.13249149137470492,-0.9590219329456866,1.1866756678445065,0.7184090210983912
-1.2636883569479034,-0.516464347586144,-0.10924834488084278,0.439620530935052,0.18814041265517192
-0.8294971704603167,0.4671075018827919,0.09432046560151612,1.5151838662264852,0.8305356622096888
2.4346310992470386,-0.6729070076349615,0.7459201165522299,1.3949463776491502,-0.42817184433726974
-1.7299111018284685,0.14371939089980762,-1.3797584180758828,-0.8110032483194732,0.09028389624711652
-0.4262734121085877,1.0184897659100494,1.6508985492078119,1.4686382888127278,-0.7413854095178715
1.085157338440032,-0.875605118062169,0.32654090356056387,0.7577462655447407,-0.5320045079053476
0.5870862680655231,-1.302213461627178,0.2764425262072076,-0.5189640123796064,-2.4861853766520006
-0.025781728971856703,0.7312455003840261,0.79801994046915,0.5350403571741242,0.16280121721646182
-0.6401004065487964,2.8296019847385,-0.9117276212216906,0.9288594847099917,1.1397575406136564
-0.5342313896866843,-0.7434582371017083,-2.35281611340753,2.2952838707896133,1.5710293770839345
-0.1897610094792209,-0.7618804871060654,0.49036479743380146,0.5681091607859539,0.3496009852581966
-0.9456677403908833,-0.8634389901491357,-0.01694579269656433,0.3619016804289833,-0.5629775533335517
0.67298490677945,1.6507869780903337,0.4498407123781627,1.343912520290262,0.007275790861477739
-0.4058558707956332,0.6166764918152903,-0.13670660180934166,0.7694560468706991,0.7676499040258764
0.7260118602376857,-2.0192896913163656,-1.324099385197811,-1.4336581222655889,-0.37589919559714635
-0.30819779952078175,-1.1306324935740357,-0.11132958569189196,-1.421999490431132,-0.6301484255664712
1.9682866140636568,2.2392573556273803,0.007435862018569947,0.448604920888775,0.935186500143571
-0.6326239336790865,1.147630469004141,1.4517411203562869,0.24196482862878546,-1.1257170730447241
-0.11421572619075716,1.73460793583922,1.2742634874489476,-0.12319431126495294,0.8972555541340829
-0.5487332154729646,-0.006482723179530164,0.14594930859905017,0.2740851197341771,1.8318265955807744
-0.46487750016483653,0.7112984510650693,-1.6028740998216777,-0.43428077669557424,-0.44974831506518764
0.2782489677954336,-0.7448755355947142,-0.5851745546362607,0.6877481148109611,-0.6474432151068258
1.204436110077429,0.7463460862052785,-1.2092488167702524,0.6109763216352152,1.203157431597318
0.17476283095932327,0.8197378694266784,0.23813480878050935,0.5748975400064535,-0.8211013889953057
-0.6863289471545764,-0.1738280695129787,-0.803916832549788,-0.7388090618044575,-1.109472500762728
0.0810676522819904,0.6106189171178769,1.3995067298887665,0.6798521577899833,0.14828834538370966
-1.473019749126041,-2.2677516514641765,1.0472506012656537,-0.4053291534552379,0.38770072741703127
-1.485302261707581,-0.7659664701625689,-0.5862276392442608,0.7195948353889003,-0.47245960519435337
-1.4102110765642872,-0.9974302034290237,-0.7571923288482059,-0.7045108849884535,0.13856383710381429
1.8696271768016564,1.5775276273909138,0.5061181111883278,-0.19808490121781372,-0.6179252604793751
2.430088474343183,-1.3921787797084062,1.1785995842231036,0.11962021628868146,-0.22138269190610524
-1.1155025357980266,0.025662278138939308,0.06186312618974954,0.40055077946658296,-0.1483618396995446
0.2342763203219278,-0.3837245466154089,-2.1946322767447164,1.0435421944635375,-0.03777558407929344
1.10875787207667,1.715288669373645,-0.21342074834398858,0.7127786234916678,-0.9181489681432445
-0.14553660805922086,0.40226348572119475,-0.3477840236462536,-0.37068647833059437,0.5799106529714688
1.68818659312427,0.928561979905311,-1.3178833461989359,1.2650357036733932,1.8408915350713222
0.2745755474244487,0.09451912241334652,0.5173398336760056,-0.5640064349993449,1.7572615361757427
-1.2525397982696886,1.1024599676753013,1.0854657785984643,0.39171516339542034,0.181392606382781
0.11648389658893248,0.7594666814329175,1.5344872714419973,-1.380454489249761,0.06061248368048576
-0.12759835000387548,-0.8848055943274669,-0.9720716258482415,0.11664021021125819,-1.260249741363364
-0.35895644672382954,-1.2670857686275052,-0.0068235789698351595,-0.17198137518486464,0.03509742403569588
0.27581067438709567,-1.3337787000501307,-0.7116673250525556,-0.8933691107686952,1.1054100725471279
0.02295065357941487,-1.177419683067788,-1.7672721034031225,0.0697777834041913,-0.6161584695792697
0.4763702763826541,1.0748412204438695,1.9188496823879149,1.2562820068768241,0.5376871373666444
-0.7524784694784573,-0.9713900127940477,0.1340304719493262,1.0324711601496148,-0.6125868929559746
-0.17342338685558673,0.6768514229332622,-2.2126647944178868,-0.018257088130923374,1.0281880380632753
0.22867144101684928,0.9576272071631678,-0.9728820101196214,-0.41796496045435577,2.8127403297455533
-0.44909787798993983,2.1217946804049324,-0.6073941580900825,0.36453597590598147,-1.363413976878939
0.10883183552488249,0.2943579522965174,1.1645978382520064,1.0734869156539673,0.8184445281159134
-0.1276169241922975,1.0897451229430695,-2.3711237534544076,-0.9857860195165139,-0.12272514007524934
-0.733077090637129,1.8524107303731534,-0.39917769371911044,0.8376181080027563,0.6608522206117002
-0.35300550408810716,-1.8982877234649016,0.2283807968611084,0.8449814580017809,3.2008105990622444
0.3942849285263706,-1.1939060635445928,-0.80875128261472,-0.22278072725828404,-0.45234944061030646
-0.43468063602719625,-2.69775438715826,0.01948577684630409,-0.5461441802487573,0.8734777085296638
-1.4065874526627824,-0.7090669766344756,1.6466335456396501,-1.4015591698510357,0.4377497424394562
-0.17011915668734917,-0.648241959098474,-0.6835582053547965,-0.7444514963655786,-0.7395292902308157
0.28510609421429184,0.3194869137279106,-1.3763811394067973,0.4022632043072107,-0.5725664729511163
0.17408531828729013,1.113681685650882,0.14501786378537682,1.310534229784277,-0.25145804951184153
0.08413260608210549,-0.263297488222299,-1.2847042168535017,0.8840167584813406,0.9886397893579307
0.005444961309141666,0.9185793119872862,-1.0534879568946085,0.12321983304294494,0.6469663112028231
-1.2671024936036868,-0.4149044861881595,1.280675950438876,-0.4986035503639988,0.18590922226621162
0.4991237191043596,-0.27520199096282566,-0.5100940998369247,-0.12093637526904667,0.2081985455504284
0.6627869141275049,-0.9791479153700049,-0.8391549140690406,1.0867710956500078,-0.9036768722861817
-0.2519183472472314,0.5901721794815766,0.2914649213371776,0.8398628538347965,-0.8739296306616087
-0.844939414010496,0.5178232003198727,0.16852632283683167,-0.6069152194652956,0.368825489330568
1.2325037901468672,0.1980872482970965,-1.7410256839568525,-0.30443950288031907,-1.0434686311774366
0.04636582645360242,-0.15963122777373717,-1.0554751753540692,0.10987428587473749,0.1579101162760648
0.4815866959742728,0.10633522210015157,0.8660896643012287,-0.15955473511508597,1.2906378523858686
-0.3491719604328095,1.1853165550041678,0.47419552013217436,0.9659260596222193,0.9927354328551997
0.7067039230805419,0.5525298701480443,1.457575027233286,1.6047729035979936,-0.9435858398798301
-0.8890493225709807,0.23841133230403705,-0.4759794530762225,0.4536684616207089,0.09404893984497667
1.3301348984076005,-0.1989147686057054,0.6332813429362532,-0.3626401452136071,-1.239537466340785
1.5408788197487322,1.1290943741972101,1.3756380499859149,0.11851180167971506,-1.0545948635142335
-0.9589694622978567,0.2988678535239833,1.2733585736261153,-0.9206984257108893,0.1857931880598996
-0.7539440865212493,0.5315527810482034,0.7882635967592896,-0.830160022156644,1.0844107140016062
0.39391931535870583,1.842039708743501,-1.4435978171792654,2.375656533341542,0.16745557220256216
1.5797841067168843,1.1721496282361277,1.1973630073994008,0.9885847784511758,1.3175922687955377
-1.1822882116696314,0.19994839831667804,-0.7805255990863433,1.0454951726519321,-0.60497547747934
0.5688767427512161,-0.8694916872294705,-0.5831914037213171,0.24425518584267839,-0.012388503074338983
-0.8665827263597354,1.957911086979201,0.40744649485208384,1.2598614905433447,-0.4172893112594535
2.302814895057123,0.6955698881871074,0.35617816154584436,0.31749430496376824,0.1686164008613231
0.3399184999378572,1.2897065824209015,-1.776053163151752,0.7676317438177732,-1.6309988428144628
-0.47734368850998465,0.27000737026647764,-1.4526623985893183,0.7874980590665439,1.2329270302208013
1.1749704059023738,-0.6344179220530294,0.33529745533722,1.4209106000002296,0.6774456426396332
-0.5177691161982063,0.9779354355984583,-0.7074239647356491,0.7924974415482947,0.8496607553476182
1.434261637233257,-0.9078900213220333,0.6533300448368824,-0.928767782688767,0.8564391004029381
-1.4439637418132667,0.5257580344360001,0.5940520590924199,0.3642159178473241,0.07674293289707501
-0.30663913164345397,-0.742364722814601,0.44966753120533604,-0.9656972815754135,0.7765023379406587
0.5097461590311456,0.13096234544252944,2.092271240951744,0.40095308292356385,-0.7682505439332598
1.1848752536769478,0.053277118267163366,0.6802632689539376,1.049328151436402,2.0047659314154336
-0.26938358645870014,-1.9719633656275746,-0.07734940512113793,-0.31722262223830056,0.9140991649256016
0.8682540992001334,-0.6565156600283811,-1.7100436748835066,-0.3781544750207718,0.3223309729455415
-0.10484358221976543,0.4895723189850241,1.4203279648228069,-1.8723064120548745,-1.5817083510050962
1.4572168916004724,-2.1200249289743605,-0.8790070455594559,-1.359114858916556,-0.6692573214814407
0.009088778911492913,-1.968791029728169e-05,1.2637024276269297,0.21179122510592252,0.4111965857272951
-0.01017153296783873,-0.47356126451155184,0.8576201907585845,-0.056585787112482626,1.5439555491028203
1.027130554085615,1.8026441224483656,-0.26886816126710666,1.400191544610151,-0.5530025943364326
0.16809886263578488,1.736235521028096,-0.2388199863101844,0.5368631642931135,0.8285386310517315
0.9720713231201819,0.1364061132790093,0.7920228238752987,0.3035964688687059,1.4299039511092653
-0.463138470172935,0.6383802982290426,0.07232056898228889,0.5859220583746473,0.5382086638460319
0.6564915727679375,-1.6752050705540258,-0.40726744517722474,-0.2945905613350735,0.2670252681863308
1.3415463498075393,-0.46070572649631164,1.8308153879877833,-0.30820032462589003,3.0919601657541307
-0.5651826774580945,0.18460789623992965,-0.5859355374242234,0.8631288662919753,-1.5540646294483773
0.7379517402770632,1.6421473773007478,0.2688267948879555,-0.7248550706209071,0.44482999497414333
1.626880848282344,0.4369031802828239,-1.3890025278029665,-0.09526847881852678,1.2949860287839332
-1.8094728689634816,-0.5905359957159306,-1.6990577230501291,-1.4821720175285609,0.33690263364078193
0.6396627603507372,-0.6827453665762523,-1.3386802854857374,-0.7364087125935593,-1.678068750401823
0.18194517789334627,0.4207892994565265,0.06359805113656228,0.2761323586691546,1.1065317834486212
0.7378154806141706,1.305484451151275,1.2441331157213276,-0.278351661623873,-0.6640106033306077
-2.712941452917878,-0.46180772775080164,0.41142776599299147,-0.7026427558819808,1.2297929132573382
1.0946960547148539,0.8546028653207247,1.111763593208971,-0.266959421217824,-0.5956747455844086
-2.038970776387502,1.8667397501997502,-1.8812339020135795,1.8568933699686039,0.42734757371185034
-0.21458180867241863,1.0525502749662623,2.4626663063096252,0.784174845807095,1.1727346993444325
-1.7198776405890062,0.4580201056938545,2.139840944494147,0.054815699220126135,-0.462313530301334
-1.9528663886854871,0.332927279393491,0.5384348154365829,0.016958168619764798,-1.418938270777814
-1.2057133256331518,-0.2278827438400842,-0.7415453051058879,1.5326997732459087,0.6211238887757666
-0.3114761928490474,-0.10352289760182695,0.4109412597685364,-1.0944203840368834,-0.014427830787796265
0.8285784140783249,-1.246406312501128,0.7704910104905315,1.1938640580773696,-0.5235508590851164
1.0718341030820644,1.0058906064377797,-1.5969942665410843,0.46568474844978003,-1.1689040761067029
-1.0498382391413081,0.7301447854841239,-0.6253127060608087,-0.9276271187173004,-0.2963025418576716
1.067667569741529,-0.07652059085733463,1.2897668575309924,0.6359348989917769,-0.045842997226185386
0.06883484020994768,-0.4877509289399336,0.4884068231023636,-0.33999779370462063,1.0965210490862698
0.6369680783489559,1.9040827074464928,-0.24490372457909312,-0.29683531679599123,0.9276454868058885
1.882417098763478,0.002893012800115089,0.6243928378099236,-0.4039329847236766,0.5111710866802813
1.335395597641565,0.7099284839418407,1.142376474961155,-1.2506454981890927,-0.9657541317841191
0.40980037692252946,-0.6758903860023189,-0.14531679727286897,0.2573590550752967,-0.5227574361392258
-0.6479805393761089,0.8571650777900804,-1.06431889251275,-1.1688570511584504,-0.625401641840516
-0.4550819979831757,0.5192909704924774,-0.6121925264229122,-0.30924822784806605,-0.5299188149202003
-0.44163423930464074,0.2506199014182037,-0.09350708360863857,2.4773665667891764,-1.72383747033945
1.6910452461053975,-0.8225003512836797,1.5206597524274663,0.9475129461425051,-1.3777094289546084
-0.3643895753600749,-0.7151400187528515,-1.657970371739211,-0.4503697984543248,-0.17023107098480555
0.8607766253449415,0.3477280986026765,0.6668015324284639,0.8284829603805519,-1.0763852108842935
1.3425885694429693,-0.8834001225999093,-0.7470556292798213,-0.712236929179446,-0.2999983237506117
-1.448017368752183,-0.611637826450046,0.20307822086694535,-1.9027888531800154,-1.0399513621114118
1.5999548765888125,1.3062898862027954,0.6862733138972712,1.0276834523924319,0.6124615351282882
0.29270377361918226,-1.2466832630611973,-0.4476792236522861,0.6471484054779406,0.5821290858753602
-0.32361156076722564,-0.4189981852279177,0.9394253230194941,-0.07209038521599309,-0.42591002599954914
0.2728281778154528,0.6718700142768038,0.13080225850968488,-1.1879760693639052,-0.5836276699800944
0.12266243469948333,1.2422616346306825,1.0561140974853878,-0.2795929470139342,1.2933069047781534
1.9094797184847228,-0.7070538300369489,-1.7927132262898944,0.42276541948796365,-0.122693699721028
0.22505809293125076,0.053146756842543406,0.6911379231921194,-0.5990580697278779,1.0225596544439992
1.2749061412833493,1.123690323823575,1.3382073957705576,-0.4882120879042682,0.5262026362150974
-0.5911590764252143,1.8837944160999927,0.033023216506510134,-0.04523098386053583,1.2916135777292694
-1.8247682445199231,1.2668398197405166,-0.8818756735495831,1.754589812081665,0.5098134020599479
1.3983102088400061,1.8208117354871234,0.3697409677163145,-1.1442129866998927,-0.4392360615160324
0.5039687549131361,-1.4400323625589988,0.5726535006646241,-0.46487367817168124,-0.023562581399056343
0.7116013667717439,-1.6211643986060944,-0.16951366073852986,2.0285367738121947,1.4012538566850816
1.6786055770361954,-1.9323499907751758,-0.5363523593489257,0.6782440942925648,0.7219155006880241
1.6038174912189207,-0.41634415992761686,-1.5635184840243972,-0.8147256686829302,-0.21654080257232716
1.6075743866962042,-2.5711614213506544,1.0637250014067359,1.7972009405989664,0.23417639083001504
0.13426956327272788,0.8130579724575654,0.695565104103062,0.4172154867629141,-1.0900605579175797
0.6845607479087864,-0.851262882084296,-0.9564739229722017,-1.3488937352698713,0.11924401319266073
1.1586485007711416,1.0097981584491686,1.087396734926291,-0.20553764958139298,0.34139816061385087
1.3019517808304113,-0.8704674327447339,-1.8803109537936915,0.8589427956528525,-0.32322268379137353
-1.3730984077868864,0.7429760826966058,-1.0526865534445682,1.519101903805945,-0.15483990519333546
1.5206499184544324,-1.9265120557382884,0.06474571430560178,-0.7007609744249242,0.1029157577575521
-2.0721456678733943,0.4663802035002502,1.2278719421979023,0.3530358942201401,0.5901015477432984
-0.9991905737608665,-0.6013541797037404,-0.5109432440923961,0.436217182323336,-2.0384387322313744
-0.4226950121304828,-1.1445774201822287,-1.095622763616912,0.7587513627703267,0.4478855885001518
1.356092944887233,1.1021687544370153,1.1067028984076837,0.3069967329711295,-0.8133770095113122
-0.7846193783307052,1.6005151938563906,-1.1309356273085553,-0.3381759046601132,0.5026520805676072
0.7878347139273999,0.3820693535523461,-0.11210049827978885,-0.03384917334775659,0.0007041014438106946
-1.5769765493414338,1.5856700261708807,-0.11121848782601323,0.5229553242761519,-0.5441492636678721
-0.15617873262579066,0.1788201205766513,1.154403287110053,-0.9082213046165429,0.9881452533439061
-0.7171289838117616,-1.3619761271653055,-0.1929775762484234,-0.472282172342342,-1.0695493657726953
0.9142646842307941,-0.4778676568566079,0.25704277326311814,-0.10264790756542164,1.0245778528891099
0.6399805054245964,-0.45422748026810345,0.2031666748092504,0.42413613617063817,-3.1521097805164233
-1.0157722795859827,0.5218552794518958,-0.4728585228436039,-1.2905220904706762,-0.6681615012133281
0.7965900199430331,1.0950367084099535,1.845404678518203,-0.7769971124484066,1.0697339753098105
2.049586728998244,0.3389673657836199,0.9014064297807306,0.05988478848320566,-0.7365351092752941
1.6147251857968707,0.9732841449431636,-0.5953385577405055,0.39731332407222486,-0.7940472803128982
-1.2373133721143856,-1.6846381783059905,0.9331969970004418,-0.7917730065334043,-2.0151595699276217
0.5040215895123841,0.7561611099911458,-0.9699423563176582,0.9345638080230758,-0.7257146810790366
1.8565728695865704,1.0652552129417068,0.5819725430675897,0.6162372783974216,-0.5073992895987559
-0.17301872274930744,-0.5057374960165676,2.116961191479366,1.0961328112865623,-1.7431513085586592
-0.6015491407991772,-0.3764508846927826,-0.6851336180073174,-0.5985895557698002,1.696962577052653
2.2832956632321637,0.06018188452663697,-0.6657443438701438,1.4242588058025019,-1.457702410379065
0.14495493284264355,-2.006483110552871,1.4909624069360519,-2.9692759303474987,1.0844004521225576
-0.42572724217034075,1.4735883123135889,0.05811567072165885,1.0867506678705812,2.0075437901740654
1.032821307287854,1.845613532022326,-0.6156788552270179,-1.7626869476001423,2.134627244901935
1.5970966151929493,0.5081459043299817,0.6425388903935892,-0.9760587677658796,0.7529697584802958
0.9274563225517055,-1.572432196938046,-0.34639111233842435,0.4565927148457164,0.2842671115196041
-0.00958622969244716,-0.3987323240591205,-1.9116029342853507,0.29817156650726984,-1.0683334781625673
-1.347783175770918,0.19618760287191112,-0.948681290206845,-0.3537034451717618,1.5697562211493048
-0.6246920875608362,0.5460039385006041,-0.23952205348639657,0.7586819796091029,-1.5729567225297267
1.014685760569256,0.6764898056262818,1.3947271111922928,-0.9365972020365311,-0.14127103166201294
1.59027680782533,0.4068868912080535,0.6494202238127245,0.7377186772629822,-1.1841055621609384
1.2379877062918894,0.3644971233175212,-0.06835837022624153,0.34306178516900204,0.889102764274522
-1.0706651207752016,1.4042321665319597,-0.46333571386380773,1.858458608072961,-0.020436763338468406
-0.11901795781163808,-0.10665164502066801,-0.40904563403433536,-0.6862465247505135,1.1689454340002738
0.9780375840157098,-1.1434114833578541,-1.0238576488539137,0.1760581768126277,0.46691124281058516
0.605103865516792,0.49615560376682943,1.278360049085743,-0.6528465642091601,0.3273875771163597
-0.2844377046144507,0.3353606834274172,0.038501183400560975,-0.19647038699378438,0.5477870794599333
-1.4079095744031012,1.492996021932266,-1.188990445157462,0.7834923250792917,0.20248234514605135
-0.217736001156929,0.5896262478876221,0.4787321653931372,0.5623667207701456,1.2468283778548384
1.0896614051528157,-0.7121827572500076,0.7074889537233318,0.1697948479116554,-0.22913424819092543
-0.7559064744256465,-0.5488781087229028,0.26287968006313256,0.6415430971646331,-0.17778456728090528
-2.341714905910215,0.3695637746302833,1.514026094368222,-0.3724034531318905,0.2593700973856812
0.014177056289712098,-0.3507322023054442,0.20086484393320775,2.0568853366674045,-0.7453287398166614
-0.5035462157962463,-1.0026406069724658,-0.7573909896273646,2.246132611208342,1.1550823167597826
0.9545723265681745,0.5323814066167407,-0.5947389180798809,0.963078579086708,1.46351787173315
-1.0592708314119192,0.6562480234957261,-0.37458719564241366,-0.12098329081705878,-0.4950023754620131
0.2827903436707588,0.4937716622190106,0.17473029493009126,-0.2966444694753766,0.9568097504945063
-0.23885154174571618,-0.10550209385616084,-0.6789511322597096,2.2930922394299396,0.6079275334589282
-1.378998704270905,0.27486349614647465,0.427526370280107,-0.494750796834425,-0.40413647636955463
0.30186445843181287,0.11008751812834616,-0.31744063573587245,-0.538788277537621,-0.6700907576494004
0.012383738312325743,-0.2034455104803122,1.0524994239340317,1.5296222708262202,0.36848040857711634
-0.13250700526608064,0.31887187262212324,-0.6042333661938367,-0.1174549537867222,-1.5945935823209811
0.8850672394235443,-2.064862137968606,-0.12009738893297528,0.22719213831884288,0.8629593344225653
-0.4897860644081726,1.115122118718151,-0.3256751118200041,1.6460615393242437,-0.3753124059065021
-1.6851013539780075,-0.8014837666333555,0.012177949808114529,1.108344463896575,0.07943353737863268
-0.003022614738323556,0.07818233681762353,-0.5657386803061882,-0.7763876753755965,-0.6295599563698372
-0.04569347991490924,-1.3791205779879092,-2.067086270481695,1.5733905590132948,-1.8263895359633309
-2.2053016380690194,-0.13381873012120035,0.008800040480924462,-0.8613567902526414,-1.3106849907756897
1.4174054217584235,-0.8982339040752609,1.1056252088795941,-0.12769554353262058,-1.0397035790495799
-0.8946341946774425,-1.3820818705404005,-0.24638328029940823,-0.3964551341136131,-1.096021833927329
-1.749814950557733,-0.15899845931362286,0.3227556840799783,-0.2929973399305013,0.5059165790065703
-0.6124906851187573,0.28844976789419685,1.631928414541962,0.11547336758477915,-0.5310979133696112
-0.9986394084163568,1.0160217862164422,-2.0115121043298805,0.2725367657271396,-0.8721663492937182
-0.2912996591568737,-1.5694207226108166,-0.3591501458924122,0.06391275140264004,0.521842123976316
0.28999932175163967,-1.1539570224428242,1.181737687491966,-0.938023171623801,1.4927181526442668
0.40408089688381094,-2.0123114316854442,-0.892885420972375,-2.0215831030781595,-0.42035597894435545
-0.25000100556327387,0.9332344783546682,0.4683100741694255,-0.9350792801435854,0.5427470299447352
0.28560803257637085,-0.4209386876167906,0.393328595990127,1.6912507919341053,0.9744469086166178
0.877074147187227,1.3577553316239073,1.4259106136681623,1.4916181732063554,0.15806756021585341
1.1076307501754543,1.0844403069283468,-0.012561589798991775,-0.9575722450866363,1.1214457524356627
-0.07928985019250696,0.3917288717430698,-1.4698833614941302,-0.2901725233230242,0.6669812223462802
-0.3137125519764403,-0.7346959810696428,-0.026193724580757378,-0.6675513730958543,1.7412601631370883
-1.7234810293051814,0.2657563947512912,0.48112797817781777,0.3825854816485468,0.3552449072060025
0.15664488337385915,-1.0941930996038793,-0.491296084530024,0.8443927713585362,-1.6404093307268393
-0.27528609564596024,1.060425025054633,-0.6464878656535995,-1.060895041507142,-1.2552198288295533
-0.46021878987974457,0.2802387231688041,-0.09731792349213907,1.7063737599526538,-0.2231238062479995
-0.4849922003190187,-0.06550618004968185,0.38544893212576786,-1.4769409461850138,0.5721013647466796
-0.04371368569870672,-0.7217312666001943,-0.25656871037080353,-0.6552529769828463,-0.9592016251469523
0.3976235545809541,-0.6607610244978536,-1.1682872886960605,1.371923869322919,1.117570669414022
-0.22436134507180414,-1.1218809050231062,-0.4175515511016691,-0.5089291140627736,-0.6759541257433236
1.8712432245089012,-0.01113257080840402,-2.1176109081381056,-0.02352088479380719,0.40279665536987663
0.3361922964471442,0.2426882287201196,-0.2087479474444998,-0.96610707717625,0.757351951300099
-0.847650699796823,0.9930609848757398,1.0449667665007731,1.212822158479574,1.0107529462783122
-0.24157693697925087,-0.49425272512262863,-0.08273237151651824,0.8093010986203532,0.6327792138298194
-0.165587717544473,0.5479127560315911,-1.0623475659426609,0.19985015221575012,-0.5324918457585576
-1.025829915525774,-0.775409852280222,1.4261575305333316,0.34595958905684815,-0.7343125171498577
0.33425840252252575,-0.082310764726173,-1.5404900806056503,0.07295648694917008,-0.4762414653948052
0.3065265679663151,-1.0643102856237747,0.35167954127436457,0.6320656832124434,-0.9710212105438093
0.011366249749932127,-1.258503618500996,1.0896924383146567,0.5116435257017226,-1.3624685606430815
-0.189596101170474,0.054367151820048025,-0.12945313141104506,-1.1956888738439222,0.32734316383079015
0.3203768687440497,-1.0599045963906077,-0.5300181957651227,0.4575129812059769,-0.03289942587828536
-0.6579650871893968,0.759768457866576,-1.1362626837240148,-0.2164537699936733,-0.20927866046301014
0.4567289268914456,0.4624999012591855,2.2080649070498333,0.315421391317917,-1.0081965772109067
1.0405012196031447,0.016215036063618574,-1.0198931206477442,0.21144969024607949,0.7515335336599172
-1.028043717867269,-0.7392500558068004,0.6821515170273817,-1.6222639695835614,-0.8309301935709088
0.4772108764535511,0.5986204279220864,1.9349717373581434,-1.3914517381735825,1.2801118916137064
-0.6428654288950143,-0.3916795940145401,0.05796124486020545,0.6842022079744996,0.779813132024044
2.489070304781093,0.07484886628940003,0.03668110515364935,1.5430372570400812,-1.343671828039479
-1.2900497534939095,-1.2071572411088192,-0.07020325600431508,0.6148094602565166,0.034010083050324214
-0.3520948098229606,-0.08242956953249769,0.8537263890621702,-0.4508747401597203,0.20276668617769514
1.7390386794460297,-1.1726341761423635,0.5740403903154337,0.7746226457360751,-0.09715962641427073
1.1994685481866008,-0.3914754311867856,-0.4564972177889501,0.6021263096161549,0.014691418047257442
0.3427146574331375,0.02640626551226045,1.3076071689675273,-0.49119507037556215,-0.6276508260275845
1.109956552452863,0.43498950475469733,-0.5576514729022487,-0.46142012436930147,1.09512819407068
-0.04155043037709162,-0.6918367230777971,0.13665596429202556,0.4591725634172481,0.6732675787018985
1.5080424550034646,0.4145087985183162,0.9881920562644707,0.33781790758589897,-0.04058256172623728
1.1504985012925117,0.7432721343654685,0.3981582636587234,-0.15638144035833773,-0.4861316048343043
-0.9712051356904949,0.10012349010028286,-1.7141336628675394,-0.5020238912967929,-1.1801496904562965
1.5145670130308009,0.6149978636099835,-0.9227167392104533,-1.2788478009647974,1.2238217276891918
-1.3984680152340319,-0.14724954791174358,0.23762408244435668,-0.16159759365619936,-0.583728178729875
-0.49101389993104577,-0.40897847950727073,-0.4884053125759247,0.16107000815511938,0.1488208766420126
-0.40853298730651366,-0.105290409277141,0.2160582645244779,-0.8616891024186956,0.8053999810599566
1.130682773388572,-1.1922571242919366,-1.9764007595575404,2.071844490641957,-0.5697487152061805
1.6614845766539714,-0.22238693061878337,0.1071166714126587,-1.0385246224630555,-0.9938828832536692
0.2812692097950289,0.8849191868845376,0.11930878815172642,0.8571425469936262,0.04186525469619952
0.6913621671852737,-0.2702303868706642,0.52204766107585,-1.142940278363929,-0.9947965590529979
-0.810312731302214,-0.5816882646891979,-1.2857249431504445,-0.06425271081996455,-0.3388064535070767
-0.7500131744568101,0.23563473414063774,0.9325871145973132,0.2645525677678564,0.32048365563314396
-0.18443290505844334,-1.4630178959079803,-2.92574744976987,-1.9576615552725034,-2.077521078065162
-2.5088412343491666,0.91070661452264,-1.1086692259474018,-1.8561031541386888,-0.8090758783908192
0.5519567821869754,0.961410431328395,2.2238013107499413,-0.3403773859450974,-0.09370756415400072
-0.65979820595495,0.8939319888383528,-0.4323497103355309,-0.31808827611155105,0.581866202307145
1.3509772106553417,1.0733620466622873,0.7985265344746502,0.5772334770797874,-1.0595566125540217
-0.6913922657991919,0.2143326285816184,-0.04313539287078713,-0.2648539164559442,-1.2974860331065683
-0.18890570275841034,-2.082444554757519,1.5757938360169612,-0.04552178750800315,-2.8329605167795147
-0.9662009911864415,0.6716356661932411,1.1644539099282185,0.5075689544956513,-1.3888981540620893
0.5416815454278916,-0.05224991544278825,-0.7022264553427849,-1.4080340459251564,0.05147119099206928
0.48589463802003086,-0.3677949424846599,0.8240862554369807,-0.5520090750588483,0.05192762968602122
0.65215962006257,-0.07090216514789854,0.5937644793376641,0.9165866356483728,0.015953372934915985
1.8157228255661237,-0.018489249040044745,0.166156533355316,1.1771344683052365,1.277012815846245
1.7948300319761628,-0.2835678292737965,0.31098093540370425,0.8479616433019701,1.2382151160366655
-0.6362036046871566,0.8070709095406156,-0.5952458559372649,0.4409182980363648,0.13711868374306568
0.2865060717922687,-0.5947471513853175,0.006774899010003161,0.5825833894103353,0.4339554824778502
-0.6462287703794402,-0.18212724024270802,-2.121243957878838,0.3343413351950351,-1.5333231232494706
0.4500096801628644,0.18934377221409054,1.044596299493465,-1.0248351736941335,-0.9670577387832866
-0.8507671090539091,-1.6894634007604954,1.5548250609533816,1.858735491245587,0.476474767963334
-1.3477206789861842,0.15722561220860287,0.9832574036457461,-0.8539002659551385,1.264458473309005
