1.0779589849263498,1.7810945877944688
0.44443311190905954,0.7734118950792905
0.9943274887865459,0.027776920313687416
-0.3898248387731565,0.5950493533187663
-0.021435743200054723,0.39149431297320125
1.0911667286085085,2.0438508567659492
0.7132204588561297,0.9780359607218254
1.0083679103930556,-0.23709019465082856
-0.21460542772849045,-0.5064379794917737
0.873314279749463,0.5062825872554714
-0.174776046885849,-0.9439084516297614
0.16523001371821364,-1.540208329082943
0.8659505802121418,-1.007632354590903
-0.9731941216044317,-1.1147147409402303
1.0206746717328827,1.73069011143173
0.11838408078939326,-0.8501927241505891
0.6277602755839345,0.38284192574270937
0.3917794259403651,0.6511303805280152
-0.5952601633609227,0.9386864642191121
0.5735321338811405,1.4392939035244365
0.9732373329974993,-0.534934711478556
0.352621536305629,-0.1712074285002763
-0.4757602718474823,0.7813292931944438
0.689949648342729,1.9089645074397363
-1.3143168198691213,-0.36867622489913565
-0.7810913806096065,-0.5408717397473247
0.8573797206089085,0.6979332134624854
-1.270047517356704,0.612770567560543
0.5385114564099549,-1.6972485956541112
0.637966791877703,0.3289448988424821
0.05923438806859107,0.0548966041587961
0.1816555527599981,-0.6161696632624576
-0.39461317263339507,-1.4161765875379604
-0.7996377666585112,-0.8009816432247295
-0.06641654433947651,-0.4501221129830745
0.35095803564870187,0.15648257137878563
-0.9210605798109771,-0.8363229152076391
0.954416935591607,-1.0672538900141924
-0.660280826927897,0.9915930177772705
-0.6505682349850218,-0.0916831819763614
0.10536354943397494,-0.06632146010594865
0.20566452524426088,1.9174830470207431
-1.7060432217744501,0.16570740931158773
1.646266415748543,-2.3241582254417525
-0.47513216617447895,0.39308937480139783
-0.7674324266968495,-2.587214460821772
-0.18095708713884642,1.30247068313561
-0.18163216412958136,0.9735202458692741
0.6066693206812633,1.7003764824111072
-1.7272704249041329,0.19153808617583934
0.33393740770426206,-0.35599942837268495
1.1281426099688214,-1.5552985266075683
0.205523937096283,-0.08694374245419327
-1.7726206536311393,-1.2503618361955888
0.7838247315170169,-0.06420339961352511
0.5476021617298382,1.3254141139556008
-2.237413657439673,1.410910040019737
-1.111557706920893,1.2215791662663915
-0.28758517538897427,-0.2320625622559099
-1.0372256752708855,-0.09685850021015573
-0.35764909308272425,0.8863139109197059
-0.16508914886654547,0.5488348823957453
-2.7081801079581616,0.43796801315032
0.25311125781016497,-0.4265816348690304
-0.07973105102419753,-1.6066759198944416
-0.18287616134583395,0.7805447552115086
0.36147030807821645,-0.17047359828377884
-1.3664852269021266,-1.1095201487892334
0.13728589953211293,-0.34222909548382013
-1.2236993633176,0.21099258340271032
1.9288984058571599,0.5616777516350744
-0.3713315274703312,0.4494380435665091
0.0280563215576025,-1.1218383357655504
0.3675833048290792,-0.35007878974097695
0.43531353883407103,0.018237577890349167
1.351193111110913,-0.11433114926479314
-1.0552928259123635,-1.421381396579236
-1.059810543646508,-0.7973694627768927
0.3471963867587213,-1.2098249977389763
-3.1202655128080288,1.641911482297126
-0.15706259497914582,1.4238821831271584
-0.5675975735518729,0.5464855594270172
-0.8876214600293282,-0.33974708429479894
-0.11394630198811413,-0.0758092512610108
-0.7336227491984362,0.48686526933662777
-0.4713618015512001,0.5036384826226014
-0.0935442468207791,0.07893747576528641
0.8202619385511677,-0.1991790733293752
0.08803354906435319,-0.24146773070284194
1.6434693386731352,0.8514419011805837
-2.0755205263705307,-0.8935736155753897
0.2669326327885541,1.1597493280491633
-0.7887830195992314,-0.4522416475475864
-2.7363001021876903,0.18068472800368976
0.7434426786111324,0.43634162536823107
-1.8739172877232353,-0.6140268250185444
-0.19122228311942752,0.9168076049720829
-0.4309720889693588,0.41871904930528814
-0.9070113159164882,-0.320444531142709
0.10154670165725425,0.3317358692020979
-0.6144223443489951,1.044283413917371
1.5599384882513097,0.0882466368657156
0.8296721965088941,-0.4559577118564598
0.9130917823338299,0.006176469140842778
1.146857921115731,-1.1233381824249848
0.13828974201624644,0.8314045549598319
2.4306940380340736,-0.39475416898474486
0.7456126056260218,-1.3464137484813432
-0.30439770256211307,0.30717496246800513
0.513459154478851,1.0229230790948958
-0.2781075486337859,0.021446287678624425
-0.46604302970678996,0.7495958093792473
-1.0775811666203345,2.032949225433483
-1.0520437748556273,1.76652839979661
-2.3634711439337943,-0.4881041216293492
-1.0711082488751398,0.033911657230618744
1.5840186744912286,0.6752640563720238
1.8561015076796104,-0.6370648448128678
-0.5258982220530102,-1.0002311763527345
-0.2670096086095121,-1.1277647284460328
0.31363498706277826,1.0528522184624738
-1.4846618343693494,-1.3021973900546244
0.2692242320393905,-0.5245462562911904
-1.3980004863166737,1.3448513474523822
-2.1516092478890183,-2.126053031392871
1.4241591896284653,0.5593802670546792
-0.6248098170851858,-2.2193549687283296
0.3911921190220771,1.7221854762854192
1.2180482101515988,-0.018181043099131995
0.6838834438835791,-1.1564827447275015
1.6880408820336514,1.0070886166905217
-0.8658277891471597,0.23839142899323001
-0.2642266378029362,1.1173763627074198
0.8685852077001834,-3.2661548936642597
0.5543263620640974,-0.9871858109151219
-1.0168399122782,1.3574919297525103
-0.6972812735400963,1.1269110796509412
1.3114422167957849,-0.13909357141707693
0.5469725373084582,1.2654836186323704
-0.4903678143184573,-0.043354219171696434
0.06958283876743752,-0.26916134670584974
-0.9767791386762014,-0.5763747858201984
0.24290439060749677,0.6227869539718367
-0.8650985661018862,-0.9441315226935119
-0.6214625276461339,2.5896213036666427
0.781083020007111,-0.15860574449948078
0.8254799479887278,-0.6978840834026447
-1.0310325378184697,0.7079511017615726
1.3652117358804776,1.0312997614123476
-1.9579423675611694,-0.7808571840086849
-1.7292785809947029,0.8859172297040508
0.7836355817026877,0.6342173025550336
0.1341187854059684,-1.6806466473880879
0.0279924190804467,-0.6967439088191083
0.11787174875996259,-0.490317395132004
0.9752170419988795,-0.2953023634623541
0.9611923034136198,-0.30723432382899835
0.8522114365382965,-0.21302204304811478
0.06669558915092555,-0.0681993979983632
-1.4075914517231545,0.6603698687712803
0.7477707677117067,-1.2394271745049612
0.39738121546286287,0.88494725068548
0.059968714694668905,-0.5260191516701014
-1.1034662207453463,0.9510877869482733
-1.1568578585225167,0.9764571285126848
-0.3180115703828214,1.8254461666106128
-0.10845683490451166,0.45880575419991526
-1.2580576679677178,-0.5307438530742785
-0.2221961741392816,-1.5011584665876425
0.9527565737378082,2.0617241893110396
1.183799340052502,-1.303477696522873
-1.0845999365517998,-0.23864514075463572
1.0147888415724493,-0.24614706430180044
0.14199525663541926,-0.9233372919468288
0.04532515707652165,1.559563272633507
-0.13603904085022922,0.9985382223712578
0.8931834077101196,-1.5911275007866632
-1.3503003883999707,1.0810354919314007
-1.4228116059553841,-0.0033864692225821424
0.10248819344552416,-1.0292327148359048
0.30829635894638613,0.05161407189176429
1.4933383366217108,-1.154768506190981
-1.2035737452986142,-0.14819897516059688
1.2109111944819282,1.2197730349050544
-0.009294211101402829,1.4183506528503038
-0.9170019417494572,3.579183010665835
0.778447790476526,-0.44063094492493665
2.196700473452798,0.596033779035769
1.106491325338044,-0.16330782717632886
-0.5608396907701432,0.5712308067753488
-2.5689265039874796,2.577588511666307
0.4408258187075332,1.2067728390909578
-1.2530914474939312,-0.5307996960769192
-0.5116668286647021,-0.5497601744995229
0.34435977545363883,-0.758591264328264
1.8975782101151606,-0.45506048360235657
0.35983239493720165,-1.9847408049955166
1.3783174619328458,-0.8400017052412206
-0.4832644730437655,1.333942319771788
-0.5440121776909483,-0.9332065226221314
