-1.5915482257230464,-0.2012140370837837,-0.5420170398038914,-1.4651293304253588,-0.31270640752429685
-0.9077812845491894,-1.2536690920376161,2.447378141708329,-1.0188797763296862,-1.5637113067492723
-0.9018366242628555,0.34154293075421743,-0.30095104638376846,-1.9258561786896216,-1.3948938737914751
-0.1486165891826644,-0.7668875890412831,-0.048919535652000044,-0.2679870496907753,-0.7786390216323642
0.864355439998152,-1.6560687518756698,-0.13628665990889194,0.5549948106508297,-0.5280844157953974
0.601019360956089,1.3775800323029295,-0.7278816103434538,-1.6490808152656904,0.6381167901170566
-0.10087380204001939,-1.2897537076037728,0.29041170558111085,-0.586937671108534,-1.7331395238448324
0.6680578390748194,0.44369455816039133,-0.6558393903096184,-0.7549400883259343,0.001849313694312586
0.7920217035560294,-1.0109346428178347,0.5823863757806587,1.2253230402184103,-1.0602176615308916
0.2337290335403554,-0.3041079755912696,-0.5044306469832703,-1.591147988778162,0.4005808292920417
-2.015521285101479,-2.8421142587405184,2.6528529733656008,0.9197071463841726,1.3728047027418284
0.39941891009747854,0.33081793572814355,-0.6057737949940084,-3.090427600885036,0.6029579834460176
0.7438785303854666,1.5170606271065583,0.7521375892203386,-0.18887995120928924,-2.154830920376839
0.8312936924833546,-0.45322500172973973,0.11040076270800957,0.04721500263608374,-0.8362081057120606
-0.8739692123333301,0.3658384355559466,0.30844842689216173,0.5149992370071801,2.5675930131733766
-1.75544710155006,0.6914339876541207,0.6162277570874272,0.825772260736199,0.8571927006280177
-0.06801489861767297,0.22081569176965637,-1.9772467301423637,-1.3290045766153586,-0.6352802602937564
0.07856730816945234,-0.4583167379446879,1.0948030060537475,0.5480165195792001,0.7603851399141941
-1.2115940440130994,0.7265077334620206,-0.20928101489425302,-1.1990450990929513,0.221542149945925
-0.781408758905657,0.3287013739510879,0.4021990641093992,-0.2198802519235605,-0.06741269470269202
0.31399658463983093,-1.4572405171314955,1.4014364472267482,-2.033557661000926,0.3616810514117358
-0.9599651403381112,-1.8653662781500515,-0.5464567964492002,-0.7739486587230037,-0.4406290508379881
1.1954983873034697,1.8828521093929917,-1.6631015437052037,0.7076449480982447,1.3749255213891118
-0.9115904104008445,-1.2473438466479494,-0.7938151989769222,0.6582402608010218,0.3386567428826946
0.020926561371498977,0.5795473542550399,-1.1712992850642825,-0.1841497699017388,0.5667693284167005
-0.38792054836574197,1.4347151178467086,0.1412935642616362,1.28464190440351,2.0943788381927706
0.45667617843827996,1.8188517998475855,0.051703876372169146,0.33492583572413703,0.10209081229782986
1.3781956427456925,-1.763044331618925,1.6423860337175435,-1.0410436937766634,1.0642321819700773
0.6475451788837112,0.4510446014447617,1.112595434754531,0.07892779270549276,0.6884879645476036
-1.4210707333306385,-0.17018128830391627,-1.1335643905476664,-0.632659435797362,-0.7367869591821483
-0.3182434808958908,-0.4731115658084581,-0.6609983026296798,0.8580838440550368,-0.4208372648260709
0.30696251951373754,0.2820429283856148,0.6966306082503642,2.652343806650743,1.1423696420092033
1.429437563498521,0.6159216354421192,-1.046352436655529,-0.45237039871113016,-1.1207112456690715
1.7273542237593045,-0.9155875262841948,-1.051832130142339,0.6272370913689226,0.6684034236555039
1.5623250816220136,-0.02664461543952998,1.5780744784559708,-1.0932240193505336,-1.0028132887993093
-0.3378781588362754,1.1715080620988398,-0.05777293264767748,-0.7943731254188848,2.9716000091976196
-0.396771430075678,-0.6867015362392725,-0.19757079730760937,-1.54433841386363,1.605916035457495
0.6151900074433602,1.1589301808003436,0.44054554719238376,2.98053704923081,0.32649849942402404
-0.04324162630887613,0.5069246256942838,-0.4847644252525092,0.2692832172496168,0.3793510593731267
1.8270814264221036,-0.692290358020292,0.4227067142456229,-1.7628737142322917,0.6237943945698162
1.0493978679391862,0.21161746577331458,-0.3436043447446238,0.3129031295295239,0.44743608870575713
-0.25116455068991395,-1.0168767009599016,0.24972985081364513,0.2503377369200557,-0.19111445988852843
-0.5183101495291158,0.7485155584415393,-0.195054004370099,1.2715908231437874,0.523132581197507
-0.8640254089363296,0.4689624718189192,-0.07869938416293082,-0.3416631136968247,-0.6191980643443367
-0.4527679455394283,-0.5895493199669098,1.918849483677816,-1.0518821368881695,0.3866454323226432
0.13846563899504336,-0.34381746621466813,-0.35795556549942725,-0.4169790397627072,0.7645387926234859
-0.04777375673752074,-0.42627017035110487,-0.4621527985607811,-0.2206598714717183,1.9586252070758288
0.2907765269372416,-2.548607315022373,0.2706577848908015,0.3156123152919528,-0.8822184104377774
-1.1184749816444581,1.3113264827959794,0.9257839607385013,-1.1826803822332286,0.07334662648119662
0.15830134682648686,0.37800803555516044,0.35422090659352423,-1.6502094038230783,-0.7630343493717319
0.6161158980150091,0.02515468759599278,-1.2589057783918824,-0.31319541682874463,-0.01523575243810589
0.8362745830145875,0.3452118247072443,-0.2673479940906538,1.6921144812604736,-1.261205241152524
-1.8260093800303616,-0.26084048821327016,-1.0465099766454429,-0.4572317500590626,1.1770895309955347
-1.0353227043973108,-0.40012065222712867,0.7086237998508103,0.26714970449283115,0.8862268419430324
0.5227182199404437,1.5174926900349428,0.6206913434807901,-0.632492035310828,-0.3368699617919608
0.018715549952662416,0.8197002806709005,-1.3342654090998238,-0.6790410008055807,-1.5204824886008295
0.1849304352375761,2.33846610843371,-1.073658934291816,-0.42346506631206743,1.1452003152173456
-0.7407626259233354,1.038142839243504,-0.7058047437996761,0.5376816758307705,0.5760771125193817
-1.450249434779132,-0.5572253284440601,1.5035819285415635,-1.259614554069244,-0.5111627679606886
-0.27123321235760556,2.170009058352957,0.15727406832584281,0.46310362529900106,-0.37961289410328075
-2.091134616065514,0.5428437958460749,0.3859669880099692,1.0128784843933867,-0.7439684416542236
-1.9826534245224159,0.957039165071027,-0.15340455870526704,0.11839609080686968,0.11362872270202666
0.20409237759662793,-1.0945146219536086,0.7241236423957509,0.3510579488269034,-1.2319777514500097
-1.199050512649781,0.31480921184242955,-0.037228748451819484,-0.11580170588899066,0.6235792261478976
-0.6463223494081773,-1.1108173505247074,-0.40158735046433497,0.8660224464783247,-1.3533191178256536
-1.6877468829775573,0.7025542375010273,-0.2735990270042073,2.3699983197875336,-1.5613557921601657
-1.4945999892064663,1.2783144656418832,-0.048315360239840066,0.771738927073284,-1.1279099672245747
-1.1528893521988548,-0.4929902770979166,-1.6115359806025795,-0.06463835446960514,1.1565046163737562
-0.13405604336993085,-0.5101628569177126,0.8250130646250877,1.0018054120920432,-0.419322706939085
0.33215743128715663,-0.6556975221541089,-1.3768676206539439,0.4766987191184008,0.4578350775915362
0.997002722731536,0.7181137328934702,-0.9447084781287101,1.4076533220948262,0.18427140269924921
-0.6125795715045327,0.6050644059607039,-0.5069944122732103,0.23957589524766865,-3.271084284751266
1.6739836564140627,0.2102445245039172,0.9903841878917926,0.4512324168031883,1.2421326045855843
-0.09250190900544064,-0.4422889690598447,0.4633174376297714,-0.38902842481418676,-0.4208185424310439
0.5929179004214188,-0.7231781439983966,0.12441674063941646,1.016966093502624,-0.9963852936742582
-0.05378266848538984,0.6300870187815162,-0.9123496266779623,0.48692969882375314,0.8202907748431835
0.03593886405760305,0.15579751722909094,-0.08387043502868491,1.8266389548571487,-0.5995487473765528
-1.458232766036475,-0.29796317984968074,-2.2668670115168252,-0.11701853333517374,-1.2121448400702113
0.21437806557304295,0.9009477223821457,0.34872111755442947,0.3951614596812849,0.09623565962278637
-1.3328105222756332,-0.533363551516005,0.34304103628052013,-0.03837424785846971,0.8199485714799414
-2.4420284228618407,-1.212320754910849,-0.9563334449176408,-1.3749882617324107,0.41498700556195334
1.8297121925190762,0.10445532445487744,0.14126200360260835,-0.49341400334506275,0.4394564960778333
1.680159183661931,-0.012129566251539626,-1.0814654579032619,-0.7475522232622648,0.30111953515240164
0.9935173536237392,-1.216841670952272,0.11592488905413947,-0.5585314607029307,-0.8667216457062411
0.0032073622530906414,0.042234506261222965,-0.4097244140853798,-0.7281088706575122,0.6636743779185625
1.8671483063163044,0.6200319983788685,0.2550202230625022,2.083583803249713,-0.8816693231952023
0.35909098185230093,-1.350484584237214,0.5331690601823257,1.696080957368388,0.7549778501750743
-1.3480346580606497,0.9908283943353836,0.22252260911311222,0.05385588222886133,-0.17141337576570684
-2.2699026298257197,0.19181454292097386,0.46709971805445366,0.6451958464062515,-0.7795846985533305
0.269995208454877,0.7498202070660505,0.46539145843433294,-1.1337249538184606,-0.9159477472445029
0.35303047931028764,1.4799682516974655,1.1462336655118592,-0.31321036331057067,-0.42041316631318965
-0.6502095816885826,-0.44724288293783115,-0.29163636460043757,0.21460433118145483,-1.1593679316325258
1.6248349552832189,0.12091337365112474,0.6735834089128454,-0.440440695516945,-1.4918162473130914
0.5626195350622595,-1.430625687099317,1.0456650305807431,-0.45560571988971044,-0.7855583796370853
-0.01856194364202399,0.1528458463506761,0.27174043937707426,-0.8889284905038425,1.375032894274453
-1.2158288670292352,0.30631211492186955,-1.1313195644663667,-2.1267153828451355,0.174130990335726
-2.316450979820796,-1.4825252435861282,-0.3200519693788445,-0.2436213422331189,-1.5770819497698911
0.5812570753980143,-0.32758838041662797,0.5017016375807525,-0.36254361454837986,4.086035574017151
0.5370405611859564,0.7910962490632409,0.8631605986347775,1.632853989093085,-1.1875729641398403
0.6238332288169255,-0.9482301332529673,0.16690686132805402,1.150369846888759,0.31212328831567626
-0.6143310175263617,-1.654285125243744,-1.3413989030261695,0.5928453286518844,-1.281086113403119
0.2074279443059876,-0.22972325672265867,0.974538752894551,1.4960008585319136,-0.27087929363249147
1.8563961027156053,0.2366340287605315,0.8969265153863225,0.4018690223410307,-0.13666978111371503
-0.3553673324069434,-0.5133918700886398,-0.5177022490605937,-1.4963210751626443,0.02670377449285711
-0.14562595306863482,1.218525194769877,0.27089657536395206,0.5177552674005391,0.2272267212941931
0.6465155643512434,1.353037702653193,0.10860844900113266,0.7435168231525182,-2.282332233082376
-0.01757647818576155,3.2557091735507755,-0.006033166500491081,0.441505842833148,0.4523705958742741
-0.25297554518767423,-0.7474139585194969,1.5659553282348706,-1.2864240689706212,0.2426854736216868
1.559086174228273,-0.7549777970656787,-0.07008804640648393,1.637642969530842,-0.24699946843697757
-0.4797701330993911,0.688854916059328,2.100014234083437,-1.0413607201677537,0.0338086445787229
0.9637532815057991,-0.46455857256503785,-1.3932472000798197,3.2779719246827104,-1.1671146925677764
-0.3116603170207187,1.181889309129155,-1.035261785427984,0.8775179968268642,1.005023905219995
0.4565210293967355,0.35456104163783203,-0.9726744057039661,-0.2967456030540299,1.8939913616341724
0.2940071246253573,-0.438930737317907,1.5667750034624253,0.399005101492529,0.5398412175172339
-1.6761740973678856,-1.0628365175496597,-0.33435189075785005,0.11624962346140166,-0.44376875688709416
0.7569859172439761,-0.6050910936229452,0.19084383458412232,-2.4677844762401278,-0.1856501993072139
0.0018661137298358525,0.10703592144877801,1.0266666371107167,-1.4090434929126465,-1.8808734991081413
-0.9834882750621416,-0.4274199071503139,0.41084452906085883,0.8575416124426806,0.2207145149959183
-0.6338843902550457,-1.4564862722666714,0.7874351734089469,-0.9496733638596515,0.3024115293938798
1.3020707542131014,-1.5945156896805848,0.015385378292444038,0.8828899154263001,0.47616106724760654
0.9380957563393475,-1.4143438393951167,0.26694342805614346,-1.9795899559152694,-1.191883902020341
-0.4386042363718018,0.47715802142705416,0.9800074909492777,0.06962993613906386,0.4001869560550921
0.972829295315564,0.8351968051833425,-1.8536373683765672,0.7909826522783687,-0.27183668377616765
-1.4996491029211363,0.45639507267239554,-0.07717639108632993,0.44639238608408377,1.825740131425631
0.7917323580257318,1.275511785878274,-0.45083846714552794,-0.20613724457376129,-1.405721768765531
0.1446664813161666,-1.378476179771534,-0.09321317181378336,-0.3091082883421843,-0.2537245644331266
-2.036564418118038,0.553575445210348,0.45965712315997076,-2.3356336111289098,0.12358671832255483
0.22689183673085014,1.5572306466505064,0.2901722623904023,0.47253962421674317,-1.6306312824738511
1.0655293201382097,0.32966002469268424,0.21936394899997605,-0.4283782016495896,1.3483707696592082
-0.302085113188429,-2.905875484737135,1.0570482677227677,-1.5052754078184134,-0.3330086807630365
-0.4002997853456388,0.5090833963329219,-0.03792117947065244,-1.6470988618082458,-0.16098811312697547
1.0937644121716645,-0.12034552190724768,-1.3355752279061008,-1.9299415195049756,-1.8899156179537036
-0.6987621089510041,1.273108334765942,-1.1940300083125777,-0.33034464335371866,0.3652540705617895
1.6374624541241256,-0.21168281960397606,-0.4209499704184824,0.5274837928014533,-0.2172598920940183
-0.8273320501996413,1.103118212339573,0.21448809400491195,1.4501978656840813,-0.07467344823471198
0.827070856839162,-0.32139741007768374,0.002665469166921957,0.5070874624615986,0.42543948966911843
-1.2088544500133294,0.554760750581367,-0.48645705339580136,-1.1248785867514446,-1.90289201449252
0.8375636146123877,-1.5792792295209768,-0.6286333998627297,0.4820449224833601,-0.6264485258744926
-0.5478921507198282,-0.6175901630349745,-0.6635645113204615,-0.06935800469028412,0.7210367467185137
0.10654068362568529,-0.1523540487051456,-1.0608799470607455,1.5540689893552677,-1.317612173032307
-0.649113887860231,0.014320088300462615,0.8159718808024998,-0.2660960335497604,1.14001853394941
0.6005818184349324,1.051828616400989,0.023581798069167423,0.3009836862963231,-0.6848987359397116
0.9233715401240806,0.4046709387900018,-1.2723491611959403,1.208487969336496,-2.0430016220000096
-2.007439293730725,0.19577248583802984,0.44361661284707404,0.5711771772136056,1.2448130005568558
1.3328129960024557,-0.31133004668221576,-0.019022381016951376,-0.05278646151573172,0.8879694666962098
-1.3739707700893193,0.4954901674135006,0.23654150198201399,0.8032612800135007,-0.7709952020977379
-1.3419883842153981,1.1589853994796482,0.671821972832463,0.18819514735941859,0.03978892683504206
-0.47003087884789485,-0.6969317610085581,0.5469732026273767,0.5826184490620563,-1.0877526949848766
-1.3202341292507198,0.4779864985975129,-0.7985193354518204,-2.163026526442268,-1.437535125186842
0.7056311710832845,1.3274192075329243,0.7392029421834289,1.1568552727014028,1.8471469871931447
-1.1738605993803308,-0.008410142685562914,-0.1257424533736192,-0.9812208628547312,0.6031195197106549
0.6423818983150003,-0.14193753931146363,2.4015688528925248,1.0734365565811694,-1.3782104253183356
-0.7152374791794953,1.169649321465425,0.3285993687396475,0.2787302092857697,-0.1335245170295931
-1.3715604256478433,-0.06771095474773553,-0.1963288262979176,1.0252015452104444,2.5356781690896497
0.9602047675606215,-0.5472891568974061,-0.0677381558378125,0.08090314712356422,-0.9145261848045009
1.4472503737965494,1.9595128295051176,0.47642988810114834,0.3914534818769201,1.1424419522884388
-2.9901499182792874,1.3510803266202207,-0.6792397230734712,-0.038766240405541545,-0.19429728170460733
-1.7544294607795485,0.3721253722897094,0.20392980521920248,-2.0878373379203907,-0.7236341506040572
-1.3745463506872813,-1.0870844765322207,-0.7747659597314372,0.440716441223115,-1.420307915829298
1.894485947166167,1.0319903765745593,-1.9202286426726607,0.1229820363362571,-0.014707802558279253
-0.604577838671224,-0.3124091512978105,0.022677956320343133,-2.27987228707274,0.09550387752172533
0.9192760134234493,-0.44106821795744605,0.8016730773477065,-1.1536594339176534,0.6929502844374589
3.440782083791457,0.5381921434084108,0.9053740211157095,-1.2329944612618877,1.866198989046321
-0.808600295786813,-0.021227689267879105,0.3352002357352684,-0.925620898503738,1.5450348578786317
-0.14278145874826464,-0.20850001297992163,-0.5713567211765924,0.6771559042611556,0.8638749101917634
1.1498462467699233,-1.9359899684095223,-0.5994421382427505,-0.47089522122926664,-0.6247788300372228
0.016255594239427816,0.2590688644044392,-0.37671368382533843,-0.10274188354255245,0.7085983280924302
-0.41283781042132633,1.1680996558400407,0.0660756080818245,0.6195813404154737,2.164990562306371
0.06657925808404905,-1.4100788281530525,0.36966488800531444,-0.16575875302544008,0.27679346965352286
-0.47910223169520005,-0.40207020964378337,0.3116483606217985,0.030264890833581304,0.07056378667861496
2.0037372495367216,0.15267657571762522,0.7330770871307365,-1.2344533904335853,-0.6428610117025063
-1.391485465288984,1.2306593652666529,-0.24011097630509884,2.451124431868463,1.4683780776743038
-1.187159109265563,-0.5137017766618637,0.2800810409454405,0.2645124491031806,0.8098693836497779
1.0248170539662647,0.9980594949595938,1.0240701101439729,0.5749163335651503,0.7192357659190407
-0.42363129021826357,1.0018927854774322,0.013305997695518964,-0.45228099489901236,-0.8669858633166733
-0.2941145414880809,0.2685437121046182,-0.6206768473454455,-0.7583960578597517,1.7396423598572341
0.5902049299983678,-0.6757545645778775,-0.2322206224397345,0.6021637002829499,-1.09518832351534
-0.4945308288508519,-0.03798580208257461,-0.38423774986886167,0.5907649565333079,-0.7086197128670335
-0.5523996622869081,0.5873753184145776,-0.892984788188171,0.24854606121183337,0.26279173652786003
0.015565938570392724,-1.7830706474920204,2.01272447988218,-0.4115533432929737,-0.9011669910766765
-1.9426875527922505,0.24500746568392975,0.9250913797138935,-1.3050846681364034,0.41204233841199717
0.2456855573152039,0.10269994542289701,-0.602966538150955,1.269282447480991,0.5480684730999441
1.3897568187625016,-0.176076623592718,1.6493740401069887,1.220485651771167,-1.2311020262409098
-0.9612004073218686,1.3432244346245665,0.03397532891939266,-0.7998936529692471,-1.4123095675886368
0.34553790034097875,-0.07376994876265403,-1.5053733185685467,0.4615613627840566,-1.797155767499194
-0.48144743906245663,-1.9079216715230565,-0.5612093593773486,-0.4449394931142589,-0.5284240722349833
-0.7499204711018514,-0.6499546611131012,0.026292601892908288,-0.7787120476981491,-0.12416224781556394
-0.7666966913888278,-0.06823867099147773,1.1737443601915811,-1.1978443435450317,-1.4151172393074605
1.4041913942587108,1.4661629853766587,0.5640042262203091,-0.29777183285006437,1.2970981271864863
0.16973921564571356,1.2283010627518447,1.2574598197001485,-0.18038258701658855,0.9638292190820231
-0.19119425877217616,-1.9009757877422941,-0.7990402376241401,0.35753183815055556,-0.23305193540153224
-1.3598038973816473,-0.40145744073563877,-0.04636504932494349,0.7770954843859046,1.187339594498291
-0.5580657510974582,0.8821966018898945,1.1904310888295717,-2.7315130624384385,0.5980995309574534
-2.105953831035951,-0.9767122824882234,-1.2226369600284779,-0.9039107442404977,0.6224651205580687
-1.7321813504226744,-0.8952799166516732,-3.258124796419489,0.0012610145924550334,-1.725901613726642
-0.4693685288406759,-0.2010498729708473,-1.2934095095989513,-1.2416952377220514,0.8926758210287071
0.8000545555490858,0.4809990376747395,1.0282111773816887,-0.026347125740300608,3.2293571333126616
-1.2281701560335767,0.2826309779408779,-1.1839634739905824,-0.38089546228123916,-0.37753050600297494
0.20910676315107055,0.7604119312643196,-0.13002933685857043,0.3985706359887483,0.23640272461204645
0.49541421245978945,1.283246239887951,-0.2631263617273099,1.4244950945187707,-0.8265181892773202
0.5919149956730533,-1.2488658225494318,-0.41361663454542197,-0.5716791651654886,0.46663444640437685
0.7700684729110635,0.2420662155163247,-0.46730032584769415,0.8085079507499302,-0.2102973677786827
0.9988000296270542,0.7586341338641254,-0.581019254458145,-0.26642397056332356,0.983306354317777
-0.21720904211024128,-0.05320470535757708,-0.695778171365035,2.2020727642545177,0.7469487310241384
-0.45528192170169085,0.612095264041947,0.46220011548415063,-1.1126023887350425,-1.0122998904733798
0.7046533937043797,-0.7853561466571327,1.07919507746875,-2.2699556217204893,1.1058355816280876
0.9875373483516876,1.0888580154063259,1.1946444849268807,-1.7556273895693266,-0.6637893586486211
1.1358256462495675,-0.3438475817300136,-1.574958745787044,1.1396140377867272,-1.252144327724197
-0.09774373025065164,-0.1811525095124427,0.8658707948009796,-0.47343775226366813,1.399200099803291
-0.5550085250179934,-0.5395927027364058,1.1487321548346199,0.3644138948878915,-0.930201369344776
-0.0059759438687469815,0.9279191065791335,1.718283591835721,1.7908462619600283,0.2748512232738851
0.01380139846163041,0.12073598817215345,0.5842728488220135,-1.2176421131307118,0.028442755742203847
-0.04413008935307867,-1.545314125480542,-1.7052604431775809,1.5249219167375212,-0.015432757242742472
-0.34133213133379164,0.2704421602386493,-1.8846380234584494,-0.2294067476659759,0.6427248513388572
-0.3882257388491122,-0.15486158549712684,-0.3375166329632926,0.06136116786552926,-0.6142847354007628
0.4415739263289309,0.06833142139614262,-0.25023182061961174,0.4712289676019702,-0.6708266291919781
-0.4136173847564514,0.37954666662592423,0.20408218949573192,0.01715339571975695,-0.4239183814939608
-1.7841501589725137,0.7914361750389101,-1.0376965830942813,-0.9489710360689892,-1.8843572516136717
1.3591636641894975,-1.5043752929674492,0.862161706329135,0.9330733319812446,0.6981354338939786
1.5388624714380945,-1.3599223870554662,-0.3327120547021669,-0.864017128852032,-0.4047026961803147
-0.9341761816290169,-0.3696073333814117,-0.0660043603007761,2.28002768168395,1.954914996909565
2.4257938542530426,0.27886946558263775,-0.6163918449004955,-0.47975951758515367,-1.1314862834319244
-0.5479824819021393,-0.6984264500371565,-0.8859882806541443,2.072962570443252,-0.40989308263800633
-0.3712068178253403,0.2852489565469765,-0.17244341279458264,-0.7941863911708725,1.0487813001567996
0.868822837161669,1.3915027011504817,1.7453529977359616,0.3259104192982289,-0.8796456546871615
0.7357744189483746,0.5927616758445491,0.9380313824838508,-0.20749285676244902,0.38367803287059027
2.2102569601290134,-0.11983393239315698,-0.2301591045077791,0.4343174993356096,1.7212247928083013
0.3235464598423165,-0.3725316866734618,1.2076115056369328,0.014930526252250487,-0.9809215533157731
-1.613622751159325,-0.08627580148123912,-0.20457392730062915,1.0877344685201333,0.16836725559737725
-1.6891126673820815,0.7045900953219627,0.7573131915003538,-0.4024190416615163,1.9656202391050883
-0.6392993923036707,0.4904152202484169,0.279612361803726,0.9058336039367375,-1.110174273551337
-0.09403795678502659,-0.25003667443399913,1.4758113375491793,-0.6528368275953698,1.6649984608257817
-0.2841813710766639,0.31546938724966805,0.17691640098445882,0.23002612171896278,0.29330822212159524
0.11254767852456174,0.27147899032451656,0.3597847023400074,-0.19287636271217323,1.6307813966870275
-0.7768847387253011,0.2765140813071115,-1.3806742617782557,0.8631999596938913,1.829460755621278
-0.4841074179049139,-1.4897957278577647,-1.4406814180795957,0.05552370844938789,0.1028867179606909
0.36067365599210893,-0.34753395952347405,-0.19396667037884532,0.6662631647830518,-1.5191122886441404
0.062123927840669495,0.14519300141637945,0.947372183270669,-0.24763118078596186,0.08065719792576774
-0.6818883938975023,-2.6458603669532894,-3.136149492420004,0.45924614893745563,-1.2179317007649804
-2.038784983513296,-0.5378697524637168,-0.7967285238183285,0.11757215015479502,0.36784763196288794
0.9233919422863534,-0.3672960675545715,0.6386042638665115,-0.6044185154656325,-0.06744275960075519
0.26939888531255485,0.21522472109256865,-0.27981747581918914,-0.26407524832160884,1.0561283274940658
1.597313694442657,-0.023700348252420057,0.3201243705967482,0.3126239699804204,0.6234391404119812
0.6280350312020284,-0.2766998721390815,1.4340395354436746,-0.5264644529839395,-0.13502462157532993
-1.4522454003986363,0.0699596733420699,-0.8200249551586357,1.2847442109795155,0.8232784592520992
-0.682924945565528,-0.030909650282671258,-0.8438572180871967,0.26354312695340604,-0.7703078419070396
-1.7258704241293683,0.2140523349884034,0.4392311373074628,-0.24200132103912286,2.432162188858302
-0.9154352839895046,0.7132045055440828,-0.3351511890031403,0.3325997479311379,0.46364018864452927
0.25567999901444505,-0.30894135445183807,0.6080421889721531,1.359057997211927,-0.7889378025739944
-0.2864281113616689,1.1861503730563023,1.214184778715767,1.5677867225817512,0.6267180860899193
-0.37769205736038225,0.5972070212489314,3.0061124416709535,1.6378230636807936,1.042632095816166
0.41926264067170343,-0.2725208430696267,0.874949744433051,0.28921237504300396,1.9330643208573055
-0.547818569424085,-0.19254875231402113,-0.7869382632676813,-0.20558834543145046,1.3338221318311836
0.6819549995019568,-0.756427482355603,1.5844235951318326,-0.3328550003693342,0.9807612585950073
-1.006470891209863,-0.5731239413114697,-1.3890716245123476,0.6308438734792288,0.6343940331929562
-0.03014836696073986,-0.4529964921851239,1.1968377711258846,-0.09223022251546555,-0.13862605416924956
-1.135452632075443,-1.137502034992943,-0.6121673447865217,0.13045195875240442,-0.8084282666191278
0.7728051420055684,1.3078707279637434,0.9787081743472056,-2.5287896095725673,1.0825432287371266
-0.12034242723867865,0.7372871368559057,-0.05589076158335152,1.62713716219879,0.013258098387826838
0.6388964829889058,0.38861096141645785,-0.6116441200777697,-1.9751306436162572,0.6767930598279382
-0.4176734643055792,1.6287840511034515,2.5866829665946036,0.31470985283011454,-0.7714653046334402
-0.8193011257346671,-0.13420711304699903,0.38296858972171827,-1.3600523462789809,-1.6997378624062163
-1.113201469073437,1.9290791628551573,-0.5335322240090314,1.091244291073142,-0.25298044855384205
1.6014565333264712,0.41518142701666616,0.3541385972862464,-0.5059099922288562,-0.9373682234355118
1.1661923070955031,-1.748761754307389,-1.4668993566602821,-1.4506059028806406,0.4815613449611163
-2.1187059600627833,-0.8728303746687784,-1.3713305307487045,0.764510660250443,0.7267925389468739
-1.707823370121062,-0.06607152364646704,-1.1146548978859252,0.4597295072988138,-0.10370112852639779
2.0800210259000433,0.1943313775932826,0.5143899687664103,0.6279984571283491,0.14291949955593872
-0.5202760959726221,-0.747423907490843,-0.6330282281900792,0.9138581447492712,0.3487837559518931
-1.5406214621478493,-0.8946030982366527,-0.8846175910591565,1.5546885083931021,-0.8008701517383082
0.10749977925894193,-1.3007252000996232,-0.34729785265600244,1.4832924182717309,-1.705220486517039
1.104913862124419,0.9847373358717613,-0.7823183604792062,1.523973434607881,-1.8463448784008198
-1.0866537239737881,-0.295641974555615,-0.44293043869409404,0.30819607769703034,2.3583268201161443
0.1515009152560374,1.2588001927757353,-1.8030591608029036,1.9146973284352753,0.07269822593207274
0.8387427639939944,-1.2751838475484347,-1.0843178026710967,-0.8078088002407894,-0.9123489559380126
-0.3250297544945947,1.3050510529165182,0.9022168078070958,0.4412013794742762,-0.5941530561331719
-0.3583130794853581,-1.9113669243449503,-1.2107381075277934,-0.29807699364764806,-0.5790347921783207
-1.6806250816553683,0.7651072736101757,-0.48626630463131437,-0.8387410955349279,0.5593791889051319
-0.5835736305761943,2.3237476427589216,0.48735167077668246,1.5565277575513876,0.45904376920808
0.6038045228947971,0.07735969901050337,0.22526606263551222,-0.14185441815097938,0.09914326797857433
-0.252451150073138,0.8185154599084997,1.068999854208794,-0.14926223286214851,-0.54440980860038
-0.3699469008241377,-0.5492864989134942,-0.6170400037639966,0.679878522683323,-1.087835670423999
0.6110937487673213,-0.8209880034734286,-1.9254804112085708,-0.6943532407932506,-0.19056545369431643
1.365614372982368,0.37684139313828113,-1.2415432026734452,0.7044476539237643,0.5591996032466946
0.3163465190339875,-0.2520545763520875,-2.235155235055534,1.4144699866902866,0.5704513920307521
1.1558700316323336,0.10840376173153768,-1.1073593463290097,0.02207956569810342,1.2004957793684328
0.9093833253553668,0.1810480049770119,1.9707024506886472,-1.5597166535811504,-1.1779992771811338
0.2456212144667517,-0.10506027073885436,-0.21172483350710042,1.271044905639085,0.8926734817333895
-1.8774384880809178,-1.2575450178026109,-0.7697879652288363,-0.16432150359988876,-0.09339768854293226
0.06210802533180655,0.3294312591622653,-1.5582479457556855,-0.19271602689841982,1.1030911307400373
-1.009705722093388,0.8906154540764214,-1.4426705444196846,-0.8791365575831805,-0.6001897912154542
0.3287546086688653,-1.2922583934518777,-0.4439973389476173,0.790797127843613,0.22665006205915883
-0.9161705354905144,-1.0754310492548274,0.6526803566261558,-0.6807660819005248,0.41146878361711187
-2.0473252053616724,-0.1284086092734498,-0.6431109557478712,0.5178476036363023,-1.2202088162781075
2.115098887890564,0.7328837265741786,0.37762794935326355,-0.1078022374646859,0.4499862577022742
-0.3363917973518687,-0.8242104010712531,0.24081214084840777,-0.6554631749238274,1.3959948382456882
0.9897007006868181,-0.14570590105088232,-0.5355143377902162,-0.670050469451723,0.09181446950701247
-1.2592155147173614,-0.026066896068702824,0.4548581405269983,1.033768319524779,-0.8137490705643066
0.5721338909394462,-1.40655378622956,0.47746035257091146,0.45786160572599255,0.3415296648303349
1.2132197315216415,-0.5773690812055611,-1.3419539556368238,-1.0539644845770664,2.091781796925625
0.6670327460301797,2.2092165390410523,-0.023906861827072138,0.3146737238479095,-0.7089618626878581
-1.2129157056028255,0.7076245224001285,-0.833204995158218,1.432115043995919,-0.9044851225020272
0.18159010122737806,0.8187575049515099,0.3508517849242422,-0.6536544042075723,-0.2175035374864546
-1.2777174146216208,-1.573044131589093,-0.0368897742264143,0.0641158242807661,-0.0187397332839871
-0.3619753674230718,1.216464369342811,-0.2693195265158399,-1.2696517031076209,-0.8583635722805993
-0.7833741776263495,0.13469695952016544,0.3915828819012986,-2.134438297873247,0.9142526946299097
-0.9436815920859591,-1.1341344686713792,-1.4287631250971604,0.3189297854931889,0.6694023883213284
0.7918697991804133,-1.0747990972464632,-0.0711617356878617,-0.6271464987534927,-0.37859206556843933
-0.36136191569829673,0.9209083028733165,-0.20491296827444871,-1.3687358916679035,0.7449582249871456
-2.462458087106176,0.8005909887226274,-1.6393440787626503,-1.485763705443098,0.07690603063743995
1.216357514217736,0.9335170123114758,-0.4572809161692978,0.3550347680987358,-0.2545240905962254
0.4054337475486522,0.2752101842366546,1.1020738758958581,-0.07915798664487128,-1.2607427593172102
0.1771990215087224,1.3209296877263137,-0.7889279490799814,-1.6018448109084453,-0.8613724388566552
-1.0564720841372817,-0.47184618499166686,-0.06528303637240143,-0.7036856945182699,-0.9572922554704173
1.5522831665279124,0.8737695765212293,1.6619752317475365,-1.5124170523780711,1.1970355759994924
-0.5420374184307649,2.891677620382108,1.5371504215021226,1.5644790918678324,2.0711057902491112
1.0382001992808143,1.1004676527962196,0.01758023188958589,-0.8400445843642418,1.5418624705135742
-0.7726441234318772,1.8136163852155975,-1.0276682834286062,1.1099326412955508,-0.7058822460726022
-0.7980280819799044,-0.804931422581659,-1.9778650635912014,-0.13457284738969635,-0.7580639929519705
0.6056588527339811,0.22559269825494996,-1.3926679533840396,-0.11487310624963605,-0.003826037927443638
1.1297064844870779,1.643986758054032,-0.44786735657696386,0.3229534613293899,-0.5782667490768175
-2.754175020859646,1.6303152657139626,-0.5170367601307428,1.0355527812841865,0.17540430417082872
0.28883079737905054,-0.8632151441473407,1.305255761377555,0.20887185147620663,1.0159827501261183
0.6639577502970148,-0.6797942029958848,0.4541644217044315,-0.13505519784834893,0.5678262453640144
0.008175328397603982,-0.17337516580237466,0.47881077615902035,0.5647264644400162,0.3392724561494617
-0.9331202677694174,-0.6472828437770527,-0.0508548095995341,-1.0547621541509902,1.9079883960817967
-0.8297021216500158,-1.0035409974983125,0.42564256234415665,0.7980554599335333,-0.47777669220991975
-0.058500590607131704,-0.9667399552417241,-0.6523976094703061,-1.4589147073388518,-0.5137033789573459
1.4165854548915815,-0.9323829542161541,1.0277812387817111,-0.15045090857957172,0.0900956030965218
-0.20810162294445783,-2.0898113726698475,-0.3921928594121586,1.572593033186273,-2.577138658392525
0.41049230283359706,-0.4146629788914323,-0.964955874216948,0.5510198178307982,-1.7905517912458575
-1.6614360317257104,0.13331725191152527,-1.3155491537693065,-0.6278290182718642,0.4368758819125755
0.6495736789684499,-0.27748146672503465,-0.8468399086609348,1.1053414281295173,-0.5521428732526146
-0.2870004064042767,-1.1176964979507855,-1.5909191901678892,0.23851931214150487,-1.3950545040653275
-0.3446817892712566,-0.4347594446604529,0.7095056431718264,0.37851612629773174,0.269162921848823
-0.39713139333679964,2.351710170885722,-0.465273122310699,1.030300786785946,-0.390308147213121
-1.579843235212844,0.09264084143129772,-2.085675147903532,1.59509983374374,1.0964016545377178
-0.7990150180172718,0.5065529817220134,-1.185852064605471,-0.03138932261768067,0.24080216312832062
-0.9971835777613909,-0.5260751188599483,1.0358427711205425,-1.0812586064481675,-1.5527757449322697
-0.32595809054959995,-2.181170759276575,0.941110787523493,1.7706254248380424,-1.1799869481887681
-0.15081365878488717,-1.5649218076841052,-0.7518484314056354,-1.0524695332313723,-0.5699969978926117
0.32451161301836673,0.33178511549108086,0.3123951826140999,0.9404806206554231,0.8747343856300964
1.3714765285942812,-0.705202826503932,-1.0101033565989537,-0.13281257764821708,-0.9098682119321586
0.5398325281720411,1.7733989770571466,0.8364011133980497,1.1756438628531871,-0.4823791856809457
-0.4719765997679133,-1.3784341641826676,1.1911237787050897,2.2727178208719176,1.3104947588740963
-1.052582559937963,-1.7862263968987522,0.015688474079824887,-2.6262097834151246,0.8366282326109133
-0.18320210069021511,-0.7081621511552906,-1.736033961245844,-2.322495819466432,0.21003660663268628
-0.5001818714841749,0.08023665450884233,1.0911313236192464,-1.6189726828228297,-1.6424089944247087
-0.7167785363181374,0.19160885882288745,1.3428285013950219,0.7921137766367626,0.4935741696064594
-0.671550317770129,1.259234990915714,-2.398321877026547,1.1536766496233348,-0.9099256590141999
-0.5093968669667507,0.28537608209985743,0.019462738600589315,-0.09706490754917729,1.1195991095992606
-0.4698302008637022,-0.8000450389355162,-0.5169463132453476,1.5680590189691819,1.3890508796666223
1.0079218769013156,0.7451740211784874,-0.0765768839175021,0.29670019464700337,-0.9000812133555652
-2.067949435003956,-0.2850341387207799,0.11090630149071914,2.107122682890951,0.17815028712302983
-1.180471659447494,-0.06588909300156684,-1.109692446732391,-1.7206762364680313,-0.3430131927173615
-2.275212571524322,-0.41643118812659,-1.6814301675885452,-1.2804596276250295,0.2350634951800097
0.20124842740626853,-1.1809577413725059,0.05820871037210978,0.3875118437410547,-2.0140991879838652
0.17003733194928153,-1.1109583441973114,-0.45192426457610685,-0.12439253748467612,0.28654142793920134
0.9341235762705554,0.3335518682171527,-0.2902343362400042,-0.4010134867896548,0.7243235290043444
1.3686458955367873,-0.3467221764997875,-0.5934112382380186,-1.3864018544099106,1.4624878113076878
0.9658413071756666,-0.2814748708744898,0.4704370176194975,1.078070267474863,0.13475901144579888
-0.5102619636784457,-0.7128400510812715,0.23311017143789656,0.23349664560799938,-0.48210401319235124
0.201395279902877,-0.19402906924292163,1.0745636859378396,0.3796082232261923,1.2106458490160148
-1.1081877654879564,-0.6807081099096622,-0.8609582356633997,-1.1365339445237181,-0.3528714420948082
-0.10579041026499227,0.024824787613060655,2.2710468844353104,1.2153785936595654,2.86471352057446
0.6628968233839135,-0.6512883297430986,-0.44868002500721266,1.3391468287635935,-0.693074537740845
0.006854355300718391,-0.15816238150850348,-0.18681611394732908,-0.5883077854411217,0.6499283594201624
-0.5202137618834259,0.0460772875314233,0.04913445049710148,0.7849270647065605,0.7217394659784162
-0.5032896290136689,0.11076377501074718,-0.9311803092135548,-0.40475159067456035,1.6565283923028165
-0.5146047634470483,0.9132958988153153,-1.277754153866256,-0.3577127827937593,-2.6039662365998404
-1.9165664358324739,-0.045725714386404444,0.49256519238107305,0.33220579646190723,3.5991704079696665
0.23858675715454564,-1.3517728523964532,-1.4723819183408267,0.423143302672927,-0.5942542279795764
-0.5849367573711789,1.3220523022573165,-0.18191427863811843,-1.5322621194797634,0.5004557108945963
-1.0232586754420192,1.3406107251395056,0.4495286770217406,-1.119487366755745,-0.03556954536210656
0.9195270744904337,-0.29599997114876264,-1.6216865285901558,0.31489906465195483,-1.898815625001916
-0.4525676198167776,0.8207483841085179,-1.32938364668429,2.4139518747779833,-1.2040940422241435
0.2416939000712236,-1.4099173569876196,0.5306630290375881,-0.22189108106735952,-1.9198266440148826
-1.874994233481572,-0.556017087179603,-0.052360059931225146,2.5423731262343083,0.640060538375825
1.7370607233791284,-0.45777692003712994,0.9767335033340175,-0.6922429274044434,-0.6013527616695495
0.7985486837575454,-0.46887063772998266,-1.650725308037304,1.4840011227555603,0.26789678383283866
-0.2532232661032412,1.6001982745311596,0.25424393490311786,-1.0491532634005143,0.31413063783680945
-1.2171536770448428,1.5600501020503683,-0.1069453589322994,-0.3440742670277228,-1.0518802657560722
-0.6228708385870244,0.17768087182047682,0.9125676337204535,0.1218762830636698,-0.011699462725529845
-0.7448500973163767,-0.1875591717730467,0.20574061642531916,2.1775455238146706,-1.582012648713681
0.7849720657349326,0.6520742021324033,-0.6947325283538736,-0.9347954705409581,-0.508528498564102
-0.7335269338933608,0.10179148005423884,1.3693431299902024,0.6751611920246793,0.3463230852444686
-0.7988265675510106,0.39441588581893666,-1.7409615096938624,-0.6554470837285025,-0.5177846828733028
-0.3992560756636289,0.8399744795733728,0.06719818158947728,-0.856246898258733,0.20665792857719714
0.28970954729490495,0.13187006183135366,1.5499039151319163,0.5139768369073504,-0.867521854091414
-1.7976957863930985,0.3559793694631569,0.2897550672708373,1.027694136618918,-0.10354736408548003
-0.8440162462727944,-0.37576984743360026,0.9592722730183865,0.05793215361949559,0.5349553660027112
0.19539626727410708,0.3875221273654626,-1.5502205963147266,-0.4853702198788422,-0.021922105703110206
-0.6735624764918847,-0.4279430596108173,1.3740067140109447,-0.9678033882451186,0.2920951992332391
-1.2474045373158698,0.1057446039903284,-1.1553726367104045,0.5388521999831516,1.798465943005439
-0.09743822661539338,-0.05920245675790014,-0.44586902361678654,-1.353230135169026,1.4409798638617324
1.6082814776675387,-1.8101586814233328,0.8811811816592914,2.760779370969967,-0.807922093136742
-0.9915577728044961,-0.10964089933807818,0.26962569355473703,1.0547779117341582,0.5860375064602105
1.1830287603867269,-0.5096175188688736,2.0159422497939685,-0.017635524851101727,-2.217125180054501
1.5927764271076326,0.37838689252930396,1.0220902776074534,0.37541218159828443,0.8401204470539066
0.14888429609784148,-0.557179009766463,-0.8196882840271345,-0.6031718355822746,-0.05027661433990639
-0.7681459473942254,-0.980638538753473,0.7053766902245686,-0.9919055475742599,2.0624899497384033
-0.5352089636613638,1.5247393969053236,1.5742588517629341,0.657412654264197,-0.9324656288687131
0.3312823278763649,-0.509659436422728,1.0237557250195017,1.276192155119294,-1.1845876259750237
-0.8171512588970976,-0.1771283332329654,1.1047164243026655,-0.3324435883625864,-1.053261336546345
-0.6479410333604793,0.976088646448809,1.5674777357302714,-0.8595190750496116,-0.6059862364158587
1.2740015657830186,0.34246210197324434,-0.6912983405227449,0.302487370532011,-0.1281923696539551
0.16991841910646985,0.4479760214738347,1.0363140637336021,0.24127851875122638,-0.7761042646336862
1.1579079537266956,1.171335056002285,-1.4642730909102277,-2.7065680946698327,-0.3201624293042132
-0.9487981633522736,-0.7697394313197136,1.429724696487929,-0.7656040765975742,-0.658280829597863
0.6504375435071035,0.7584658864716325,-1.5558717326716633,-0.7416758681122115,0.6319555223075819
-0.23076479873897401,-0.47611946617234824,-0.3053004640121002,0.853618909390866,0.06799987288468096
0.8360648942967427,0.6196574752963329,-0.20290810156226854,0.0869885257315469,0.7047176145263121
-0.37540323482247884,-0.06483810010428114,-0.42958168658372897,-1.0350122802280957,-1.3533049582098813
-0.7632037923596064,-0.36064733320505943,-0.4790239589511538,-0.7549332893432195,-3.2656507689262564
0.48708617343463173,0.24307136839532284,0.06957779625837421,1.5024758457134528,1.7762548348244522
0.17835753989878583,0.23941378090598028,0.05964338797818799,0.3158242253287763,1.3112736920221213
0.0223641121696023,-1.1678646890024091,-0.03830582141835359,1.1050083705268392,0.19436176473398645
-0.17637110578531767,-0.04873495346030088,0.818342598959689,-0.6917401918998273,-1.0552232081903437
-0.7726300691572302,-0.2752036188064308,1.270863688478854,-1.3814770371371392,-0.4408945393694088
0.8768914047547104,1.9344171503824197,1.7290620852991874,0.07542134924804995,0.20981204207734103
-0.9421142814548737,0.9634719646093047,-0.2100162657307341,-1.683406109004147,0.9432125480619391
0.595125453606048,0.16899034420762918,-0.34116804382433413,-0.08944853821102779,0.2718545721036653
2.3602536971561983,-1.1673507192136592,1.8391907200402031,-0.1786532294826976,1.8110096633939188
0.4866272419095758,2.0355073626175155,0.46026027704821215,0.009658048898581646,-1.6318626226568678
-0.32962893589026077,-0.5482319060990196,-0.8882382172779526,1.0332320440228373,-0.3576059030827811
-0.14918734441255685,0.5963083570694478,-0.2962845220790151,-0.8929864604196083,0.1688162976355823
-1.1528453116504844,0.4031588225782544,0.13837221294810773,0.8459647358550975,0.9910735784001773
0.5931680226624736,-2.1537861229140063,-2.651699152862121,-0.46041341162536314,0.16115241477382936
2.0507952779596486,0.16890016165730373,-1.0210609903922252,-0.8302122456647452,0.7038382958135962
0.8411129928376555,0.6089675073049032,0.664481308123806,-1.4824040723582828,-1.1628575261795258
-0.17382790010533475,-0.54555882543603,-2.341123986166208,1.113902430487559,1.426553721607282
0.034899552741076756,-1.311659283607347,0.5510853758583197,0.41968651347556934,0.6519004698314106
-0.16764282748108536,0.17520976537126848,0.812507840547094,-0.2481139762063721,-0.5431835110605692
-0.3346092323211873,1.1918185452056023,1.0991482672936999,-1.3525408264675414,0.200715217263868
-0.032214167675746724,1.0446256918863777,2.277200679038232,0.17288467049706285,2.0674716701091524
-2.8067921458857596,0.6841794636463633,-0.741392831626675,-0.2949886845435217,-0.2646763579254636
-0.6807315541504326,1.064073334534512,0.9814880956547988,-1.0053553367498402,-0.10200946274179774
-0.340916954153085,-1.0524804097973828,1.2886667101030005,0.5172698017880809,0.5950078477305599
0.5338277083179572,-0.5508333554666208,0.7907848566266847,0.30634105353172997,-0.14605645946056348
-1.2287323606002676,-1.0271565937409823,-1.0696540659797231,-0.5441770398428695,-0.8807136379704933
0.41594340373381566,0.8257853762036971,1.9562153432873242,-0.27849444101323256,-1.478061643222647
0.18808356644237886,-0.586945400620908,0.25609520657278123,-2.188981559428516,0.5501223650519015
0.38104347249628595,-1.478942677396593,-1.1630365782098486,-0.424305819005326,-2.076260501837232
-1.6275740098777884,0.019184973718835714,-0.12907614268098408,1.0364279685811737,0.05202148970840963
0.7050484746356291,-0.3133130883577225,1.0577155371004978,-1.2638862429277269,0.21296840857945526
0.7266293333728927,-1.2769118996012339,1.4482740815063573,-1.6071410061551936,0.13274678614358226
-0.03811752961139727,0.3844388187441156,1.167884411128491,-1.6396841293295386,0.5368199526540741
-0.17704563621483577,-1.2043581328873938,0.18791054537606613,-0.12215684249723623,-2.546440396258897
-1.4247831911626407,-0.8209711557714645,0.8229037403816908,-0.3610607189741465,-1.1524032735829937
-0.6557536007999454,2.9197359795710596,1.3595947800512043,-0.4693076569941502,0.3700845722806289
-1.715618482418337,-0.4763450317236238,0.31929199038451744,-0.20251563747633752,0.39458891476624525
-1.3082891400667802,0.26867568774617956,-2.3423404442893196,-0.5618264320588888,0.5717033461165034
-0.3765907851233397,-0.8442826518067164,0.4260828905832652,0.7285963908337454,-1.1667006202212453
-0.890513514353206,0.9236881695792015,-0.9677455188867837,1.1867255996588264,-0.6607330287131781
0.7927411539770641,-1.658371211468841,-0.6083208509602787,0.14967149594015192,1.038770808100195
1.9894080672712458,-1.147090859415723,1.3587495102868916,0.5225653624754,0.2725273153890604
-0.29097547194409684,0.040434148063980574,0.9888250351946594,-0.3032534887183944,0.44637573568897776
-0.4591920171788914,-1.3720540321706394,1.6496520313426544,0.1841844463927422,-1.2068185838501366
-0.6004990915909412,0.8646610787255805,-0.8057099003371407,-0.5948897788127663,-0.8628589776518912
0.9034860159275931,-1.015879761817004,-0.4140396329170974,-1.084701589002338,0.1768334416830779
2.853661851854962,0.6240055868842187,-1.069831859007984,-0.0870147554687921,1.5939348153531192
0.2918126775713924,-0.10006056014488775,-0.10601105326260105,0.4239292249355027,0.8058400236948384
-0.06067667780911646,0.9781717911701869,0.5182076009607668,-0.21844175973133706,-1.0926879825018831
0.5523416576105425,0.2666991177953469,0.827723570577793,-1.6173696380936446,-0.5397806712766521
0.5264019867822943,0.32785921997948764,-0.6250182920172296,0.3986295719412429,1.5150961944700043
1.3453233621851262,-0.6653280496884012,-0.14895463173748352,-0.34837871929159003,1.3145147952235399
0.31076298823168946,0.7118682364849677,1.1380779054186076,-1.497792751042825,-0.8820980616220881
1.5413651229382033,-0.5209358660392858,1.39953048356323,0.7332180665006218,0.8241845171895222
-1.1469666585432992,0.2834560824028195,-0.3598506000090834,0.6133722560155307,0.4706262742856069
-0.19548025969440924,1.5689179556703043,-0.4225866550671946,-0.1183510407262551,-0.8916042363935635
-0.05123127772185393,-0.6747384272979007,0.8845078617402035,0.7492172935265595,-1.3715316090819962
0.2332442525296925,-2.2405907174419926,0.26536047826621095,0.45876341369464435,0.2166293681472668
0.0996539767684937,1.5462994344726937,-1.494971201324316,-0.3362943148165956,-0.0696309152120163
0.01833104764927261,0.4366417791557908,0.6966771176241568,1.102178139595354,0.22616324147384292
0.656138955468129,-0.5259388830223573,-0.5569206281669107,1.5377242551836219,-0.21588233576392477
0.9687987924127124,-1.8615693709558359,-0.7468531995321119,1.0811194820551513,2.04364963046371
0.18291726929452173,0.5210181165634085,0.2755016978035496,-1.3761767517141725,-0.20588029957392234
-0.7138665447440498,-0.2690146791572824,-0.5784840381923074,0.7845089770163046,0.5483479700580959
-0.5645437471998662,-0.09961928370050034,-0.6488429423748644,0.27812061399682725,1.4357010984444298
1.330380972161776,1.165200812348367,-1.1653886167451115,-0.14589284653300943,-0.8041704821921565
1.5722159731429743,-0.1321909238320444,-1.6563337503374962,-0.7791156417095033,2.186602250273995
-0.48536575820836253,-0.12065692538233239,-0.4067617617435021,-0.5205719423453069,1.4590840282081523
1.234401079581658,-0.3563113451538666,-1.2765861550704076,-1.9627403162551538,-1.4299534362956094
-0.17935299102709212,-0.2667026237999623,-0.22485773342416587,1.2935032170462193,-0.5700668602244836
0.9887025629893815,0.3589291319568597,-2.2066768566590302,2.0438529098560627,-1.0261310863284208
-0.7185186776395408,-2.0888266805213247,-0.9786581187303901,1.5480488558781762,0.3618504127221014
-0.04635926121122875,0.11049713269956263,0.9367553750872173,0.5284346734246643,-0.15851847957127832
-1.0207596931750915,1.4725225559530766,0.407315329899362,-0.21406616692703853,0.7830842868923735
1.0062727033190013,-0.21773085403051745,-0.15557802947166968,-1.0207591996079897,0.2607582255222714
0.8844800616832649,0.8212782124104063,0.44402341394218064,0.6013709045955911,-0.6875534385667487
-0.13896138178127837,-0.36724422593093026,-1.744459778020126,-0.007709871662854822,-1.0358112350146556
-0.29955032147470456,0.39895035698131714,-1.1766437876840765,-0.9000715926872833,-0.7246667184090752
-0.31251831886880765,-2.683299364664644,-0.33362252098475015,0.7031825207443679,0.5258020573551038
0.6610924724384958,-0.7431624784179063,0.4441473002139123,0.3612650527261006,-0.9916808129853304
0.09158370232653919,-0.5321556266955134,0.39158083741141164,0.4730314679844654,1.3260365098620805
-0.8758628008598136,-0.8963868512372025,1.4539702764293407,-0.3398671279621583,-0.8480964067107117
0.12682788487197383,0.8865805021844093,-0.7442850060814586,-0.08635778017427999,0.5528568785975791
0.7128763063568678,-1.4068222446938496,-1.1058683205753943,0.674806352498574,-1.1269832031287865
0.3519323816621721,1.5649229624655758,-0.76653671896836,-0.0034692822926536207,0.7309557927073779
-0.4349200701805506,-0.6783371523251258,0.3198782181684586,-0.9945916806501699,-1.4621039419876785
-0.268845528311544,1.1460370097297206,0.2893594388876821,-0.34433901212715506,0.5643424231655183
2.398795888690273,0.6215924579546275,1.684072731714963,-0.016235040066875206,0.09165193946228951
-1.144922219391976,0.008214959868386905,-0.7480822805696564,-0.0675801492031958,0.2937222803557612
-1.4953810358163686,0.39245297921684286,-0.3097908765739502,0.44084874706497396,0.8310826203338991
-0.7480757190775544,-0.1109638096570362,-0.36570467422041963,-0.3885044289437206,2.8366804300637667
0.12319260688455123,-1.155161820786599,-0.047633376896416016,0.7681837497179093,1.03385144764537
0.8603191917527425,-1.4569428631511363,-3.409781675871528,-0.2009163006213841,0.014895181545392499
-0.4145574583277064,1.1150768254258236,-1.3886393779190953,-0.4645678000088249,-2.299489710271185
0.33262651908841306,0.7196529716928356,0.29721314851024183,-0.6645872774529605,-1.374777432075517
-0.7209211420782666,-0.4971975365202578,-0.5819669582625222,0.9936457003706781,0.44712174187467335
0.29334320676326836,-0.052332007137740534,-1.5195500448358508,-0.3014533373655221,0.17141219298952198
0.4080153205811105,0.06383433290704804,-0.44944925666073654,-1.8190436468116717,1.3481996434742387
0.3349406056507287,1.1796498981448011,-0.7766321367288104,0.8884081672415963,0.769523334993991
-0.3351207076155158,-0.6343597960402233,-0.8479761420472646,1.8098963193268898,-0.8973645263775806
-1.132770304116427,0.018387122832566476,0.2732539775934787,-0.06061826351171665,0.363980247112319
-0.414728217420013,0.23358108933306582,0.3457475770018753,-0.3412678055490274,1.2281485718102745
-0.543564780467266,-1.7652427808881446,1.7510437504996732,-1.186922483654636,0.15932030483602883
-0.5843612699671072,-2.8226133859017724,2.769051546473193,1.4403976990125988,-0.975297643877344
-0.9771860647850907,-0.1038314185055822,0.0324063025443766,-0.8075471032004239,1.21398586206676
-1.134057954612845,-0.3008609291144105,-1.1148957700497528,0.2645878979040194,1.9865387041826834
0.1666062624800105,1.1866285035901027,-1.1397659375972171,-0.5989192672734225,-2.255033485498229
-0.2502601471102741,-0.05722578133739112,-0.8728036940489027,0.18487313833260774,0.1892494787458055
2.16054393487372,1.4256915646133532,-0.9589981745165751,-2.1419285338175125,0.24016787914952722
-0.8214535139011006,-1.2588345286267384,-0.7691373882625263,0.6312906731935813,1.81113763934857
-0.3490456852436507,1.913096590219943,0.8144105133805879,1.6881480184992035,-0.14391758062194132
0.20846481297550953,-2.4743821243704196,0.23180203051239892,0.5474295682234654,0.40982020059518526
0.6372057246866396,0.6612801145624877,-0.1006125081484371,-0.6754263494168665,0.13488293358468698
1.0522150408841646,1.2745155572087261,0.5908234850821188,-1.9487703120922728,-0.6638753693148495
-0.5610022228301246,-0.5188522010452365,0.34114904734226675,0.010749134449545335,-1.189018399251648
-0.1838613393399362,2.2421755650663484,-1.0614699192702877,-0.07075182899782409,-1.2699319313542077
-0.1531642448805986,-0.828188957644958,0.4890752141892119,-0.8689763590367101,1.8387818847064392
0.17963490679879635,-0.4847161373547516,0.12064795458541644,0.08981021874953629,-1.2057921435668821
0.16465873062025554,1.2735517654434603,-1.261880447992907,0.5534188647946865,0.09280459949167257
0.802937745955442,0.23551430911864749,-0.790588111043965,0.3248354692082121,1.1112590711679189
0.2843005783709791,2.4125068913478716,-0.14928192959777586,0.43279519184255333,-0.8237445833021917
-1.2855036131184014,-1.0485835490605937,0.21469323013343553,0.6089340547735856,0.9748204678174608
0.7385836729248958,0.9631528035865569,-1.6288292655382386,0.7208966351891974,-0.3617566591924064
-0.20920190713345288,1.2071639121402413,-0.09098577928877147,0.3998546470480971,-0.10764963800915514
1.2260232339099617,0.10627644714636442,-1.7994637555123052,-1.8077399306323492,1.0913568651082204
0.8765424323564109,0.36110815228557025,0.9346120255542881,-0.03520209790621126,-0.6756652917219463
-0.3632962183073507,0.6326838778506181,1.0867319219566094,-1.210261048212939,2.2412328621487467
0.2869545495323455,1.2094314701104478,-0.29616373685513686,0.8590926614563491,1.0223225957391116
-1.2207478977018271,0.26951211619039456,-1.1099753796068386,-0.46330982778582247,2.713823005038624
1.4939342172162853,0.03304883477602416,-0.07441688698055748,-0.5311116206813771,0.8584671113519637
-0.24276416075780385,0.8081868568281744,-0.3965676362475171,-0.9042355938427296,-1.4211247708557795
0.6289263277960515,-1.1889024190858686,0.4211178272773816,1.3183196328087081,1.8945150847077226
-2.1431572379347315,-0.14096887806266775,1.2657060557179043,2.2241697443812036,-0.18415485795384046
-0.9787531561263719,-0.5931171434724692,1.5780233776133532,-2.7042798664361225,-0.08694545190329618
-0.5876534208394469,0.8941580850196404,-1.714245715392506,0.43029787485207416,-0.3229434620880949
0.10181001273278245,-0.3624309215838987,-0.37579129346341966,0.0491300114148633,0.012389113367289345
0.9308797372508049,-0.18804042222303594,1.6603593415848734,0.5555660982560348,-0.7229183639215302
-2.0180194065802826,-0.9723664551779295,-0.5186544143822998,-0.269572776430172,0.14341821047058692
1.1453227728001547,-0.33954545808354986,0.4857401968662638,1.0395969026418042,-0.44552142810300316
1.059766084207403,-0.5866285059466287,0.33211808619386946,-0.5290776679967789,-3.13496238011829
-1.508617925153369,1.1060203589842283,-1.1955634290340709,0.07216779425067783,0.21215990704049173
0.07228792804756723,0.10264059215274476,-0.5413212170631715,-0.24968252593822746,0.44309445048239565
-0.6931521190673958,1.3546184939833918,1.5649405735728932,1.1071143009148328,-0.9149659285684244
0.511403446957867,-0.5365538761476809,0.43050487658013137,0.2938439772620357,-0.5901250859270112
0.5298423216298265,1.4522277498378346,0.8261318056325468,-0.0813331907969473,-1.956463160466625
0.2898709547476305,-0.6308974568505357,1.5608073928901343,-1.231763292332954,-0.2617940421260766
2.23854068415716,-0.8145440640560858,1.8785027500296223,1.0901541820708769,-0.5811581880439718
0.22850059705660145,-0.7024993473143829,-0.36661883102754195,0.21552627029102814,0.6070873224859819
-0.3477027722211996,1.0854414117040803,0.367381132470786,2.2931081447570523,1.1783379725265968
-1.252041367812919,-0.7419310568825077,-1.845675129939278,-0.9841024589350721,0.7899686941857688
-0.8108359672829514,-1.0331982287513461,-0.9050446347467186,0.13568273293654406,-0.1029807127154975
-0.07938344311918966,-0.8240797913718035,-1.2001709547927784,0.5844133754708808,-0.19143915732305675
1.1901639795471055,0.480044259093331,-1.8548110192914962,1.6646815354211364,0.24018349230658093
0.6473730293679052,-0.004367013707707672,-0.6433527058122774,-0.1275269045958057,0.42772015030036564
0.24401274831007835,0.021424661830292385,0.6093260650138819,0.30855891967463683,-0.4519925509578315
0.6384729043758632,-0.2920541027047033,1.0711488204429063,-0.720866813071027,0.338829408535282
0.3640605811100869,-0.7292072832974971,1.3912115702389078,-0.6847639531817905,-0.3790469698183685
0.5469312020322573,1.1842710043622715,1.968888247484926,-0.3274283398611966,-0.7697154679026962
1.7311023571918542,1.2675351038810803,2.226827999779591,1.1095508163912535,0.011651903757409522
0.8992891435429461,0.6517406142251292,1.5671817142146793,-1.1231799533659717,0.03224329284948916
-0.41397061174542216,-0.563946267792966,0.3651252478619534,0.3450873513667691,0.17996569163125606
0.5110302312758142,2.0336988422847613,0.42478683038636783,0.0777029058400066,-0.7970165296938542
0.7931127473726274,0.32293180574978303,-0.7784362448431082,-0.5271051616435728,0.08123497099829398
0.19417568501346935,-0.10904403577222917,0.7137590724270735,-0.15547042771918076,0.35232329831042014
0.8304423060491901,-0.02061204238876587,-0.5062527285412871,-0.3755052556924975,1.1770671634905905
0.36923658734507303,-0.8979455355831877,-0.3745815650490901,-1.4012121118840233,-0.9822576936335999
1.584402692706639,-1.034019951193804,-0.17168315615928842,0.9468989031233861,1.4172636113951713
0.2218898868147603,-1.2789762894175778,0.06912742179067193,0.05814936646617655,0.10545225276933161
1.2866056747435175,-0.8753130377371174,0.3024469220473845,-1.7283535183582628,1.023624938823412
0.4450048550135754,0.48168187866763545,-0.12024794458354793,-2.924136379619175,1.863900857030099
-0.45754454657815735,-0.9414409395966659,-0.0156904266884034,0.7769955333636591,-0.2075290740595214
-0.044343801797815614,0.3669035020513519,-2.166220544867692,1.5971028339689985,-0.7504575650643612
-1.0505777538456127,-0.12564460246147915,-0.6573811679144285,2.0597288161306424,0.420970080140061
-0.8610047409626403,-0.02227372550279246,-1.2703472376960847,0.27912358477571664,-0.5906103122617161
-1.8436196901215693,-0.5466853499979257,2.9270733696067888,-0.6820848055475325,-0.48129313222621595
1.3049598946103875,0.4067571763306805,0.2939707165759584,1.0334834154123629,1.295954117359917
0.8195248317057802,0.7437365461019322,-0.33283173911481306,0.6296316717388003,-0.8119634735053177
-1.5311991581624707,-0.5253930707647392,0.4489987680889357,0.923007359798183,0.7030985576235772
-1.0708608012621845,-1.9607026588222798,0.4220533051598957,-0.46852650472304214,1.707711691207352
-0.5098383252361355,1.8952822985294462,0.5845722553489173,-0.3644857941430759,-1.404189135607075
1.3083911012248086,0.8059048738527824,-1.229263304107811,-0.9841188780023294,1.4046335891841335
-1.7946769492744736,-0.21009440970507476,1.1236124301036792,0.18176509678468458,-0.7805972209237315
0.8488774773035932,-0.30492089240864256,1.7430381562932542,1.4232942126582468,0.833244743736571
0.03420892379188848,0.5440222225683633,-0.3550007669162755,-2.568209746650417,0.744734949776034
0.2906286602899344,-0.6301387310019767,0.808721757714376,-0.28335224798912734,1.2519276943764166
-1.5265284732682627,-0.7801491529045774,-1.3859452111701989,-0.37734161932914173,0.8235116332173043
