-5.862688027875551,-28.60570224811349
-16.53260809870094,3.5699201284983912
-1.3883812425224464,-1.656100592260466
0.18957036077249334,2.7037827577908162
9.652081753009625,-12.26073248364185
23.76042904998243,27.224148717479345
-3.9575339155433635,5.284637545969549
7.985397864844442,-27.114796882929465
-23.11320489478143,-9.277476506467227
-19.200582108448618,33.16565538961554
4.5654519251866805,3.308726512553889
14.491946413646335,-0.3687248273114423
-2.155862109607474,-20.207027193300974
7.335959170389161,-11.248980934297736
12.188797102694366,-6.690304602850155
10.252964643564965,2.3517043832944236
-8.204896257072624,2.857809220097849
-22.402154884030494,1.4282820780303713
-0.4436338766114112,-2.186306597879784
-1.1323691559000846,8.490988532535122
-17.876259577523957,-11.294584738372324
0.42974064453027827,9.391501889283909
13.459009546830298,25.537619760878385
-6.683642849808223,-7.373892847112035
15.753954626196766,18.360638351966074
15.333076202286557,11.965016458850627
-13.437895653124766,11.996064381063857
-7.84293953519246,-0.5133115094898737
-9.375255810232513,2.967334253867934
-0.4225094024717784,13.855275859077757
-5.717889170284813,-14.242446073301451
27.649275150181044,8.332273898050106
-14.351345635355441,37.789500212917666
21.44189421737964,-10.648002738329616
-5.758624172142591,-0.35768365444580486
-5.977270713687605,2.404726067393754
-6.960553680095545,15.87158013315059
-3.544400821692868,29.340289007227025
3.693101053962704,5.753375267521145
-18.621886109542075,-15.224819711800524
9.183443584069114,-11.395627887801233
-5.176677602080186,9.680957042386638
14.148175875148258,9.203645290277056
18.761736011521215,16.808605584046088
-4.123160631050778,-2.0400457624262875
0.5832706772723473,-20.79657513998936
-33.605449915102554,0.948061554196288
13.309597571712157,-4.7077948527493785
0.8192362041435919,-1.8935545468100048
-20.33859709528049,-10.150330440551109
-0.03962395312519984,-4.119745059784934
18.840874691992255,-16.981726826612768
-23.354276512806855,16.88628152715755
-9.464813471710487,-13.158061876916387
-22.04287384726675,-18.413039456858204
-15.724796951718684,-19.557960865697574
-15.554533957605472,-2.442931836816351
-2.547785846478389,-10.554399328425086
-0.40404922104899654,-5.731463385728802
13.639723541812213,4.498084836472354
-11.680584809851096,9.74856539892481
-9.336474819509338,29.04710082201074
-19.295368748132027,14.352569591928516
-18.706955413266797,33.35562794628823
-21.601356646270585,-7.107801851027567
-3.1513876479706227,11.210205355214933
16.85622577502648,1.7234623021891808
-4.452410524269927,-5.37059806785383
-0.1743508596673191,-28.210190011386047
0.07463078553914393,27.588451697437762
5.850466424429917,-10.656995801862607
-7.114299754065696,15.956286755417938
-2.655099892156966,-6.60376052290271
8.46146472120737,-1.3080986880395176
-18.040839838957197,10.142790096886651
5.68523519712504,-11.153939958850327
-14.14949217917802,-0.9932112265884045
-14.0288599006745,-4.876751655008975
2.0964833079030347,4.306825835438275
-10.53769689164368,-27.669980282267016
14.59653636874017,0.171409362545748
4.3511303019647825,1.7577265345809905
18.40481441903246,11.651184104091195
-35.25199065717528,12.12831739927886
5.451413571935609,8.449614039627118
6.280062057041638,11.36476875257657
9.868065554493619,-11.08597396372441
-3.0413975583964925,-1.981159676138534
24.810214943869653,0.4047184741519563
-11.82659664387052,-20.749284952443872
-15.591080529954853,34.781534985197396
5.79851481479218,18.167391289658035
-10.927304620350348,-1.2338876661263392
-8.239175115845569,19.494547586214125
11.970967328358705,27.99676760531913
9.353604244387014,-0.8095142672680797
-5.713452511120103,-3.856921000301522
-4.391890667393282,-3.387863090054708
-6.228931365442325,-4.381050289223824
-11.071096868509496,17.63335614781449
