-2.1474059115026467,-0.9053766339042592,0.2268935254454143,0.5236364373241549,1.069013463529681
0.9645820262982686,-1.8565306418967542,-1.404625860459336,1.393752195523288,1.1450193051747157
0.5571275997239085,0.9809495237445893,0.88071177076424,0.2559838329734739,-0.7921007257774016
0.8449286498318335,-0.9246647572686488,-0.30334628514446504,-0.5914946486316215,0.42216832877894456
-0.7765559041395782,1.487688010990959,-1.8574567598261167,-0.49084644945982514,0.7878308794714386
-0.6751606335351071,0.5043438807702018,-1.9133650517569485,0.2837515722054548,-1.02198453417076
1.0808197987174266,1.033414457613783,-0.34872410844722695,0.40807842353648743,0.36970765304243625
-0.4783706772400863,0.45669854860617304,-0.1027244336448125,-1.1281069982078271,-1.1977301670301077
0.09146154959806335,-1.4739591883012197,-2.5503101846725214,-1.0354441958986995,-0.21519497964792592
1.097935983125431,-0.29680168308169624,1.2409827684177055,0.7914575725783782,-1.5858128610502997
1.1209522952865338,-1.1029977740934445,2.484301823321957,-0.7185237863976627,0.4032006222321123
0.5481424239939353,-0.14255944579065105,-1.543133702993469,-0.08162016341125887,-1.5111431848573675
0.2264967393905499,0.14134660277159522,1.2557502061549044,0.09260346232401476,0.38344127929267974
0.03015740678121007,0.7655082682697061,0.2825003260844674,0.7128262323833753,3.14094973127282
2.101142168532596,-1.5824972040566658,0.6776320116831311,-0.8035869039647321,0.45315051263858713
1.164635312834126,2.4213335655440082,1.1384298619963031,0.0017952066407443562,-0.14403763851950618
-0.2769918316469388,-0.26017677139432377,-0.19197707663965677,-1.074662188463771,2.1535433364337524
1.937909910255514,0.005167199661374815,-1.0214332811661195,-0.9770275205106977,1.4863488191612568
-0.2542518226040539,0.660430171239204,1.0626860375006926,-0.7651710320698063,1.2551079301655093
0.057110581970984564,0.7124739501388113,-0.5573887656547076,1.5794645184432532,-1.6132513171745273
0.12404607917874093,-0.9486622003099592,0.1119793520366716,-0.44987890635651506,-0.9341773413125131
1.122854121687199,0.7973362960355552,-0.1428796675072969,-0.8847437172578111,0.26807892662464133
-1.2344705050431273,0.14402421311409952,0.8142552181431844,-1.6165461971702153,1.3052334461414863
1.3538405195677217,0.678877173133636,-0.9244030152044166,0.23786355116592736,-0.6799704674633308
-0.3879411605346943,2.2680989507299265,1.1038470348175136,0.709772748519731,0.33512808160450913
-0.28753908104501713,-0.3600710620905043,0.06765568635783098,-0.6941977723769474,1.9576732395232503
-1.226065380674183,-0.7183830648997126,0.23326393002069915,-2.1674612698250146,0.6611705277607833
2.1453238607525233,-2.1248553802408683,-0.0755007359762472,1.289400546196304,-0.6765074886821492
1.018681239062961,-0.403752040337054,-1.3366178305667449,-1.1078216424332086,0.8094184033803664
-0.4481913596434357,0.34868174191604645,-0.518342203465001,-1.2326443156383668,-0.44215022666021186
1.2036905392959225,0.8974930405414193,-0.29810484687764727,0.5829278081601409,0.4683933356755533
-1.051943410030079,-2.5087359613220492,0.3523168274686256,-0.3663465747593474,0.9381655950509218
-2.1438053430893604,1.3505750035528306,-0.16241542299392808,0.13019478893536252,-0.7231182613361038
-2.2121559681738354,1.369708020625604,0.27458890005342973,0.8843141105340293,0.43484642095372245
0.631388309914361,0.8957201131424408,-0.3677909795465829,0.41677804448440126,-0.49360316571295787
-1.8432544848134327,-0.98673584871841,-0.45723264655271645,-1.6178289168539313,-0.8452812316626714
1.121996859525656,1.9689684094518218,0.4236938691466361,0.2933872755715656,0.1710196056910596
-0.23422479706536845,1.0098217106919762,0.43151671074100667,-1.2767894899307568,1.6547582644040484
-1.7613343822672658,0.7755539918327683,-0.3613511576900278,-0.22315687556559935,-0.24275385939380426
-1.2600783604038357,-0.7409970612256365,0.7839627333149409,0.3254136116272386,1.2156781578627565
-0.21901464294328973,1.585441433605694,0.05429708985104329,0.956028834362505,0.7055568350361687
1.3223350355730463,-0.8699507504048007,1.37990149683958,-0.48620208487412975,-1.516634399278625
0.8501058420757104,-1.3015968208833815,-1.13834551300366,0.7155017035052225,-1.6592216775052437
1.0865967804043046,-0.2969464662416886,-0.45410964727900516,1.422001364770851,0.023166809945318546
-0.3291242538066411,0.41734898817631005,-0.6844463731371487,0.2946215981051272,0.6218326201357836
0.6516013160333168,-0.6374618884725748,0.8694725870422141,-1.1248064270602967,-1.4344173976352927
-0.8680930343147643,0.4652664275742983,0.45767028429326495,0.03973491565969066,0.870302608530755
1.767084539950438,-0.009116198892989355,-0.45804355107566913,1.2722184226154085,-0.31387454085822775
1.0263870574964944,1.0293520315406606,2.770001139610752,-0.14543009527238004,1.2630519535631874
0.8868029219519847,1.1164975786629387,-1.4742403600456107,0.5646487379401645,-0.5551642562620026
1.531251509277463,1.137773395790749,0.9957986228156164,-0.052954755855249815,-0.3654000117554675
0.44363505635775224,1.4751343627887024,-1.1052759490774864,-0.38629391364506643,1.2366084875588013
0.28692700753732703,0.09977330266106099,-1.8131801952989366,-1.9681940407047374,0.3892795470948053
0.19736707514306515,0.6840264513093828,0.9422967502821897,-1.5501707997216103,-0.2888567602696201
-0.16641790908620138,0.2554991487122315,0.047064577444587495,-1.6697885640778918,-1.5383793131051566
-0.7152033420693596,-1.4630870121287052,1.537663209291032,-0.11444698066578274,-0.45777769412797725
1.9981527523322133,1.653212853332503,-2.5256131580882144,0.3478869831682228,-0.1661471526370259
0.3001624813585273,1.5519058900231948,1.3498647390235108,-0.5928099256966887,-0.6551436540697074
-2.884491265399242,-0.012553971058304858,1.0595340417545007,-0.0693323979568212,0.30450420895910546
-0.6420780770696981,0.31927818220419113,-1.0693085628417307,-0.024360368740306632,0.9623700415548507
-0.24304406238302317,0.6188343084711883,-1.8135654174197549,0.9588013576419041,0.1406358530402902
0.12438419499352411,-1.5159089861942812,0.4361314795584813,1.2795249828583073,0.6681406674554173
0.8267553740244993,-0.9975416718870729,0.29915890361689546,1.1884597761196563,-0.2624990187746627
-0.5286419107485691,-1.5902305789108893,0.1331677831397263,0.5740632868002378,-0.6271044340816442
-0.13408525102565816,-1.0226565311521065,-0.025780465251678656,-0.16588644216620027,-0.5139664985684808
-0.5361814253583744,0.6891185046680967,1.044577454681734,-1.7103232413484668,-1.299265871557775
-0.06681879166644705,-0.5422385909904434,0.513911769527596,-0.2654044498014269,0.24920063166914228
0.5302926978954786,1.7261644269419723,1.2368607139267085,-1.13166248769795,-1.8665415415843387
-1.7999395344094788,-0.5534516230858926,0.9606685570793636,1.0762745038354096,-0.47392351676661737
0.71739177054741,-0.5069195728631909,-0.8488640022478565,-0.15344600300003017,0.7822059729734013
-1.2725231021957413,-0.40310609319589735,-0.5127674910786899,-0.028070837361085742,0.2236930849881044
0.09504186965589403,1.068026040414578,-0.21370963395160758,0.17706792237782157,0.517998610060723
-0.5775199716534589,-0.9578117167732395,-0.282293380104489,0.551033132642164,0.6095196767453164
0.3003191352886453,-0.30140134800138807,0.2946678878019245,-0.306375285231702,1.1379306760190937
-2.925682309764973,-0.9610193839672208,-0.35680141226865075,-0.5377526843903496,-1.4815490004027931
0.10684056783194337,1.2162391876648826,0.2714875815301104,0.6984090984759438,1.3948696783821315
-0.11222105826383062,0.7881674367493542,1.0884217238765561,-0.8485820750863285,-0.4354515332312622
-0.31721156835130193,0.4907470581914471,1.8298247488078394,0.06669181164986179,-0.41693620848160184
0.7462023395213853,-0.9414181844397032,-0.9774884282690718,1.5788855850814323,0.560924266064559
0.6327382013284941,-0.3239339718989198,0.540613704468265,-0.33965848385590336,-1.0182105551439955
0.1984872234469599,-1.669354904507665,-1.6941806628264697,0.8399172186888861,-0.4088311216640359
-0.7703212497814155,-0.1768560415978814,-0.028740960206670812,0.40675254974222835,0.24803385558301616
0.267691971175716,-0.2909686675771397,-1.6303347330882758,1.6173791446897574,1.0605263396581468
1.47056598560576,-0.09836581538824454,0.9193940138438038,-0.20836689655745227,-0.9017930044645759
-1.685821007407373,-0.07688288256767498,2.4247849464913434,1.1431356922135507,1.10760887691029
1.5161710773055588,-0.8833205301946429,1.785971941778902,-0.40584988327913823,0.13409944224924072
0.1269095133380699,0.5974149559068926,-0.5251470985842568,0.544609053563605,-0.7541191196468116
-1.6723109981590873,-1.3844568911930033,-1.9138194353257092,-0.4641134262515724,-0.16324871321219608
0.9864830092475074,-0.119478355653915,-1.4891850496145695,-0.5240198007304704,-0.4070323171468339
0.32922519078142864,0.9782547090120081,0.15520444641462056,-0.5433674958109789,-0.6297076680617353
-0.23235962247461361,-0.4957044013885833,-1.1449562267470295,-1.0118353137866731,0.052843345174435535
-0.28229473239701414,-1.0006900834968333,0.08892519217502808,-0.5971005030682329,-0.9245352220477271
0.32338813309357617,-0.17734624226487647,-0.8319182736196374,-1.8682223678744057,-1.4890940445696392
-1.0016982912432102,0.6493707236063284,-1.3123394965739725,1.5307566718302308,-0.4860956181091187
-0.882110336860341,0.06158670738535448,-0.7779255899371219,-0.20287544208535505,-0.6956974634563591
-1.5993282332400118,1.1291379020500805,-1.6940293325062359,1.1206052513806712,-0.04628330556241321
0.6231241441199497,-1.4327400870857754,-0.4479338577101992,1.2343024113501857,-1.2505383015999214
-0.00431162971379502,-0.7438169642222162,1.9963649671116903,-0.5575329680308322,1.864986189340152
0.6307674743221559,-1.3990694527196097,-0.7333923589793896,-0.26119856341557796,1.0960099717698588
-0.1380018185047479,-1.116399335597569,-0.8664384774806844,0.3238486413272419,-0.8547647020613317
1.4666030960864038,-0.12315138133572795,0.2666296316401607,0.5161842813782793,0.13131833652294053
2.6003365095667053,-0.5505561333691913,2.0904699836923877,-0.038939683734875455,0.5836729393167799
1.4269888478625021,-0.28624245887845584,0.5517588863085574,0.5854513174168818,-0.7389699200131377
-1.6217065915445887,-1.4850582231868483,0.6164348072078811,-1.953533573625085,-1.0190002766970294
0.1582324980117437,0.4135809672725255,-1.154218796155012,1.1580570571546978,0.040004810886273785
-1.0390547741340164,0.6320683802777715,-0.13746957535321336,0.6708060171744471,0.16579670374282632
0.24281470214611056,-0.3802249379120689,1.103404627622322,-0.21095432045337,1.3080652334013767
1.326108186466053,-0.7240723836142939,0.3950233571669192,-1.1282041373533842,-0.35310085906415734
0.43453720838622406,0.8343437173501173,0.5195634258070174,-0.8436037282459905,0.025116605433413267
-0.9606784607235453,-2.0166439842700825,0.9642219740250485,0.387351687564309,-0.438303817664266
0.7238486493958118,-0.6371779909415634,0.05834756528399733,0.07537522680309831,-1.7677822565082373
-0.15240406527059835,-0.7301310644254014,-0.2619793203089894,-1.154665514325607,-1.591872450510677
-0.7027521971653471,-0.7683635273723627,0.937322081843903,-0.7492389502900961,-0.19691394644161592
-0.0613478520203928,-1.1687330984067752,0.3859874812374638,-0.801842378851136,-0.4132523613972318
0.35741881856581037,0.1714879722324312,-1.0129872842987455,0.2557461180031285,1.4849061997172281
2.407274942586156,-1.2546064537804746,0.23150294729237314,0.3460658206253808,-0.06611162561901378
-0.1403260133179558,0.4229484091334806,0.940755901855658,-0.20184023012358637,0.7760408377206558
0.3704651752619611,1.348100272309079,-0.9958523347762275,-0.7819632190966225,-1.757172046275873
-1.0448153958833089,-0.42328565520118555,0.2186683116007888,-0.1727226710021087,0.2875959397986875
0.03931568835975908,0.5939268529032595,0.5819912175551863,0.5320257900777579,1.3013605869419917
-0.7293482842424176,-0.48288785092012737,1.3379526311554129,0.388623609706395,1.123687156232295
0.5974137618129476,-0.07022513125144654,0.6674553950622953,-0.9616381713792614,-0.09399482474985496
-0.11717285423044375,0.39185337243229645,1.1936947007768426,0.6777509313340451,-1.0445682383184804
0.5484829938888873,0.6104570360521169,-0.16577438658924026,-0.9064875877215425,-1.8385742525243864
1.429665294614388,-0.12608017691239698,-1.484891081592789,-0.09927125139331644,-0.09637184690930149
0.420008331191241,0.03499153781490357,-0.13308394870201284,1.3098356974610528,-1.3753963436364338
-0.6956589124516016,1.2119887926846271,0.3734989223821135,2.174237069451509,0.16447972358362498
-0.7165760258143808,0.3463787139641379,0.8630931229750413,0.9463526084332975,-1.2321076297892246
-0.8953776840835813,-0.25840994756046426,0.7388540486017183,0.46093364386958663,-0.870223563071561
0.9205587559040661,-1.028529835810115,-0.4535598126793374,-0.9685857967360113,-0.25601619228332184
0.3070274287126625,-1.042540112193595,-1.2798348874624261,1.0362379585904726,-0.4616026724669036
0.22188194310737036,1.0058796074027054,1.0536036026726097,1.9094627789975651,-0.14012193672252554
-0.4052122161455319,0.3148927117738275,1.0350790133573555,-0.585754297213707,0.8997939251267474
-0.24155180644320404,-0.19033001115550383,-0.9487597731264462,-1.4407046032947703,0.7881861921147182
2.4298663011598203,-0.6860831512647714,0.7026263785054283,0.25771511443605744,-0.7321415801602421
-1.4443497592097738,1.2077175210756677,1.4255624237821158,0.5314334563041859,-0.013820402063074307
0.40196099309036615,2.0574406828682594,-0.7493537531027366,0.24046819870073274,1.3609581225650975
-0.6723093692355195,1.348504372219396,-1.52681477477403,1.277692469011147,1.6172624324952343
-0.20579152023270156,0.4864784057923252,-0.18246695102691385,-0.32418207867981663,-1.03958043835196
-0.911242977449678,0.8852828771185709,1.7635911067857242,0.6134557856827532,0.42134066366441464
0.6949597004704868,-0.45587465174214953,0.9005497901045733,0.6523119940303181,1.0006769993580702
0.14295704917251253,-0.2978277602558569,0.9069448455494454,0.114319189627854,1.2529533526354917
-2.3757186595533972,0.20808128565576745,-0.6355894161790062,-0.3476474854410755,0.2750507768545239
2.572555520386995,0.6580972750889528,0.6930636287190006,0.29056440690042035,0.25184055404412453
-0.019543596514913487,-1.5033185908569657,-0.5849428333045832,-0.6100994698750651,0.7969823071856822
1.6693552575931836,0.4500477031045201,-0.22302104409500598,-0.1380782809558623,0.6042808803814882
-1.8663733732097687,-0.1617667935034979,-0.051608153742388134,1.0323447537800174,0.5319251303957374
-0.7655892170451982,-0.606030230368171,-0.050505027855068045,1.5697050317954564,-0.1803299308333307
-0.8312390472509995,-0.41971738202369346,1.0422628731846517,-0.724285992745875,0.2627996677607876
0.9013743910228382,0.6028828970017518,1.2794106669479361,0.681475099211295,0.7274262639357142
1.1868232092501758,-1.158905721516025,0.5597468256173315,0.55056175000746,0.5926322101572772
0.271752903983265,-0.8424627683620936,-0.17624545189768115,-0.620230452378845,1.4660372495855416
-0.17641505307899188,0.9541307525193793,-0.6612912302604931,-0.9675080674053607,0.9236064055576493
-2.547477637059569,-1.144539317569655,1.0485434733660433,1.0884793826998858,-2.0397622755831506
-0.38613063747002896,-0.5542900905617951,-2.318966820870546,-0.10770005082137053,-0.9285394966351022
-1.1080405348196458,-0.7276325912509559,0.826152197287221,-0.5754983775827152,0.2629947865353537
0.6141062027940695,0.8318416181197726,-0.23191805918941927,0.4025474777709315,0.8893463159093463
-0.6919436057673384,-1.2032262874428057,-1.4549563210004133,0.4389071417444494,-0.34794960267185204
1.3864167460839851,0.33635597413322926,-0.6437502497039341,-0.7264080961301914,-0.9459290901318546
0.015936143289702564,-0.2359983027407986,0.631336923233056,-1.4434701283511229,0.5870693809365435
0.7840631758622599,-0.13960556677085323,-0.4512742012941656,-1.1235099069647878,-1.7015781481913241
0.8328685173671366,-0.6341276244617434,-0.327490576632524,-0.8010307504781816,-0.09864300792365245
-0.6200854624725936,-0.47425347478017554,-0.7612236340520951,-1.9098439351517584,1.956325823584304
-0.15496609753981574,-0.3943796367129129,-0.006571964982432752,-1.909510630539661,-2.2527409300991152
-1.3333123187361333,1.339851859035074,0.2467195300114424,-0.4558066143883129,0.40848048019572364
-0.19592768915053124,0.8646080486204,-0.6918449733241805,-0.9014693310843946,-0.6013169980410984
-0.2254273196753903,-0.3551504593534923,-0.18068416395562104,-1.696930953076522,-1.7879060813816292
-0.025360405618451685,-0.17542448281887,1.6459993084641935,0.2743541411119256,-1.6626165931225643
-0.34494872331352766,-1.1985606472422783,0.034987661450567004,0.6888655486014443,-1.5626622801077716
-2.5598511515080884,-1.6589126785805912,-1.5683116171714686,0.678168442501247,-1.1644802790578617
-0.611339150076017,-0.9867129786512968,-1.4297699145555514,-0.07448880460209671,0.03180512786097525
-0.4983085107694069,-1.721973357920618,0.5197556265049436,-1.1647235916172416,0.31459576962979396
0.23637141444817497,-0.7896303991731815,0.0854623737699479,-0.20504594873294818,-1.0609973187809199
-0.5830162533684988,0.8110929737484638,0.521376875610515,-1.1065974658488391,-0.6105503246052778
2.0918104359455123,0.27001529534566426,-0.3330029053389582,-0.610930796380934,0.23537058537021793
-0.20606664173551073,1.3241935796029412,1.8986036797168462,0.35008666310759484,-0.41324003763551087
-0.1536488209552997,-2.2354077647389254,-1.0736963961261692,-2.3790980574167113,1.5612494761350044
1.252468680646001,0.2641612917213106,0.6667922073238413,-0.1040434249035426,0.5955538456936538
0.08076055131861645,-0.7898567333956492,-1.0801050525358835,-0.30670571900176524,0.12489980931483485
-0.677906614174852,-1.4567252079307034,-0.29845750870066184,-1.3047391369407264,-1.9017794483269161
-0.20784216691648003,0.14690102233147023,-0.7545938147522565,-0.05670546475150221,0.3012155339433971
-2.000765715280879,-0.8384098181672356,-0.7713477142809897,1.0780343392512697,0.11748252951457935
-1.2751487166643782,-0.5920836727956797,-0.08605130507337193,-0.3496221975782552,-0.5073348033574041
0.4741948942652627,-0.5432475098384039,-1.885880955267182,-0.5223597607277054,-0.15895871944335535
-0.6570289671842956,1.882513155150319,-0.9430996823133732,-1.7573453772627747,0.869656707630555
0.3163371675425454,1.3811659653175459,0.015377398019499488,-2.6743225407955733,0.2734941601381028
0.4081111716325709,-2.362280771799141,0.963056942977807,-0.21977000370088715,-0.462986614266431
1.4691662860584358,-0.22734933073444663,1.9932721605438173,0.5775930474298862,-0.5949893609926192
-0.6268170805704418,1.07662080563358,0.10565256321018231,-0.33111756839167755,-0.9084137398681131
-0.5348935034817249,-0.40211576417948575,-0.683737650367233,-0.38902894326459764,0.03481626683864257
1.1229668594684596,0.03229243034762688,1.6449537392580622,-0.8936114889922032,0.927110084919757
0.07164499544919384,1.3075325558433843,-1.3876276998530952,-3.4870478821465447,0.15727838763324176
1.203014844861447,-1.2395206519832656,-1.132539738333369,0.8906474270727414,0.5186632111071168
0.27774590717877445,0.2987226111618606,1.3624788843429092,1.8408880833658547,0.752900280302343
0.23316780386265254,0.40959267476891875,0.28744695935723674,-0.302957870202051,0.806833112277998
-0.22158911398037207,1.0996594100365304,-0.39148214721204405,-3.273766046786508,2.4764894067127368
0.33590669698325426,-0.17538769185505262,-0.7575281664640263,1.4314977282012022,1.8468251600010814
0.3619251456298089,1.0803011977714951,-0.18023403891866652,0.3807445896073428,0.5855552444831738
-1.5672621645329117,2.0173207383642295,1.3823990786825435,0.9236273989562487,-0.3700406133334636
1.086920724972908,-0.15222928861655283,-0.877275910466712,0.7761904248167093,-1.294446275671276
-1.1044430557461324,-0.5210528712451311,0.6975549890920286,1.0799422528958558,-0.5407741095984617
0.07910854620994984,-0.16293865801361943,1.1913003985363617,1.4116576793894675,1.2666396463946574
-0.4214935487202365,0.3301967756257843,-2.0202491794081294,1.5997039451043447,-0.26346232801087144
-0.052126790788827176,1.7753066065522876,0.06961945837526368,-0.4689622971748308,-0.7609884224239969
-0.21693654891196706,1.8833766640671257,0.2893211335760787,-0.42139940771508605,0.5298172913917099
1.9970406578099036,-1.1162283378716187,-0.21852986646105604,0.6297214291184946,0.6241880045025238
0.4845825477181379,-0.08914148539617395,0.655689478214427,0.5530909926069129,0.01845704711520811
1.0045108644063154,-0.7344462213289815,-0.6701197785094947,-0.3128781749472756,1.6350834032514932
0.967628909836852,3.152829728916972,0.610233836462667,-0.1717173348086784,-0.1906170213985114
-0.5433821429699714,0.41400881896005837,-2.306604231758743,-1.4623773328146636,0.6365984356035205
0.14026654004887726,-0.38514075533526737,0.6311744326698133,1.192707588671604,-0.9927125478213109
0.6489441945084219,-0.8108963171230937,1.980151221308453,-0.6687640260429004,0.14968076725578525
0.7904603783211066,-0.9469849212430379,-2.074324270602244,1.670130617699559,-0.2526036784273404
0.6217357859287586,0.6924920589838277,0.24416045629319486,-1.0464126118511974,-1.6521589699616424
-1.9550109535897933,0.7814195742649102,0.22539397652125817,0.3815035635529418,-0.12341630601210138
-0.34619989205468327,-1.9984994712177684,-0.3020366217291489,-0.4908778134135771,-0.4279284776552199
-0.3764379645434735,-0.24311841200447265,0.9193215661025383,-0.10097621165938238,1.8208634761590772
-0.9180408487491487,-1.0164777228862862,-0.7289195132480384,-0.7765476229902932,-0.623005719850243
-0.6914303068464841,-0.9491849640111752,-0.05842532487863553,-1.7015882461954115,0.8547224732389658
1.1881215771515672,-0.4878866123606375,1.9144473598144478,0.25761289300904205,0.27212550867052704
0.368909851105484,-0.6608372532047286,2.720396518932924,0.7322789737141048,-0.787168406226034
1.2100181213403647,0.2963620143742698,0.21817640978054223,-1.6725863044926794,-0.7887763058016863
-0.07514345532407055,0.06841604673264487,0.608780470614739,2.3591311427292907,0.7989094654495597
-1.0559242010292762,1.4740868941138898,-1.3003083291801556,0.4234046838363991,0.3795589196676595
0.21706255366547914,-0.9514496279883974,1.6435752844457996,0.39174882081281337,-0.43468137402269663
0.26691019775081554,-1.2409870362678568,0.45626002797412,-1.7834029537778608,-0.8437939982389229
-1.0780697582997012,-1.15758935634885,-0.27851107951397164,0.1139112752705781,-1.4054090840455167
-1.0829599803940892,1.3326050593804823,2.033658734398049,0.15156965790327778,0.9513450625125213
-1.14003071272212,-0.36817492556958764,-0.8672923511856733,0.1418350059687971,-1.1969362921860762
-1.0684520974086424,-0.17392219556714053,0.7544239432118128,-0.620057728130693,-1.0780519016396062
0.778383145376674,0.47648743286840656,-0.9918047590549649,-0.7374161058684386,-2.025451033531962
-0.49486756947506794,-0.1113908831791646,-0.9071868909556877,-0.7160367045425168,-0.4761623054294689
-0.13464575072451535,0.007903387828656981,-1.207959774849195,1.4754703391275388,2.887980614905649
0.5998871114608337,-0.5747513266573768,-2.071410005077221,-0.9805717388088532,0.042792339125974806
0.9572582543146971,-0.7681588918164286,0.33927897308448196,0.9122923651597528,0.37665820897785707
0.7129646155431106,0.9690059198150897,-1.5202157852860154,0.9300780152832908,0.6592643430781691
-0.04100153832744043,-0.2697712447679273,0.14915092156167356,-0.04286229295939407,-0.40616571095154097
0.7918697892722816,0.32007280664510185,-1.3949616855149634,-0.893110340896641,-0.844875570433734
-0.5753101656696306,-0.7022995498431482,-2.5292983523700925,0.2108223120559416,0.4329863863250866
0.136989571914999,-1.1367505041748558,-0.30332766856645255,0.9109025557638277,1.6463842796877841
0.42097516544465646,0.3901928987877311,-0.03996626806656233,0.44158670826880986,0.8457558561219436
-1.895409204102568,1.1020854686268386,-0.8452531032925811,1.940035873492228,0.04782095764615647
-0.9549056340994881,-0.8451388068427806,-0.2867451348471927,0.6828845613042003,0.3572997801684569
1.4264479293706998,0.3719694594788423,-0.5976069522111174,0.22506945199483885,1.0399511614661858
-1.938615965374613,0.1495637531582932,-0.009499722920398945,-0.025503247353823446,-0.9675612764005487
-0.8923692687237443,1.2086483195414415,0.0667086855078326,-0.05460091253295249,0.5582172811714692
-0.33726843318447564,0.5155837910777169,1.8125603006979758,-0.23909577644074598,1.111948811696931
0.11832426333308593,0.47803088404872945,1.4814946118458474,1.9215807958882625,-0.6961013246758397
1.0828691070927874,-0.06612766101362177,-1.250776862995404,-0.2784092021352183,0.3288592620599609
-2.4094701448696463,-1.0212940309875147,0.8683218974697494,1.189204785429591,1.1228146104335233
1.2582611120357539,1.8692118618120857,0.3739313548537822,-0.4189571174486044,0.4432824204430814
0.5810995835594057,-0.840870385954805,0.2898866136642966,0.849815678651529,0.40188248122663617
0.5877008916657696,1.172572474272859,-0.6004542081576062,-2.981861725225863,0.660455536045652
1.2042089236251647,-0.46941277338256276,-0.23432668870069714,-1.7396711860125282,-0.8493849704242556
1.5614520182834157,-0.36879152017125344,-0.4149412401635634,0.4657814760227416,0.10963527798921517
-0.25873154640961615,-0.4811828545511623,1.8029203042632476,-2.5827138740646425,-0.5383547808449379
0.7790431395745071,1.0328315331176825,0.21241707828245482,-1.6143850356383587,-1.4143081702766682
-1.2125361842188038,-0.7030834040481276,-0.04598875082944732,-2.8139660110199403,-0.4684663468891993
0.2770354212241568,-0.20097057933760487,0.5277624437239087,0.07748267410074727,0.48531265318162414
0.8165478392601092,1.7480922209801961,2.2968182488190263,1.3698582770363454,-0.15056793843297694
0.21420740555597567,-0.03693787444924638,0.7335703812776432,1.4324026946930375,-1.9311789950672074
1.3974674272575587,0.05774759556567801,2.1902114715668257,-0.6367556271690699,-0.09540206772425171
-0.0018909859939655411,-1.0105470811408692,-0.6535209478532522,-1.9379908557244427,-1.0930829699035245
1.4874428326063205,0.7200255368615202,0.016931204576811812,0.5664013665857595,-0.6723255701273892
-0.46654814603284295,-0.25420962974215816,-0.3843030120386393,-1.1740689895276255,-0.4804524817629806
0.7690533920851824,-0.3730900000820373,1.144378425649989,0.5981578801318709,-0.17997638140722952
0.7856695563218367,-0.9020978300825514,-1.151115195400599,0.06990310897788662,1.5053476601632199
-2.1210929999431376,1.2277869783364197,-0.479168557749218,0.2508012897839924,0.22658639363738275
-0.5624174089899697,0.5547385240948746,-0.10423598071225704,-1.3809249124394771,0.05392258408495291
-1.4500432125810372,0.7954007427956115,-0.6769211878083892,0.19821434572240976,1.229410342991549
-0.084330701985238,-0.6781189828844526,-0.3689524994432854,-0.317305292027108,0.7724413249551478
1.560860339339308,-1.6063385002195076,0.1301558001065853,0.4855264253208173,1.723573471200562
0.20347898078424004,-1.0629612841513605,0.3189448147383687,0.5362085761802171,-0.921670671345594
-0.15527134217439162,-0.41760913585216436,0.2702412521544852,-0.047376118960268006,-0.4238020049789257
-0.7187903643659304,0.9338731034636725,0.17280201512223353,-2.3049968858188437,0.16120280504019968
-1.0783050561294905,-1.5371767043633207,2.3936866896604854,0.9601902159956649,-2.3801307006709296
-0.1720837589668036,-0.11706402597847898,-0.322116624521439,-0.2169293514043853,-1.5314524366264244
0.39433134379887474,-0.4868435333354852,-1.0775679935594553,0.9777837625494574,-1.6695041830044295
-0.5002825798757553,0.5107010730264397,-0.6997620234995362,1.4374773025626555,1.355395742367273
0.36026095929967233,-1.3966305013384517,-0.38992674628607693,0.9633563784955302,-0.929694275410571
-1.1748825389405748,-1.4202788637008905,0.8274603194109553,-0.6194243468979589,-0.3194193546361201
1.3357540089790256,1.339020033482064,0.49585723482679656,-1.0877354042243326,-1.3746188878669943
0.5376193002044248,-2.061600272191375,0.9482590223682595,-1.1768730567288892,-0.2372432131419124
-0.44841777330339216,-0.5288718508612941,0.4400039416897158,-1.1615737436324005,-0.18661361786561093
0.9097978110541153,-0.3566776282630497,0.24089619787271774,-0.2199402927363882,1.907989725162867
1.66561696933288,0.7212146177731019,-0.42958140411119083,0.3001307037437252,-0.2643271362602461
1.4843706690323666,0.3589385748847185,0.28823268637434657,-1.569855437422435,-0.5347892111505482
0.584387961638022,2.2281232452017643,-0.6612422332091134,0.23784332325169175,0.6679534714259291
-0.10703037551907858,0.10894934465812602,0.7389018185218529,0.7087489403987126,0.7746510337576737
-0.04027948032864124,1.6351400122700444,0.6146253097793501,0.08752376831888659,1.4542617026832978
0.3506902659163734,1.3046581833939845,0.11925654254788583,-0.7633865423270879,1.2189694472604435
-0.9336416287964523,0.8027380047123162,-0.7288177944384656,0.13536412194741218,-0.15758777765287052
-0.9281251896209044,1.3913611995840587,-0.12609309212308845,0.03512875676404352,0.8040841272309412
0.3977238890379535,0.989298418641552,-0.5033204081091962,-0.5326151323366924,1.6854636793580222
-0.34035516296625673,0.24040573249755318,-1.2180653085927289,0.31488861014424946,1.422057230754732
-0.7277694769581597,0.4508582613974924,0.7034806430951399,0.10830589431635002,-0.6063285590648568
-0.8218905078255925,1.199380531053818,-0.5029406378151242,-0.3840105197026158,-0.07902349354561633
0.4511606002856454,0.04802393144129185,0.7600881007202839,-0.09101234151489192,-0.7505876523763515
-0.1624258090175444,-0.8855222519778693,-2.0027737506381063,1.214759121681673,1.0053184635188446
-0.9784147809239004,-1.5432932598461135,-0.24235847107957892,-0.6835215094252556,0.11804507713565215
0.6044040078622789,-1.0169638199673907,0.6151227519365747,0.41435469287386156,-1.5103737027896924
-1.2502463032609321,0.13227205446167475,-0.6221018930864812,-0.38958508172751966,0.33220700908455775
-0.8433342669866273,1.2093757060124173,-0.9491872848362695,1.105864215876474,0.6661138151412083
0.8343216355586944,2.0427391113531113,-0.5917859902919991,-0.20968870404513443,-1.918830142824704
-0.11762645585560019,-1.1175101524977165,0.2720693750235991,0.5011547381981515,-0.7058909254795951
-0.9940972381559288,-0.9054975647389143,1.0174065852312129,-0.5481320337031352,-0.4319730099764916
0.1497306627638642,-0.9824397912691019,0.8562086320588497,-0.05642798847991626,-0.1667487769644993
-1.2937431638972803,0.19706009549572795,0.7275111793470329,-0.17417556802423023,1.2284770785071006
-1.3466927222361098,-0.35807964231570016,-0.6721715390834443,0.06075426476375969,0.10584214634287938
1.3861874307936681,0.14170995435349223,0.8960253591748137,-0.7876889995135086,0.2524881616225918
-1.2026737499830886,0.1461440433998929,-0.9761117661471221,1.026657812089811,-1.2862439548134983
0.5773133094807562,0.45435040927153153,0.3467502899418073,0.37423906614736346,0.1434768432462633
-1.2739199060698012,-0.5775922876389432,-0.10140278965140365,1.1206689794320905,0.8790161347074539
0.07624095864691822,-0.506266802465225,0.1505463502716606,-0.8877234102345701,-0.3893680088049369
1.4524933875416268,-0.5826787757494288,-0.5418050028975634,-0.7137441716268557,1.0088389083535034
0.2974905998858765,-0.05056477568491055,1.7905984926919767,-0.07557221150228799,1.286573974040118
-1.0851552814032048,1.3173465791552659,-0.35568411895573737,-0.2734657097765301,0.08884823825245776
-1.677572872313331,1.5989591035510005,1.341844063890695,0.419070698521955,0.41070685771442295
0.38846875894776617,-0.2273895611991432,0.3016919225971671,0.07415802059921482,0.6201821538522908
1.2921292530079547,0.24254537416702465,-0.4669372677268792,0.11351862797520741,0.017825259207169538
1.4543633490657364,0.20688212869157913,0.5522128306948291,0.35428201467921405,-0.9296815919364853
0.9989774182367277,0.041686743917786866,0.10939279401978273,-0.44129814553979463,1.192857900425807
0.3409433897145602,0.35672176799173677,-0.9006722860453236,-0.20957948268216312,-2.0340464785597736
0.9406797934666723,-1.0232661897616913,-0.09618932719576796,1.046762120294746,0.23651932862357675
1.268195953505902,-0.4638344760543984,-0.5147298402865162,1.5010491740481462,0.3651408716163282
-0.7421163682282995,-1.6530209335219712,0.37287894305969316,0.8939565406374657,-0.7186161001103135
-1.065749540207036,-1.3232169800745919,-0.3817400137613448,2.225393340545259,-0.05525223822389174
-0.3603145918915386,-0.038940307238608196,-1.7506663835345426,1.3834339242741043,2.3618346481369397
-0.09723806398772454,1.2389275418090313,-2.378678329823697,0.0020104458390200323,1.5723106517176917
0.18573598072220335,-1.023266834384662,-0.7293324001752474,-0.041034377705959586,0.8560013300986595
-2.099691871547834,-0.14409130991879707,-0.35616688479987163,0.9439920250222129,-1.9749304416355735
-1.4264938156396598,0.2617707620702737,-0.6896306350428912,0.32757419423862116,-1.719960466247955
0.33161145052258817,-0.9688304175784253,-1.8436742512453914,0.02943313661952402,1.5123277226707728
1.0460053227279464,1.2823439031255424,-0.38004155947008716,0.1606524394832848,0.6426396611846192
-0.22289179719027397,-2.316459077744938,-1.3154993607256962,-0.3827856656895215,2.525329370838808
-0.5124571670900602,-1.811488393921938,0.5714768391886487,1.380195182265067,-0.23978360535533866
1.2681736334263545,-0.5089721498515491,0.01859836931542801,0.0757091629851129,0.40056550622709736
-0.27305937248480194,0.508903452428477,0.6106831048860695,0.23275902750474783,1.1604497318903133
-1.0308457797774717,-1.338986720376453,0.1679274429994973,-0.0804774047144983,-0.7663225597265813
-2.4112239718430715,0.3047121013831605,-1.2832145980640695,-0.9288525761469757,0.5865159537438582
0.6444682887266985,-0.14230768086277207,-0.22162226973466995,0.4389103671236082,-0.7738313193509448
-0.30113439795645,2.1363027809560413,-1.1136710336473208,0.4376228915982481,-0.16349582594002035
1.8613427444630797,1.5090223131640903,1.8548378047554954,0.7271618983999018,-0.15366974309637957
-0.8520399433187651,-1.3320283843788212,0.73797780807456,-1.1089269665248735,-1.1035061122921874
0.330861268196396,0.38786155552533014,0.618308722725283,-0.2847947360658481,-0.03244794109846212
0.6192611934480728,1.5712474657189872,0.5499807560989696,-0.5209397668713768,-1.4531080917106067
-0.6343569762098361,0.5139087071866831,0.49959706924850794,-1.7321749247191884,-0.40533896334330666
-1.3603960820837822,1.9123633888578138,-1.1146916978725774,-0.1769816040909459,-0.05128479386369304
-1.3329817598039129,-0.09305222814749464,-0.5713821165545755,-0.9928003231760628,-0.573883143737352
0.3215817650557057,1.0581604830358804,2.0572471899792055,-0.4587484129464901,0.6678158721861981
-0.3884829726854151,-0.9743145151630747,0.0022421285773424476,0.008052618587788456,-2.1119407000365866
0.7088521681316646,0.5524021593367775,0.8823020687913325,0.5417996039669642,-0.7791856357316482
-0.2594339878176481,0.3064066511110818,-0.7813783860351003,0.7490946957469911,0.6143257017710468
-2.154099752438627,0.4369690841360916,0.21574692840313228,-0.9503759643400356,-0.08635271045181694
0.22777904155279285,0.6131222415542188,0.16980645055716845,-1.6521047243920566,-0.9363536043538336
0.8725561741525097,-0.436489200639592,1.2907698357482547,-0.17830749914055602,1.1931917488513786
-0.6891449466839158,-1.213585114938363,0.6233889193429503,0.6174983155294654,-0.4245258655594369
0.21851366724487079,0.4862314083992643,-0.6052505025493179,-0.45173658345653794,-0.8069479286460477
1.199548948685985,0.16697913880107917,-0.34338857182640475,-0.3064202339748413,-0.5709236211739909
-0.6843024035354767,-0.14636151922317336,-0.871565919369368,0.3439423116163594,0.7195386388527665
0.6849567088483495,-0.1820565910429139,0.026216320563087505,0.7992110102823968,-0.32904134150109465
0.8243889281763576,0.3108925687800908,1.279868808830342,1.9462597241368342,1.0593031643314592
-0.7963448353649808,-0.5895289359403797,-1.0153106301790986,0.6146775557355759,1.1048664868313136
-0.7827609068768688,-0.427183294334756,-0.9041431680792947,0.3495729595035327,0.5773406818807567
-0.2423596675667997,-1.3176606413750567,-0.5310011616591778,0.43947004148855723,-0.38989839542495613
-0.8378451482361962,0.35182984474146467,0.3165685602899263,0.885865857125429,1.0210124409227301
0.3686727000333534,-0.40915762265494876,0.3372226004895353,0.03923910497532082,0.5142524441148469
-0.3661239524585358,-1.564434452585891,0.1141184218693018,-0.059446337583768466,0.854879603610089
0.718377516379821,1.8416965130556602,0.22543951018856004,0.8333868844880542,-0.7748867958978722
0.26211249592742963,0.059361465595518095,-1.2890375719855194,0.11104837382549579,-1.4279810066454608
-0.3531265070198567,0.7927891268305904,0.5753550030883774,-0.16664389300300972,-1.3000540034530175
-0.401972832865346,-0.7364329315560407,0.9131762530129942,0.21445000918141538,0.5147984805207627
0.30168714172516437,-0.7045433702464861,0.23267795504032343,0.1683824274320207,-0.31502630913835067
0.211931356749444,0.06551621150711927,0.4861800046881706,-1.1360422457227979,0.1137419619484039
-0.03906829063523257,-0.027268125682822844,-0.6111495098664345,-0.6815319254057612,-1.0160318148488259
-1.3521646193552588,0.3841615701696906,0.10959053645073911,1.218660671758309,2.243453327263561
-1.0974665124073086,-0.22954539309810554,-0.6663077012735793,-1.0551887552463803,0.442919691282814
-1.2909681070054444,0.23107972898988305,2.689750099726042e-05,0.5265718101614422,2.4326573970798213
-1.5592006491876171,0.8714488395313754,0.6320176761277376,-0.47178535827728774,-0.40972005740264766
-1.2313807238926155,-1.1833854748993944,0.7887687073670061,-1.2266318984126698,0.2950091771809831
0.34574531740031555,-0.15138359973168647,1.4541293947326146,-0.9622928431321651,0.8603182587708474
0.4583250709237397,-0.695914352221283,-1.061049303337151,-0.04656275047260639,-1.108940399566989
-0.08119521657715537,0.7427689259426377,-0.7954368965046927,-1.3750387854541473,-1.3030628763296255
0.5486736325079197,-0.3325628115960095,1.7416924617967091,0.30664079123040794,-0.12453310779570413
0.06335164379871193,-0.23003975884416356,0.15845719136961212,-0.2087154350158881,-0.06671699345719985
1.18203070152135,0.6694244396886888,-0.46252282213396567,1.1289654916234722,-0.14621973338457356
0.5326391612881763,0.7538585386583245,-0.7782590993682247,-1.9538253854784025,-1.7967638163087691
-0.6578146237902974,0.6128131692393731,-1.0927152307748305,0.41678300576340244,1.4196282309745871
0.31782110242126893,0.7487450554469048,-0.06453306630721962,1.2135209280388224,-0.4299547275767101
0.3173616194539016,-2.0576846861392153,-0.10715881112678832,-0.47271310424336943,-1.1202262442605935
0.4236967908137776,-1.0771775329463393,1.693200611910302,0.919673236690101,0.22765504386232022
-0.6906070317034849,0.7723548585978333,-0.884876927390901,0.06659395376633473,-1.598006393615971
-1.8629613388914075,0.7759771883438992,0.41985891441189216,-0.8566728650020005,-0.15242854731839373
0.6648673175118952,1.5577014813751788,0.8529045242472983,0.9656645005362884,0.30606027097808447
0.09440250859647045,-0.9198910176985728,-0.6115777885340211,-0.6498798873183705,-0.36623747091483533
-0.321548681248203,0.5039204197214651,-1.3976752534999346,-1.063596121714309,0.674876434826656
0.9178017325196999,-1.5218027703134631,0.30026683735459636,2.066369014754214,1.0106873507166847
-0.12052312641365363,-0.00974358449545344,0.2477700063407892,-1.0356351321439181,-0.3048443680819112
0.522332454950971,0.5275612696762368,-0.0755826625648798,-0.010069255402165673,-1.748201864929959
0.21408206276478545,-0.5028420562189896,-1.182079501384516,-0.9351359076585838,-1.0444297287275892
1.1466086227545595,1.8197244686333887,2.9442482023072793,-0.25527894596906664,0.13972449698593745
0.8050476297902712,-1.0352093828536835,-0.8523539959719041,0.7000768397990826,-2.0704182916931813
-1.3944632858994188,1.7254965323712048,1.4309922690843184,-0.09095589178003659,-0.5814884741800417
0.4919705160964892,0.6496821705669922,1.150665281421888,0.5619320316423199,-1.195778374580324
-1.3484131205157617,-1.4644187327855134,1.8341360434605072,0.8059666556493552,1.593144499969355
-0.8461805061831388,2.350600606437996,-0.3542789803323158,0.35896926446053196,-0.31281864026126094
-0.2538514466424433,-0.32211083449330696,-0.724772707870005,-1.0081384099872137,0.01843576933032166
-0.9403711441008147,-1.0643112202770044,-2.0916038076677523,0.4064261171542989,-0.6248159261567781
0.5568251506707907,-0.21496359557672715,-0.688699984966298,0.5907657285991417,-1.8808686916045088
0.8210853352567739,-2.245542964294323,-0.5194041735776072,-0.2580746158928458,-0.19971776528810495
-1.8175251876170662,0.4891882003632542,-1.6661399625271038,-0.9988592295264682,-0.9110799572694457
0.5624744099914917,0.635151923838116,1.2813297978923854,-0.3174353885268033,2.256111035726032
0.18282676870229486,0.012486254547081903,-0.12142578457359732,-0.47631170722152416,-0.9226408973350287
0.22885217154693765,-0.47373382544552317,0.2707534718296376,0.8630740117040795,0.9464759173127542
0.6203742724337834,0.9732108174673141,-0.8554341195352659,-0.6863079735720283,-1.5843290741715912
-0.027341060943056193,0.15779014325971089,-0.12631609737696275,0.7614315238903416,1.2142397007395311
-1.1882153206602428,2.4338447475706495,1.1886167940640457,-0.9323247311678865,1.5169672472623155
0.13040590402772853,-0.07696548700939951,0.6330844115102588,-0.3037389786939095,-0.3186488596251845
0.2734103965553263,-1.763776355797703,-2.0272495395466654,0.29767263838993385,-0.18939737151551264
1.2083017424722353,0.2328082742204437,2.621869239021512,1.1138143430027485,1.6642506006394802
0.3437425781814654,-0.010763635541210095,2.100951231678389,0.0617461395604248,-0.5597026731590721
0.2773562524372871,1.9882458913017207,0.10352507869228865,-1.7033933730206199,1.263004831984698
-0.2939506047475143,-1.6677945661065037,-2.0176066379519813,-0.9334982389140318,-1.6587665958202937
0.5657613761784707,-0.38968488785865363,1.586202027497295,-0.6356882143091092,1.3447036382171842
0.5765539305792805,-0.38922820247862194,1.10229259477031,-0.3178876471269792,-1.0113305745649495
0.5348917962532321,-2.9680019979339205,0.5960845816757764,-1.486749007872931,1.3985604921048922
-0.7954278375998699,-0.36653055377648347,-0.08446943086079256,-0.7049283157539684,0.07263027948926311
1.2902863553073298,0.9564858546371776,0.3795859417591613,-0.3308269292849093,1.013038736886259
-1.7122934711940212,0.21703254699266997,0.23767406307363131,0.8317439868351708,-1.7321271768968567
-2.423336450613828,1.4408408943873796,0.5058900113323092,1.4623953547897899,-0.3087953861757228
0.4809557191696024,-0.8827897326491508,0.8738730815016594,-0.3425539969603237,-0.23196332845630033
1.9140279871266146,0.21941963583445606,-0.06533496208798144,0.017192527679851882,0.06696764721196578
1.4831340723640998,-0.6069641492166262,-0.9848900139110268,0.6332765871280072,1.0474556610888655
1.2851739119518406,1.3879999102578566,1.3489108749102219,-0.0041159185179374305,0.9472630807949616
-0.18595239921132425,0.9895789640905127,2.1972579952525333,-1.7989753975089164,2.350176077634283
-0.9807847548309813,-1.1187700774245144,-3.1745597282665017,0.9190959082525382,0.07137755546558698
-0.9161852701349797,0.2870370665697622,-0.22245423771835998,-0.8872547309907219,0.1553349755128562
-1.1360379031149517,0.5223009016660731,0.8185809784482303,-2.033029311634377,-0.30002790041104666
-0.9634555458872701,-1.4694789125852905,-0.6935330935627924,1.085182500157706,-0.8079907478573217
-0.08297258654721157,-2.5248667055545964,-0.01979369575166469,-1.0537909513387946,0.056841896865590665
0.76756782429049,-0.8451214772576893,-0.5516102046913886,-0.062266363717562064,-0.5906488081911896
0.22182662064992384,0.6344993160361009,-0.03332548398837732,-0.3337681694705707,-1.765541033390376
0.22399034815406962,0.7696440037808653,-1.1207378971355966,-1.9935132199983843,-2.4909726334893656
-2.4638177443537947,1.2942081521531383,1.214337082878015,-0.791540409803436,0.5924093548562387
-1.4789080423827285,0.5707102991617536,-2.150634035869973,-0.6758547105869804,-0.32028280407862086
0.560250455035493,1.8617593674728121,0.17648188883695068,0.4913374812108209,0.5343067213009455
0.5188926975644897,-0.04651092425819521,1.2245962677776123,-0.24824843723256426,-0.6858877622115148
-0.01290129002611661,0.20208028559016009,0.4694948113774831,0.932282824706508,-0.46817112934564536
-0.830519069329832,0.06849132086197077,-0.8923055714862699,-0.4753363439916726,-0.27975708589389015
-1.000695313133818,2.1926488879609214,-1.645601536322665,0.23444137897155098,1.7219347917612484
0.21250604634706707,0.28976303318809427,1.6176353828905576,-0.706875243502619,0.1254120146039494
-0.9795644757379797,0.12390754785849686,-0.3441337174254728,1.6936655456143868,-0.1793319320723955
0.05321252171701804,1.8766527352099711,0.4183998820666986,0.7681766425400353,-1.3188873142530786
0.1720158068508031,0.01422549405558719,-0.8673590571703369,0.3317014064707697,0.5917908587410686
-0.4482909145448865,-2.1863226640090923,1.0103027338471287,-0.43673524789627516,-0.02534505796770485
-0.5438031049432989,-0.03876775922786439,0.607533223470863,-1.2728649761034072,-0.5376983758519197
1.1368127092984819,1.0354145939685182,1.009877584618075,-0.26498848165873307,-0.07084076545534679
-0.0842969091071129,-1.3024232359589074,1.407960718390694,1.060623861123966,-0.03756631193011252
-0.19880357725572134,-0.5456806142286404,0.7302304844527148,-0.3487515919717662,-0.03754048420706802
-1.061123973371594,1.407487988453463,0.24142599040450974,0.3350580792154833,-1.5553143710380737
-2.061629383461114,0.4126204670291893,-1.474895128401544,0.5091731495282205,-0.32888848527953646
-0.4276193524054924,-1.1402235106861625,-0.21812771094025415,0.16499316974955117,-0.6154826382134894
-0.6917816955575375,0.1595319748188382,-0.5457794919047764,-0.8836838232615692,-1.039689812609811
-1.809143601173209,-1.147416180048688,0.2620427087818994,-0.00830536406701585,-1.3375131639226479
-1.186981447873753,0.0068685448655222536,-1.7978902373758696,-0.4211497104972329,-0.4236096275828373
-0.20808252810087002,-0.3450343340668234,0.06341801212591257,-2.1530062057121127,-0.3143344804280697
1.8531478669434485,0.6587023308833738,-0.5322593949405677,-0.5657214072325,-0.9502131756258373
0.3891207850641916,0.6634899817791812,1.3407247942248572,-2.056203300078154,-1.0251487102002148
2.458085137693204,-0.32926449331681423,-0.8565337665858187,-0.819079032241748,1.3133311752803207
0.9883258468692444,-0.2604182044968695,-1.1760015529966659,0.6533148286567579,0.6146699142562941
-0.7058137383059883,0.7336596571336381,-0.7371643489350218,-1.2294543775586066,0.5656838705179905
0.726019451375856,-0.1718729317377253,-0.7880981599443324,-0.32824618446993536,0.455898441357786
0.5208901830413023,0.10483803430570225,1.3515161206881823,0.5367394352145666,-0.5700777184325126
1.108118420587059,-0.1282982817566664,-0.0751526566798497,0.6530138574916491,0.6915474225091518
0.5913389599098461,0.8308671526770605,0.9831097448087576,0.04960610896353865,1.7003193739943023
0.07636849225012793,0.7560536279561414,-0.2649735231987173,1.1656250599873277,0.23264605405933908
-0.2362019573928692,-0.7988043239463453,-0.0633338386294263,1.090931504111719,-0.7572185668867573
1.363561087227276,1.2499334631068992,-0.0842438664414682,-0.7736122398206979,-0.37385294737567903
0.10168006172415477,1.8245056081951696,0.569526007583691,0.9191102382136933,-0.6693683017181831
-1.2902762457496326,-0.31151172873557004,1.1909601088863373,1.7141934137067572,0.4589395376640947
-0.31980491668460426,-1.0477237349944202,-0.5286372474975591,-0.5146071969038722,1.9212474018184957
2.8532124769224985,-0.7379443018966015,-0.030137403188884738,-0.19327359728773524,0.8582702362826723
-0.13724890515264201,-0.07041096176368672,-1.3500621020508359,-0.5877132387017284,0.18686080539425712
-2.1874118068193726,-0.8457872369060495,2.535937586173256,0.8826322696340939,0.48914790245513273
-2.1093954702446793,-0.7386483355382614,-0.6188242641111378,-0.206483059570187,-0.6995382652837283
-0.36949829515471755,1.3156205451112508,0.12207447612408737,0.5583810421324323,0.004977790686308904
0.8892964975152136,0.8100478815332938,-0.013271116125429626,0.26985375155170205,0.17566757698799668
0.8014119187130769,-1.3842182116755533,-0.6392308416270925,-0.5307295761727847,-0.21693068848816607
1.2874520274658494,0.5103642298054428,0.4727861888266478,-1.7299922539350974,0.2664161349584229
0.2416015589623748,0.1465678725690957,-0.800335546097897,1.3142782379213298,-0.8829944511019113
0.6080793861962047,-1.5412869958681015,-0.8292034175539967,0.4762261626462201,0.8838179949846988
0.3166082315489056,0.27421217624462185,1.1348851015443133,0.9033679352153492,1.314265458169151
1.5482578263495268,-0.47118911314192874,-0.42168622942999284,0.14321483036544086,1.5728882815878038
1.1884201731612254,-0.9439731635751076,0.12884461918975593,1.1425693187595818,0.5766939926590241
0.19498839507901913,-0.4959803594035376,-0.2405030410943553,-0.28341291994573886,1.3010739978599737
0.9811147236251773,0.7045833471853478,2.070504650839428,0.8889677100617329,0.88088286840905
-0.3180971762276734,0.6522366031578699,-0.05641333536262741,0.3703852509544465,-1.9268425634600859
-1.6840519920872183,0.6590485699213336,-1.4055749259702568,0.7281902136530407,-1.9934130311862257
1.1524791670448473,-0.9076251628001436,0.45401117821012044,-0.30474779652098055,-1.1073842620071972
0.05402575716755097,-0.7630347689374782,1.1354602564184215,0.12156235697951318,-0.3460501939033037
0.7593564691792588,-0.29688309845562066,-0.019087593370831,-0.6541560674726687,-1.166851445053962
-0.15283468535802913,0.5006352895620401,-2.182904756463119,1.917809473359054,-0.7841137457316243
-0.00238172688132778,0.30540198454654366,-0.2515286108607954,-0.3454460468796388,0.5555143057845098
0.07383584196628176,-0.5557677997688125,-0.219471636889013,-2.110502833962902,-1.1254139871113316
-0.4162968889861893,-0.04951499282704888,0.632903631010971,1.0122518325511436,-0.8976876906505075
-0.3404084608828336,-0.91104005449376,-1.307152036792916,0.8517043461168571,-0.9769679284391765
-1.2369329257245676,1.1693438955776376,-0.3508530454729115,1.082359405451026,-0.15819359329888708
1.375571062209965,0.42592792048415834,-1.2666208631211124,0.8820287315465271,-1.7777816012441763
0.04363589151925844,-0.10754137256949348,1.2065485584938176,-0.19873914124722944,-0.7047229620832363
-1.122911253910603,-0.6510723705547966,-0.9752818532164503,-0.9051934332038876,0.633690477910931
-0.2611566892486861,-1.035859642922818,0.8203801442177401,0.10997760248926099,-1.1719856333563536
0.22642801377333593,-0.8834756910521603,-0.32336284909595264,-1.9356991712573988,-0.766917148985238
0.23408897423243202,-0.15890975915085007,0.2540802041721389,-1.9354240283207684,0.7857589346848746
-1.3056485820305144,0.7862434550628496,-0.776146689149278,1.2969961183923515,-0.7525404960153506
-0.2733653346942256,-1.5183263971830918,0.2877973006016129,0.3778941257525477,-1.2923628407405776
-0.8539246321866648,-0.00508282295335108,-0.4645696282322395,0.44348588453964516,-1.7718344634925647
2.4862111468410277,0.4805503393775746,0.41766058059658495,-0.13018715980194123,-2.2129044641140396
0.3534156102747551,0.28205420039460477,-1.4955767165849578,2.703716448574954,-0.5892663749956869
-0.3661917077552281,2.4899169898432802,-0.9485940522724716,-0.5865579321330192,0.3193526481384912
0.014821676319835483,0.5472803237967134,-1.7176398157678237,0.0208883694733124,0.03277050706427721
1.7615660046792494,-1.290030684903266,-0.9921624949804113,0.5182157718476208,-2.1826686991321114
-1.1742828136886467,0.7526052602121518,0.7971021561646523,0.012639883655867943,0.28288713559396866
-0.5478115574579815,-1.2360670193482888,-1.2215775624416934,1.2875472048334458,-0.36789091300651117
-1.2814337958154096,-0.4286544986043433,0.9891124193436222,-0.06639258020144817,-0.0064975462368298455
-0.02337412561558836,-0.311386534269931,1.1735025691524703,0.7456664366490332,-1.2859458309465643
-0.02962849214716074,-0.22923704479589926,0.0748624655256832,-0.32261080817638105,2.6185256086962374
1.5019240500463882,-0.17212736174631718,0.5655113426696905,-1.5946454780881048,-0.457684625666342
-0.1144573989856391,-0.14737587503188354,-1.0602668366044021,1.4972404202743017,-0.36053901921047976
0.024609915119328897,0.08984713787665777,0.46615602085043173,-0.7018122599345474,-0.8248918838845027
0.10413406986114082,1.5674869355005856,-0.2564106156879472,-0.04793398388639786,-0.2246314796700987
-0.5175490825879459,-0.5887195942657271,0.7768637253543501,-1.0865768448990336,0.6818173751695423
-0.8249683998827796,0.2246022660725144,-0.5138677904006005,0.14782072026805865,-0.5810514265476742
-1.4670193326693424,0.014455393904892335,-0.187148806574065,-1.1205045074221083,0.31046458402931615
-0.25020820092057927,1.7199057782136973,0.5613622892737232,0.19777193772002358,-0.014857249327960627
0.7498183560476874,0.3781878217225349,-1.3796337458055707,-1.3448493155339831,0.990204672176329
0.2866761567245765,1.4369082965997215,-0.6478695963004159,-1.3842613031834894,-0.08584805378652866
-1.1031724730422643,0.7962566832334811,-1.4793568474016836,-2.378586718115987,-1.1622955870811043
-1.7630873977736559,1.4782649134962842,1.6054767835761847,-1.4730443988163557,-1.0208912157287144
1.0381548578727846,-1.0368519616933531,0.11217586353633868,0.7441261040760367,0.062189657195446765
-0.6956794623665722,-1.796410095888719,2.355565227447715,1.2617305731995268,-0.1518034093938473
0.19671552181656513,0.8300115784946249,-1.65260746895154,-0.4725045235380775,-1.5782611799570432
-0.7038364421930321,-0.5937790142025976,0.4996450877978688,0.45642494711641696,-1.737536202788568
0.49287429991774356,0.42740327401558925,-0.2594859209959535,0.9847698543224975,0.7044542951920686
-0.08553427418808257,-0.14232193723359757,-0.16974405878513119,-0.030851042389373622,-0.2025237792620562
0.15339753415795096,-0.020605094583866817,-0.21269524996299743,-0.5389710705095934,-0.06420485588434548
1.749896706457788,1.063525431000197,1.2298359816116642,-0.1002563066010261,-0.09352135589629264
-1.2575778555186072,0.9340619398947209,-0.6317692447760439,-1.1818406812236395,0.09362226665571663
1.012504078644105,-0.7981808246388777,-0.3432739214253911,-0.8959048998079158,0.37460258734571195
-0.17168766399739285,2.0793578018301355,2.2028089021224426,1.3842561922195824,0.011926198361819127
0.8561978441147795,0.8206738905874609,1.1586709945697777,-0.5808553903097308,-0.24497259272380179
0.05096507068816803,-0.40078623721152085,0.7999015528119153,1.2125917481201591,-1.1093301243800517
1.080102303237411,0.6064955141201115,0.23403520013736023,-0.6751276914261325,0.08430275364663523
-0.25717906530967716,1.171354882505304,-0.3856062938513567,-0.022942153746389457,-0.6177822214576699
-1.6239524908688578,0.41811265173376955,0.4019314090423632,0.8405797633826776,-0.7950827048509131
0.18831288967479184,-0.5670337471536447,-0.8240743843953435,0.11383608543600195,-0.6053896979254266
1.2280734909936342,-0.6286647747258534,0.562418761553173,0.7010428035630694,-0.5755782994017243
-1.8410691142824775,0.1554952625341953,1.6814420451416225,0.7189372949320446,-0.1459678188236242
2.370248529334455,-0.5130040410091606,-0.552090084281758,0.12910737129329514,0.23452294266249063
-1.2840657854942794,1.0796532868684396,-1.422036761165187,0.953439114306148,-1.705188643541669
1.1561456666033314,0.10844818405584604,1.360382309840956,-1.0892723365833488,-1.122105830891926
-1.6559590398149597,-0.35198376316758456,0.3312906249698613,1.496430693680955,1.7928595499790574
1.5448900921774409,0.08555501488981276,0.913822879145362,-0.5508473363294284,0.8426786434105031
0.1515302514720089,0.3669964984519378,0.7887817694997176,-2.556750890134444,1.1211379502659353
-0.47947678595866394,-0.2789179827756907,0.36713102344187737,0.03346010006118408,-0.17219648366053933
-0.02929269752346057,1.0164379999654283,1.2835206919517474,0.7993678996625005,-0.32280699274722874
-0.7398012358477425,-0.37039393355156186,0.5521560570865096,1.3602081301439686,0.03697715438774827
-3.328767219796408,-0.22368473529946112,-0.24555346256965135,-0.6870747058261704,-0.4574370615291961
-0.7409525177345035,1.6496366405709013,-0.47894727128201753,-0.09590486693891928,1.1375743605454087
1.8236326063321078,0.28304050782676904,0.5710434869038106,1.8776143686507663,-1.71194695860917
-1.0337197557062823,0.40026501289366334,-0.27184546912061,-0.1941712846407786,1.0648465113080545
-1.3921596954791773,-0.10228710350465427,1.6018724804365554,-1.3747747553739953,0.9142627211070764
-0.5720854190047087,1.2020059667838021,-1.4326201579318405,-0.13807825077266148,0.6214704154656187
-0.7853398305850143,-1.7229813679490769,0.9707478825194256,-0.2694863998819527,-1.2869776468446612
-1.1894730512115768,-1.4712950897018573,-0.2827421696647493,1.56431147033473,-1.7246194284010437
-0.32101480152236367,-0.8325408845760848,0.26599747983607475,0.4064087124286085,1.3993652574681736
1.28669263293059,-0.24118162775108198,-1.0502281484487122,-0.3794640726617474,-1.2898597441021622
0.6325013153672393,-0.08181124948570602,0.6452095039842488,-0.7533374710351117,0.25156638967382766
-0.6253375746080062,-1.4317996504774089,0.2401016457740164,-0.029050103552127,1.6182821774405263
0.4958040559646482,0.38527227558130994,-0.12267347281636125,-0.4102136731918828,1.3383490025283382
1.5864827698374309,-0.7381871275734044,0.93171439685988,0.6328487403244938,0.18447167170838139
0.5924501488191891,-0.841402902915184,-0.530827012271597,-0.5491757561630288,0.0174346848462217
0.6468428904446376,0.6262348258709222,0.013795770417502714,-0.6572635920917579,0.6755393208828087
1.136807995220064,0.7854233831030899,-2.4816360111139035,-1.1202787157606326,-1.3270909250801401
-1.1705517601589617,-0.2685173317806662,1.027209935717756,0.7737744671445111,0.5662257084859459
-1.0919995640672824,0.5014852010727644,1.2263118124473869,0.33966658271283356,-0.3088926018899314
1.8740508667088684,-0.8816308269595662,-0.2319168415179788,-1.643479818311082,1.317293952237272
-0.9297854183223455,-2.3729814017811286,-1.5862459189049505,0.5439626371911285,0.02371558498346083
1.8435197509801846,1.8569820886248707,-1.6384779936592306,-0.02251228381761481,0.8306687045844726
0.8800003960082647,0.6308060228365439,-0.3438332363704492,-0.6105676061902112,0.3884392505213799
-1.6457141573898209,0.8552387444057272,1.2418814483050111,-0.6300659527102944,-0.5760941781000783
0.7354460756015024,0.34730832047983556,-1.095410723594292,1.17199482285933,1.104089747469426
2.784234283489989,0.31054442436357865,0.060145138222689104,2.284649978921444,0.14622986674270466
-0.8139054260226367,-0.20548667468274595,-0.39576730065749954,0.7947646961537501,1.1481629647354217
-0.3497995635660605,2.0304799858928506,0.10177070609836061,-0.38451883329031233,0.6355515632750453
-0.12003215362485226,0.024548185844755276,0.31232145448092424,-0.35507108420970424,1.3484696871574158
-0.49187371512516803,-1.114224918289076,0.051838486515100694,0.17512740219920636,0.8612592780058014
0.4866616338858135,0.837636520969455,-1.3170116429480727,1.8616045860233288,-0.8377520049558146
0.5679643103652068,0.9587494375123183,-0.6276762766763834,-0.46708813888881845,1.8013216587920395
1.0252596405438452,-0.6574535644650509,2.535660846604832,-0.3214767980594581,-0.6131252636476452
0.15384810452545508,-0.8608622863665945,0.5959410778821348,0.2080876552945211,-0.4444094119681814
