0.5326124618105457,-0.1312448351060598
0.049558868360680616,-0.4357575199705407
0.0868058734028707,0.6318509181185391
0.1775360754628899,0.43023284945341284
-0.6311332273278846,-1.5931122509060003
-0.950966477540182,-0.2089957548081124
0.1169580346864235,-0.1072144372786694
-1.125315077664106,-1.0151504855188647
-2.4377893173206506,-1.136752175092641
0.8350750311815441,-0.1420934522008031
0.5387498337763453,0.16140785837333965
-0.07308700773392564,-1.8302055462676174
0.9912512190188103,0.7324245272587699
0.5640754436097898,-1.8533985210899684
-0.3057039590157478,-2.3267591299403922
0.06156684029032826,0.41119580993309685
0.9741887486504877,0.08640998410840668
-0.43153299583298044,0.20772713143579535
0.31857353485635426,1.3398699427838985
2.9117441517966958,0.5743634291695728
0.7568983017156191,0.6972089189363291
-0.4614751892678063,-0.6613547924573348
-0.5366323289955658,1.511740079256618
0.38490515470602604,-0.1655617530783539
-0.3164444145320149,0.5404680047295048
1.9394925714108928,-1.609895698208637
2.296941348115032,1.7231786238427762
-0.1194571467180533,1.9434369469908201
-1.1650092541024224,0.018359147321132554
-0.05269806270016786,-0.7104403874062666
0.06469612382108555,-1.5667038448099184
-0.07503591661413052,-0.24288190532756818
-0.053068117790830135,1.3204044604535992
0.6284406339057343,-0.5379953729686254
-1.0817881582182722,0.886600451358778
-0.2964673073919687,-0.07563813640354143
0.4947512680010393,-0.3538571843162721
1.722374036409958,-0.5549121134032975
-0.013689724740275308,-0.9809548620508394
0.49517617798338937,0.5427375943996074
-0.14113338314905194,-0.7680572797267537
-0.9820650761076721,0.820207593714963
0.44702846775911637,0.3667084399776343
2.259512422069216,0.22960797977114672
0.0052030926802801615,-0.12208565827964463
-0.6098817446004708,0.9435410005283148
0.15089673363028736,0.4841806426056311
-1.4202989394662247,-1.028883832544247
0.7922570721042225,-0.7744448658873155
0.5215040076133516,-0.9911779819690103
-0.43270979701789325,0.25114169213820986
-1.2643188283018976,0.39895844965422017
-1.1371445572450207,-1.0203943602874197
0.18644531194196085,-2.318805459892596
-2.2111673485153336,0.2706007633282382
0.5513453034838152,0.07244447204182113
0.2267965289901254,-0.6234735141536307
2.054494221507104,-0.9671183734415082
0.07232293219371201,-1.8683882399343112
1.2282359464762418,0.6531807295920069
0.5731266146716671,-0.9313833804617639
-0.27430237607701025,-0.48491775964734124
1.8891074427559253,-0.2484530401660683
0.085370390741666,0.7573567728084195
0.37442266083936443,0.0854391570591019
0.8729256965450561,-0.3706433544114508
-1.4807699768213691,-2.2716940171276185
-0.2094094827979333,-0.13777833617073498
-0.5807448347744263,-0.07830150428087558
0.9057282526471324,0.46513075841225227
-0.271170803447894,-0.18296117733552006
0.05332699578289077,-1.2806864592180602
-0.12826503409075096,1.4879490457470013
-0.30217483148081975,-1.421249168155463
1.3559818243681099,-0.12801335418466897
2.309741889665413,-1.7098063681657556
-0.2392349245342865,0.4956054065813386
0.2704116895576821,-0.37590701935466797
-0.33396123427069724,1.6147353838673746
-1.4855985138265622,-0.7840268803050023
1.2296709802974375,-0.5628743992629988
-1.9425418209902199,-0.24787830952578938
0.8444878958902389,1.4187249147848557
-1.3887085335697475,1.1167424175105034
-1.813365473206131,-0.49233718287184713
0.9582281027996212,1.998859069679522
-0.11287611564684517,0.9759603702965195
-1.2201403595534128,0.6235208364874177
-1.2002550826904959,1.7611368949977166
-0.4699719795997945,-2.7334429290636244
0.26725270513466387,1.519876211280267
-0.6412319521269048,-0.8870364388820757
1.5443498005496825,-0.6655769518279462
-1.6479053108792001,-1.2117575582640623
1.031371590283438,1.2238335013578165
-0.28171678215985313,0.3098329608590214
1.0545105160460166,-0.4415305117565745
-1.03647381525607,0.412426997238579
0.3483864393722396,0.13287204148310033
-0.43627638827433424,1.2199810681505272
-0.6460141098056579,-0.024375143847950465
-0.22096345745752605,0.7442970779622698
-0.014994332515022968,0.12048118349703858
-1.7243478120998914,0.7843119336312105
0.043589508775642216,-0.5047680711779652
-2.287313038006672,0.9746155639897637
0.814459063299306,-1.1261796367596444
-0.9646373073625139,0.8527436916294243
-1.080545371357297,-0.737554051423593
-2.7292299286804083,-1.2976005217776354
-0.03678228025267733,-1.3393215781739054
-1.6494412405722219,1.241166783663512
0.06226375546573954,-1.6242705296289652
-0.6097887185125649,0.9891688570014345
0.35687101938261334,-0.7873978760918504
-1.466820812162414,-1.5908243240630018
-0.25450562474217164,-0.3276995065417502
-1.8767240160309737,1.7214905384453394
1.3787777367083651,-0.027650310801412042
-0.9995758417275725,1.2525422217810676
0.34472671703735114,0.2175004833412817
1.338539626677948,-0.30836635088892267
-0.5561403844576589,1.4240325216482166
1.7606727456075433,-0.4270639517979748
0.5597349857287471,2.4031464911271843
1.7643181203806002,-0.19263692956248357
0.7638787519005471,2.4348914494152796
-0.01429057663633718,0.5651506067722706
-1.5253248193466489,1.0113272627219447
0.6623291594335099,0.07818125262376159
-0.6495267186273959,0.5150782031509251
-1.68355938260686,0.061752177350700224
-1.134808463073745,0.3470780464772649
0.477722048050624,0.7935091433634228
-0.8150777245413366,1.5670327434812956
1.4771339770688365,0.025599407159552584
0.8144633783237546,0.537679298716966
-0.45393824996388754,0.1730252126406368
-0.6793980597979815,-0.1448214621700795
-0.103781842691799,2.2163712292180113
-0.24740711434043655,0.47883676562365174
-0.7924431361100273,0.6402801439661426
-0.022278076591967094,-0.4583912877485873
-0.4092004530747423,-0.4417479506408014
0.10406543838620488,0.27343710808123406
-0.2798902982228679,0.41376375270875215
0.8279333474591242,0.174664680220346
2.343577975494611,0.9527343617044883
-1.379598281777,0.7047759764532642
-0.25287175550647445,0.39867376220066414
-0.6694877487309479,-0.4321254133458427
-0.776275670226027,0.7087024625585523
-0.5832906869171615,-0.9450644624942429
1.0178150420804422,0.2904681560351522
-1.6458274383079727,-1.4968735629587047
0.4705931755142026,0.6978374090964881
1.2084873369307592,-0.4674408916342957
3.4549408264803785,-0.9442083708862619
1.227192581713501,1.842885738853788
-0.12176427393030535,0.5391265935803986
-0.4220541520972677,1.2612842049038782
-0.029658014964703574,-1.8352733695770451
1.1357558726698136,-0.3867751038468236
0.054313193243643226,-0.3552598516753774
-1.1536624175611663,-0.8440820669698439
1.2269424078817868,0.8454393957376005
1.3151889263804852,1.3076210926450091
-1.5721391138054026,1.0235777005753084
-0.7374528803973502,-0.5877937042788768
0.17921666079177953,-0.11817349411022192
0.196269908101588,-1.0928958320867612
-1.1607934668315762,-1.2860749530292876
-0.7821526574663609,-0.9435300383425875
1.7674790757094312,-0.5319741721314173
-1.1089317355400075,-0.018904604606020774
-0.35497719101322933,-0.808458304616325
0.37624327318181044,1.0037094674011537
-0.9605656614567751,1.7116368342132398
0.6361158826843465,-1.3327342996058955
-1.1583897186569976,-0.6042187244190647
-1.2387594292825865,0.14081820922043675
1.2400593827540376,1.252581428532624
-0.7909515379790628,-0.7524383590067916
0.36612198978647464,-1.0335034984400195
-0.019656326825083382,-1.5937672150493936
0.5018822908434011,0.04910525244317544
0.9609534323869835,0.7314762776444002
0.03666695123584618,-1.874623509492852
-1.6062525519764324,1.5935279411584922
0.6069279065643297,-0.33096468324345496
-1.0560365499818998,-1.740385639505046
-0.398910400401752,-0.2748303920796346
1.3870424386922429,1.325871060071839
1.039942308567402,-0.7800695615839127
0.11864043649347818,-0.05897074426064024
-0.6914075412023345,0.023394488458601734
-0.5200599441362519,-0.8623704783405371
0.03756776269272576,0.7439773654681637
0.16117357647770136,-0.9204407722775759
-0.20895526751050744,-0.9797251989615161
