0.21917584841014687,-1.1248655347688274,1.157511417865406,0.6862043221735618,-1.9158994801228468
0.7055712515375221,0.7465482005314407,-0.702482902742171,-0.4422005842908273,-0.8367911139407601
0.9436328777313886,-1.652442727585236,0.28357509577850787,-0.46102409773743075,0.769478322677191
0.5325435447928408,0.9282399187591938,0.027426663754832385,0.5586256513256214,-0.38349716499228353
1.6536030396650276,-0.17634683305247406,-0.29627184115185934,-2.3494216628195628,1.082706617738696
0.03616386010407485,-1.15585397008819,-2.0335322506639253,0.5611535365754728,-0.19210685686361811
-0.4290001428663305,-1.717023512227491,-1.808328264681377,-0.8333192782454057,-1.041591364708671
0.4198745808542361,-1.8097179995429087,-0.40426495827860026,0.7052204210260117,-3.0380127912901402
-0.13255617258080277,0.25240747611043785,-0.21619038885131428,-2.4062140669487144,-0.9160088781610005
1.553819159386194,0.23951099565419054,-1.239387400081634,0.1748935104447716,-1.189019941957338
-1.224694345445916,0.3639663166799176,0.7632021230851813,0.5172639288491723,0.9156377773793999
0.3167802321229768,0.993523304150553,-0.9848369760187506,0.7755621787900661,-0.7956916569114161
0.6094932251220196,-1.4032238213842538,0.2349941324759386,0.5622714951289776,-1.2562256308758402
-0.4570305921131845,0.3568680140021736,-0.12372897791206969,0.17828695942820066,0.33145473201592446
0.1103526142559528,0.6340913501940859,0.8223003004216969,0.1870773922750186,-1.7277190057104304
-0.19004835481189838,-0.524653067762971,-0.4990787388296254,1.4716699111362068,-0.5903168796589878
0.3324142312227298,-2.2936217198237965,-1.5524574416897625,0.09001224755972345,1.3909425663885957
0.7172460011069082,0.34995394642687655,-0.10063344530831209,0.6558212139839165,-1.0073949255134986
0.6194096027026544,-2.850277176157661,0.8834919179436314,-0.7658274741241714,0.020832845365558843
-0.8459926881644823,-1.0663584631721306,-0.6948240914858222,1.8881793265672615,-0.8189327182187869
0.35361396694532127,-0.44656614983265036,1.8562232870077628,1.9577749626532257,-0.6404818691419181
-0.3582576447823214,0.5279838243274997,2.046574383560791,1.8553585303866,-0.33940013088829846
1.1489965220172873,1.4950309614257749,0.19595340548686402,-0.21668820307574513,0.6884591596303569
0.2502502878252595,0.0045230265775906995,0.2837958041586737,1.7051358998371646,-0.33499904672719927
0.06948544433360941,0.1585680551798014,-0.6325457579583692,-0.07607241201065137,0.05099667251291003
-0.6233696006497701,-1.8248140072385552,0.933526018243042,0.43269103208545073,-1.6150843725159965
0.16561337025678247,1.0335533788520483,-0.08787683570946113,-0.6908262448179313,-0.06962897693884866
-0.20276723973537725,0.6145671477141591,-0.520363494198541,-0.05250676790627789,0.21489074795064894
1.3454124011207294,-1.8106544850662818,0.4512690336418344,1.2599059572684093,-0.4192884480242584
-0.5863315392801252,1.6882614366596453,-0.03392269117456455,0.2151761671822232,0.9901330232830385
-1.367091983261746,1.318359613789571,0.4354987186191822,-0.13261796074932336,-0.5551376579198906
0.14938293005881847,0.7633141259518725,-1.1698772241471929,0.5820367455950937,0.5834345714479727
0.8438097508480106,-0.27411549463082074,-0.49170646416141994,1.6349861933461771,1.4626450222297893
1.3296302875736403,0.4789752868143167,-2.223321250114053,1.6074293325845013,1.1406591571040618
1.8451151696500852,0.6084692006136947,0.04566694954833148,0.035849644491654106,-0.013226757043221269
0.7362017904040038,0.6369664894974351,0.8858550894674548,-1.5910644705636372,1.302252534260801
-0.4551323372197397,-1.0649619824288603,0.793293071378481,-0.23618998603594027,-0.43458295682101794
-2.1945468117135207,-0.6935022353692984,0.47206006877638684,0.5612513611019837,0.6418632022868458
1.568896046367784,-0.4842179548740969,-0.2325939872993492,0.7420574462539076,-0.2844433855295604
-0.16327698704538793,-0.04409447258078608,-0.4677209330352959,-0.9204693212358654,0.7468711087613684
0.6267210878237854,2.479723218510457,1.4129710397139246,-0.4505716317528173,0.1643982340982891
0.7732415707758095,-0.21801179055965839,0.34030149356333833,-1.3282442989310432,-1.6030514831174354
-1.2323412570767285,0.6348568079632374,-0.5099703258073081,-0.39990123511784414,-2.1779703128773065
-1.4445761191906463,0.6486099385291629,-0.341558111126259,2.049603797534425,-0.9091714277062671
0.6212059872077438,0.38330030595532233,-0.48779173335361203,-2.3356883014883065,0.6215574014802625
0.7082563224529939,1.0189300596288322,-0.17946402920256407,0.5487124709061045,0.14249801946460136
-1.3146992902412724,-1.5664822464082564,-0.05762361586821413,0.2735447975162664,-1.32194174989496
0.4431061174337499,0.3447884127054524,-1.0254168322680641,-0.6441332215516768,-0.8949423809937493
-0.6364703003810132,-0.5509866387481825,0.65223922197571,-0.49537974100850457,-0.8300400747230768
0.028451365749772507,-0.4083817161773497,-0.8998622604436627,0.3981293671680541,-0.8397929845474789
-1.6054629733802381,0.6986006821410645,-0.827856218564876,0.5928235074584588,0.3223674380206044
0.5926302569424766,1.1804253460156733,0.9347344693776096,1.262006704150184,-1.3258518979731757
0.8678515839843808,0.21723050300585464,-0.08689030992613841,-0.7511248076042855,0.9755086145954703
-0.43273872583827444,-1.4617264573839186,0.9345198264059289,1.7982275058872397,-0.9724235693074627
2.3622526093894645,0.29182327793742807,-0.03093366001253281,0.6123800739512122,0.7516416817961626
-1.2590791663686183,-0.5151030800841347,0.20568873691073386,-0.004777788563905659,-0.2279643965387549
1.895815080174518,-0.710340894671258,0.06267016179807572,-1.5861608968571923,-0.03851056486245515
-0.2025929843772948,-0.3465389774374854,0.28937216515822456,-0.6930226088864103,1.3229202239163955
1.6569957117355791,0.41817622052516273,0.6540661151602442,0.8737832064293933,0.20894885625014875
-2.7230634281988846,-0.9020891333577007,-0.8462589416563501,-0.7265157874294794,-0.35741485904883147
-0.15245787740708983,0.01819212935317989,-0.07628894522105814,0.06809490238821783,-0.6714690556596569
1.3025057172695025,-0.4315050095032779,-0.019256355075317023,-0.6358707992834115,-0.5265517136651967
-0.7054323544009212,0.5340375522331114,-0.4548022204281422,-0.11492271200799482,-1.1305900356046712
-0.6151585649273414,-0.39633175060881526,1.9076468041034658,-0.7886032016805666,0.4137751186740512
1.868602738665059,-0.16073820671271083,-0.9741604896149155,-0.13413880175538162,-0.20914307732558116
-1.6489235654518748,-1.3025483143108212,-1.3814956924207253,-0.9379402018617334,1.9275696303725849
-0.656780038596679,-1.2852192984481285,0.6304134167099603,-2.031808931905757,0.22252496705295777
0.8290602270447816,0.02997341828466527,-0.4859857241265977,0.17490550187598433,1.0352516798177167
-0.44923012725878736,1.449338515935239,-0.9714530591951899,-0.4536822807027701,0.933665218976453
-0.43927790957726714,-0.5418455608281773,-0.46314749978880326,0.906121720417931,0.03334141986044732
-0.2626691666497392,-0.3526006782623423,-0.010892061173677647,-0.5557638276165683,-0.5376308173637677
1.556665137060738,-0.9220062901359245,0.9846376618339872,-0.18945469846431168,1.6470439974428523
-0.35562291239354543,-1.104279919374816,0.8089540256896434,-0.2732830766537661,-0.650584225237108
1.1035100456431448,0.9651500218904716,0.41286107881428796,-1.1076493191969037,-0.49268440954552495
-0.2932706781445365,-1.085243641682909,-1.644931724308278,0.6140026746002744,-0.05762863239857711
0.47530978750429953,-0.48369019709813604,0.03891944570463194,-0.11637372567728553,1.3526055087672877
0.5810446274086015,1.1380525119680478,-0.3137825383481134,-2.295319334334434,1.970747904585026
0.9909440194048768,0.3498999077354386,-0.22473750795768704,-0.40111901828005153,0.07234494640900048
0.7180782446067643,-0.6008162508199413,1.212550584459718,0.290479585483009,-0.46220860867536084
1.860809830671373,1.25214947049806,-0.49787868272481933,-0.8627845162786577,0.19675450228538408
-0.11554974070631505,-0.3383593230560392,0.4309906354209481,-1.5017917747204819,-1.6724875126680492
1.370092882451251,-0.6412279874291789,0.21685906686610934,-0.8190759924900265,-0.09780110121378081
0.9235959589727876,-0.6720044725165332,0.4018254578921837,0.9820684411025337,-0.5380196474899941
-2.549671926803611,0.07926932140153853,0.9461859683265752,-0.46767765724349647,1.3367003248014715
-0.4150505811090866,0.3162996742615927,-0.26965846779323527,-0.3544721223267723,0.6606736149800018
0.281709315806646,0.40623590644584456,0.7335503064213788,-0.6507999636508491,-0.023738945381128067
0.42577043017231747,0.16382081080520394,2.4705157788094088,-0.34001286876107994,0.1233694012755493
-0.25232059948245406,-1.6673576624065005,1.19754146317786,1.3758062285648138,-0.771701090521247
0.006038196518820479,1.0244488935682914,0.9284460886429274,-1.4782275999871208,0.755358667946088
0.6444024753843623,1.3720732398369941,1.1975494315745867,1.0987884344110301,0.020641894451810493
0.6056858366708622,-1.3767929634503708,-0.8459599444280278,-1.9578971362888866,-0.19433050250875963
-0.2660707924410749,0.2809508190695344,0.057268897071966855,-1.7821172741273144,-1.2852152406755244
0.18958480272435568,1.2282974248678742,-1.1023412922730136,-1.4766429536470966,-1.2029740101831345
0.5018540285463344,0.4189167322906399,0.17247126085518305,1.4919101356108788,-1.2957047223235436
0.05850812511098095,-0.6479047461811639,-0.30547639004754146,1.412982131847406,1.408102061171182
-0.7547277256369347,-0.7582889212776406,-0.6320263075836657,-0.8912395673307357,-0.35686495248530525
-0.1743165135217159,0.05819243660014811,0.06242347985151287,-0.30232237895674713,-0.07012204147403858
0.6503247161886786,1.5330486785017314,-0.39131511581766726,0.6254786573655137,-1.0358139399966848
-1.3129352413089785,-0.07092617622293076,0.5246626129275119,1.2260452279129397,0.11611789169552726
-0.7269575912639631,-1.7572043434073321,0.580642084874702,-1.2198642241929296,-0.5331366099223922
0.564414306970519,0.5672754171078718,-1.0352469459395315,-0.7827021665488243,-0.1968585553278286
0.2935346950723868,-0.8344578953408279,-0.8872117423949211,0.12457820742614786,-0.33785879284959225
0.8239455835790233,-0.626723415036774,-0.7623953981159146,0.22055634144257164,1.1066333345486448
0.6302736920315205,1.2504863516482712,-0.8246042906058294,2.517904091905761,0.38213005458484756
0.6033263521409783,-0.2355765428988476,0.6124658640126579,0.06925595084686739,-0.43146273967217913
-0.85356641398781,-2.3161816802930404,0.6445801542454979,0.3502646358373673,0.34376222662598777
2.0897225766904275,-0.691396083006732,0.422155942821916,-1.3847834896202975,1.0965251625224388
0.3687251210303723,-1.373766498258611,-0.9143262814756185,1.7027611887615066,0.24467328798133484
-0.3705876086637969,0.5786725877746893,-0.6723437222550557,-1.7318781721049452,-2.036256808419799
0.7720403996363255,0.35899756333559607,-0.21651266546671044,-1.213834205502303,-0.03033907086068956
0.20337398431719084,0.25663846306272253,0.5004104369048213,0.3908723308541627,-0.48078210393498577
-0.44415198828235514,-0.5843981241332641,-0.29278332579623584,0.3319058124700552,0.11642198668737533
0.5616937668887787,-0.18598851311841774,2.4713690837235274,-0.49106535928034234,-0.6185163674386394
2.1317201031502315,-2.651687341018461,-0.7544532777768237,-1.6448107746084997,-0.12173195071339685
-0.12250791222381056,0.16503875946103402,1.0891193273848256,0.20759766034199637,-0.13082742298098116
-0.4317054267344155,-0.1727236027769788,-1.1496293396632498,-1.0495476685623197,0.3436521318253111
-1.1296301432462266,-0.6919017211203903,0.563922750682694,-0.6743781225905322,-2.490554884844524
0.25132765577844024,0.8096147688449081,-1.0543345440398948,0.780197499399827,-1.1098165209373867
0.5884268922117117,-1.3905478436757943,1.9407592083246,-1.043760381108862,-0.29075313566844274
-0.6690016862730684,-0.4558294705573772,-0.2778119550566992,1.586629910814853,-1.8040918848866099
-1.2221209778091098,1.326962336059708,-1.3163736938607737,-0.053092455466187946,-1.2290140741124178
2.3583359797606267,-1.179592511987442,-0.10449631232717163,-0.14325140626056052,1.4858730998387029
0.018305156508573835,-0.7115424486150927,0.7906516616363128,0.6733751014560088,0.16154768902888034
0.3299739790681818,-0.773398166306998,-0.03979652439117488,1.5567048606686442,0.40435397415943036
1.2783702769183662,0.795219736239998,1.4922049394887837,-0.13015295104638122,-1.2531958613403973
-0.7684413842436003,0.09974101092308553,-1.5077647726832641,-0.005973742319436097,-0.45826502344620856
0.21256314347529418,-0.2270481274508676,-0.6244571378930943,0.40057309393407137,0.9080248705263576
0.6077495530498704,-1.6413982660799427,-1.4138720579525477,-0.015325419175596737,-0.20852064701313042
1.1580282743885157,-1.0082349174835592,0.460111151615507,0.9270862123081189,-0.6449538815490796
0.706273891464006,0.8412417325601987,0.11553094478673,-0.9854991496330064,0.5709434929136528
-1.50378419734752,0.3576399300907134,2.3549075562166877,0.6178386462905261,0.3777792144573928
-0.5391050735833248,0.33937901367074674,-0.12854698521714,-1.308761912940163,-1.7268700716844174
0.8568380860349527,-0.12172182511478465,-1.6739568339086752,1.1907615966286718,0.8706793292906043
1.361484513038658,-1.04580552429461,-0.4360775823409545,-0.9126763982906221,-1.9565863803656576
-1.0540742783378179,-1.9653005675824664,0.4321816977790104,-0.40491613961659567,0.6245585709763801
-0.3348921577664166,-1.3668350217153704,-1.2921272679009093,-0.4058497201591251,-0.5937109978964143
1.1959012880191235,0.1525551659925883,-1.0951079971072457,0.40130223871935256,-0.36137636111586297
0.24660119399176164,-0.20483058160260142,0.6064868060424767,-0.3462395775268617,0.16018295855572762
-0.6523736504166244,-0.8190085151196388,-0.9733619488373585,0.532778725569336,0.2769865201328639
0.580120765131715,-0.17930575636983773,0.5396282240624567,-1.7739502766438404,1.303611735265305
-0.17016099970982007,0.2632334995966426,0.014405414076036186,1.3570668913088222,0.7212277883003811
-0.9872262941212392,1.0875063754246335,0.9884056052266824,2.212129216496874,-0.578628777478451
0.6885694426579048,1.201044239662101,1.1375563115195704,0.8534054300856759,-0.5462251613966397
-1.1332405243374803,0.5586883425587795,1.0545048800851091,1.2223463354761828,-1.170525837512486
0.1479979510208291,-0.5526852415679652,0.27361200488170684,-0.34537434278798645,-0.09060680557172464
-0.36051954558276245,-0.7084980143337833,1.8576643006049365,0.47489094099431195,0.927242332641222
0.8936653387253233,-0.6419378695803704,-0.7579565983340038,-0.857183380713751,-1.8221681593224763
2.0579765398227092,-0.1594288845824375,0.43153227758152096,-0.06368241611518557,0.1523803642029068
0.8312624339889032,0.29689867624947497,0.12957119456600089,0.8359288775852296,-0.4468523860686474
0.7016693871893787,-1.2554072461332455,-0.9664056075758632,-2.0880629979442777,-0.14974647956946233
1.043599294698493,-0.6911459175606551,-0.4379439776536264,0.6837745089393589,1.1707590327655821
0.7671173506755815,2.0110117041250475,-0.1529671881551688,0.5892361303387389,1.6802206662204024
-0.40991539431906276,-0.4392420208341161,1.496113090964496,0.05769061292986917,0.7078020851470841
-0.5077371925028554,0.8871980812564032,2.806865887489649,0.18604068169915883,-0.23738044811789807
1.8142647655174886,-0.5143600949369725,0.5985077886998278,0.41563816672973536,0.8107313245717225
1.6882624001002833,0.22796741655165711,-2.456664305935887,0.2935437789648093,-0.7315366751204474
-1.5790503744067912,-1.0390689993456663,1.1859730435442806,1.3759303546148853,-0.4090573351766113
1.2119713964070862,-0.5547735622628246,0.49135980745539015,-1.8786698502356816,-0.6544930286548523
-0.5298503010645049,-1.7175756749828677,0.7819791348901021,-1.6590270959214295,0.5978652832067655
-0.626194171621798,0.8153861147236459,-1.2666489607299969,0.059494821606996096,-0.9432001189784274
-0.5185968138779905,-1.6876254445584609,-1.38931436241866,0.6785503138862009,-1.4173091680674021
-1.5325258640917172,-0.9158420650052123,-1.4730600644865295,0.9795820798923196,2.6252592985511165
-2.30796189391871,1.0185912261427725,0.9528576143531405,0.07850434439832651,0.4915489855775299
1.4487973383523836,1.2661314975343765,-0.052643873929358945,-0.368240093249829,0.4252054525619823
-0.5838675454323679,-1.1439478567614885,-2.6108307893144653,-0.2962531503181323,-0.03377882451948182
-0.20937854010865178,2.417624644172307,1.2771783844103408,-0.7171973018611989,-1.8870648862688713
0.19703800623809978,0.07519421686960323,0.6229318821568407,0.6884162731358813,0.721396434105244
0.7994401051630757,-0.2272247973159455,-0.33738669714403646,1.3523601245354122,-0.586584688679386
-0.9482553950962013,1.0220050602160697,0.23863832227765938,-0.9914979752230763,-0.2747230639447884
-1.9529368104749645,1.4197961055845687,1.5320835596778575,1.0582171595089658,0.018870450553541716
1.0401018126134622,0.9196555249501117,-1.1754086140624525,1.1444540789700943,2.1846861797102775
0.15233154407912936,1.1247747880246042,0.9754902525166568,-0.2518208477083521,0.6262997418130924
0.19019335444709487,0.9234179165134188,0.5044632829779591,0.8411280978728318,-0.07908263543025501
-0.2506736792422437,-0.26728110516286324,-0.5293277021456922,-0.47294515899937767,-0.5250031890252599
0.2140578142777183,-1.6370216394526158,2.300001198849478,1.5162976514201283,0.27391403506926687
0.7892338203082638,-1.0034378091749674,1.663179635070278,-0.7729462135920644,1.6758145284272896
0.30667887346485345,-0.14053753131152816,-0.3015014098657534,-1.449047549258893,1.243644626822293
0.12263591814005421,0.2338517033386271,-0.8829699052434077,0.5133860111009525,-0.4563893695659631
0.10101478723851019,-0.22009584616124375,-0.44387851925076705,1.2568601414350178,-0.6908245442867987
1.3780436621002252,-0.17109962083272764,1.6558790966455033,-0.6085477148712516,0.36710639118991645
0.4292758704092626,0.14664407151140663,-0.5610128403663629,-1.0818269271260723,-0.8747355746762574
-0.23900871211755637,-0.6056717360936282,-0.6527056370620404,0.5800563212947919,-0.37892391509669376
0.6376847922964635,0.40132150106380676,-0.5337786260147726,-0.896369871414505,2.152709963435501
0.8042716060879538,-0.08435057745535994,0.5749974968286531,1.0551831763728041,-0.9807417474237122
0.6515147744647793,0.7413891511909776,-0.029450562295717634,-0.26880605380560524,0.8582298119199181
0.702866310189702,0.5043640243016599,0.9385211727306283,-0.9261658618582228,-1.0177934264922723
-0.24235717107247365,0.6696553294239654,0.9313297266618303,0.7991654646850928,-1.6819487891778824
-0.44600082879286285,-0.9921178226192501,-0.6942372296765513,0.06988465994233702,1.2761069174577624
-0.47196016818550657,0.3126135458251107,-0.6337161565739357,-1.5017872017856913,0.1338992638711359
1.2830685555985455,-0.7055654265862296,1.1708270662563292,0.252999285260882,0.33562323284188256
0.9563237039664118,2.1686047306357636,0.1955352839369806,0.6791885954962567,-0.2006166435691175
1.2959309967960488,-0.09990243945814131,0.8594871546368313,0.72856421075305,0.5766242320922783
0.6289983112643572,0.041980968238885905,-0.03821393816799246,-1.429171364423542,-0.1890994965708642
-1.4159063288220926,1.2066792868822467,-2.2793168650960864,-0.22214439863996016,1.1230075907084982
0.37595615203588645,-0.7670613881369893,-0.42609561234221,-0.5937756661088793,0.2789668901848804
-1.062766763801441,-1.3609243877476591,-1.049106197759023,-0.4099309272820123,2.8687967446897216
0.4077681973887597,1.2293840865691246,-0.672461158908937,0.4681567874103529,1.8563200305755683
1.2799415050817575,-1.2473282497273208,0.449435341418747,-0.8047646857078894,-0.5168505547637288
0.0606885936668175,-0.38907864231347955,-1.252118753126383,-2.037410499223132,-1.0680909792761628
-0.3151664391268405,-0.23830390176918595,0.8115974884498294,0.37738737691589325,1.712980141104433
1.012630689983767,-0.8971706447328457,-0.5649478000215906,0.23586674695931503,0.5842055261467286
0.32429814515430994,1.5226585008994293,-0.6617160267388574,-1.7640700969943017,1.936451406596861
-1.1790135537672066,-1.0551380654512523,0.5782105630393565,-0.0733260719358355,0.43013791827477044
1.7023618288877265,0.5119301661553802,0.5740099438479654,0.7327584724554584,1.360425585426906
-0.12300962627427164,0.018317788647734964,1.0813107177374992,0.6192964346468152,-0.20403985783966788
0.6593366407329145,0.5361184266703338,0.8130881178711065,-0.24907294279298103,-0.13361083715714056
1.4546973231049865,0.48433611400142557,0.9542770902261682,-0.5307972074324937,1.2629989463995805
1.195468960665855,-0.8400920900156565,-0.9203540033388531,0.8616594262490251,0.6787020623784342
-1.1609864034581767,0.045878052012682836,0.6109479187969122,0.7592232114729845,0.12991978136894392
1.0988885017305616,-1.0034575336379639,0.6913011880352032,0.9127938539329354,-2.3620043658011673
0.48252119522478376,0.6681850292966633,0.11667732218866916,0.01910575963062701,0.9180756459977218
-0.2503555321472895,-1.6257850239524663,1.1673786723923871,-0.09590587724549876,1.9421949211085154
-0.24052922599919782,0.2371436796450892,1.4981442968024918,-0.49723784955289807,-0.4489971896011595
-0.4745942678798194,-0.331362805854059,0.5081523152358544,0.5295176203155869,-1.9158505859466641
-1.8106888834168935,-1.2534657157272537,1.9676072949296775,-0.5181632228741059,1.4931202858880983
-0.06400580620296936,-0.22349977004727947,0.07866819309370837,0.23182466012880307,1.198811389222362
0.9359370672607283,1.4289646123634165,-0.06423602529436635,-0.9116748954378402,-0.6931039241024869
-1.4335976341758327,-1.9228033820203465,0.06459872006676529,0.26827127228185854,1.2248852976392284
1.6352610092939197,0.3631310778658373,-0.6117148081529648,1.6010750631996042,1.5972624630458476
0.6366449883959722,0.3894857117667392,-2.2412161111102127,-1.634699213694797,0.5492631815765513
-0.6440240452070229,0.15650653291851124,-0.5737599321292426,-0.8463771383757468,0.2592305077835453
-1.2925889688642647,-0.2557558210081443,-0.9503436111281687,-0.05073212742794861,1.5457869503431425
0.52754536377193,2.002987858134346,0.11246576770301353,0.2898211572238581,-0.5130853410012179
0.8658371213698229,0.5860293191238802,0.7727242486144217,0.8469993224245481,2.3853419115702565
0.21157914305990677,1.4504549189951388,0.07266528422300325,0.7868082944133666,-0.2802724095804676
-0.30961832083448754,-0.7226479010015519,0.12926732901752172,-2.0887294779869716,-0.5532303031562847
-1.0089128342174505,0.3922657885038048,-0.5601913870185233,0.7874840974216099,-0.9299833757837551
-0.6748324263760943,0.26202006512150305,-0.2229085366990965,0.16301593270773215,-0.3922131710171292
0.6400297974758221,-1.0101739225227913,-0.8314238730719908,-0.17432430530033385,-0.01545431749442062
-0.43570030933599657,-0.03310957272793865,-0.2849004279784141,-0.3551372547102968,1.1015065099050316
0.26007820915362284,0.31264369343303594,0.1353736290536757,-2.4250190346370983,1.8444557517534075
-0.02300428012479974,-1.274821005054252,-0.9874622008162205,1.9845519142325918,-1.7949104294850704
0.4690187646739922,-1.0624356086161464,-1.7025317551367283,0.09731596042049658,0.4319202459238582
-0.9880010997539939,-1.457560774569451,0.38894319992909127,1.4924457614247846,0.1022172321800448
-1.2133673408045635,-0.6276633128974942,0.21574506554688958,0.5837430081630788,0.23039905922884327
1.173675476053571,-0.277285742602408,0.4492144119563048,-0.4949313774906482,-0.5051543877690247
0.9304060409138577,0.08562437424262828,-1.109940730748843,-2.9932538152447226,0.17348922899323138
-0.6521589673909624,-0.020582772696246584,-0.15760655017401132,-0.6618214228137913,-0.6470881530754559
0.3630818799124297,-0.6859787129746534,2.02976152114775,-0.49164234100693843,-0.010034195470338392
0.38677836796261333,-0.13025863810121507,1.2549584321296765,1.5718312250545117,0.28733777681877304
-0.10923275943315347,-0.7579699857218719,1.5797708655946145,-0.4124279072580546,-0.11910340084444992
-1.9946544474076549,-0.28823190372215907,1.062396339031706,-0.02365055608350414,0.7803211892115951
0.16852254412347845,-0.2661625710370569,-1.5557927214772356,1.169591862897319,-2.1782760811388764
0.2044066921446985,1.2605915530391556,2.0099649929098806,-1.555074448236541,-0.04884125890324484
-0.854397626497163,-0.6150682618044463,-0.2868012943011966,-0.7618894015009964,-0.5988004383728198
1.4498793000702934,0.930685045642759,0.24819356214999974,0.26741112851344817,0.27640298489687726
-1.1781828757279904,-1.5032389318303498,-0.09149858494407272,-0.3209084743331444,-0.14430975675906327
-1.6713821590726732,1.6627216088254637,-2.330157816102841,2.1128380684419086,-0.07036338920225894
1.156682006108198,0.3859887790893204,0.9428180750321953,0.13354005497031976,-1.9603414189071122
1.80695105910021,-0.7537809352820829,0.8030132218190007,-0.6262521502790488,2.165946045077385
1.280938490260074,0.04088261113827974,-1.668682855329238,-0.18697127395726731,0.5057555719184876
0.7428708889297715,-0.6744515481671037,-0.09147247360229428,-0.23754100021455196,-1.1395471978547538
1.905424605633457,-1.5340364447560868,-0.001192870225953942,0.8880743492746289,-1.6749357372345233
0.16903437111688877,0.11117949246158988,1.584239003798764,1.1923751824884405,-1.673990547660387
-0.8094616576574932,-0.5862050476374523,0.7948117713108774,1.3708936809687733,-1.9886274289995902
0.4369691063801386,-0.7395612556925099,-0.9230774138623318,0.39201016706134534,-1.2613323841532122
-1.7837939240496077,-0.0834563722383212,0.09496749195767647,0.42610082968516033,-0.8379471439025907
-0.2816883784294208,0.18761712971885366,0.5938089710017823,-0.6592583369123507,0.8961583949453975
0.6679456975522712,0.8496314792470233,0.2083175440991688,-0.977862108130654,1.9290680813657335
-0.8706059451068966,-0.7262030536818124,0.47000397535198046,1.0741999028645783,0.09064098228571603
-1.546872282847068,-0.24421635609630665,-0.5682626169571807,-1.2158908285743328,-0.6992159530620794
0.2683092074657635,-0.41446587740631774,-0.821135752138445,2.448960407109231,0.45405316770152515
0.043820774245268736,-0.007218788635594113,0.5768444134571854,-0.9632625489822455,1.2412015252518445
1.9401167919401223,-1.9277403239965263,-0.5326949454540394,1.3831499328745285,-0.9620139640776213
0.541778850526108,0.47361501161208625,1.2783413130537378,-0.09241047990497234,-1.0831540962295971
0.2710713062695083,-0.4664498721305045,-1.4306633003130078,0.6328379576395261,-0.5387681115853526
0.6661037414862677,1.1794508606675707,0.4101083578383575,-1.4353949218433715,0.975942528309657
0.7268111259701948,0.7502086036039785,-0.7684247082552462,-0.9686048636520663,-0.13087117501832152
1.49669618286516,-0.17903708572848845,0.592965963156518,-0.1355159247378102,1.7942913534083114
1.3844189092749153,-0.2380334293029482,1.0107840227121787,-1.4416356356260982,1.351389090520002
-1.2088360708919617,-1.4156150908324179,-1.9351109692138866,0.5883949138704074,0.47857390149158835
-1.2280000233723394,0.5583547230109208,-0.7451468856761136,0.22837077469952835,0.13702615161227705
1.4942624418412478,0.4748819105554266,0.4583235743390801,-1.288166674146247,1.3581330352448102
0.8506761091568892,1.1104295152667625,0.9444263951188387,0.3782454874352005,1.211666959022895
-1.1644755105355897,0.1286859829186791,-0.75588472928694,-0.302352386231494,-0.9363339784261312
-0.06214633551380907,-0.4532136878515324,0.7121935303157012,0.19294901369093073,-1.2582189440757654
-1.189709779936748,-1.00212016535515,1.187045319013944,-0.03425160796873323,-0.31570977002978284
1.641233338775425,-1.3911508567489792,-0.8717365666392102,0.15229658029207735,0.499253412771283
-1.1903735299119826,-1.168950743769597,0.8004155206184608,0.6351967223843871,0.8881359112505488
-0.3470383890946937,-0.16532227529880789,-1.6638422562899426,-0.12234594067231915,0.8953386079675203
-0.15149857033719683,0.5035585552563799,-0.9590491364908952,-0.24265316173302112,-1.6725602277485319
1.3157663214417963,0.1443720590009188,-1.0361345480234085,-1.3956026841658202,-1.1493384147457508
-0.6218252477544749,2.2059651445259356,-0.9679784843200352,0.9309193371564524,-1.797974565568392
0.7945420902086532,1.1486661293061355,0.24185108697494392,0.5202909452725853,0.06273815186255989
1.4403937679687389,-1.3470637537561452,2.87868911437828,0.2864309283215339,0.050349782066987855
0.2507518594608432,-1.3922895467579932,-2.3276573187901892,-0.06419964773823708,-1.7974117535252085
-0.2107278491351644,1.6305361442481292,0.14168157660332037,0.558821821634167,-0.5564868202815713
-1.2394580159302804,0.6300389300360328,-0.6513006678409012,-0.11956533231118366,0.32633759463469636
0.378384560441533,0.9517572346208388,0.17737165243830094,-0.4183140717421981,0.700751733348549
-0.10770339440775409,0.8886650946684992,-0.07785248285476601,0.13457307903133855,-0.42015074921314416
1.1211872153460105,-0.5766387520273323,-0.565620818175781,2.1043162303553187,-0.2625646041436808
0.3677428422467942,1.4641274819543697,-0.4495965482150884,-1.9435324575910098,0.9779439278746201
-0.5583314911288806,-0.9596563129958858,-0.22648557473900016,1.0920167276234312,0.42793991523943825
-0.19866631695219164,-1.6286339961164313,0.1934255339590952,-0.16351440894778058,-0.6447516204357059
-0.4361806084206698,0.7413095418815944,-1.4233548365960265,-0.6317718965864381,0.30736360137882246
-1.2302295959977412,1.3193159588420664,0.7671116870384413,0.5009779112898769,0.6219108769508109
-1.308289391275209,0.06805467178589553,-1.2722550605043152,1.1998951775644773,-0.7038947515117502
-0.4486915998319421,0.7039844227978055,-0.029010480170500536,-0.07520187594383858,1.0837610173642578
0.37296119261411065,-0.844131283690815,-0.7809033687049293,0.012766356020841495,0.6025682752388539
-0.5883743371760073,-1.3917596676745028,2.410275900967804,0.1885227984169408,0.6147763569287965
-1.3404729390824097,-0.18990104686430717,-0.017380524476342564,0.4017892062959933,0.188106002946142
0.22869942112395034,0.5615915305704188,0.1047048792494801,0.09518723377338506,1.1018707157052532
-0.5317128728119945,0.5649187301677847,-0.27566668587321,-1.414877563562146,0.13008218255754284
-0.5452554437682696,0.7351985731090531,-0.7625804019264101,-1.471184917203618,0.03376254157928856
-0.5695739161154151,-0.3882668768271791,0.6249299015490289,-0.8834265052942576,0.06260839278559749
0.35949896798535186,-1.4026624377707242,2.167649736039143,0.7343119295965577,0.1122107060771526
-0.33710257947388045,0.7548864770652641,-0.2080976771112226,0.5809556131675924,-1.242963715427359
0.2356032652497515,-1.1143168618154946,1.4292447747717085,0.04785249356343082,-0.33578392061356105
0.621459230050386,-0.12370182323160357,-1.343495088976108,-0.1247623209661269,-0.8418088326640174
-1.2468180074450144,0.1794660780871168,0.3182598330913153,-1.0117335755094803,1.1818022620284052
0.02498076430644437,0.8103398402025355,0.6290817076040891,0.10923053099057929,0.7827573526905551
0.05835609960754866,0.4374470430169193,-0.15214702520812387,0.44873553240420044,0.40849515716179385
1.1478360530828895,0.21501647203584606,0.7947738969474536,-0.6062516377635947,-0.5795213508327501
0.6423181712295155,0.34881122834124617,-1.523886335338128,1.1422795256181169,0.3488771776672316
-0.4130588381629369,1.0525051492359525,-0.7941005764463895,2.473677383412262,0.49509789761520656
0.2803620910442879,-1.0470509407521311,0.4773716412454332,0.05533953250031853,-1.3709503688780158
-0.07631015067095419,0.32013281105032826,-0.06525335092391117,-1.2683682373909053,-0.06896171379745579
-0.11738369297343575,0.0809179581362054,0.2002704989932507,0.7007972759818437,-1.0441837466969779
2.647563876923953,-1.0543309902095106,-0.993165298751509,2.940223168246785,-0.6004485378746982
-1.0884425150132735,-0.41250466828457455,-0.21587915491294313,0.005297691476529564,0.9028973821498416
0.823828769569063,1.2035552474055042,-0.5044478488093236,0.6841044630632453,-1.4265568157318718
1.419776628054004,-1.0339689429257226,0.5026755736314791,0.7151825675512087,1.5785301630492214
-1.4006911758766305,1.9120443691520992,0.26205895260454,-0.4892860624879715,1.4071429575895726
0.5454728199690578,-0.061234647872101616,0.617392167912154,0.4727773550207931,1.8064089788519506
0.13117782608791914,-0.5353123699417834,0.1587491932324048,-0.7206359700141589,0.5650413490334982
0.399217608634379,-0.6826452180081208,-0.7738882186273024,-0.29599904697768636,-0.5504738538989407
-0.26897035005798875,0.8103681446268771,-0.24269886615165226,0.5128378085703313,-0.1854283889126979
-0.3767106138655907,1.7350284948741928,0.837165931324551,1.1299477437642458,0.016901322205299187
1.585430329365489,0.012974224246571346,0.506458950267117,-0.5574272860377638,-2.8533395954123657
-0.7212874480504051,-1.7903644480856096,-0.34400182525740547,1.0126479239093675,-0.21789265811118472
0.7216494329398486,1.0733261354264176,1.3691162352628239,-0.3123976972702453,0.9552665188576122
0.22837614017825061,-0.8827254296026825,1.6255387035671516,0.32521422528582233,-0.4563238819746634
-1.1126087905616893,-0.32391515224798156,1.546260513424198,-1.4020004242829227,-0.7206526702078073
0.7891875853682058,-1.2290192213924542,0.11595279684664442,0.7196235018353574,-0.2750358384959934
-0.10895271011804374,-0.9684684565150952,0.38476228519653993,0.5428756239100956,-0.342002540503432
-0.2877865372957905,0.804563968673623,-0.8245694981568843,-0.5937791161590444,0.005292431214194634
0.7856058025240955,-0.15997253547324233,-2.178031991271962,-1.1084273769837054,0.6344255082395641
-0.7832019990482386,-0.4344522532091672,0.9295651053466444,-1.4960285481469418,-0.2780027831226783
0.883431587566417,-0.6882195886215062,0.807801813488985,-0.838383871408365,-0.23747934400769655
-0.6943412944971938,1.7170184792922256,2.2253092153959972,-0.18847053682006726,0.002014011183215293
-0.5140620725533211,-0.21794009932749528,-0.8065250106444792,-0.8694612117087747,-1.082709067086001
0.5948436598449288,-1.675203225907084,-1.365324121472129,1.0767631071939012,0.6417549328039771
-1.4355835887431279,-0.08000020175930385,-2.833146570045786,-2.094475165308991,-0.5216197272161223
0.2456022960906755,-0.8307114086241421,-1.6014615149224458,0.48246033385059894,-0.2197620514150082
-0.32300272809660713,1.1868863757092825,-0.6076224001919451,0.9776698099356594,1.0740662018193117
0.2383511792817981,0.6539074334954352,-0.2668479176695366,-0.586203911998542,-1.1206165408597757
-0.31055158823296697,-0.14682065049172158,1.4031671422911687,-0.45831603236679547,-0.24044539648005525
-0.24529271914318249,1.446771713255315,-1.1683789071829227,0.24768444506095097,-1.8084601373106532
-0.6347247742983486,-2.2390794793585074,1.5821902754296138,-1.1220255256342853,-0.612195433046966
-0.29730449774402684,0.21835027352209188,0.3002576415376621,1.272770697609418,-1.5196724443803904
-1.708248152035973,1.7075851045562238,-1.9365606368115964,0.24116927596548626,0.14544276823772773
-0.25545090584489066,1.11418685587392,-1.6505355857333632,-0.4648050702374735,0.6336534988355594
1.913346876035299,1.6877372216281212,-0.429390754407986,-2.2344685471474888,-0.11811694229025699
-1.1177378219717653,-2.910459986594476,0.7050608955630967,-0.05659957334844912,-1.0994206118663903
1.0866345742654475,0.5883727362087364,-1.3354214451070614,0.2752966777193537,-0.11261007573561277
-0.7778153080207509,1.530457071559337,-0.26923700811905193,-0.049638499276046376,0.26905583055921006
-0.5987279389469994,-1.894341866596912,0.4570382001938472,0.9393500422062855,0.6585800062483038
-0.6423497055386718,1.3033385875856935,-0.434612489441618,-1.8161408417340426,-0.4571740304865959
-1.108688711297699,-0.9541565150164235,-1.6866420226330752,-1.5003424706451263,-0.6092762532585815
-0.7659400262206907,-1.1171723399280438,-0.6576032456271184,1.7128201326567025,-1.4222112828743925
-0.5885860577447602,0.3224796926609491,-0.7665124894048607,0.32455461945124825,-1.4012711439141983
0.926458984419562,0.39260647261209886,-0.08853073166950078,-0.2564408339705306,-0.6085133653695627
0.6303428057998699,-0.6732273188261104,-0.21646287504351389,0.10426082947658291,-0.5787467600465357
-0.6937676389722117,0.5044281762631934,0.23875912217191333,0.5710073034464301,0.4215706823530646
0.4531375875263382,-0.4252044412731693,-1.48866928906025,-0.055908835127856805,-0.005481708454596291
0.601180393664288,1.295463233466595,0.6753753632510395,0.18678837305610188,0.267242336817318
0.09307507220671121,-0.43960957556455493,0.4948961761588104,-0.28452715907545156,1.1399095553938143
3.255041703557175,-0.026946003676402184,-0.6977974539164348,-1.1520601310643768,-0.3156202129917999
-1.4825904126569682,-1.9266701194962812,-0.7767690261423413,0.8637208876646343,-1.3610120103636352
1.966788723356811,-0.7952251647012419,-0.4444777797633415,-0.027749263562163586,0.023164216028073316
0.8807862954036598,0.4009743712530663,-1.4325509200524458,-0.11586250707242576,-1.9142185546873207
0.8301497098169739,0.25945049836285494,-0.7659385709621711,0.03863409233513019,0.2884594138479593
0.36432955455379573,3.398240183918481,1.403795353294986,0.6894959714487467,-1.2483614064069515
-0.4774358316319114,2.0851514103048006,-0.6933610791147985,0.5968747901376008,-1.2325626998342378
0.41437309467370154,-0.4743184129939445,-1.319984855061173,0.7049346042911827,1.5228738804835138
0.9588420804998763,1.1029024031935004,0.9069725233288928,-1.0963831899549878,2.305276816216587
0.04961395613426031,-2.009627951471904,1.1920910302638565,1.0667971988142027,1.1465011449874045
-0.02222527048861379,-0.5418195422945199,-0.8470983177953821,2.3094747352080733,0.8784982978194024
1.11762943767423,-0.5520203049060114,1.0223665657140228,-0.6405627259450497,-0.289852728488341
-0.5104608797243732,-0.7210023033128565,0.3454989048560149,0.8163743117039801,0.20057867669981408
-0.3783077130936073,1.5511893730398951,0.7709721701866717,0.6996166771923507,0.21166651404599615
-1.182877609439995,-0.12353237491385244,-0.08096007069071438,1.093497791144393,0.027307391265939014
0.526758703929588,0.17443253417577445,-1.0229629779981773,-0.04586392507316732,0.7620382219467082
-0.16341773673419197,0.0947341702509321,1.9378235619050228,0.7358008157953424,0.35463118353237993
-0.7247492752819915,0.3029387913791334,-1.445642999916099,0.11884044468536749,0.20539873798792394
-0.21106214782106658,0.20688281473249973,0.8849663163797554,-1.5006035796463941,-0.22934233380161256
-0.7060739697762544,-0.25897372900905397,-1.1186467441306864,-1.2207383729162855,0.019844841637953595
-0.41226041001009495,0.48486611488489995,1.6673837567070289,-0.6811998798170257,0.0661992607007166
1.3133727616911415,-0.6692575204025051,0.3862256818985461,0.3958683273582174,1.348956459994557
-0.9120942767374778,-1.1054718521636533,-0.027102574714493368,-0.8511987738310571,0.42860414518411716
-0.2731370059922802,0.9334614858343717,0.25040638446200747,-0.8589646570873284,-0.8696680781501066
-0.10039146216578376,-0.29103856683967716,2.04280372942311,-0.9166275612722025,-0.9081980573312968
-0.3237622328344665,-1.1834005953358209,-0.27857840783119375,1.7417885833443987,-1.1390129941025444
0.9079548072459769,-1.8293668463322394,0.7026136280543439,-0.09319998567119109,-0.029332854356749052
1.6608644839010016,-2.198967301182369,1.0026536007151725,-2.0209163859969164,0.4885920539193269
-1.2765922273972878,0.27035611454983827,1.3046683051257528,0.7862654507515792,-1.3876048281422637
0.08222817772283242,0.7781416538335243,-1.0370269051629655,0.7943325786397519,-1.3260597020877305
0.08368229380104682,0.13296684816300525,-0.1424268906273827,-0.7116116247893989,-0.5630270468073496
-1.4656197135385054,-0.42662344467691926,2.2774356357940744,-0.2841746471065005,0.006302320274591175
-1.043937692139267,-0.46031538111216325,1.061835997588217,-1.6414127877284772,-0.37793025463272545
-0.05290937634881963,-2.6622048681199124,0.5898119883068137,0.5187519397313572,0.2645727404637432
-0.04672569773660458,-0.7033971496133601,-1.0394900384659365,-0.09496885672625151,1.1742410533374101
0.1326745455053855,-1.2955464369264238,0.05848441016781555,-0.6605459290896064,1.3586896098307828
1.0554697233498531,-1.6412142298818648,-0.2793499691217263,0.31288176416618757,-1.5193018534404796
-0.039737435003780186,-0.43949847238219925,-0.019647776673370927,0.1735668116980975,-0.24357644811368565
-0.1630194805143237,-1.4334588292878434,-0.7473413831363038,0.3414365116249434,-0.10940974853334648
-0.09240593558153148,0.14829373528172202,2.086131179553034,0.6812074964038242,-1.2568854372403249
-0.625241447776984,-1.4532444676307061,-0.04509574965778825,-0.014010428992860108,-0.507513893441956
0.9851076708862092,0.9699114116320283,-0.866024119373894,0.01289192326167714,3.06668072806799
-0.567795497516906,-1.1497810603601417,-0.930238564949716,0.8564537225841118,0.11547669832340805
0.6931130647902887,0.3138239577068493,-1.321749451329007,1.384732043737969,1.0997580152516149
0.4199791164501558,-0.43598359081287374,0.9093792061225578,-0.13252351545977517,2.265408436960762
-1.8918588665895282,0.7479552181501384,1.0703750625713198,-0.18382359920811145,-0.5500544738780903
1.1071788942635292,0.2999151238701273,1.7523569001287744,1.2938108386190426,1.663658991547926
-1.1891452193896657,-0.36141608926648366,0.744213540457209,-1.3945675911326882,0.7160379428913671
1.282414501125207,-1.2421550401833648,-0.34302878675155907,-0.16593322629145368,-0.3931622258820609
-0.25410960680486444,0.49309555285645834,0.6626190372668889,0.7585862551661673,-0.2794975407444816
0.7129910312480857,0.18539647153070057,-0.7458998468373671,0.39069234073740094,0.37659559455143504
-0.32848554099209115,-0.7019470708038474,0.6240024535942127,0.8802823581102943,-0.617983813141312
-1.04772884675071,-0.8269949888559991,0.899727297120574,-0.8918061885717671,0.08376754372860233
-2.0890046241544704,-0.10145747112595063,-1.0072289788386597,2.10923719857179,1.6535313028440837
-1.232690795741752,-0.06828093923490045,-1.7371806886927545,0.37631368466072235,0.1094072360736093
0.040944688765070535,-1.2943032336032996,1.1088908364912424,-0.5178377983052551,1.4755199884438874
0.5222385921600948,-0.076921145614693,-0.686989144593194,-1.000675147052099,0.8519584165380407
-0.5855229898550348,0.8799251203776902,-0.7241900831935462,-1.2933012921072295,-0.3290367894176487
0.8375782938092029,-1.004540388355224,-1.3745952084964184,1.5325091357746234,1.0354803192861963
-1.0031508182454714,1.106788462059839,0.13424031043512724,-2.439636312259907,0.07170009830573144
-0.6325259321906375,1.303639682953982,-0.3414781106427468,-1.390427977537179,-0.035933683977541896
-1.0639795848035551,0.920830008239634,0.4121577462497208,-1.1204616087038142,0.5401509481604498
-0.48551507858665816,-0.8914708279999678,0.8545726099405736,-1.4005544211447547,-1.1572997739327224
0.3631814329016645,1.1580138661608121,-0.5982790506762958,0.14674342034747476,1.3134541800347925
-1.7557331576421835,-0.9451183645617791,0.1781410918112059,-0.7567182666616056,0.8418737383958184
1.7731032549264039,-1.3393504280314144,-0.3629622840781921,-0.1356280677701944,0.5280866533801338
-0.5633858243450627,-0.5581040811531669,-0.5980097972111045,1.761320213785381,-0.2735119879106676
-0.5048453529492184,1.3780273501373739,-0.8623011861649986,-0.19998804626861616,-0.848033847504722
-0.4862762629597231,0.43907676662286943,0.44565556559743685,-0.20627236705762747,1.5241389422777372
0.5655595184714267,0.14414088567467295,-1.1919468800746704,0.7222588345745512,-0.6178476724455322
-0.48321154812454653,-1.3196375249111425,1.0160119123555549,-0.6221831828577628,-0.8046868334736514
-0.4973247829510135,1.037642693892579,1.4221668321288892,-0.35635781750995527,0.17648407803187727
-1.1113997912255753,0.7994455771146898,-0.545942159662499,0.169942001758728,1.3135789781133316
0.5417079808681797,0.4211061865585817,-0.32039449197236625,-0.7351233663979514,0.6447941369042897
-0.3731465020273038,-0.8905645005236225,-0.37665552590607565,-1.0996339647711184,-0.10172820651427247
1.1354103297313178,0.6023248126043994,0.46566314080316196,-0.04149090681377213,-1.1700119764213677
-1.1344152241139147,1.2061556151671629,0.34574710096778016,-0.325631903118273,0.08265915230744329
-0.1269703561495644,1.116027616465738,-1.506059484571741,-1.0430165477794,1.573087597189868
0.6778161112081259,1.1129679850917524,-1.785373934112865,0.17541452396197973,0.41722945601653333
-0.21087205785880422,1.229897594442669,-0.07249289735487881,1.0638732940983708,-0.23338685630709585
0.9420584315093156,-0.6950410008499964,0.2003098240198071,0.8440344935819263,-1.2854607408511178
-1.2816530683204723,3.184969438832366,-1.2828620137971725,0.6382968249807991,-0.5352435514077499
0.47716212527524576,0.9573002013308127,0.09355556747252287,0.0696717496805381,-0.16641835627192292
0.7361816355910645,0.21611826174107118,0.720942338065704,1.7334865800075137,0.6363097006105757
-1.1835456409139669,-1.1955609027676228,-0.682010379995242,-0.2732886007196534,0.6041003916501773
-0.30309791128352154,-0.8305369010087119,-1.843390136917711,0.04203977625432752,2.0775866406029175
0.7175047456957107,0.010187559925220293,1.0008048153591613,-1.127443090830013,0.047229702147893085
0.9358875947265328,0.330358542801319,-0.3922663461830551,0.07451984052781578,-0.19924153660020616
0.6022567881867678,0.03143512967518155,-0.33333074577753136,0.790299229797308,-0.8595281125279591
-0.7796466882355999,0.2618037980708421,0.29355446902932386,0.422490634245849,0.5313166120491708
-1.5383686491371533,0.1584708395058999,-0.22517314416640846,1.3607866926672323,0.2611889774041282
-1.4412480462102466,-0.6317985540227438,-1.2460265623244429,-0.39918343767584946,-0.4307214987970011
-1.3071711794189855,-0.43097894827881184,1.7615886173868138,-1.4685850275050167,0.49027342880733854
-0.41027233147681524,-0.825319542599019,-0.3290830175678035,-1.2046402078418885,0.760266463658983
-1.093104099289581,1.1069761556185576,-0.8510497024661459,1.5828310684061095,-0.275655144841301
0.20265258787047175,-0.39582241142639535,-0.25437152796320256,-0.4225139535594512,0.3153752361650499
0.390963604539356,0.28386677824329304,-0.408053432120381,1.463177840783184,-0.22500076551266568
0.6712442253313898,-2.8441866874239095,0.6511931251317508,1.1594943412644885,-0.1107976355937304
-1.2002558464074164,0.8756167806383817,-0.9730230748949282,0.47914521122223436,1.1299109762687625
0.1708503776605012,-2.765466809180796,0.5027342742957082,-0.6295706594700623,1.4195484512851733
0.2570495697939013,-0.250616552612552,1.2329780578635976,-0.6852163635335718,-1.461811196902621
0.32678855095669307,-0.45120486809769167,-0.007396800658511071,1.0912803625816456,-2.0958213779005086
1.658612894712398,1.8674152179045256,1.9021530554701815,2.0361615928411374,1.3152048930697526
-0.002108458868723531,-0.9353752390065986,-0.30134824334160776,-0.2761832236643964,-0.6026586057553897
-0.200059866143776,0.46188646930048544,1.9685745038541567,-2.133415147334812,1.9249400458704584
-0.22310181279472285,0.12278901813918636,-0.09653873062991257,-0.15848812368049917,1.5334326512724028
0.7795531684041709,1.3718363393708997,-1.4594454683507312,2.4661681005600364,-0.647140951925976
0.3566357309427619,-0.4771921951936855,-0.5192528907404526,2.030620372737709,-0.670692590472926
-0.05411366538014516,0.9555465967579778,-0.058254754124150716,1.9363481632039923,-0.22941765801962394
-0.5813069401622584,0.08021427118639446,-0.04695691972657495,-0.06543192978582697,-0.53079383681654
0.2549168645667892,-0.6417959128076716,1.210834134625294,1.0513710288271316,-0.01260988756431585
1.0067475935793166,0.45985791181260854,0.2511816026240516,0.9228522139424398,1.9865470575849826
-0.24707111351312264,-0.4970745976665187,-1.2191137813886166,-0.269520064315478,-0.33877944987563535
1.1474894718360042,0.2179950124154886,0.7959464114257199,0.5917527994149223,0.5524704038618357
-0.8183046405782307,-0.16953493707936612,-1.7051285990808036,0.6327914743809024,-0.4307048741431268
-0.8473496659014926,-0.7948329423129501,-1.66929359643408,-0.956721949446248,-0.7489201766406738
-0.2901970164009661,0.3798619916816162,1.2243491925933296,-0.5575470308706977,-1.215457760345718
0.3113329079865585,-0.969817170921351,-0.9507675512820575,-1.216822076462715,0.28620204042118397
0.07597198643489808,-0.9080112762489511,-0.4162668488212646,-0.3620387416646489,-0.39054147262145145
0.6499195363998079,0.6965624745435526,-1.6236080570245257,1.582929829740383,-1.7848634873863305
-1.264512325487837,-0.13480708869745944,-0.4387406219861051,-0.46259733235059824,-0.4250581901146121
-0.40081932272673154,0.19000271783105144,2.6143341916278664,-0.8828186877630504,0.3657656703720803
-0.42461792000786514,1.8216873528607465,-0.739081913593381,-0.13439985464156592,1.1105062904581728
0.4045281293036673,0.9857259521102412,0.6424080515980833,-0.0608967886449234,-0.3878887944824595
-1.8787719733515984,-0.48724069293600897,0.012290833257227468,-0.9885563055175061,-0.6183266311221597
1.3437663910802342,-0.11797227673611171,0.13871471012702577,1.5941820867947731,0.09147485487261177
1.3121652765041625,-0.8824887712152641,0.3372290242232938,1.1532589825949053,0.7319891455291291
-0.8253612307623511,0.12203472864760727,-1.2181778573432434,-0.9203847430942541,-1.657351732390331
-1.005479497325714,-0.12504118853429785,-0.1971645686420171,-0.2887748724424759,0.5000158819398145
0.1822693984398524,-1.6870643657932907,0.3166611993040236,-0.043710772604446585,0.8396325680016226
0.5877834619283305,-0.30619490170143776,-0.43271825230638233,-0.17058895314378106,-0.864265420348556
-0.0751770350823806,-1.325438553250753,1.7851652646127754,-1.1525599137660754,1.0870288436447875
0.08181111060212021,2.1450321390975287,-0.02901699602937507,-1.0425772494151055,0.584359031157687
1.5016392870419322,1.7945085478224998,0.30051726294245323,0.5237852522743687,-1.3795335532613535
1.0299012011747213,-0.5111726337012503,1.0966794426071567,0.567869078014793,-1.6920309658842914
0.6152686559317762,0.21219730128657902,-1.368389236992565,0.6185768516995889,-0.18316356532605024
-1.5223400297027663,-0.9962812389748351,0.4522615047046834,-0.25200516246405724,-0.7337949059806737
-3.308169500161572,-0.3029216836578,-1.2827929375800513,0.8635041502726677,-1.2150690838230447
-1.3776743860781384,2.1077466747926246,-1.2133841424064102,0.34382117515041116,0.18575335150390343
-1.1488425085714908,1.0130673707476734,-2.3188315865046736,-0.8453532331182725,0.8104822111290051
-0.5901101107325141,-0.22350413477132094,-0.1975704003317918,0.015262145741283614,-0.8381875687805747
0.016302098088937112,-1.9640937157914622,-0.05388251979382781,0.11153966110456746,-1.2561220381752674
-0.9235601864381794,0.6265736946290832,-0.45078084596817336,0.9282808432178152,-0.4896525162663048
0.10667691481836261,-1.7701002179975855,2.3610353133049093,0.1453127599506811,0.12767164389836955
0.3507165373966483,-0.5384950297540698,0.959360303102599,-0.0060664534790233916,0.9230012895654006
-0.6859882025015357,0.541779493400437,-0.18954664428198031,-0.5079536971030991,0.2013551361668695
0.10751613938788462,0.43055902142295027,0.6988017056575496,-0.8829274777277554,-0.856434128938164
-0.13813827124365624,-0.5801590878061385,1.0265561463251955,3.0677757062914797,-0.2864082646899605
-0.7029107947731513,-1.1015298801298083,-0.8474945273289799,-1.1513076694693005,0.3539393952167311
0.07754567853129665,-1.147740472645066,0.993724406230955,1.6003286282238007,0.48450798251376154
-0.5603767374510065,-0.2821809161784504,-0.7476522457356181,-0.4926892156288646,-1.1560364816028856
-0.1547331886464724,-1.817647824477218,-0.2488372647156504,1.8811227946587303,-0.20342225122292074
0.017549239114871426,1.085676343699192,1.2503043060662544,-2.4610994598082727,-0.38183491892223304
0.20836155035485016,0.2286682171552292,-0.5741943417330244,1.0472760448030085,0.7943752919794512
1.1995363351545403,-1.8158656761303915,0.7023949016303828,0.8317863978644451,0.6457249233285991
1.182912301087069,-0.06505326215967248,0.6642402382193259,0.4679546212651411,-0.9793869137584147
-0.8516487737948102,0.7106040048614589,-0.06863639556916168,0.2884727444528866,-0.9440102263512605
0.49806718237700687,2.08987263604802,-0.5250671371002639,0.6877591700227159,0.07185787560566062
0.043717742907838975,1.1751609494879718,-0.045141733339817365,-1.0105232229397827,-0.1551550905597527
-1.233638880663366,0.9159293056835817,1.1581052288951152,-0.13642003896699847,-0.08318465739956646
0.13536467443526365,1.3695008941134588,-0.4049586860075796,0.5983743741328428,1.0105116341736582
0.018631549697969332,-0.38883282254129486,0.09929739016813018,0.3884773726902606,-0.7881134799684675
-1.233220961975429,1.3510791893584078,-0.26858058788110517,-0.7282098862828297,-0.621997344294776
-0.800941879108846,1.9464568833047884,-1.049139975188481,-1.414602068351926,1.2404996095797427
-0.06170570366877573,-0.34896951032785034,0.7090159340722065,-0.16005475895858948,-1.3196971931178991
1.5075765923264104,-1.5528203955267197,-0.7582736552496193,-1.6653888446144716,0.3691346314472523
-0.77696661830351,0.42758195753002554,0.9173734790319413,-0.2941319641614016,1.5462001579875035
0.40663978374466075,1.805520494750377,-0.14403178200602326,0.48668012165044666,1.2451815877737245
-0.5440815365591564,0.8578967969927308,-0.6229056102058578,-1.0257749317109783,1.651386509860514
0.04586736413666413,-1.1063452569658383,-1.415230629172765,0.2958175851466494,-1.8179760409206907
-1.3266980529704258,-2.188369724165997,2.006379076025186,1.707455390505604,-0.3019798498495718
0.44161265214081996,1.4667233066369472,-0.3630391220734584,1.458053672797524,-0.8782737108687051
-0.7028213325360732,0.5301899761704156,-0.7035223655765273,3.3150697750382268,0.6566262383551563
-1.0233998685203827,-1.5361487360107091,-0.5269762362118698,-0.7736596248666305,-1.4456648385039832
1.3823418993627559,1.0648240239271978,-0.9994051222150088,-0.8458710001454741,0.47083949270871167
1.074285720040999,-1.1150007193266551,-1.2487218476572703,0.9413496007721305,-1.0740439127607206
-0.12861499641852,-0.779773477449167,1.6025133891553294,0.21481218077476985,0.24354327557908692
0.1771359239031004,-0.43761336319579935,-0.563329760176834,2.0404742044737834,0.18111002185033323
0.4919986530593401,0.11485421889841822,-1.3841495888218105,0.41238277730811107,-0.09616530211800087
-0.4795119947295238,-1.148472955130303,-1.1536572078622724,-0.765934955629276,0.08383271317991595
-0.7560411929793144,-0.18729124650741716,-0.2031299479970932,0.9421424892758872,-0.033075446235087125
0.18888981206056588,0.021291218230821318,-0.5708949795054051,-1.0946207704524942,-0.06629879860194202
0.8596362379313806,1.1570314598316451,-1.7955092132485515,-0.20455593149392187,0.4229803407397701
-0.7545120073757287,0.5195629320350407,0.9253648195835661,-0.15355783523834604,1.0783057228167812
-0.41734389108355036,-0.8752056238053312,1.6094720276512808,0.5828628288751232,-0.38622034487907486
-0.0445851264776584,0.15481051908087357,0.6536090286193882,-1.1242139642292777,-0.5338926175328408
0.1310747111646931,0.9199171276348058,0.2267123663262751,-1.3302374068778746,0.9437619048155695
-0.23041566674400163,0.016838057348167946,1.5153943235026044,-0.18735640444313706,0.22684247941087948
0.4021722656247437,1.9385739586170947,-0.4699062419608641,0.9227651157263065,-0.4474966566443394
-0.3444534086533211,-0.6789357477362744,0.5390016012416294,1.6477244798254058,-0.33981987296067895
0.226044694400465,-0.9914520902455853,-0.039933681224657465,1.5800420857635187,-0.41377184262085304
0.06042321021290075,-0.2967586989694826,0.993831627561499,0.7830671862065794,0.5428621312246767
-0.8026139237548793,-0.5761441722041446,-0.5699598793016671,-1.1275776170663279,-1.6774602230449167
2.1585319027847194,-0.7121257730395438,-0.06771567083251673,0.6165933763236044,0.0022721732003199557
0.20767762660149697,0.9424416886693022,0.37325970004639164,-1.5850497434170254,-0.6051241385546011
0.7984781703869055,1.4693526059934867,-0.010554346420202775,0.42669027699500606,0.9751699007132982
2.232141888064419,0.8662247330657481,-2.0073021868241754,0.7328413788495193,0.6018235892490338
2.4710239331563155,-0.5292120298288115,-0.26485401225932176,1.0913016668666269,-0.06088185571183564
-0.5909056427837677,0.5352783169631831,0.5929155384059798,-0.08974146643793493,0.1511404282754256
-2.1021959862782333,-0.46765443755708475,-0.9095236193349086,1.1601668249929349,-0.26942452749918216
0.6407810405715468,-0.7680764609407732,-1.5609272548336568,-0.9417691713454144,2.006112764995324
-0.38928406912339414,-0.4850045010258324,-1.3731313176138198,-1.0715046318474308,0.1314594708544945
0.763037444823254,1.589284919137057,-0.23190451411948773,-0.0711457222724526,-0.5494815955225191
1.4955304049539557,0.4604471252518881,0.45867412976595395,-0.8710181061928395,-2.051041629741855
0.5633743016309795,0.6362370266457067,-0.7781008266470643,-1.9335923720121415,1.139253888494877
-1.0188627633849465,-0.09836171910902868,-0.9734191982108318,-0.49392329786891676,0.1309649042147842
-0.13065857850397222,-0.19731393398731467,-0.41084457119215095,-1.2987227894555808,-0.7503439186092309
-0.6037858309035262,-1.4576548344778477,0.8932698052523143,0.5999447385789557,0.16701245468855017
-2.1649177721560497,-1.697770331936071,-1.5874853476220534,0.04045049590462482,0.6506960327226085
0.573425855904814,0.24347178466779423,-0.4854619090224096,-1.6047252486539925,1.071822102442044
-0.26085538711044826,1.7081369032221292,0.6311204930072217,1.125265675324646,0.6486347208401894
1.0051597983362186,-0.596490047906708,-0.7114733026009187,1.1187687739552383,-0.329431849193695
-2.0056735349542754,-0.887926730555368,-0.6394277352185953,0.8340782654671579,1.7235431370331218
1.5433774009225412,1.939116135438436,-1.4939147908770545,-1.1428701347585397,-0.7196152725364832
-0.6011069983803404,-1.1482828806359064,1.189488541865267,-2.350424808959252,1.4231416656017883
-0.3553347024542603,-0.26466090185457275,2.893408503506884,0.04332997169145729,2.54642081755241
0.9086966900963656,0.06382917291547555,-1.4939603666596084,-0.6836587992563001,1.3691974732004235
-0.6482757654391694,-0.023590901026486533,-0.2386437605535483,-1.3365367625137519,0.844574991948438
-0.005651023358158347,0.135397221067531,0.42503965388241777,0.4895536437064336,-1.1696965326397
0.4812267178783439,0.128380578593634,-0.2488513328760782,-0.23675811362923266,-1.077830973815233
1.2800093348614368,-0.907417229740814,0.521827607624928,0.5055607272781386,-0.745320550907712
0.24907144972733314,0.30118125418385705,-0.5132574369227406,2.0210155216722425,0.5108443007716692
0.6275899985401326,0.38756832045696865,0.6449767649683192,-0.039791595778094005,-0.9656958216304169
1.2042544477050061,-2.4045832702725294,-0.6327211458412316,0.6705297327164091,-0.2929916679659864
-1.6659142471946333,-0.5615610895464168,0.31699819509080784,-0.045372392972257335,-1.3149685835443745
-1.0979507170115208,-0.6353976446640583,1.8373500150021815,0.7040177555984918,0.3243789346823588
0.3299276100699605,-0.27519200138260075,-0.09671585603274684,1.5463328164180565,1.8848915321071547
-1.1985619276778694,0.839026376524918,-0.20368778681505814,-0.5187440916489362,1.5094635279426374
0.7360245022344054,-2.1606489570854945,-1.6018018672644188,0.7072067100855127,0.3964734295106631
0.5083793796074529,-0.29493292620320405,0.7531221703455447,-0.5315594171180664,-1.812185071139355
2.1102787553242797,-0.29261804410998044,-0.45675646807213083,-0.12357485633156913,0.09005000071407533
-0.039066770327494386,-1.5271969818245046,0.049751985238025986,1.8113659419373394,1.1643146856587356
0.3016217319702215,1.2678533557258431,-0.24611087817497063,-2.1895203084085795,1.5644351773458396
