-0.9975448092924691,-1.5827118286610617,0.9552577382056996,-0.7967118876227245,0.5306570307611784
-0.48580275153465846,0.1662942380808899,-0.11672464671314765,0.3226453761279764,-1.0729313461778234
2.0160425891251044,0.050009321543584444,-0.754836949926773,-0.4204546821755882,-0.13079719969717216
1.112593194675452,0.8538695096520358,-0.3615278126838451,1.0484903811993154,-0.6106549368753336
-0.023965606778663835,-0.4904424654103629,1.21963893036618,-0.771320509789151,-0.504291340970775
-0.4674892474376419,0.4357061567740753,-0.08715162403347006,0.4451043125185858,-1.1944347340263264
-0.8475772083520186,-1.2168951252283697,-0.43048035879673635,-0.6994212474237717,-1.5552455025749727
0.9503114947556123,1.2889765880090056,-1.268001064178287,-0.33150156926515006,-2.1314976625730173
-0.08935205076556678,-0.4411965581454364,0.3961708588773537,1.1903709186329545,1.015467053228928
-0.7411715690893492,0.40217304452067026,0.18410562586131926,-1.3298700681471323,1.0099590832779153
-1.680680044590761,-1.6261341274627932,-0.6385572205551083,1.3300700497860685,0.25076399793225684
0.6678982873974836,-1.4788840606121532,-0.22669918339015402,-0.6935845799157857,-0.0373171841592529
-1.022391720763996,0.45071230975495424,0.7620113737255985,0.208113249890913,3.006887518034871
-1.3298168076375476,-0.3174901481147723,2.0888424690939735,-1.8941127797870325,-0.7332807129790092
1.9032780239715925,0.70486961048643,0.6382103760731128,1.072722279978377,-0.8619374672685433
-0.7200294749562083,-0.16071705002665895,2.416185194115939,0.15483604950933394,0.7358488148808062
-0.8329997743359612,-0.9701209868841465,-0.9142063009597109,-1.5549118178230703,-0.5191516158106605
1.3163568218722292,0.8050599472546746,0.37180379168186045,-0.6759051876329851,-0.042929044791512105
2.4738734095007886,0.1956485779593686,-1.0588140192976994,-0.9923675814214717,-2.9064199741059498
0.5993865859014128,-0.9902965689116204,-0.941525175737606,0.5143408148471227,0.6006733229254331
-0.46305355739816,1.807513347576002,0.7445579812772498,0.6221870598778798,0.9189415861291123
1.217918941880617,0.5269195879314796,0.2910195819601742,2.1517868953725605,-0.5223662051502281
-2.029894554918787,-0.5540515063959234,0.2963581981309432,-0.48761468337955916,-2.233644373095033
1.5497069548005955,0.7574277182887904,0.17614685778247466,-0.7593223837808755,0.4827172677611522
-1.3960378185179638,1.3088719243678841,-0.6469152920575183,0.704219809426928,-1.41524853179665
0.6032313852348186,1.5306261128798122,-0.5382056842853409,0.8021194089108589,2.074838099431637
0.853093077241248,0.8592927344335002,-1.2165720289215434,-0.21664974980652255,0.15004612327314315
0.6648247540982518,-0.8453826417383338,-0.49156147268699574,-0.49705477029869527,-0.5934196287386035
0.2235170116719787,-0.06754526933804027,0.30980428454477515,-0.9150521976649287,0.46592441499968856
0.04869358904004685,-0.08178472683843407,-0.23171888667662813,-0.27397275628487655,-0.07858528987679889
-0.0015791329148950076,-1.4154722867717102,-0.9638746639814331,1.0515534934850472,-1.083652122379188
-0.8700745350504236,-2.414570164630856,0.014198608449293429,-0.0006988151383266301,0.3322495088968355
0.2217622295082426,-0.7961190565371478,-0.8665898690177207,0.07679573268600155,-1.4805991730537225
-0.7380519150614405,-1.7899555511872651,-0.12167861555615664,0.8902084647817641,-0.8816787286081132
0.6771815185831823,-1.7025730862220363,0.17126812272452135,-0.5107309486248289,1.2427098942854373
0.5622187926428274,-0.09035029053352185,2.0217558560227955,1.6669360131247617,0.5124022788323639
1.0787012908017424,0.8190080443083426,2.04373942935227,-1.0030481881104139,0.7732374919994103
0.14117726104923717,-0.8478782348660587,-0.031383979999570176,-0.1999335446759994,-1.200800207085387
-0.012286587771328227,-0.4270086540633594,-0.1627528420967631,0.04697627332502496,-0.26935044847326334
0.1644239245496505,-0.6157141845567706,2.1271565767048153,-1.2433876674243038,1.156495303291101
-1.3708643482795428,-0.10852978349473,-2.4610846864649853,0.9993149904184189,0.3478637963854907
-1.134365174909061,0.3234943556577113,1.3128475503502206,0.5469577185871876,0.8891126449431599
2.6623534609741593,-0.6098792034326936,0.21387576658870408,0.3171198788192871,0.5429914757085713
0.9885742478621679,0.5703141515327783,1.296662052856934,0.4094885676243375,-1.2972905759476097
0.13530379422721264,-0.13107531856994145,2.159704232047524,0.12270251257392305,-0.22471909087194983
-0.35854979151291066,0.49825241140776716,0.013762797558727979,0.471150287680229,0.7795792852050315
-0.6185134498594533,2.6188538545688638,1.8445472926464646,0.5288077117678361,0.08491781731229912
1.6413964667865346,-1.3501041545608767,0.12840812092284856,1.3024220483189317,-0.9086407457874214
1.806632649010807,1.3283929148640023,1.9139109533156526,-0.10114832626971904,-0.31766629559557613
-0.7090173495202937,-0.46395685430428024,2.0740278094056577,-0.5778401344049412,0.7264555264268103
0.587025353230985,0.18357168851750327,0.12423821228379858,-0.3717858888556285,-1.7199925003612229
0.7009378866671767,-0.9170249429508739,1.6759695931599377,-0.6726302078670771,0.8166526266422713
-1.6532338081507598,-0.3088452581923134,-0.8269456185374862,0.12951998107080587,-1.6509110588064249
0.3808346868514168,1.4587248085478968,0.8621855541721705,1.003192786840536,0.8155182636153409
1.5005401883013145,1.7005074653704668,-0.24299766782841256,-0.6644125342527315,-0.6757745439178244
0.456920327177879,-0.7960694630479844,-1.1672905394252537,-0.35641258955083804,-0.8890912353184055
0.4388159904463287,0.37406232572781734,-1.3010093506050788,0.9572661973972094,0.29613263016769104
0.002582532413736117,1.2106105413940125,0.15797619929589773,0.7612387777026158,-0.13476608740687432
0.362204238823214,-0.5067481550362305,-1.6491797898190295,0.8730409608528091,0.5929337549242774
0.8590455143600206,1.3161519349256359,0.07470127819780767,1.2578423150664386,-0.38461399977163346
0.06212647720173223,1.5339188790592038,0.3021282633838465,0.7141444043088203,-1.0287569865814612
1.0512059851798552,0.02642625238479713,-0.8140467468416689,-0.9182723974738254,-0.5751560620204308
-0.2841795819171934,1.165264676911645,0.8546956869565916,-0.055647831421724574,1.136617761777873
-0.6209741170596896,-0.2856789015042939,-1.1511141793302082,0.23743806658829375,-1.2434790378782323
-0.9201423996322031,-1.6185903810923803,-0.4693886754892166,0.7977161060256022,-0.1574268257727969
-0.37364984122567985,0.5178620506426483,-0.1061641257159467,1.2738970832063505,-1.593758288342712
0.45130282444845826,0.644702141846237,-0.5571354322381309,-0.8185896432947642,0.4106313101461664
0.3372181587457251,-0.06745568019473701,-0.15299405300650473,0.5477925772534443,-1.0955286362737
0.7787941303180779,0.2830869950072649,-0.2216138004018562,1.2588120143205224,-0.02893099248623013
-0.17411827080331477,-1.423356479422238,0.42008009198619145,1.0720431214008324,-0.3812121040033008
-0.9634121755724758,-0.11118912194726256,1.5938727300388638,-1.2200416868106565,0.7051973182889635
0.8879520021720397,0.522497043451403,0.8361485209828549,-0.6103618183375932,0.16605632251021346
-0.5378977951791498,0.32112587224798195,-0.5560023168220574,0.6549034252346233,-1.406872259002864
0.10500947732608491,-1.0310399344273384,0.9324828168732602,-0.8539297439339409,0.9747491631455004
-1.7594222946521165,-0.6523387439943515,-0.1255911590773406,1.0976320704000548,-0.3121627974948553
0.8810079256629346,-0.15794785930317196,-2.442942674105415,1.212550878595658,-1.321379251942777
-1.086289823693183,0.49690886423244174,0.6666943466142279,-0.8288948269379468,0.514136223726421
0.12403733862531895,-1.166374955846037,-0.6421657289795915,-1.464267733007925,1.614091685653984
-1.2315416668407866,-0.6869625960001852,-1.11142895779078,-0.07761139368010665,1.058154971937074
0.7507620373658797,-1.0106297795030867,-0.3514237908814888,1.39959501848947,0.7015775234034458
-0.5006705677358662,0.5303697347259548,-0.7275903563062746,-0.4313703016678027,1.0234200517711476
0.7184856584766715,-0.11031870060285504,-0.12870068274415228,1.8148731768384143,-2.140058005583934
0.8860662268264622,-1.9912511714310157,0.672883444694471,-1.079175167174206,-0.8154484169592757
1.0339319722321005,0.6907761876811949,1.2540432009944773,0.768668384774776,-2.2134279307895146
0.09663766771824114,-1.6582656190328098,-0.24068202045607373,-0.7803895779856598,1.3282506479489506
-0.7406354536208589,0.16966074653839688,0.11088344285379416,-0.1841221601248649,0.8021512805951325
-1.2716639311805005,1.42651214234286,1.4060301227245782,0.3295126879419671,0.18927508997874828
0.9169310571347108,-0.25624298093303327,1.9603641372053096,-0.989820679794508,-0.478230437082641
-0.3463722706810211,0.6972274991802964,-1.0312558686542572,-0.1473787951944793,1.3042305076383724
0.19303204771086097,-0.11011192289080353,-0.4490700650610085,0.9907009096798892,0.717098219859561
-0.5654632475970655,1.345439072833105,-0.6279128922013473,0.5133230128558123,0.6796313902287661
1.4915990243397412,0.08750010528540944,-1.4184163213739795,-0.13991678459171225,0.15767782830017973
0.7229548464629612,-0.7793654983137003,1.1543538766133867,-0.4277824866660725,-2.4700178946693976
-0.11853813299483254,0.5636827463675153,-1.3789602758993866,0.9820962141459509,-0.006443391609657072
-1.3063404974955208,-0.39618947108776004,-1.9276276903144336,-0.1491756480554178,-0.26690344760800894
-0.48923880907018863,0.30395101601603924,0.6326683524897707,-0.32542821755614093,0.598970252433025
1.7123358348472184,-0.1893065666801401,1.1001309018376122,0.3448094437835935,-0.23824960662289987
-0.4927604667895276,-0.6316064859323471,0.29853341955290835,0.14363278716442196,-0.17759413286623152
-0.49030218022499483,-0.07248482838845857,-1.0358707542166368,1.2583629087955785,-0.3041489916847877
0.10175664837897325,0.14008924487487345,-1.1366855944991119,0.5731062761683688,-1.1131591428790213
0.680730813405134,-0.6402051791830311,1.033263062986085,0.45019213674652686,0.45724530749042225
0.4934144116050404,0.4955558539469105,-1.3316153104855717,0.45668061143272515,-0.4200959267984057
-0.8873027675636558,-1.7428092552748955,-0.94644622939285,1.1826721557795696,0.31339514773040855
1.46457304474052,-1.3015430570139077,-0.29991927458721623,0.8015824763268837,-0.07790140468648354
0.22463154461409116,-2.021057038864708,-0.7989271431039382,0.5271603698576447,-0.5466649671838458
-0.6151314929671338,0.6252014474901176,-0.7303557832651741,-0.5624445394614286,0.15903445114038595
-0.9342825480663421,1.0833446989937126,-0.6963134053741113,1.4008359092085616,0.3273429220254709
0.8950489309825851,0.6237310752559692,-0.5964755758245133,0.15444199437697675,0.4718753500249152
-0.4887253054891303,-1.2218821636745119,-0.828744752059052,0.561538337736311,0.8465585936435315
-0.20052776626637514,1.7691477453370947,-0.014525035570625384,-0.2768104094584192,0.7377037873488159
-0.49181978395823195,-2.7309654229493536,0.2787878763284497,-0.9753926882542674,1.0851247332871985
-1.4260933139314205,-1.0990939398548174,-1.5999244883679546,0.3279532306198707,-0.971543272207443
-0.12528290528095806,-0.27452940836935685,-0.4361979386261685,0.18468786477088991,0.4056962081308878
-1.8246976330795404,0.06926694251423542,0.35691986634076256,-1.2879214678423345,0.8113678336750102
0.9899602850305771,-1.0544531455685113,-1.3125806904310846,0.6038977664516647,0.40447680259926877
0.6355746261187797,-0.3159237573488134,-0.23109163439888708,0.10554859735456264,1.5694321850549762
0.8521061363230382,-0.3551387853685108,-0.05964554145001925,1.5553729039521205,-0.6583575189230036
0.9903347796552577,1.218486072067942,0.550890102961534,-0.6082265549998425,-0.35619023407635353
-1.058049968648292,0.34830883279474567,-2.4886074986821813,-0.5160061170298166,-1.070385995733817
1.6988314004847234,0.14540237284433652,-1.8258202626844613,1.2011975731422637,1.18710519073824
-1.7305566653977507,-0.013967009207797034,-0.4999764896498549,1.6485568990530182,-0.4912550927108712
0.05506040097654702,1.5465273668011839,-0.17046343172850068,-1.3066237613190754,-0.22643422959638862
1.0971951157986388,-0.7850566025127697,2.1049500688546536,-0.47727098995739325,0.3888628695936518
1.1058710674836922,1.7741312818322144,-0.25957280311678377,0.019640556040063695,0.14423471635015775
-1.9972267991540582,-0.4114255617451414,-1.1744295604876356,1.8763567639828054,0.3927186044040268
1.2535434062699167,1.6755826566725125,-0.26396184429694586,0.14380211253969305,0.6609138341011913
0.09360700697945179,0.9748531409252115,0.23516240858118126,0.2681889725891409,-1.492467643091733
-0.3242320546312396,0.5194609364610817,-0.6079891789570177,0.3280912316085429,0.04480172201575294
-1.036326826956339,0.318652220565934,0.2581711981949294,0.7459987987177473,0.4575001993793405
-0.9636265807357781,0.07189072120594046,-0.4653863261119732,1.2633968807700415,-0.5565090889829711
-0.42883468862921464,1.0679280417627832,-0.5307024693400091,-0.8212992359434921,-0.2958421565322859
0.7516383471266281,0.7919019047217521,-0.17393109496906475,-0.4221708614377195,1.8413795623158455
0.2924328009486907,-1.4367527236374422,1.0834654510585107,0.5577662169207696,-0.6766241076658531
0.7774676504652596,-1.1505083386231443,-1.3072470788536543,-0.8102350970500608,1.2819572294811492
-0.028429322298139686,0.18053335651819155,0.02552417166286814,-0.2270223533830412,0.7640777399488985
-0.4994024046932396,0.3044132457277399,-1.0866635082434095,-0.5063397900664538,0.010701796977873664
-1.7162298217521248,0.48299465649994183,-1.6969541027233586,-1.3383517331238628,-0.9269265571301276
0.09699716461797901,1.4597919170442981,-0.4565158917662289,0.4204233842491947,-1.791572697180019
-0.8807883666215904,0.08687947486301402,1.1126482302405554,0.4789632739737019,0.3881582243352014
-1.078073262595148,0.3937310689643204,0.5043931074209433,0.754889296052015,0.4021033792482561
-0.23900607724273384,0.8960850134334923,-0.2195255589410795,0.5601879283327836,0.6615780145518246
-1.15988535661556,-1.2877339735544457,0.13020825493232163,-1.222387841756885,-1.2293737143076122
-0.04430895021867792,-0.4359428505902247,2.092116285192512,0.035806201628327386,-1.5688802562171242
-2.2327197203080913,-1.2794696119391962,-0.08129365161526309,-1.3771890964281601,-0.008559026269218615
-0.12894400739930797,-0.4113032388065665,-1.8981631456740764,-1.871528797164512,0.1163632092554316
0.5692457214036567,0.06499398508472343,0.3207862795840457,-0.1259192799498343,-0.12708666551154033
0.2571376969728909,-0.2978538495097915,-1.6723813934560494,0.3860640829004107,-0.5556678063094302
-1.27916856008532,-0.48340470183882217,-1.4322419056547402,0.1080077884624657,-0.19626771156449313
-0.2484311500516414,0.9448734249790992,-0.14265102213713002,-1.4720465867124564,-0.7191207918992724
-0.1373236855144982,0.33580336919179965,-0.058249043559652804,1.202705000493681,1.2702726600341776
1.6689491180275082,-1.9880654788398595,-0.4815036724496864,1.513981542360847,0.47891441713400773
0.0028040016244187628,-0.7840711054164754,0.3483290333623668,-0.7560396534669821,0.9095699381749638
-0.622164139158868,0.04422135174863478,-1.3366899853751923,1.0790761740909007,-0.43633602162027213
-0.5667987510278875,0.09435690342856447,0.03228882770404602,-0.5481866740464686,-0.6157661855356084
0.3200268773942318,0.7336271448118679,-0.6588715838884951,-1.19506344588048,0.20017488858110713
0.912822455623447,0.37570285138749526,0.012797411518110842,-0.7095037235441155,-1.1245269898688435
-1.4402783791736022,-1.143572041195404,1.5331507437225798,-0.9736217941760089,-1.197571466393239
0.11084042387209965,0.06461996721002586,-0.10666146919372868,-0.693521336241787,0.2626612091078634
-0.7309710722234126,-1.4968146483471854,-0.6347233278771501,0.5835060989850341,1.315855117082183
-0.18842436143984415,-1.0023742859543137,2.061933689375141,-0.5095745776189007,0.3299382558466759
0.46373291088442314,-1.1606499743413758,-1.1618432868089115,0.497319254695938,-0.8255710688733474
-0.10584546642842559,0.4906074487308083,-0.1461679838922443,0.19598652519005547,0.5636138939912697
0.07642306347824586,-0.7069822145023135,1.3430411401552196,-1.1130700747465663,-0.8342983031934823
0.8106836591044552,0.897717103803572,-1.379179560398395,1.0260011608991555,-1.1310834641541967
1.0353671278333654,0.8036585519185342,0.5093479906560975,-0.630696744332121,-1.169116756360412
-0.2412958104073274,1.529882269915798,1.0314522195065645,1.6000618801907835,-1.273778579885243
1.6831143965008046,0.2307172846385231,1.299544132093799,-0.03914100494652154,1.4727289153031535
0.9326533326378742,0.8757521422953266,0.4038576723998904,2.06757340137889,-0.07644584206646585
-0.19402335486947656,0.5675365278713135,-0.02932909087582916,0.8346331568605271,-0.7968598360317597
-0.4721444824994004,-0.98657467097189,-0.2952631558759618,1.5235554417637762,-0.7655043364164789
0.7300936346596845,-0.074713375953981,0.10664152949832326,-0.29751211664833416,0.17253632668074714
-0.460313083591593,0.004404000619001507,-0.32979771534751107,0.6277504957445729,0.33152262666195187
-1.705235811456024,0.5998424605744261,0.321523011880035,1.4947593465204363,-0.26572790725267176
0.4181678160785015,-0.8251979603829018,-0.3661579929454567,-0.8378318376351177,-0.5779181465303209
1.2165747926952954,1.6266414865751027,-1.8016388569972634,-1.95305852198227,-0.8755682180737876
1.9900109493940794,-0.8120505537416052,-0.5828850694199637,-0.6764255212073286,-1.4104186829106853
0.8698093045556592,0.5965155610328645,0.13836590714067612,0.8560679057661216,-0.7062756037422134
-1.8270938573760527,0.009835837615217002,1.4122700079458763,-0.6633652557258312,-0.4738310400617843
-1.831166426521515,0.031978766389667644,-0.12229483573928775,1.189362071145704,0.39189443237420546
0.32811166794985197,-0.9559655444118098,-0.9519138687285812,-0.1380697504693485,1.4510259980014626
0.38240270381008096,-0.6501965855277712,-2.2768945114315855,-1.223742561970132,1.1535211662492872
1.4637265881804031,0.902018971228444,-1.2614488154574575,2.1591576692803542,-0.09717395589566939
0.7766460397006429,-0.6587415723159264,0.2996662036673693,1.6092703392741774,-1.5129375604984987
0.058659733351875305,-1.0763393380831594,2.0954050346782664,0.4194381294275697,0.6498836652526391
-0.021806503829267722,1.1136484337283616,-1.1069885897851108,-1.3699121837198989,-0.09349480186084579
0.670240447130192,1.6016685153531982,-0.34225398025207543,-0.10035643150729462,0.15266350468231796
1.2177556718494436,-0.7989354202668337,0.7664927062458295,0.32688761733963884,-2.493650417113416
-0.9702299272253121,0.28459275483746993,1.0570230604450896,0.46641679208982617,1.0028581017909972
-1.6795337175821714,-0.8425727029212241,-0.40319057595292895,0.010809464115602942,1.0567831799566159
-1.6999592550263134,0.25651132686769146,0.7612267532400688,-0.5267377037538384,-0.8012951385459176
0.1365043578078676,0.5465890595846219,-0.044681738848905715,-0.6752711139285067,-0.16938544312072204
0.15838418961454423,-0.3932642309155751,-1.1250943552952763,1.6179684944370045,-0.09447868670412302
0.385386682205986,-0.9728293281565301,0.15119581302790408,0.5854627644232395,0.6921756308891855
0.20357404463586806,0.3436064616100138,-0.45939148087631004,1.2073044403671827,-0.6834374795577808
-1.2010734229256153,-0.2621830314423803,-0.6195292759731418,-0.4149144859899171,-0.026536889901832873
0.26556733956027606,-1.0007534376069722,-1.2204300475563234,0.2930827861887596,0.6213621388420448
0.617060083551857,-1.7743137676121246,-2.35208816397874,0.7582270155219644,-0.03058351374836253
-0.5404760323968961,-1.4842413320972005,-2.946709287855356,0.49635844236076737,0.06148515044222903
-0.43690827387421827,0.46848805107775365,0.7167233285145834,0.42910897215680455,0.5233269888608978
0.41300526198111787,-0.5857020094714608,1.8495802092804163,1.1053363071887068,0.5418379430902951
0.5508002808151223,1.3131114625347076,-0.3811910148421475,-0.24941742895344401,-1.0164262550325436
0.10131453986396186,-1.045615309746118,-0.4126653050735649,0.19731828632530268,0.2545751543626615
-0.7111014131957545,1.9662983181176363,-0.5731974652097632,0.5700254687831151,0.6667682432512312
-2.678628348438068,0.7924153823905712,0.32322349228170605,1.009461594300859,0.4612957142890337
-2.4838494160996953,-1.385371604024798,0.3850202920317962,0.8350798309915994,-0.034807287476056305
-0.41698683512756,0.38493185428988713,-0.7321840328656478,2.2233478749007403,-0.32851811635025424
0.2576830290538544,-0.4265283140965078,0.8517064687551659,-0.2712274088870289,0.96783460476529
-0.20608642318286668,-1.9403319687219625,-0.25214315618592203,-0.5644367339683529,0.8494748124771313
0.8032999235974597,0.3736810896241272,0.7069448938169728,-0.35181616987503334,-1.2418530703196515
-0.20291564235071108,-0.19009361551335333,-0.4909563806817601,-1.430860594189142,-0.3992341509735887
1.1942029022425429,0.9018421799324854,0.30353035187736815,-0.07942909195784717,-0.31232924357769576
-1.417432035920949,-0.20812147651756982,-0.2202086879876057,-1.0085312322265698,-0.8883671019815974
-1.745933483541346,0.3409297800059693,-1.9063449441373739,-1.7194884250303633,0.6403585220980582
-1.8955077138966547,-0.20150700285531437,0.034361533479455066,1.3028854916543602,-1.807085892777598
0.801615314566064,-0.8440359900046577,0.7110707016104606,2.0154514651013273,-0.8475320731796193
-1.5932511302104537,-0.968511617401311,0.25743339311014707,-0.24270119683012312,0.6963831598778188
-0.6018953336993947,-0.10714298692015958,1.333463103701919,0.266298026527771,0.657818197186417
1.225743113372813,-1.0348189296529193,0.089762912110232,-1.4838045719461026,-1.2127425672901797
-0.3559761532080966,0.2112194322464362,1.0477868963338672,-0.8738887306559607,1.328474244667922
1.0645172330606354,0.6752187592675725,-1.3022163502724253,-0.8651740919205999,-1.9141276720224332
0.9048947448788973,0.253260027907505,-1.0638866675164427,-0.7879777826447871,1.4189600185981335
0.8194440654819206,-1.4246621383875893,1.5424051733187187,0.32363343742715833,1.1402030429964394
-1.0474856052582477,2.2277359051052965,-0.037957736677998184,1.2816680151634783,0.6955618606066798
-0.6141002239954798,0.15111104554527643,0.7752249395225917,0.4624926131630928,0.48181486967852527
0.6304550501244773,0.473366548109247,1.3441538455047914,0.9507448993577245,-0.5366742970041819
0.9572002898438187,0.47379089354292764,0.5084466052827958,1.7042359432291725,-0.880500092860148
0.8989963556780062,-0.8366094735700293,0.2650712564575133,-0.9467607998215843,-0.011331906843286969
0.39451854216061727,0.4374105671422153,-0.18121579911951363,-0.5134547411848035,0.8458533991470377
-1.0447486025917827,-0.8631728388190099,1.2323809545667597,1.8079399896990644,0.8402654013455868
1.420277342604795,0.3751644347568328,0.39212294716554297,-0.6678198236078171,-0.9990178915921225
-0.17585309101647784,0.14106555120304984,1.028513178690814,-0.3108057632329345,0.25516191827533813
0.73537490700929,0.6617171473253219,0.6047712164602729,-2.5738216446053594,-0.2298231756742859
-0.1766286729661689,-1.2553167895081914,1.1754698826811179,-0.2816060759276948,-1.8322591190705781
1.1975056934854778,-1.1898118150569377,0.9562513932631584,1.1828412281536729,0.3297781576165602
-1.579539335400278,-0.5322819045366185,-1.2508511181997433,-0.09787490275292489,1.0406866683914224
-2.3773012794968724,0.41763630536456564,-0.03360186012275877,0.4160849153486372,1.2319749517807226
0.3687062498322431,-0.4533047096716059,0.24700053648427642,0.1256772774822688,1.1839576452691831
-0.5977384517355817,0.7698590393283727,-0.9020144956763523,1.4996136594248461,0.21401394424372697
1.1706470067108627,-0.48443307102559524,-0.05294256094259948,0.41872865588268154,0.0036786197458750025
-0.33602035292363763,-1.4395855001948072,0.9722393389998975,0.12471333850484675,-0.8634385806401869
0.1725999785524033,-0.4095737381431176,-0.2628381160048529,0.6982245926787852,0.3714841287800064
-0.2644903212577383,0.6246550614104194,-0.8736300356199256,1.3958193178571103,1.368843986071641
0.288257011801337,-0.027777028156147295,-0.6456243808298422,-2.486347426312177,-0.21176631343545832
0.8405341249440381,-1.7009316216089865,0.9401704105005821,-0.2617679516428189,-1.8254970584544066
-1.07394061185618,-1.948570921057137,-0.6682381313479151,-0.4174583309789749,-0.08620220560429084
-0.0776002565924601,1.838030324845093,-0.9058086326503703,0.43483387107127597,-0.04421458332029182
-0.4400856011413034,-0.8319620923881377,-0.6504704640871622,-1.6894538187312902,-0.19576892327956288
2.133588053883226,-0.21858197640371765,-0.5591256788734541,0.2955647094751559,-1.4072326654614724
-0.40107041967875845,-0.6639674201013205,-0.5283434778069142,0.6985159288071052,0.4184794554656546
-1.3032223006969301,1.0523318420059076,-0.8911781418480692,-0.5066214687299267,-0.4557987964556665
0.9304379301731559,-0.04044682268027209,-0.23818546922709377,2.5508756025755077,0.7766417762279001
-0.5059890707942886,0.5128155234991966,0.8852361362173176,0.1635515906605302,-0.33929771690547544
0.9063590126177424,1.7189831756801963,0.15354311749054816,1.2843929219373185,-1.188569933126335
-0.5952981779767751,0.264222136079375,-0.05198431485838526,0.7949025369535296,-0.551340976165712
2.1007302591192856,0.41431013170284264,1.7020027167885212,-1.609824590178454,-0.609766091446283
0.22243539822019726,-0.8126354262984083,0.2662195153657778,-0.7398020514093088,-1.9096665188795099
1.7458382394153997,1.702308120899273,-0.5704199939137194,-0.2700003457977985,-0.7543690213465006
0.6612185319582554,-0.5816518875677392,2.538815831315874,1.1263410085034393,1.3754553698898166
-0.032253761689579614,0.4464771650446884,0.24746332578510344,0.5746369867530968,0.06809756144584837
1.281013922077813,0.6886939118099843,0.8955875541772205,-1.2183855591081194,0.9811933082365601
-1.5001616937088293,0.6644561020366934,0.048351609083469575,-0.8361242879548115,-0.7092059018457736
-1.4150667336061569,-0.38129661852731356,0.23084800448936296,-0.859164484072298,0.5261326733875368
0.3541159729656566,0.437402486628609,-1.1298037641787988,0.39142588509431303,1.2891289695665225
-0.5793920829762869,-1.888817984695174,-0.568796841282395,-0.3941525417962151,-0.5192674479084292
0.7492859396494032,-0.03777687296162884,-0.4863472493037544,1.1205797988023385,-0.5226219662715728
1.8544289300583028,-0.22859571742823084,0.35784553963809285,-1.3821983336550285,-0.30389858196617614
1.4559521160894375,-0.7209022139407797,-0.1787942152240705,-0.444412664409404,-0.6749892799418198
-0.9964463720782407,-1.4383770725522886,-2.4269815287474934,-1.0000933051863643,-1.3403474990337823
-0.20250938029375035,0.3080521407257146,-1.3370713815078716,-0.9691313131520449,0.0852424678144757
-1.3138046859901544,-0.5672092235997097,-2.214726123881132,1.1064039809816257,-0.0096163974220727
-0.40349345068665615,0.15949513463527235,0.21831532205847545,1.8044499651437071,1.188429057837699
0.5378429253752548,-0.6678790477432834,1.2999186395746931,0.15290882015428953,1.892380430810008
0.7258078528790656,-1.0043798469627914,-1.1432856891315484,-2.697540774121831,0.1403276598031215
0.28591449735555785,-0.016828102619356012,0.520097954242268,-0.12448134395045828,-0.19755675801340025
1.0780874432497023,-0.32950917019335707,-1.5545645723720003,-0.7557407348163127,-1.2214995099216266
1.2865667404652947,-0.9003382571023523,0.04174826927391786,1.675683422228607,-0.5645347533985514
-0.08429868749863705,0.859468801446101,-1.0405354453521745,-0.4207983269886375,-0.2114715369166209
-1.6479797254852473,1.4892716661794039,-1.8679711927607638,0.2582055338037356,1.1656420765903157
-0.5948279598174117,0.06430062116373311,-0.009418528683192595,-0.8678883865810845,-1.5082493345305332
-1.8258608276546966,-0.30059561343168195,1.0659055640665065,1.2294202242820178,1.8400140386474915
-0.917919187699384,1.1506200987434005,0.5985028141844521,-1.2548519213751064,-1.37117510466159
1.2382173041405065,-0.4400664480226886,-0.9731264243601223,-1.7353253694989896,0.8310780219437065
-0.5956837260858995,0.7641840077404274,0.6269574235263012,1.0859897431599836,0.762268041778063
1.2375324259869946,-0.8299858450799479,1.2311657507705158,1.4323262570804025,0.13209957656488555
1.9191907996706385,-0.9642457178344038,1.7679128834403703,0.7410588594275149,-0.8199207628325774
2.227093633218359,-2.3286941204580844,0.549733596174038,0.5180572021479071,0.03804592986215775
0.3321766286414204,-0.7688015722433564,1.201940011336473,-0.001018825772348241,-0.09311166575424122
-1.6226963865345607,0.6083223187638125,0.4480327768851151,0.008677486296121625,-0.16829773462954434
-0.04296179898968423,-0.706866340748664,-1.0611561640712546,-0.9296807836083282,0.6911143221665229
1.0507483018983257,0.5578826952112135,1.5768295170926263,-0.6558509429945619,0.7377025084347708
-0.025514322601112017,0.7273940003826675,0.12956469052651082,1.068196086559657,-0.24958203018856115
-0.7062833356330808,-1.5864824211120667,0.8576799513726564,0.7581775278461874,0.25589830819974646
0.5566215630072914,0.0566120150177177,0.09800012608757094,0.7212801142485452,0.892594174382579
-0.9011349109522977,-0.5918577098915758,0.09622618745639175,2.3466283906874437,0.15189195261750982
1.1819883972824001,-1.7226120748255542,-1.4571249193672087,-2.6563784167422844,-0.24672736560662473
0.29919322046045393,-0.435849243603753,1.933914633684981,0.2921282228713452,-0.9072182830161095
-2.4827242535462797,-0.36101130215594307,0.6186241069557551,0.480186220081566,0.9148074954106452
0.5307821662484652,0.09674140643792829,0.9930650476201766,0.5147585814251021,-0.611931376858218
1.0901632804086867,-2.5078150081765327,-0.2690688328266352,1.853228737310723,-0.7171437882772309
-0.00048815952312258193,0.42420432328508645,-0.3693011772862528,-1.5274353932595164,-1.9448878346445666
0.6106175626400502,-0.224391299646192,-1.1690275179464178,0.7230304790636382,-0.584529802360496
-0.19643155984972888,0.6279458470856124,-1.2978882449959896,-0.10512103569879976,-0.10728243049188513
-0.11907434976793392,0.35048562888237306,-1.9417476063030905,0.38879036266199984,0.4180074071087242
0.9236386812767475,1.3454100945477172,1.1835148509333067,1.0617027994322323,-2.0945523638999184
-0.06614588865320135,0.16215554629807954,-0.708995570383886,-0.4337551319869816,0.2687022255201193
-1.1849835315602435,-0.011936236514962029,2.3961652220908967,-1.9606572928657646,0.039945701468561225
-0.4619737610399956,0.26901466960125503,-0.8762466067087207,-1.056526476926771,0.5288718929139964
1.0780886613616574,-0.354669742408636,-0.004619008836683308,1.5978339205853302,-0.1456196437716722
-2.265327806570887,0.3737226066403542,0.9896579862425671,-1.560043212309764,-1.0831548033635459
2.2892802278499795,1.5516629695268873,2.0423197978839602,0.6962671682990947,-0.6369098643775304
-2.121255540220943,3.7199268954634968,0.5173902568508982,1.2914270570023896,0.7385416310688807
-0.13715640540059598,-1.028405346489929,0.4810668763886059,-0.5364218075200524,1.138834901995995
1.3002921414463013,1.343349079069826,0.8335033403393372,0.520299820920732,1.739695646909012
0.25973048141768007,-0.8310225299240076,0.5318948284454083,0.8168109587594384,-0.7939261309321736
1.777037483444773,-0.9391088691515178,0.013955525804721543,1.2443898792752102,-0.6674409449668053
0.0008323223362293562,0.8105999103219463,0.46244017973128343,0.8685830237295458,0.08492693663374119
1.5028266697433046,0.8176601972006712,-0.5712451038317772,0.9435604472589907,-1.8444280115503164
-0.14692753599490269,-0.687208094106092,0.5986643284975735,-0.6491565144175494,-0.045702833961012324
-0.03491434030049435,-0.8486489671141775,2.010757665863887,2.1864000044854683,-0.07103461665001888
0.9224430436630084,-1.0972194416394934,-0.3920041000650653,2.448811194635904,2.123984923374455
-0.7318821095544089,0.04493595842037357,-0.7987882700062823,0.4949975343554138,-0.2844078845917755
0.4161927840849627,1.4935866180516393,-0.023388616759394396,-0.5640498594823143,-0.04086082087852823
-1.3815540609207964,0.6587528097040173,-0.32008131641620086,-0.7224698409834084,-1.7804395955513608
-0.7539611986093991,-0.4054639877497581,-1.853707004697147,0.48726760945831293,0.8332222652331339
-2.0259152499771083,0.15779206348300936,-0.10123512249911969,0.173886304695964,0.9691861187039605
-0.5049339588733067,-1.6386532970750196,-1.6288465926999098,-0.2745753327206709,1.0842972938430355
0.29812222093211554,1.2234507326746542,0.5045767985327365,1.412027426878375,0.9900489701058468
0.7256080458909446,-1.5258254567146954,0.10837308900907133,0.9411204853924979,0.9218660845664215
0.9298774927049648,-1.1961514954234087,1.116505389847298,-1.1830893785247554,0.9970273492143542
-0.7793148468240396,-0.00957349586821979,-0.8117619306413836,0.525373064874246,-1.2424144722713617
0.3179016701616779,1.011682237780302,-1.7098293262540745,-0.09305237557124733,0.16220663519183073
0.8611152775178507,0.6880002388389189,-0.06974396891290613,-0.1279682822834319,-0.6545871433720825
-0.42578103227467223,-0.32753657395153846,2.5825744275776996,2.3343709771869707,0.061564738488115826
0.3202926287493885,-1.1496261180018683,0.017110355645756813,-0.6265338795587412,-0.9130268229343531
-1.4603746829265583,-0.35770465670371066,0.19069520680264362,0.7316876330220626,1.0133156168181376
0.5574569233403611,-0.9522727087001635,0.77487084077277,0.5322900080862769,-0.5892190189708283
1.0451249816137569,0.03706422019762573,1.545387439624146,0.8877373696774156,1.2509015551950782
-0.3816015172665094,0.2779522224533732,0.31132832121908155,-0.6054962900094378,-0.6391487748722586
-0.04413779536083749,0.672370290144891,-0.16319257345547467,0.28966393996841533,0.710090882085227
-0.2842648503949951,2.5083415804655202,-0.14288803484006288,1.3820436108386676,-0.37364662533221793
-0.3079611231576223,-2.04041993990342,-0.2541403678385918,-1.1920494703714974,0.2614228653833091
-0.5275160674732718,-0.662786867374766,-0.8681099327165989,1.7541016001995784,-1.7870486389861888
1.2078674630821664,0.9738625766021916,1.3396634910288148,-0.13016394515969543,-0.44138297680278865
0.061158676564537946,0.7442053455742709,0.012333852259217506,0.002698090261379465,0.7167331736898153
0.048658070363827056,0.39929899418691545,0.241927175633047,-0.1049013522441761,1.5205689525244679
0.10129040527383637,-0.013703695667446435,-0.4653906303569138,-1.0451972026993868,-0.00016629022126080824
-0.7628334055190553,-0.3682350975315445,-0.29298415063343186,-0.9961692518920764,-0.690683787142621
1.0692935580712954,0.6790599170407426,0.764222433169919,1.8991975964426535,-0.838477176103007
-0.3452522559914177,0.28094721818672297,-0.6747385244512235,1.5226038343075938,0.5131672580682449
1.310863577827835,0.5229164830496904,-0.5934483917516508,0.10994813514412871,-0.07682513367442115
-1.3231158848182494,-0.5844582161019918,0.4572298842130903,-1.1493481077016252,-3.0359047463631805
0.26294819538134767,-0.3067820240768092,0.3027659460638153,-0.10374077390299494,-0.3057094561860048
-0.036459358251856186,0.026749435654646703,0.7780317465124459,-0.4301114928427451,-0.1442193150543915
1.0516284807372989,-1.8990883082824375,0.7893582291654795,0.8024370688226294,-0.4012054552630168
-0.5922792904537065,0.2792862638176847,-1.1277885849612101,0.3895178303096186,0.8428178065919646
-0.4691328061557214,-0.0017820632207921486,-0.9822013340271935,2.077206771381363,0.20256377744014764
0.3842953367419199,-0.7915265113797161,0.39068024961752945,0.7344209773794139,0.6902125746593858
0.7011966531014941,-0.16317221182232672,-0.014833165073469382,-1.3846921524493792,-1.3386992132453477
0.6347213414501371,0.567320491922612,0.8394823120197582,1.6980470379799908,0.42857121417288657
-0.7608071717853095,-1.0029876263444486,-0.012345590150834508,0.2390986648632895,-0.033704586667642845
-0.027084343852295783,-0.4002549491780054,0.00532397583936892,-0.30755429368656106,0.46854788692092225
1.8471139211075749,-0.08200370020534155,-0.3122311206668048,-0.07693301774107823,-0.6560188682988158
0.9747578531485106,0.13110270367601376,-0.002900584276783144,0.38483020965123615,-0.7710709459498404
0.12615026242357294,1.0130181528855715,1.09790319877362,0.2647709301907654,0.32137825237615597
-2.020622401933246,0.11890449559880328,0.24272727725912835,-0.5524651914504161,-1.4900751731044708
-0.7468386229265846,-1.5944349743060815,-1.0501114534755778,2.7916289665957676,0.08113555367964649
-0.4766982588736668,-2.2422062696463625,0.9316012698726565,1.2900193722921225,-0.6660053402922396
-1.7162384457086752,0.2922823737196402,-0.22571994798662495,-0.6760948903911272,-0.379763813788188
1.7375661551753256,0.49369706006747666,0.16574344350201134,-1.129788680048424,-1.5152626116273877
0.18909140911438163,-0.9293589416542397,1.8412096589173563,0.2079609233844716,-1.4596961449727208
-0.4851736691240133,2.0377712849024925,0.701123393384874,-0.9541331638852139,-0.7929901104264022
-1.1667149821126315,-1.2556279113054263,1.4360009188945224,-2.1176667389051254,-0.06853303626887963
0.7623730517118774,-1.1431594034958095,0.25293172458580065,-0.06374301817627687,-1.5253183136835455
0.981694799021224,0.5757548881519318,0.12929599182637502,0.16636125479196004,-0.7316542138194819
-2.0292966967195567,0.26283877271934664,-1.0343614623604644,0.08474068931831716,-0.1477116854122108
-1.9395411251416341,-1.082884291137071,-0.07413506776088795,-2.164187104770845,-0.5520752908292437
-2.2039745880034562,-0.70980658259483,0.9092673678383231,0.07456132683026012,-0.19290594236750716
0.6067242364732816,0.7827433687936659,0.5502629242139073,1.6543057792642366,1.1612345290593213
-0.39286757657644034,0.9932339028493284,1.3230534451536773,-0.14912992493966193,1.2743331047708537
-0.0027864482353273184,-1.1322944547020262,-0.3089880698892571,-2.4782255653165963,0.20264201471094678
-0.8176284553198468,0.6329426984264281,2.891410827403245,-0.7512109668029316,2.321154894531108
-0.11607202423545565,-0.8602740097777676,-0.6761934176559256,-2.262882048723438,0.44391658433550263
0.4649524969869957,0.18491951715440444,0.099746345928547,-0.7158618833443017,0.7603098781880662
0.7408589721795011,-0.5306517378159373,-0.1847693232838355,-0.01106622802239214,0.5477909586483316
-0.40453010830065694,-1.714646180402481,0.11477103087188457,0.974341825854717,-1.25379667530348
-1.4593937952649394,2.1577144063562272,0.13734698786649846,2.228731769946698,-0.6726470894866844
1.1944240789855127,-0.04695475968228084,-0.28284681722127225,0.016078417367718742,-1.4119258631756508
-0.719632746236016,-0.24325382431136588,0.7065955570255514,1.5057782125387256,-0.2977983160061652
1.432338318572344,-0.2558759929036753,0.15409451213307074,0.35837530351214486,-1.1602966658781309
-0.2965753857191744,0.016767268060134333,0.5243474165451297,-1.0672419463082277,0.021614384346098272
0.3389287174185892,0.8530107651326908,0.7599609845587942,0.003751165658746017,1.3224176142929602
-1.2850572942881466,-0.1894564275227008,-0.3531305754729857,0.7370294639065489,-1.87714068417707
0.31475120665537515,-0.983665785085902,0.17661770056404547,-1.1518891608972186,0.36930369221613674
-0.013660969775584592,0.11614082787417154,-0.2625566146371609,0.10074917083172792,-0.42716561473962916
0.2441770933449241,1.5635553616228128,-1.0548674698305387,-2.319293970112898,-0.3603938000786238
-0.3473399012228529,-1.3094454743201094,-0.39691423521786395,1.9526433082842827,-0.09938949737633405
0.03216590367741978,0.5990376510501709,-0.039490874460977245,-0.1697839175090966,-2.5116186115439434
-0.8144587967758093,-0.5172775880890184,0.932701301805096,-0.2937629857627676,-1.2817673992202423
-1.231780568793501,-1.7580050659885798,0.32806117601210955,1.5304381733402348,0.9701267553581946
-0.23347534939917325,-0.11832844080924411,0.2585820309643158,-0.39555750195423905,0.8293506021842567
-0.32416059209751036,-1.0465812942689223,0.1932290023433921,1.262813767248719,1.2759820257931769
-1.216152810918225,0.8239350208588628,-0.1727609416813104,0.7849604097933702,-0.6989498710940244
0.04548405807176009,0.3655698057627739,-1.467867725287209,0.9377738140639813,-0.7431462788732717
1.8641108143490073,0.18158861914495605,-2.3621902154567267,-0.4610789998594926,0.39596908015836324
-2.3135563664874343,-0.610214377789172,-1.056632689166701,-0.5282735445420682,2.377845617679491
0.26542310091697524,-0.015300665570617262,1.0498149060877446,0.03889132268162711,0.13866437638054682
-0.35748272701089495,-0.33135939735910763,0.7207713143164206,-2.3238631442018454,0.629300830888761
0.4740249098176943,-0.7032865518591181,-1.5126368812867093,-1.5869102867788845,-0.3364965149020483
-0.14902301859763903,1.8180690790381844,1.1200440322336755,1.4472426120350845,-1.3260487893791786
-1.790021107419285,1.579676553482214,-0.2589182154358698,-0.8537419240757969,-0.17499354164999723
-0.3193156563610912,1.3647258141831775,0.00545893343688432,-0.35294126539895104,-1.0278880783893678
-0.8718334597092768,-0.9765816287403063,0.42872650242734667,0.6456553042971857,0.7273954693734971
-0.9699389892751714,-1.3946792865161572,-1.0181811541928516,0.2720568441880962,1.7453150469466097
2.6768800048289223,-0.524317244553727,1.472550506371104,-0.988130927035432,0.3490153391414852
3.1826118543929818,0.6063254910407073,0.38587585614683656,-0.28968773915001805,0.5042336996411326
0.17069280813708868,1.626144525854383,-0.8202741859802263,-0.1789817903107926,1.0448106701865385
-0.6871263233020253,0.16296704490552222,0.7002803231023411,0.05392064667319095,0.3841791632057512
-2.1128797288412007,1.0676074574939967,0.50742583680303,1.145819062187663,2.2265160188831183
0.17063727440684107,0.5167195862520372,0.2384134048575075,0.6012887780144979,1.2533577257328175
0.3184118793110627,-0.08621591390171097,1.40305874353889,0.500926833554948,1.1096068112794952
0.6855702273812021,-0.048900645837809835,-1.3995306199187132,0.9012610496580455,-0.016727450695563986
-0.009470928228063594,-0.7916098266454524,-0.5577638009365571,-2.6043461818021307,-1.3134898234078007
-1.381843637003551,0.8738872430530148,1.316238921667464,1.7919944019224132,-1.7525165535306622
0.1841099579140937,2.3011680591422947,0.3086373576744189,-0.1507432528920604,-2.5179212358851046
-0.7559353814508074,-0.22080042347808607,-0.32505646712345637,1.2682136024098027,0.42083886094405715
0.9435268550730144,0.3645109151809424,2.2029361174411317,-0.958089410587767,1.958596481938898
0.450555942258802,1.136981734807705,-1.4201923372932477,0.3666075997531032,-1.2827289530243413
-0.4456278314743738,0.9652634855239667,-0.5513459435911727,-2.793536268578631,-0.9638192262929474
0.140647113914903,-1.0250197519464903,0.4479203603806589,-0.283354267662643,-1.6412080208874438
1.0324358200645618,-1.0767578614804008,-0.09906812035565501,-2.3595929072252932,0.45081686620418754
-0.3445052199009965,1.3358979703694918,-0.4227014123657513,0.09410712149762962,0.2011290012194299
1.008452405700357,-0.1110984159862799,-0.5577293584151521,-0.9204155316941295,-0.312137476501273
-2.4583948258449966,0.14684198143459135,0.6258811186572623,0.4694150488337215,-1.4857825846627795
0.17550027714131794,0.27446495324891507,0.20145295379760994,-0.8347937494707255,1.897171045435021
-0.27287428302769834,0.040393910125404706,0.12044925544842543,-0.041525456224403276,0.8219821416808891
-0.21461269740539998,2.349315228944757,-0.5533709759001543,0.7346493636034572,-1.7088808061350274
-0.47356450226137814,0.22723344985589408,0.7329981297696696,1.1111045207474577,-0.09095998206365878
-0.14033125730644286,0.08427256145177309,0.3506355356753141,1.7645542456467784,-0.2377402556000299
0.6472237985950732,0.021222451750285577,-0.8180079690001275,0.7584374060723427,0.38094344281309994
1.0312836319973704,-0.04393855411239684,-1.8470558594655115,0.541448507612058,0.1999687097565861
1.591842094985384,-1.137018914259523,-1.6881590223538747,-1.7366147869435606,1.4043325509339668
1.0422149141535797,1.3208133834469262,-2.058126002632418,1.4908619332654063,0.06131015118749212
-0.2966511927264075,0.6594252482516614,0.22807257663057337,1.278995475980282,0.5476744208628014
0.45437964384121154,-0.02333673184879024,0.6467546965983335,-0.027310996263382604,-0.14011547940573413
0.9781580903656731,-0.8005453306208543,-0.7804613997259522,0.6553639077017567,-0.8167236970060127
0.5253010078367402,-0.5706280712463762,-0.351613655068732,0.8366359216807594,-0.6689917106450042
0.6283474916520537,0.9835144530774065,0.535400792181017,0.19070801340410573,0.3022786467335804
-0.12801764933984874,-0.7719679059846117,-1.7674553403008695,-0.18865672117168342,0.3077709683209726
0.1150661050007055,-0.08677303830550502,-1.1333313059067291,-0.8274620374585574,0.2473404791505531
-0.2563316369003934,-0.11548506054629232,1.6753673862058123,0.14756039898009035,1.4198159585446246
-1.0971045973259366,0.5069727936744404,-1.4804877324879895,-1.14699761105184,-0.49954957838149233
1.1263177179158625,-0.02192286864401084,-0.5948239855502813,0.4829922034399874,1.1631661351192137
-1.1589000293052223,-0.4568541073418872,-1.8181586016754003,0.4155097483181507,-0.11661085073990467
0.1802590499816681,-1.1160079868002466,-1.9692308450733493,0.2306295325755525,-0.49368422161050257
-0.8198530945401233,-0.37411238942964,-0.5420550285836235,0.07799393883797463,-0.24092916051460786
-0.7467130961340149,0.35349711433343334,1.5001591709082902,-0.04936681506534415,0.7955963712311735
0.09665982714629778,0.04966397382646934,0.7190199083161657,0.9176136381172948,0.4323578648743468
0.4367454473298119,-0.49779300330764187,1.066331785845063,-1.0240739474253586,0.30052839790950037
-0.32781109386904517,-0.7993076217816285,-0.6812294277762673,-0.8660573266531226,0.3415073719987268
-1.1205225392778368,0.04055036314457671,1.6198631736339786,-0.860285822619942,-1.0715772136029542
-1.441286182116941,-0.35070583015936474,-1.0015244348753236,-0.10062940596188179,0.3297295869990937
-0.6906620222063029,-1.154109288331297,0.33517114219764504,-0.9411554382856435,-0.19123619421717683
-0.8132597372647457,-0.5139635869583014,0.3742608048032149,3.1538573895059088,1.583539268978554
-0.16572343733599085,1.6134570053085844,-1.5191560431547597,-1.3807625884290293,-0.8893133079595763
0.5095995573013146,1.4183949975055936,-0.24189125828537822,1.1749845797870289,0.8236926592530751
-2.8458064305081776,1.530630953933374,0.8409358838655566,-1.2027657274484478,1.3205959237224298
-0.542209639406578,0.6835573375468282,-0.5158840576928371,0.3521132837735148,1.053218218703529
0.26080930167965777,1.3033418052619052,-0.6460483003799118,0.2892508744502555,1.0699314161302074
0.1331230408057763,0.778043493457682,-0.6969156621575328,0.2462566291177236,0.16297697149129595
1.6484892145037404,-0.33915511352062677,-1.1154432743843872,-0.140512175948592,1.3652976909815524
-0.40172305735207614,-1.1800595389973996,0.04129755578252932,-0.1289452202477596,1.025914557023763
-0.31894372515404934,0.04805488584017044,-0.8844960931221068,0.8357600472119585,-0.11449637635847659
-1.1998542855099863,-0.9966529563138354,-1.022136252539569,0.1671023234346744,-0.5337456970486467
-0.7904639668677935,0.4211027015187443,0.12023584549501659,0.7017240152069897,-0.5829424020056324
0.18687195381466304,-1.3877341002141816,-0.9396046875795435,-0.5424603276342095,1.1488058438542808
0.40781342823598854,2.451922392282065,-3.3754545880154754,0.25160138967524537,-1.1035530015417148
-0.3949958350451903,0.4758152693695385,-0.6202946567030806,0.48533210542635796,0.2916049980070684
-0.3150214538390208,-0.29978589394974225,-0.3137675531065632,0.47931525932449137,0.7830758879552302
1.3069596504111587,1.0118730738357464,2.0265192899726565,-0.3142782511882986,-0.06739792058931156
-2.0609690393259323,-0.7890153238690112,0.15686824799509821,0.4925923856627871,-0.5128380657797739
0.03261353894179719,-0.7996762961807679,0.49381036683482715,-1.1624422069203568,-1.4417712683044428
0.16638879841599266,0.010170562178571041,1.5463483745544382,2.2905767926349814,-0.3079811894700073
-0.17848823862068117,1.0942976300518719,-0.5179895837714852,-1.185699020256169,-0.8860411905937513
-0.32315501318082146,-1.4232030839114511,0.13715134478668625,-0.6010159360981163,-0.01077528835890466
-0.16030767613755967,-0.46332600478013164,-0.5797567546836293,-1.0612815533139548,-0.40837719414809875
0.7846502536539358,-0.209233956262569,0.5405837906280885,-0.49934364294426253,1.3956231931862129
0.20225129277849116,-0.6083243231556655,-0.692694528284675,-2.2825344995931953,-0.8853145170447873
-1.4011113344681057,-0.20282020945711995,0.6466842875583668,-1.1958876202339987,-0.15755397980362287
1.1258110385104174,-0.11681322720637304,-0.8438043645376433,0.6467872883679809,-0.9711361253688298
-2.369047995104169,-1.7936162584028357,-0.3353109216656973,0.19276912851495254,2.578443899781245
-0.9205640438469019,3.2092667447095558,0.26838879676242056,1.3331151126885483,1.9890143351158471
0.7596018690040185,0.7118127696953024,-0.2024486795330698,0.33675646779269786,0.05823334891336349
-0.3360678370459126,1.8277103400807753,-0.2897934365674646,0.045942599428831575,-0.170679885881978
0.009765946904833317,-1.0465319804718558,1.4490555333949788,-1.7588847935875689,0.917718304912271
0.2744805208730958,1.5640551837707213,-1.034832055018693,0.0049204674725218086,-0.5396736119076635
-0.9456887921263523,-2.6087621403999717,-0.7075568186422554,-0.1747542894742061,1.9635452563962044
-0.020225285560913273,0.43984278982378355,0.3335884800185799,-0.4293886470441134,0.5101502783879163
0.07496210523520519,0.23262350018663114,0.18474924366183312,-1.4263662072957213,-0.22176816186384984
-1.4859494569951144,0.06090044238937503,-2.258850570189705,0.7169660520621557,-0.16025711921260183
-0.5889500475882411,2.326785410909743,-1.0849208626191833,0.5596775594072196,0.43740406751488586
-1.2687357835438204,-0.31347423228984667,-1.2959566776147045,-1.86165786087499,2.0656730682747044
-1.2414232942624581,-0.8989940309869853,-0.863186439996053,-0.34731570787407834,1.3867094126647255
1.1981325096041426,0.5610014646057437,1.1801214854017197,-1.5802735865747244,-1.9808899114216136
-1.2655161682393776,-1.7713155701497538,1.6610863915548526,2.006049949098475,-0.8787026225252742
0.4735189849812931,0.463242742534592,-0.7325781363101588,0.8488592605426684,-0.3172387838036642
1.8364245438450548,0.26284573568243513,-0.7715132169035109,-1.9291767399168442,0.20026512647705436
0.4217860277598612,-0.16987633751054004,0.3311350991559228,-0.677856996380256,-0.013878906091520619
-1.649878423593155,0.3283257838958077,-0.8787063903767317,1.0786218633126816,0.006636141179888946
0.209702506682932,1.1606072638500096,1.057386334990584,1.768829142715521,0.8711332273698351
1.1991759658493673,-0.27285676839528966,-1.171227655999924,0.3949057992872536,1.7822854217770645
1.0795413180417073,-1.0679123842435547,1.1916619182311825,0.9599576712282719,0.569231808275315
0.4214598680191453,-1.543467439876632,-1.1063607925742864,0.7891597758354256,1.3718053207804988
-2.110735308414166,-0.06283011882226529,0.49614860218316864,1.0087714309421647,-0.41104581042933397
-0.28615208316911983,-1.6491533487318777,0.47731055626508495,-0.3692716322250932,-0.5602877323599439
0.08496342269817914,0.4601030621329595,-0.02046001764492935,0.5632332283116003,-1.502481217058349
1.5672798934108274,0.335428739380135,-1.325571041656616,0.20623947140820145,1.6187358199672113
0.15815461639139616,-0.07192749881178645,0.6643062382565433,-0.771830333296959,-1.4534730130563107
0.24370005875288853,0.6605432870666271,-2.3902151044897564,-0.401201367395106,0.36383378055026466
1.949897297200898,-1.108901221738636,-0.5308601323529261,-0.39641248615367397,-0.4487886604486309
-0.7697939746179921,0.8490633827381008,1.32836616913409,-1.2969639732972065,1.1076366238611184
0.7671886585851477,-0.41233436946975977,0.7564691882626717,-0.8378162691489709,-0.29968313463134383
-0.4148456013634648,0.5188804433710067,-0.4808484473639901,-0.35769681936849324,1.277700722911749
1.2904872432844552,-1.1387457534398582,-1.3164733417775147,-0.10634053764541003,1.3262749008648707
-2.0263835548259244,-0.31733452771419524,-1.465263264412824,-1.1150372381485025,-3.260849452995652
-0.9270645112987717,1.6304567521496347,-0.5602829158728058,1.32379643627531,-1.0164456593463893
0.2587730015685969,-0.16172524747644845,-1.8972782510663917,0.494888452077763,0.00918971014294761
0.9787998282936857,-0.4085428237003681,1.0551694016706905,0.45401412289301074,-1.1717746981108377
0.566771632259809,-1.0373854984980506,-1.866399372171643,0.17200307731766123,-0.9487041075909528
-1.2597020608058653,0.9085567738471826,-1.1220166840058834,0.9803506018165482,-0.6171018780428622
1.7114754597538953,1.0442647031455528,1.2710962815609128,1.446387434320159,0.9141386610002321
0.3306786103955146,-1.8338834333368528,-1.6359439110316627,-1.2413423674407957,0.7844550899364217
0.9431474045587762,0.7217515299687038,0.8305447799732019,-0.06530144676586544,-0.4750638815962013
-0.4488025150038825,1.9198776350879265,-0.2868784596725678,2.2623538504454372,-0.2753206173684039
-1.2765136720241315,0.5829006743638002,-0.46891709703079376,-0.32379252234039346,0.26245413733223466
0.36261782762862044,0.28976283539064374,-0.06898724068258266,-0.8524102820021194,0.6290837479760746
0.01048442276999513,-0.9884809827578301,0.0938310376952869,0.3348625457444385,0.5028494333070396
-0.3118373747023588,-0.4485641796685031,0.33175324971408965,2.1426028422221868,-1.2527263608952661
2.866439054920102,-2.481056088363443,-0.41106662504291075,0.4362892308563152,-0.6321320576872992
0.8318960751954179,-0.6528552879102925,-0.4524883378444321,0.269310098904443,0.10496109858174736
0.022007256847113375,-0.5990750862352218,-0.6580369324842924,-0.3941580530126335,-0.3904592993891119
0.9739846330887371,0.5589892526933803,0.6740888370505301,0.3767552427246744,-0.21435689270296845
3.019240959174507,0.4614788077605152,0.26299486183112425,-0.7287863679545764,0.9072725357849942
0.47020550792600996,0.11205029697129772,0.19623190673998522,-0.04912149463882207,0.38563379099315753
-0.49951887464928896,-1.2526757731854747,0.22827882738411295,-0.18416722456155288,0.33570520015332445
-0.20199073065978468,-0.3841077650064573,-0.017235950741721795,-1.7540991345733417,0.43473198342769603
-0.2180356173908179,1.2284645104441911,-1.278322990493711,-1.347470622581273,1.3861966490866637
0.4078369398072651,-0.6020200192467892,-0.22682206088632995,0.48659318687558356,-0.9584601989058738
0.5057186662405756,-1.6212328390099169,1.2021472981691965,1.4173196148673382,-0.9558758733812054
0.6390923875335415,-1.6785463815878627,-0.4520077388808883,0.7162226183040137,-0.3287378282565891
-0.422000247789617,-1.1763693126206547,-0.4795556515265593,-0.05964519872332345,-1.8289274157944124
0.6947902847359839,-0.8676870057863207,0.4919867951328931,-0.21514514123077177,0.8186667287622134
0.28414129777378605,-1.3226343886231384,0.30794897845569347,1.4547597606459286,0.19164396565308953
-0.5880286528188475,1.7285380188212203,0.16969970068751808,-0.23276064458200948,-1.2322384426244875
0.8822637088867261,0.6441356796142503,-0.4238754237059615,1.9276432381872082,-0.42426988230969354
1.6174474351323085,1.3244536485291898,1.0763367481177668,0.33326414012379474,-1.0901153302474356
0.4952274701935064,0.12702560397965512,0.29732775439831727,-0.11826237153232622,-1.8466001209790963
1.710124380071971,0.738538134708743,-0.3937509229999129,0.06214375497213804,-0.7375610974926293
0.6669267681768795,-1.5482130264670382,0.01603467794242431,-0.705127934666143,-0.47230140492637745
-0.5196070381375663,1.5991629044266469,0.5686993015342405,-0.9514360095023237,0.9373972310136539
-0.17053998059144657,-0.7487873777278929,-0.2899920313051182,-0.6110916630832045,-1.5525764172642407
0.30080724439434253,-1.099600239391102,-1.6100707514390962,-0.006657753076970168,0.041646147299251264
-0.031789788572060225,-0.6448162214161463,-0.930181400206049,-0.3949569729398948,-0.9369951710939727
0.3346678291608884,0.8730427284745894,-0.4820039741103234,2.043129565464022,0.38670250125540384
-1.3100437132163074,-0.20062277033613618,1.3418437720804737,-0.3377067072589161,1.3626600411212277
-1.4676817570626792,1.700230141448261,-0.5184931260272344,0.48805455533648906,-0.5782877747547817
-1.0277294806359496,-1.3368525592450098,0.6677899543487796,0.4468209168437439,-0.6431485064160949
-1.9070422999823857,-1.3562917721321175,0.3952267066664951,-0.7681526147990644,0.4448940446048887
1.410906849383743,-0.5762203266609347,1.1283602519550613,0.14063801547227955,0.536023584328706
-0.05397572693795849,-0.5113584530886554,0.09083783765032809,0.7184405980657647,-1.4433443460123254
-0.12524523642571286,1.6665683589677374,-0.23247717961353817,0.8981962356311957,-0.4658540805667859
-1.3257731979352194,1.2846480084036502,0.41794970652609853,-0.9536031681867992,0.3349919416626329
-1.9321623003234114,-1.0068730404164314,0.8254469989620337,-0.9101909042912459,-0.1859157067422579
-1.0677997446610814,0.49564576669155896,-0.6965946296858307,1.3501448968748533,0.5355978753465335
-0.6077648976360801,0.4092301843221254,2.0741408178134906,-0.767246446366223,0.26958754666111845
-0.2263088829678823,-0.024427522535604474,-0.19412143492154374,-0.7995320287249623,-0.39978094426656985
0.2389791121028744,0.019246223809347634,1.8519245960051323,1.7243600779471153,0.2501737271543101
1.5959660821697226,2.0085093597029893,0.158384464849145,-0.09417406037093798,1.0264705208473275
-0.3842003712869377,0.5273094335601788,2.6456534354092667,-0.25587276842247514,-0.4171360724004509
0.2941087142236937,0.810967735546882,0.736545943547296,0.8088266142140729,-1.0324156990671944
1.582116816821176,-0.939556541063745,-0.22816471521708992,0.49457100013837646,0.8584368337973216
-0.2123448205799942,0.29145640900669245,0.36145511973372313,0.20649712508303336,-1.3848952739011764
-1.9012498451834992,0.009250150031640881,0.7660567946702173,-0.1241412994776209,1.562338830342166
-0.45817699086782077,-0.8556460758833069,-0.7085691551641216,-1.028352586300131,0.017926953204926956
0.4828308197105893,0.31212313586663565,-2.0779550319462965,-0.5096134640345538,-0.46770251117718403
0.7324547183669586,0.6150829016614782,0.7956322344750713,-2.260704838692415,-0.5119130533312501
-0.11122356107649703,-1.8571569792751244,-0.5074215727878421,1.0533443353889562,0.9429548734428667
-0.3315047720628151,1.2379663833651173,-0.6217380080517485,-1.8706065123982873,0.807211152617315
0.031205057892932368,-0.4294050240576603,-0.299475125715197,-1.419294869321352,0.24210644975704543
-1.185102905333384,-0.5618169588793889,-1.1798824718934768,-1.8825221141025057,-0.40176541306524766
0.1956416498898633,0.8245108747641533,1.1997532941875741,0.8882548624500495,-0.5948243429871063
-1.0280699266221691,2.7747883736656687,-1.0662181870704968,1.1814426523127446,-1.1131185305970737
-0.5182138821899746,0.5358318322029958,1.0487458179027875,-0.6453273581201109,-0.2877743982881245
-2.048404132306849,-0.27610837065714444,-1.0757487909862222,-1.2838985911111,0.21365531261148973
1.169317773041476,-0.18634869676020227,0.9622368937663659,1.3387342552676245,0.2590529158503449
-1.4504115088997356,-0.3806566288038377,-0.49700758837101366,0.013389348428650949,-0.5995963421439191
0.7057611646903494,0.07858187352823108,-1.6047308561567208,1.7494224198701083,0.13711179883301342
-0.8523339774369516,-0.8180312183383983,0.6159560298107702,0.8029444565175672,0.9010663167049398
-0.12553548526953298,-1.411986212445448,-0.3924348992507578,-0.10475957681688236,0.8029450889040196
-0.17171185017944446,0.7867568751212444,0.9964745321230953,0.15752540701385448,-0.05455124057259664
-1.1947401899004888,0.6731694906844129,0.4070425339627725,-0.14319501880545046,-0.9298578639454715
