-10.564616572619988,26.540430433095167
-43.28234149104516,-8.639910377134463
9.608017847942158,24.287270386593026
18.386096762733864,18.653739509161767
-2.9824607170320183,-1.2580749297315803
-22.189188689215555,-27.60515546111952
10.98400836142562,-31.576185770593014
-22.34227879849223,7.137377015898593
14.474538846867745,-5.844990343255143
1.2295004877103008,-1.2853071316686107
1.8660176970102644,1.7710368385460455
0.2638615216389322,-28.55165164839681
4.138768017434905,11.170340218048793
44.43523925790709,-12.694899575444325
9.579140397449683,5.979151403699248
8.511634860546422,-37.64860936029417
-14.337270025518656,17.64054190409416
-0.11801588925163986,-1.818422139642494
-20.26835491774419,54.056716512523735
22.11262379384151,-2.5699087431468612
-0.8906172753899646,-25.651144602174572
-7.1765525851199214,-12.96522855764563
-26.72739908444212,-14.261741829884704
11.832772235872827,-19.622557968592652
-4.169526297148258,-16.983726133557756
-11.346896099106344,22.469967185074886
15.796066358613903,7.240893421512071
13.859129331976513,10.509516491379015
-15.191347236025525,-40.28485395445904
-10.229155673393437,20.97097815693283
13.360674594188735,-13.677520839477241
-7.512673347074644,5.338632683500041
5.059419221298151,7.273364838994745
1.737165100611957,-2.507191609956461
-4.252438510106236,-1.376952040017403
8.635879165232735,25.16272455317539
3.972932059707415,1.2464396576447205
7.548027562762925,-15.373225082048851
21.42554909171683,1.2753723027187673
-45.815855207007885,26.80905197047716
19.827888322243886,-8.897942634168139
45.465901888739594,13.93948623997838
-23.44253953934341,17.944877543454176
-20.76688154098643,-15.760137684178144
-24.67972832909696,-1.9600472045678416
-3.8209744481420813,-0.2079116137605883
6.74622944150058,22.970869908621534
31.59736955790953,17.828782754067202
-21.494887966973085,8.519607613521586
-13.197948124476744,31.743352967800035
17.4343009372349,-6.49002498923013
2.2259804263297944,7.704512517572018
-29.118318294305425,-10.584414976718818
22.347939797564763,4.346110865369002
9.309992123430861,5.124442184294187
4.065447760239035,8.78425490868603
30.062542029699426,19.747122570625585
-7.711636722238893,6.226749404538028
28.36176647128705,12.579147702727745
-40.36536640644876,-3.1999151420603082
13.568142216564043,-27.665389664230304
2.5946432787163745,12.770173425298504
12.531804212420564,-26.254301164958516
6.505578881046045,9.271208149944934
-3.096757234724088,2.9978932953165565
-9.458467377130697,10.20549537847645
7.207764300042175,2.6298312421575885
13.014864849197426,-22.550690578636974
6.896023419851668,-20.927065786956216
-21.533484393431984,10.359473331280208
7.473162301588967,4.243268927332229
18.490283921040604,-1.1598910098122834
-7.560564031467586,10.282685300399576
-10.65764716322958,-13.82198974360501
-6.773803211190936,-11.570219153588475
-3.3691176009958177,-18.16732513490705
-14.523125333823778,34.107541896246545
0.12445170621862367,0.3858558181931837
19.371295856284085,4.118931985343774
23.147043328332447,-18.306213154781105
-28.88505304524156,-9.904137689325857
-28.361091354200912,10.72921486159252
43.585032675856695,-7.789885573448448
15.102419843911171,-22.77587758741758
1.5725350035156853,-21.136871542666032
-5.526204972687328,37.63835033944054
-5.493406508453231,12.806782920444611
-12.12029754263201,19.676716178954145
-14.450755655009711,3.7463166647815287
15.085864893903405,0.780507048642157
-4.519941091598097,-14.16503049458424
-10.431306968352027,-23.801378716345017
-3.2658225477319407,10.267655438653053
34.58705876270562,-14.596280371009039
-22.79153204314981,-4.681117020933571
6.372316128169903,-8.58488648277078
-1.196130245982241,7.606901082805445
0.4046482690830402,22.795821597377323
-4.8749335960859765,4.786745459092754
9.642928262971218,-17.769893864778396
