-0.6283476398740643,0.6129088794290312
0.9477776612589642,-0.2971455933020288
0.1437919995782568,0.09334412843764571
0.0051213028349075635,-0.9386853684588133
0.5449984567717994,-1.10036325569566
-0.47769995043799396,-0.48328975760945164
-1.743569148200955,-0.03669379762322789
-0.2664221276659972,1.160548470142295
0.4394065679318654,1.315706905608603
-0.9587795396728608,-0.9265645662425863
2.5196127999483298,0.07477750327155742
0.9884286534689427,-0.01097238968874659
-0.44812092124794145,-0.002773097861277017
0.6439668201474034,0.901035434681906
0.7714724530590438,0.9756225111293203
-0.5236204522912126,-1.3725349247194512
-0.03798057521420915,1.9834895114906514
3.1195796355619207,0.9445868465987382
-0.8672958441025846,0.7136762605653681
0.46954664650617095,0.14495340590434805
0.12437817166152715,-0.9981607601673625
0.5443111815033954,-1.108577507423808
0.9305295159241295,0.8504321264467478
-1.5919084365509155,-0.0639735522903248
-0.714486226845504,1.1342668796042834
-1.5208394541225492,0.023000084879011173
1.4447216535835903,-0.39393276719434334
2.0255679428438382,0.01296589640165036
-0.6407234796941911,1.3550309242665124
-0.7548868714206851,1.3965280905804613
1.2480965185427366,0.11532361418915056
1.090900096400461,-0.018241076816623195
2.146869644641928,-0.12387480558698706
-0.45849862982387474,0.5881135304614155
-1.763174746339457,0.6312790221456664
-1.0845540911132463,0.004931057630939339
0.8083363454999347,0.23114551975016176
-1.8816518736473582,1.2146090343129514
-1.1772172737268276,-0.9134460855112809
-0.11590382157632172,0.8622871048885837
0.9408088819418202,0.6419820109113648
-0.3478810228189294,-0.7081231467193965
-0.6542214607218225,-2.985061712615482
0.7688867032951032,1.037439088200464
-1.8587426763296906,-1.2906672977112386
0.9623273059607141,0.7420690019128288
1.5351313401967333,0.36136374199834836
-0.3927717043230222,-0.8990061119831548
1.3257579080185657,2.1342256601796867
-1.1736007336878593,0.14688401422750913
0.8522949727854471,-0.8194480929581542
-1.0955601627409972,0.3295729761790322
0.08360031039485193,2.3623187816181517
-1.7227216139022812,1.7713448849395743
-1.5601898957504203,0.20580767348714732
0.4378248303346345,2.0452691511280787
0.5402664204612407,-2.768605215179173
0.4378105811670962,0.18057692565092684
-0.02673138614147615,1.1620865276322108
-1.7496750350437478,1.5200827331135516
-1.2538918861468535,0.1573809629149087
0.2770917031322539,2.2812191808191455
-0.9576862741019025,-1.0368512592813413
-0.7528752009967736,-0.8288518370124972
0.2628780311325409,-0.4592470904476155
0.2826329050710868,0.20348885380907647
-0.46608241110118875,1.113983668035656
-0.3650597284767853,-0.42733816398644425
0.7505450597106892,0.8647206755826699
-0.10840451614383198,0.5314646183580757
-0.8870197223511898,-0.033172057701834276
0.6870925720781818,-0.25736828371518455
-0.9040208580274344,-1.3248120959987966
1.2989575695139015,1.2470241779640097
-0.06897369509217938,-0.10918753477341435
-0.6623876283810696,-0.4671403535433644
0.27644806245078674,0.9439844630108642
0.31000801991328036,-0.7929241593777917
0.27897757346971835,-0.4927850238903257
-0.5190399584449056,1.3084194703347585
0.6666695301062009,-0.9912317752588096
-1.251038132809933,-1.009351510388444
-1.0243579637088398,-0.09848447026034149
1.189900710002871,1.308427988172032
0.43252623178116406,-0.6812443686198543
-0.7806396815986433,-2.5843328748396517
0.04935514118917834,-1.0731316211761075
0.2605528659028504,-1.655580118963466
1.428355187412557,-0.7883685311876031
1.0926026887493385,-0.054357172751411
0.8464508652084202,-0.12956273096082754
-1.4367482960966633,-0.07982575690692101
2.8870969148108396,-0.382576128756369
-0.543638641814685,-0.23207611858206492
-1.155217528899628,-0.9273167297926351
-0.9003225014343046,-2.186843753807245
1.7812298366986266,1.086298561859519
-0.263340381079505,0.5544782624435576
0.8485108038358125,0.18498572182041662
-0.41705809412016537,1.794443273795288
-1.3414950269377486,0.14058974849893782
0.45234331106964903,-0.034459375317101436
0.055407120703098674,-1.7689626823125846
-1.000977225230878,-1.0788635199656553
-0.3318942111615877,-0.06323526844787902
0.18933375687613416,0.8884914516991729
-0.4196230262432473,0.203399305411714
-0.4396834359609232,-1.6154803628690642
0.5420483552624775,0.8773570002930101
0.4187315455038155,1.238232314100484
1.116645304233702,-1.3749399549265808
-0.15138701292833262,-2.0340295192390383
0.6799973888240245,-0.5555307473765688
0.462701487579105,0.06813288353688894
0.7938223026380564,-0.1796064680402496
-0.32917804246548193,2.367157406674856
-1.7651903688890922,-0.3379418719185589
-1.2103281080874961,-0.3567922132183338
0.04226033918025922,0.13400411088161435
0.4574833636281875,0.7151636937353293
-0.7208306049779065,1.5274654246775545
0.34457825830891564,-3.1100782888252594
-1.3313495548930825,-0.00942402678622282
-0.7627882958437393,-1.065434640307947
0.6572187491267141,-1.0804057509812388
0.8239180588087649,0.8669144937387683
-2.2409077910220305,-1.4940829247012648
-2.5113353920416297,-0.2866877066699921
1.650726895721833,-0.3484925189041936
0.9844586914236103,-0.42365772554309894
-0.4688871803693568,-0.04845119183465939
-1.4132846805710382,0.8038311229973519
-0.9941131446583784,-1.359501609338177
-0.12255416065713018,0.4380054121944574
-0.43995950326820993,0.8925331448012593
-0.031981976740504195,-0.8428657208692258
0.3834045997051664,0.30246763153689304
1.6561580988052684,-0.5977121587764653
-0.2665526794739037,-0.7796634764835475
0.36217680252114715,-0.25009958815497296
0.9409923565641861,-0.597189470465329
-0.0804238595164994,-0.7325985519146286
1.8964171012918727,-0.440283983369149
-0.56047770001701,0.019736765140457007
1.9206259787095847,-0.6670625089410273
0.2547633625245671,-0.04734795165200754
0.33511458059799776,0.13665732274048567
1.5110608828994683,-0.5795168671999446
-0.7540058817402086,-1.7316564954425226
0.15418811920468217,-1.0921914800730408
-1.0625718716752481,0.5052805036559255
-1.526114072828077,-2.5452261396779314
-0.42467815513618773,-0.369903821946137
-0.32106362529346416,-1.1877767184775652
1.133267789178252,1.5509518933037858
0.014034907080446659,0.3655164513346038
0.6116027310341864,0.11369824811779201
0.09278110628973567,-1.303754479301926
-0.01517736152357267,1.1542274845151144
0.3760324491500354,-1.3138523259405304
-0.3847192172736799,1.1927289990273517
-0.9134874759995699,-0.5256444704227197
-1.7991876338575472,-0.0019259466493996241
0.585080283222805,0.19052709107290378
-1.663809043207664,0.2233935192687115
-0.27927693034867096,1.415773112152945
-0.6999989119417219,0.39731834019533063
0.143000534101832,0.7086463927418831
1.4855452985383166,-0.23103372707075376
0.04785502788859565,-0.6292541241508814
-0.17012459528716758,0.1893819138140921
0.35075029022252097,-1.071065090152744
0.7362916278695962,-0.3831962113954838
2.46761855603025,-0.31287535008125017
0.07516348596097369,-1.656407995726979
0.8680643943867606,0.10828936706778723
3.1232081421955233,-0.06500373109051155
0.39727718565881925,-0.28035896770623236
-0.5114644837893862,-0.17688794969558325
-1.217086871730622,0.6987942678547937
0.6249117327995712,0.77218106363524
0.1778371841980675,-1.5779295493004424
0.5353608898944247,-0.4156703183983229
-0.6342273498445674,0.8414408967139827
-0.39451757681837474,0.8879088532795532
-0.21721472831287084,-2.2970881836624697
0.9302953528875681,1.7343021419833968
-0.6965685589280385,0.8503657632049766
-0.7171170676282344,-1.4117023777851099
0.5934619567544009,-0.568640938601469
0.5408188742988406,2.453950650893494
0.5445320984453449,-0.374481959267392
-0.7487386328684303,0.9160159987794899
0.6179198623886237,-0.8088602919002642
0.8439534752023057,-0.7701279123613823
0.7693057515558245,-1.4303871180839975
-0.008941111888994538,1.1382298054566056
1.4224548734094993,-0.2353585436221953
-0.2714384139210613,0.08764695447364625
-0.4092020932056601,-0.06887958737632523
