-0.13621581372318797,0.8364073455024889,0.6750502240047025,-0.9794677657559328,-0.8389492394491098
1.8338267914801645,0.28955762199454876,-1.8059998919728886,-0.16777916751324895,0.0029904375344511212
0.6653952938063948,0.262922967944521,0.3756814990313261,0.03858499352984436,0.7100886459516881
1.569165469017407,-0.08171622262219368,-1.455513307348893,-0.17010989346947192,-0.9543604982281941
-0.9416477730217546,0.7040341543041687,0.6830996846646722,1.1136322065573134,-0.19244200626168095
-0.3604831794920898,2.287384163978503,-1.2971808832883847,0.7442234703637389,0.6316678735326356
1.4097341904553187,-0.502653614075596,-1.0742836856977982,1.536827714636596,0.46205408457106767
-1.5449664014909013,-1.1995493767643732,0.6399969173246517,-0.46801611847945895,0.46820162741856697
0.2140998490370754,-0.09238459164075255,0.8452370079917406,1.8888935329880385,1.3736089918351437
1.0451261619054786,1.1411427141654473,-1.9175530933565708,0.29475431737739305,-0.36082716934784603
-1.6854097362792502,0.39052501675517975,2.42272472960709,-1.8810443577962714,0.7571741752011144
-0.9629469769461958,-0.20383814955748777,-0.4894292170542579,-0.3533494306182059,0.3728231159108187
-1.058305717509283,-0.7858795485286748,0.08235112880415857,0.18837502957013952,-0.5725201709125823
-0.4572059764627944,0.5034606167469753,0.49799915640010145,1.4385727100005936,0.4554479944902286
-0.2679886921262415,-0.3021653701456957,0.383219319680147,-0.6366768877605882,0.260096404145724
0.9798399773924555,-1.437001197305825,-0.3135436156490662,0.7810324394463595,-0.6564929292425523
-0.25980964619820507,1.0583331008886427,1.2420486901312084,-1.088136919190651,-1.2742358399221474
0.6850718866557541,-1.0595241387742649,-1.6625393711472076,0.059640287519132196,0.564242706311245
-0.8247283341123576,2.67745354846252,-1.3189550620702504,0.752727792439183,1.0116586759544364
-0.8292952226782146,-2.6830298697576227,-0.07785290890957408,-0.991163123187964,0.8133049452279396
0.8664256536564177,1.309529767460027,-1.6559643952655205,-0.051623854370616784,-0.866666908067456
-0.16101868949721224,0.5038711884640968,0.17319150578951675,-1.0121722946503204,0.44959003729836505
-0.6353372462866099,-0.2863880047589657,-0.7585844636574708,-0.11548882970504401,-0.716966416944311
2.059877799434057,0.3647699651767824,0.6636566133798625,1.0526353317349766,0.6787057439148176
-1.5215341721781652,0.09801737625547073,0.4511198755319446,0.049036445369808265,0.3131441724363226
0.3019339191284131,0.3710748628767796,1.4699936378439744,-0.3699086194667264,-1.232022856799075
-0.5073270298791529,1.2779193321693871,-0.577713534945395,-1.1621256048373316,-0.8662526637968658
-0.44346781825060333,-2.225336570708461,-0.8743321667761995,-1.9261042448397387,0.49769231978944245
-0.6245616312561778,0.9178826646328935,-2.061586576791864,-0.6426973467233932,0.6806036502161924
1.604947099418935,1.384823204778291,-1.3727048193983058,-0.7262509323874523,1.0370011522689704
-0.587508849287329,-0.40829227383182454,1.0598119574621754,1.6236648523597736,-0.30624012195723926
0.3556055123062101,0.3333356946334683,-1.0859546111854395,-0.3337639098030918,0.3198142377654019
0.908796333939658,0.024520350728637876,-1.3288935768884254,-1.5231804594874567,0.95065835824163
-0.17297001564713785,-0.06646533010152435,2.331178445764741,-0.8454886274848662,0.6434994002812829
0.14436162249579457,-1.229911017398633,-1.027299374301681,-1.7646298172964652,0.615706418521823
-0.43844326766506275,-0.8314736595797776,0.2595807766369079,-1.043871408108481,0.009987407450908552
-0.8379363643195057,0.3153813677106696,0.9498578762751009,-0.9289318292197315,-0.4502499196238241
0.8643112557248446,-0.5254021142859898,0.7508406090665944,-0.4870395710257302,0.5675896193555863
0.6266595360002495,-0.5163821052281842,0.48373240603741935,0.6744456132743063,0.22832495358169377
0.06446127312503648,-0.7939032542338504,0.379790652576769,0.09429698793093332,0.49409091076466577
-0.4915674810357901,0.7276744884118865,-1.0866682019695586,0.5457275560588809,-0.09889403666080945
-0.6696632597688579,-0.9803970680515878,0.08756089794923816,-0.1632890895695951,-1.7786147659808709
1.7302125732209295,-1.3174483301258075,0.6293824544452081,-0.034257788828619525,-0.6843010417900787
1.14054778270333,-0.7521164403072631,-0.06580661179465357,0.9494012708038916,0.23432473391538902
1.2808370326725593,0.029772760643643124,1.6757816090620614,1.1629793913220898,-1.2709443742974291
0.2788044699565464,-0.06783104493936416,0.9441885056740018,-0.4267587182661377,0.3062018445157315
-1.8605642823818556,-0.1620792683761834,-1.9339516312533886,-0.1713100967510838,1.8821149710475291
1.515728909291453,0.006878019066005166,0.14616464521098252,0.743886257586439,0.8990952204024686
1.2203393120272934,-0.07769211671329823,-0.41403074121570294,0.7811494596615034,0.36600386941950097
0.7749086233747045,0.5437522795815637,-1.1430836834293692,0.7935567283180572,1.3006454602946085
2.014065958345814,-0.818482878282093,0.4119653089501723,-1.2919516504814248,0.7864141038610127
-1.0325705372666671,-0.7461757603473315,-0.6995736898516802,-0.23419304466332685,0.0943114292326524
-1.2864205851390014,-0.46295087241226857,-1.0681912198126942,-0.12163636870305206,1.3325562745600028
-1.7477801203808672,-0.2918550026603098,0.7548834877954335,-0.8124742719012435,0.0492011939190625
-1.2028280962492173,1.2080357868354337,-0.6503852342742519,2.187082203618062,-1.063329734882203
-0.8882701726019293,-1.7767712103600601,0.004340802961106615,0.9126990664627024,0.7856727624871945
-0.8711027870591571,0.34052019856151905,-0.8132135753868405,0.028017289794162577,-0.1954299427886086
0.9397730582011361,0.41658271511230177,0.6514635935100704,-0.2883136308776723,-1.3216980759740176
0.26224999308282676,0.43954117909510854,0.8586997879276681,-0.017154480772499692,1.1016945562766038
0.449944557240623,0.29175043548164425,0.895452645735763,0.1916993356213111,-0.46887903792991076
0.8945933719511678,-0.7509637449992665,-0.6152560621587798,-0.6349856683302493,-0.601561161112052
1.0753702179919375,0.41944450645332354,1.5784217228475106,-0.18003560410224784,-0.7988979302772603
0.42146812934279493,1.5877955984521521,0.36042327055852047,0.313899942712376,-0.38300752053067283
-0.6209985815292948,1.9559466202536542,0.4041921238448431,-1.123991931010939,-2.1976423872992803
-0.4950548220553259,1.4158497993885344,-0.36752520814876144,1.225556485867043,-0.9324390939558914
-1.096167648091774,0.987789263274242,0.05340845488460861,0.9900226294826364,0.9260133518701229
0.3882392362500976,1.875849212558898,-1.1343876646158224,1.7355995196107137,0.7340177451579614
-0.4717939846763738,-0.12000215945509109,-1.1824455040714505,-0.2671921389620311,0.3327915319975911
0.9553570935287935,0.5743329200821418,-1.2878706363524162,0.3516078550884943,-1.0768722028158033
0.4298377338489206,0.017772194816224066,-0.41066188655494557,0.5629350087746013,-2.0304570282247254
1.8330402496523166,-0.6628262500557935,1.1172073450009974,0.10268016372711637,1.2755320102327976
-2.325088385924549,-0.4627770053023509,1.1544198851659657,-1.8491112746098641,0.9302274467436443
-0.7431777278193734,0.7933372612997843,-1.84003407475427,0.21702445079764474,-1.1519416649922267
-0.2354642464685363,-1.427437885461098,-1.3179177116316898,-1.6529682187397623,-0.8403016251045939
-0.5962480344877595,2.544759935096972,0.8541618754733329,0.36091263215573566,-0.5159525425283626
-1.661385814168527,-1.9093196374515293,-0.5269541288470903,0.39140768553133803,0.38459701627789455
0.6436981509078809,-1.2889663697440719,-1.606987546749508,-0.47557520829227284,1.888984215799018
-0.054561708759106375,0.4113834995522053,-0.15925995651860725,1.5934869791136623,0.019071457540663136
0.5878055237867907,-0.7965768953407616,-1.3062942646963462,-0.32982036994107344,0.5222006343157
0.5197487723496153,-0.2948141322407345,2.2641734061437857,-0.011767099566530359,-0.4368745849337844
-0.20352752151161982,0.006348874915453816,1.5393560579022794,-0.2425089863939407,-0.5340622574116046
0.9332172970129428,-1.0152344971251779,-1.2603033673453314,0.34176151194140775,0.5436550436962188
0.7980774977133499,1.7535193931118824,2.4200791391760017,0.39239634951374514,-1.7840341369814088
0.21038520714932565,0.7105327637938136,0.840368578891983,0.3750470531403136,-0.8259831816285643
1.1148870411113998,-2.8203288607738464,0.9508312026745626,-1.1680571273625964,-0.8015119323667087
0.755279378355332,-0.9678364251130679,-1.2982671710878069,-0.8880057938166023,0.2673795967571821
0.5809039315604078,-0.6371763844898842,0.17105216571989332,0.3383712998800837,-0.23045472338996653
-0.32066846947379224,0.09454846442547399,-0.30746645643066856,-0.07298657734302581,0.20515898565009447
1.4716279071933303,-0.025455255509477144,0.1152957720928001,-1.733669239736041,-0.5999644168112311
1.4948926704741867,2.1002034281625903,-0.11047398565361237,-0.10559082783569314,0.8066295900547495
2.0624543123598262,1.6522699541638208,0.2813921084259455,-0.4410258225719362,-0.36413773605140015
1.6520229099577601,-0.04988723047772945,0.32687468905555483,0.308810846953365,0.04606349155709514
0.25792214804216956,0.004244095261917317,-0.2513880330910902,-1.4045118537131198,0.3253304332267568
0.37575412471882047,-1.414585681817157,0.10394860170147698,-0.08566974489720743,1.8448079497162515
-1.9128392959564888,-0.11652510087740757,-0.1134619745560746,0.09307130862892998,-1.8712025079936203
0.800759941607771,-1.6309517303874916,0.2217893911901367,-0.8704881660792642,0.2840685483468368
-0.1299416346439955,0.10586164090251353,1.0231896372046816,-1.1558181273260024,0.5216378824449002
0.9298484480755668,-0.1961050229833878,-0.4146416231185824,0.6057832805185736,-0.6662989076243637
-0.25310519713886526,0.8678089523377386,-1.1719838585503835,1.8393573805130532,-0.3071204681091432
0.3502277828388015,-0.671930643953066,0.7398086675036234,-1.6605400664370766,-0.3520088748494257
-0.16609667262683392,0.3011496501393036,0.27957131173592453,0.6481577516766226,2.152789123768118
1.3757874922157745,0.9885820893386027,0.8692816196188243,-1.6481620885487058,-0.2896972217099149
0.6871663547248589,-0.3417506929599295,-0.6149716174772516,0.12150396496123002,-0.6585763938165857
-0.724405764388349,-0.38836208641798325,-0.39939009436152073,0.7067640773528618,-1.4819465315418041
-2.0468159684241924,-1.4395438082968064,0.6719179352974611,-0.6631427910636657,0.22814911417453906
-1.1589375654776124,-0.1260367562364893,1.0888186875546084,1.2484822458417486,-0.5712747105646088
-0.8182962104140253,1.3621422620127581,-0.32422371306526904,-0.3840621640297217,2.1674983617407846
0.5400132912789484,-1.4064556919359992,0.33592333631773913,-0.4156048398226609,-0.4635991135203554
1.9683106525522802,0.3029051746384311,-0.8509309121758609,1.0003013179352314,0.173592797010463
-0.4389002359331618,1.136544696190368,1.136514388512607,2.584782698153548,-1.5141325365192972
-0.8366812546257587,0.9314996008929083,-0.4021660291642343,-0.2879217414701333,0.36335541241459246
0.8819192527048192,-0.7019978458652331,-0.4639054403010678,-0.9102289515168126,-0.9680265144885475
1.0023243054665796,0.0718969855788865,-1.165525236418948,0.6401724073236273,0.13976122248786768
0.6417797219908716,0.4804853289218498,1.761600883143976,-0.31423598852903883,1.7050330130011342
-0.23951036633782058,0.10449122056144534,-1.3644158924758736,0.3974327364996831,-0.20301079010291737
-1.226452422718612,-0.13148370117690714,1.5312141784522162,0.03563783900663219,-0.852562327524481
-0.5232622403937697,-0.39804191862988814,0.8315270619030857,-0.6430500306210318,-0.14555726237320418
-1.3793526646068917,-0.39995307222625953,-0.8772680924991982,0.36161655997750175,-0.003498749289763392
1.8782924867453554,-2.387412236388408,-0.7697451324470013,-0.4861811999869504,-0.22617680612191474
0.4576878493386081,-0.6027755564509312,-0.3061766534880191,-0.8384802048800787,-0.5020949375682165
0.48844363775711114,0.9974031623159234,-0.16801322368820026,-1.6527100576407583,1.0607227858041421
1.1504290547798068,-0.06116386532334545,1.1271577659876073,0.7399844694153841,-0.7687485994747463
0.06604886078080573,1.2686969057657658,0.3449448053077042,0.25102077852433624,-0.6110298758472685
0.4776036669678746,0.21886525358522343,1.0179300290121613,-1.047981739537689,0.5725260235314369
0.15090120441872046,0.4710214038653422,-0.5919967427918572,-2.05917283041637,0.8888815937953269
1.1687568381852351,-0.031182990314861235,-1.006632039147352,1.3333251373775838,2.096461254708857
0.9481249356574057,-1.6749205661326148,1.6853572608646465,0.45540120523017275,0.1908995533311209
-0.19814246514543182,1.7897085528021623,0.5751315295558885,-0.44144906865745653,-0.45819986872795726
1.227055080766946,1.6967086383982615,-0.42794220523562343,0.6357882739122923,-0.009040400909278785
-1.2067542470302466,-0.31086533803787736,0.7677360458543279,-1.481490949475797,0.9298973063731216
-0.12882078791618087,-0.5178954354164794,0.7359335578947759,0.5869935056531498,-2.285052250766983
-0.9738431186018378,-0.853560157036762,0.34983007770664265,1.4464872534432003,0.1530757951302663
0.3630239567252878,1.0090221696466746,-0.4404991647865616,-0.4009577288626535,2.452127389374692
-0.824856056614209,1.0380441758233385,0.10441833577467662,1.0622706069408132,0.0638305637253664
-1.2436645175770513,0.4816323089088021,1.3368231438424962,-0.29248497386483185,-0.5731982557129522
-1.2154648010921765,0.12030108102094487,-0.8763784506395287,-0.19462243848224675,1.4493889777687585
-0.18823004274610078,-1.329117137043359,-1.333185646125417,0.4792943464045849,1.1274023248925886
-2.3582773893527498,-0.5402322878534395,-1.8221881441734873,-1.2063991678733987,-0.2167368161854981
0.9997144586362848,-0.8742321277961329,1.5166065003073717,2.0367876114727737,1.0366692198725216
2.6388123180818663,-0.4470368598282493,-1.8741804200222056,-0.5965024671013467,-1.400246036337913
-1.3362121037866441,-0.5016397398731983,-1.4633597531015852,-1.0355464362554934,-1.32354273945427
-0.2702649313451719,1.4070785258059055,-0.15968315914539832,-0.07817858743020646,1.9343731980963768
0.07400907504677362,0.3360409032259669,0.643202359999069,0.6351050029247243,-0.6661655260082431
-1.5110475815583007,-0.821028727645238,0.5561606996449923,0.2040961953321138,-1.319058016118439
1.5112541886849262,0.4311323071101683,-1.0215403351021324,-1.0724270076018936,0.40050575858799
0.5646554849245001,0.1760589566742253,2.2547023664105774,0.01644087988239565,0.8154497974399347
0.31846225705306724,-0.24522834594742998,-0.7701635909416967,0.040317323617727815,-0.37580227510978514
-0.7427713852940659,-0.723127033788414,1.5273390071237851,0.7100791644074795,0.5782449172579149
-0.16795850374831486,1.1371796496997717,-0.6174757487219473,-1.0805790504876251,-0.3785196862518961
-1.319276757142791,-1.361785597392272,0.36492880837583963,0.067571388847145,-0.22905929388457993
-0.901370473370047,0.3147592811970766,0.012030139601534273,0.4620792565281187,-0.9490318312180402
-0.09379638586565206,0.45811360680177626,-0.7605819270249017,0.6682724102533506,-0.9636333036079949
-0.6668429871810374,1.178875297522284,0.9749694325140299,-0.41312238470271384,-0.0866002754180604
0.8027894283841558,-0.3474337647914954,-0.6215680321383825,-0.08007044080557835,-0.3265980005698986
-0.10304490865347342,-1.8564481953455063,-1.312596615991192,1.3715462942716643,1.1408736133444606
0.6844925735248237,-0.02790178727910797,1.466401902341458,0.09339971947803928,0.5569239912752586
0.22477688236175944,2.1477755191818377,2.4418629724556773,0.6062902143746876,1.0935589961794776
-0.662196350038776,-0.23713510772150073,-0.2579918085210105,-1.8065042064893708,0.8420377256361548
-0.5471233699827295,0.6896599982856714,1.5472549668619444,-1.3303383780641758,-0.6218154793690569
0.0652298279909906,-0.94399237567395,1.0724479720689064,-0.3107671430792987,-1.7280603036102107
-0.5551944535274859,0.29318179845714765,-0.6182358880637389,-0.4730564053036271,1.270543368933663
1.6639571912728357,-0.6114504751505714,-0.3284904361647524,0.30297790753100856,0.5740573824006808
0.7399455294226848,0.3533158246975228,-0.16990427907788658,1.2518266275958099,-0.7221961057203489
-0.14240046056287634,0.7462225094654695,0.2622099434730244,-0.25168840597307296,0.7711561360934845
-0.17619588722384244,-1.522891939999014,0.20466231377481073,-0.797838108722063,0.5309124089083077
-1.4565805417959445,-0.26737766205650465,0.6370059397263711,-0.46525883687624714,0.4001044531566463
0.3299703797036998,0.8631624253600507,-1.2472403379565793,0.7038154534618395,1.7346389152626551
0.5768377089284328,0.3301396884253785,-1.3106516913909398,0.9615220629546906,-1.3227662009653212
-0.3407665028502436,-1.5130027320067934,-0.38031420878538813,-0.6413601214508949,0.47539883348670137
0.5191138053010477,1.4852841137629025,-1.0120615423443362,-1.197844120352117,-0.03906439202405081
0.366681472921379,1.2138096691583489,-0.12568340748448087,-1.6222048644951568,-0.9617563053317228
-1.0494450638629225,0.5367484763875857,-0.5694118342615191,0.0339477434711578,-0.05960640119437805
0.73132145622028,0.45383160811793827,-0.2223584804098602,-0.41425781766505376,-0.829179733359014
0.308644587768901,0.37668838369481095,-0.03559365195677846,1.0695600978711721,0.33385468266499013
0.6639727189383915,-1.0704340361980078,0.29384349677287924,0.8924110173844719,-0.04595509364573778
0.7656885029604987,-0.941362000622269,1.1576263384178223,0.008485332254412122,-1.6707254965211342
-1.1270289985825628,0.8944877326712536,1.9733871155557932,1.9209294433203001,1.0781210072385479
-0.5783730344914947,1.015406920977912,-1.1532318793539422,0.8623832840906825,0.867014062082897
0.8786222713876262,0.9997112626098843,-0.6957410115696057,0.5376875736783165,1.625330345267779
-0.3387215113758835,0.08072959947679659,-0.08571951137499312,-0.1460199651126777,-0.05272965793928752
0.15896044895015748,0.5788500581076536,0.46302614812529536,1.3764369371776277,-0.28248583705166264
0.3406020870550361,-0.45366637705203616,0.9376699391047665,0.8299255857596971,1.9866411601807752
-0.7431617219665039,-0.5821155671796561,-0.041322182643584636,-1.1630935467232606,0.8342594365777644
-1.0778449878194702,-0.06532970662695255,1.7159739200912438,0.8188364561512577,0.574054406571199
0.28387508495830843,-0.6901767024125068,-0.9355454195284552,-1.5931843637218641,0.7216451930551541
-0.5067910844666175,-0.8888270290701201,-1.6369620041609376,1.3654115323194915,-0.45747893403145395
0.6250745472329252,0.9905352653081596,-0.003383513639689516,-0.4845960500132571,-1.9712492052352553
0.9972086211358782,-1.6169192905968601,-0.836252381343691,-1.1310914887299859,-1.785590221789163
-2.0124869285687144,-0.27443210877242097,0.007626065486856771,1.9527016389637442,0.9795541186345323
0.5308779429254857,-0.14255390289818967,-1.4766259695100954,0.6697165945367003,-1.4642115693909512
0.05156764346313454,2.1680710996788393,-0.632812775205396,-2.1246543772080844,0.14165543525192562
-0.8174543782333861,-0.6529640369976039,-2.80117092094738,1.025688383971498,-0.3939561945309139
-0.05731979507037101,-0.16263305645459977,0.8206460090333818,-1.9692983944094897,-0.8550724787959734
0.16307998247530692,2.1465256178177103,2.5191404185827726,0.5407321770734878,-0.7790964161582259
-0.6489711641994085,-0.49467447933015546,1.905275810517272,0.3850545248310199,-1.2369583036617473
0.4367199253393458,-2.2095966431727816,0.024643139316669577,0.8958423191656819,-0.39108711079237696
0.7372302297477138,0.15573653563102377,1.759167730646343,1.546959241490592,0.2821337259260152
0.3587857395020785,-1.0997163622026764,0.4527598326083857,-0.2637908508378127,-0.07199432079433382
0.8496659216142819,0.6908655325434739,-0.12078708850840822,-0.08084770892231719,-1.4971234194747152
0.7470902360409426,-0.06881427404782055,0.07639500414663317,-2.118151844796224,1.3181539954943156
0.09595612041723321,1.4272063348259163,-0.9047575404667654,0.5642348022941824,2.9823993350582563
0.5101014958400873,-0.4173434627878253,-0.5791420616550845,-0.7571740806008349,1.5523130486281733
1.704917352501983,-1.4097894653878074,-0.9567100594472419,0.4903955287664719,-1.552161291658507
0.2694905570208562,0.2487568303882382,-0.05797502211481167,0.3894486423914291,1.2128277427240353
0.8177670612372221,0.11815766630070494,-0.27333739901458465,0.6941629246590584,-0.9492727985993419
-0.5325374629739271,1.1829944538378534,-0.6678008659912642,-0.254775505537965,0.9173965842871281
-0.4020549567378809,0.15612148444316434,1.250563445412618,-0.2947210048900778,-0.44070802081952565
0.14697491921664435,-0.2164769625958698,1.556136151737988,-1.31617105609152,1.7548719892238958
-0.4263884573368939,-0.4982121454338223,1.32093119396022,1.492861526437821,-0.8436084912247644
-0.49332721708548677,1.0491077005206675,-0.5131000142256582,-0.3268447534415044,0.005852700690583556
0.18656391980185602,1.2917679860083584,0.1356241390014174,-0.7067272547826622,0.9086393311061072
1.3982797628479637,-1.1083849773959276,0.19060256709773446,-0.12687414179051915,0.3746349517303769
1.102762779699479,0.6694221097111805,-0.6704417270365332,0.07137697408833983,0.5602138229042196
2.801354895404447,1.0095324859591255,-1.603206571451353,0.6676165167589896,-0.9833013206152205
0.08037329041815318,-1.0452927984669789,2.724495271970056,-0.29784177278074747,0.9889662781939471
1.8033360255233992,-0.6232576845313668,0.8913506972810229,-1.463962960642059,-0.49189005119449786
-0.5499904041611027,0.29190068075850956,-0.15806768548209543,0.0396715781498058,-0.9065233640095507
2.8150015774946815,-0.9261705085455172,1.2574591336122274,0.20442016146753486,0.4429570344397326
-0.6442668156849771,1.201546978223356,1.304779114049814,0.9216785402191595,0.20682453246591398
-1.0266854305561202,1.4239778797736236,-0.729717144314843,-1.36901998798296,-0.6219919456999683
1.1460328771714572,-2.477604418009656,-0.8684729560318107,1.9350005020250598,0.05551745935579633
-0.34587465676281115,0.6431083283073337,0.09559712755648063,0.3033180046421589,0.8311603572728427
1.6846771186521354,0.8371801411836565,-0.5721731101773625,1.196253462043339,-0.11245702860518732
-0.3694749825496703,1.1407921048983074,2.54407135212792,1.237040686433684,-0.5503665765582498
-0.21161006420418915,-0.32605312194097574,0.29475671034776946,-1.5446809409042426,-0.20983857778612247
1.441996834165076,0.46307497931253827,0.9176134055112115,0.13221831391078082,-0.3998142196490964
1.7647981720641779,0.3122495928034124,-2.096792198032476,0.677003730966192,-0.4007683514576141
-0.5415092214148874,0.8378358981016384,0.04432531164492373,-0.4103529376936034,1.0557787425360825
0.7590822873505934,-1.0931136440526046,0.11985341376195997,0.3495991014151736,-2.1449710088888385
-1.065330731491548,0.9118390779310271,-1.0578957279474799,1.528240238868814,-0.4472818912515689
-0.8761596785679611,-0.5549422533752494,1.0304556233900652,0.5066934902006079,0.3820182830610733
-0.35011800772088475,1.2945293154715565,0.2718646651205832,-0.5034191231552803,0.1150830098532005
-0.07579070198862826,-0.8551716721653232,-0.7976738611725492,0.1256581219563152,-0.2659067797266933
0.3447922981224133,-0.3552956521633795,0.5039719076256843,-0.7667879618374485,-0.7638339928206825
-0.5812159031040419,0.537741432199675,0.4160369635479703,1.9497645633504452,0.35650582185109114
0.6010723175664552,-0.5622718651211216,-0.8222358460460515,-1.1015525886355042,-0.7196547747704951
-0.6484499874753094,-0.5867416346931699,0.7067559994115516,-0.9988726545555512,1.2841855711582824
0.9425341708607007,0.5228429395058409,-2.1826080994703863,-0.9343943781509436,-0.3387943963730024
-0.23717787577553825,-0.6006000864458512,-0.5496281182539522,0.5697905482707837,-2.288142246429917
1.029284654259182,0.48566149096871214,-1.0241282708464698,1.9160636673676146,-0.29576363545282175
0.8936325081550001,-0.9841915984625096,0.6176082546667535,0.9053715753773686,0.4265499969091423
-0.23398331883757892,-1.7887413017551257,0.10918907365825133,1.4000448255033393,0.10987483580061984
0.942976939715948,-0.5470831164133227,1.7517514277211241,-1.6859619514904272,0.18776595833509466
-0.850034653182554,-1.190764287653728,-1.5973169138957974,-0.11009786666626944,-0.5837839620624765
0.7330471287812245,-1.4705187343946953,0.6190276191838152,0.8073805206182846,-0.8124258129898145
0.004861314673291707,-0.27355713185158786,0.35017922580316824,0.8223573345343943,2.532013788746594
-0.5154089160106855,-1.4609507164721667,1.2593656445164503,-0.8013979545628637,-0.8658379773722831
-1.1890512208227522,-1.506491988996737,-0.791604236528198,1.3759083567264725,-1.254046125138316
0.0954864785326197,-1.711825624415623,-0.9538591555578962,-1.0534221945201874,-0.8200788363714969
-0.09506871901266194,0.7348574733905889,2.187742677080509,-0.9316777468109025,0.9166715278654328
-0.8239117508654301,0.4992277939521037,-0.40117265891904363,1.9575569558856256,1.5112311303222377
0.49506289696680966,-0.3072528303203886,0.124769467814852,2.8603428078274185,-0.10166130854393443
0.6498768056689704,0.15199816328907595,2.270387773720273,-0.4355556892924784,0.40054852333688035
-0.3452970330952778,1.2383467442216658,1.204533574887961,-0.8128358364487294,-1.100157013698755
-3.181197407556682,0.3388824749772933,1.3126228960969293,-0.27794999356679717,0.21310761459121644
1.8975056872202696,-1.1597540992137643,0.017368881479602433,0.3458908988100434,-0.8012206234013346
2.212576319436658,-0.9231668160720404,0.4865152256515255,0.8564849252452034,-0.461642381958792
-0.04864584533510917,-0.24167677865735157,-1.1289614034673017,-1.386509476844354,-1.1009940064978359
-1.2947004487976812,0.7559707660606744,-0.11180768622119834,0.22592357157872475,-1.7369130516825853
1.2455360021584132,-0.47052697062599785,1.0150775569456116,0.4027291684310561,-0.2005861223265129
0.6233396359484615,0.06402865570795435,-0.26385841898449547,-0.10781213343192392,-1.0173671579543226
-1.842666808596715,-0.6269171272589931,-0.9755942161232413,0.0030175340093873586,0.2433212926428786
-0.49883126288640045,-0.3597257700552518,0.6465582908619368,-1.3892388361357098,-1.408935815908427
0.16765049425369818,0.9478500385697164,-0.5359492836334812,2.08770007765402,0.5823900242876108
-1.1102940069449427,-0.41802450661900975,-1.111659052169978,1.1544487342913512,0.552910736160483
0.6953348098542967,-0.5388833127350977,-1.4252802557536917,0.7435394546069996,-0.5694606177137149
1.0086936757616956,0.31407646016195223,-0.2472084340023914,-0.45158998206008577,0.9432353082438462
1.1638513520424734,0.5721339949449482,-1.1362330136925,1.238267039616216,0.018657020028487844
-0.17648115004444587,0.5562282862992414,-0.7279509925340703,0.9844921345418794,0.4055786043349514
-1.0338841762894913,-1.116946322448123,0.38427262286120173,0.16563891083730126,0.8542665363976285
0.3940742413325147,1.184775430503021,1.0841315023482299,-0.8024155739878595,-0.8568021971810345
-0.00389826107872969,0.44202931057443207,0.36670796613895246,0.058459695742879396,-1.1503850144983576
-1.6127447591253983,-1.391817384628115,0.21885085665302953,-0.07925802567469907,1.176118984559705
-0.3399748583407428,-0.00511723431832904,-0.5632605382309933,-0.28375551538639054,-1.851759376797215
-1.7148038344529624,0.4091854942462408,1.101227946015207,-0.2308980792297845,0.9331849754440958
-1.0202567418092394,-1.0442112239336143,2.069350161448252,0.15922303806665944,0.5337279994324508
-2.527922070521656,1.4275911884006416,-1.516733902966246,0.6363723079219639,-2.542529246990168
0.4330212687976449,0.0814073348459165,-0.07534139252060691,-1.2852549107532871,-1.4371682037381608
-0.13704732784804144,-1.2345390982760789,0.014683325203164213,-1.9639801048935963,-1.3343424157918147
-0.4267921476883797,0.7188408256942886,0.6134278568661781,-0.5888859244125134,-0.4147320860986218
-0.17937516351354454,0.1593327209642495,-1.0630170937138743,0.7622235079505677,-0.38291998986504966
0.8700225975858142,-0.3530699796910293,-1.0725593615754367,1.6429303610738217,1.304105468407071
-0.07143059040037301,0.3525965821910055,0.710850768768401,-0.8095152964889729,-0.9814249549302054
-0.5241516806100046,-0.9189897341964683,0.275484791710518,-0.31065590420119055,-0.4461107534702907
-0.12604446925950774,-0.4366483825720137,0.928695177909744,-0.021996994842331963,-0.5702855507192407
0.10345926248226317,0.2012923476553677,0.8461545925858921,-0.5124865572656441,-0.6999269960640158
-1.54041172965785,0.09009758684818926,0.9520002470578848,0.859421448567472,1.2280434164110297
-1.2639752908633104,1.2614905564188084,0.13439802893533162,-0.2555648993071125,0.3989095643951532
-0.48523118926760994,-0.7661232038649565,-1.0376617664487178,1.6569540781284575,-0.19127941199736403
0.34543106010523145,0.02785065293105291,-0.19677644159078084,-2.816467958245629,-0.6748562523513384
0.5771218361949533,1.4708523052780995,-0.48628505163056784,-0.7785204929778462,0.8918769152346149
-1.4137176362573702,0.5449736145467263,0.8763769661942198,1.1947508024395803,1.0873223425521967
1.2421675372971557,-2.432120291759445,1.4047966019905846,-0.8347648116658641,1.6343475374928291
0.15274295472178767,-1.2312997632631668,1.132981222344136,-1.1548008100867946,-1.9087794705168133
1.0577103452858032,1.8647176568297104,1.4273418220774063,1.086294959234704,-0.588217581877499
2.0597181003303096,-0.35238009668397546,-1.0625711731241798,0.2749995126852537,0.6204855658049907
-0.28478644387121194,0.6198739848144041,0.5950457416598837,0.16436549645946957,0.05014768353399103
-0.5634192894206826,-0.10783945218528367,-0.5025488837136282,1.3371300086627425,0.3902418050198008
-1.468249383077497,0.4425166713013903,1.4211192510526818,-0.3003487156866394,0.544133681929843
-1.3044588058702802,-0.6947329542515276,-1.1024235877181274,-0.8185057346569359,-1.5675521104326364
-0.7755874709018221,-0.7779272800404277,0.5502281449096186,-0.09786829998809618,0.643766523894509
0.719157480927841,-0.9035525523957132,-1.4962145086614287,-0.5207903325829365,-0.16368809519209804
0.05245686580000657,0.4052143044524698,-0.38773860361242785,1.2190015418370852,-1.29117065108044
-0.36663395048864833,0.9736026830960788,1.3246986316590441,0.7131101964025033,0.6261403710294825
-0.3509292871275116,0.5683066142659132,0.7642808128972762,0.0458372344149151,0.8179326855469903
2.3367548222190107,-0.9585384595712848,-0.42799590882499094,1.3650590595689005,-2.0783064731592793
0.8014584983193065,0.7079512701077209,-0.02988382005381057,-0.8069591655356135,-0.25731778997190063
0.3243283025804634,-0.7197425382412809,1.1482284745583171,-1.5314061461129873,1.6412833240701665
0.6171282655475325,2.001019116738605,1.1515935843599405,-2.011324077517483,1.5295859610284697
0.2563678546887728,0.32319575615323426,0.8908070602162911,-3.126941212887143,1.2964426245271832
0.3612557288624277,-0.9556925415110618,1.9642705586797695,-0.6441848263872395,-0.22888217935735167
1.1716071277094324,1.6635300122388852,-0.06226376304587928,-0.10562629718886714,0.630564885189023
0.05166536477235467,0.4471417915589683,-1.1236471602188118,-0.2388724020493491,1.1772327709957122
-0.47528365573408876,-0.3212091260163525,-0.228193984415233,0.5832031794244192,1.3649926921545665
-1.208090363004035,0.9913116469389909,-1.1694161828504204,1.0525577787368707,-0.0071806650175845815
-0.048750818017756846,-0.4921987562082041,0.24083364829421305,-0.20875305692958146,-0.14290612827913643
1.412799837621675,0.16202600432829894,0.6934487928961772,-1.3192634793097453,1.5604228926274473
1.432692124817624,0.2059496799577282,-1.2649546573056365,-1.1507322436866405,0.1707866285463661
0.8135795469164729,0.8208538046574931,-0.6706671432411754,1.7601740130436028,0.29691865747732166
0.7652100408419068,-1.6213261194046773,0.5956033013021409,-2.049326262043472,-1.120406405998687
1.2300564257250155,0.689365886189079,1.3982239094706317,-0.05858375842325971,-1.3883034724135743
1.1708640206923269,-1.0142547028376963,-0.9843973981487476,-1.0010610521418946,-0.731134674531359
-0.02401957645631006,1.582346628938427,1.010100015867926,1.7892347386118017,-2.8309383308035554
0.781566757991448,-0.033114842806089555,-0.6660130418126204,0.26594783721502013,-1.8150849153627313
-0.17736290476191566,0.7067796355236291,-1.1344134616577666,1.0600005308869653,1.5665570139730982
0.6823324636225583,-0.4322832401340215,-0.7278954899393045,1.6489597415082937,-0.9847018463453565
1.1551421403581055,-0.5974983406787666,0.6412706574041914,0.27267828087704554,-1.37971326494474
-0.5772052012724601,0.16814638366769827,0.5381526931178057,0.659752082337456,-0.11216475007009993
-0.34377493212107996,-0.5899752680705506,-0.36452552004763356,-1.277696090947882,-0.08551041792144627
0.09786048216466195,0.4341880044670813,0.5252048014780893,-1.0597162299287481,-1.520331011352107
0.6448344688425449,0.8268518795386005,-0.263808481879535,-0.20937440682727212,-0.7442545625105188
-0.6430244667346849,0.05834269661478515,-0.15422524162754558,-1.5489849556011959,0.40868783074537296
0.21952357858260071,-0.45754155896120347,1.5190949760242403,-0.7674470201346297,-0.051044366091388106
0.8050374649830563,-0.8759787006954184,-1.0907656514261745,-0.8954567158888337,-0.1956175233396738
-1.8091443717285303,0.47212631763575447,-0.3424989769179086,-0.9686897295079532,0.08147378193498205
0.7362383045905972,-2.339514195781662,1.123948074519741,-0.2292429077610727,2.2692397753663864
-0.31413021543221276,-0.31930023447357586,1.7449869597289087,-0.3550365064430486,-1.1788857509901984
-0.5563029617543637,-0.8056553001896248,-1.1023662137430728,-1.1643508246483925,1.9782889194659823
0.3727972289711266,0.9880916026400439,0.9183055200311189,-1.476402669058067,0.24678540443101413
-0.4393320129714075,-1.0008244472712489,-1.6527410408227543,-0.8781270415383089,1.3292648934680507
1.3127930033178499,-1.3763572757342675,-0.8341462032590398,-0.34487724027914596,0.238294465246698
-0.5240258116342875,0.009006994090286335,-0.8598450446159661,-0.6567537856068674,-0.7783910462962356
1.285882395917615,-0.08134488836143723,0.7060139809391164,-0.9122869998448317,1.1661120197252806
1.4093931795654195,0.7013140949738979,-0.1698648575086227,-0.6066514251916212,0.8358770914535752
0.4423237975481518,0.8682672639788089,-1.0017761506727576,-1.6348657266506048,1.349129602934975
0.603540379470216,0.004270747034929726,1.2221202048926771,1.3707185101591108,-1.4654692193630212
-2.459121236400129,-1.4250128145845284,-0.9458733726915313,-0.2412664212016496,0.132715421314978
0.7525617621579108,0.5938055233204997,-2.1472707067133707,-0.89001400264182,-0.7295906216516715
0.2939358917044622,-1.162070795968961,0.7948729124736661,0.16742089464514368,0.034764139828518476
0.853252616743003,0.4721890680588453,-0.6380521539166478,-0.47018306850159003,-0.8585790748553698
0.4230596243919726,0.6423419797216091,0.7437316512785753,-0.6497697209033335,-0.23121960345108777
0.09688938801462386,-1.8573658773360648,0.01247352043171124,-0.005731140413731737,0.005212285833840015
-1.589780669365436,-1.4411078747345685,-0.6548681884603922,1.1653317678806858,-1.2878397269823942
-0.8319960934928471,0.4138880500608051,-0.6408063915478238,1.1343993812030533,-2.341837867011165
0.05537869073768678,2.0500936931625766,0.11985704774747818,0.6960188067879426,-0.25444093059607187
0.47965993706073307,-0.7886641047330332,0.19148565097357342,-1.168456250526406,0.17716677344989107
1.518700006360971,-1.2576422929040132,-0.06367947841044636,1.2807396469827554,-0.1584408366047638
-0.04233999001854905,-0.6624412773434293,0.42020401632022847,0.12205315002986435,-1.1866729415625707
2.6650948176960902,1.1040363833938855,0.03963817212360077,-1.382327414494788,-0.7574728875403136
1.1101646082740138,0.46916525526422553,-0.5484141991708529,0.3310596555123329,-0.5494442799063338
0.9960883860555982,0.29002028703011534,-0.472812218680683,1.3562533604550326,0.9361637101365721
0.6084951030793669,1.4664192098621036,0.41453615676593103,0.21849524300003959,1.7605864469979702
0.08336675076371147,0.40427149928507167,1.0435377569883888,0.3423915078257378,-0.7039492896651881
-0.10597653129771292,0.7128265232685183,0.19899548351711824,-0.2988824390969923,-0.07077599202491267
-1.49840500405693,1.032717667821506,-0.5291366990815201,-0.23208009202058452,-1.4362391116027666
2.169161592393336,0.26608272365101693,-1.3820060664073235,1.4657971893549289,0.6483550581050377
-0.7104325411996804,-1.4813232569169796,-0.1927795977116699,1.42822403418989,-0.3016306004539745
-0.27421934962717864,-2.420386784002323,0.02116498354567152,-1.1530571799745606,0.21631129941712354
1.3724437286832085,1.9246754040383418,-1.3255492748304953,-2.6553282422509765,-0.7363277564791841
1.8647455940697075,0.5200935338310115,0.34904891500911306,-1.3536789429405123,0.6003891962736277
1.836694815645934,-1.9804121090387112,0.28622882751138107,-1.1253855051500294,0.24639658838391226
-2.2628370293226006,-1.624321648604743,1.2352208813896954,2.0695550542751335,-0.43614606323230526
0.21292440645205776,-0.8136005663425897,0.5776350331564124,0.6157866561896373,-1.0203724501640021
-1.2386429828567338,-1.0966142912098433,-0.5870569250561849,0.8270730541639004,1.1762799382323983
0.2494237491073038,1.1101286510869288,-0.008943308379980155,0.5524842093407792,1.1796240656251273
-1.3343588572963643,0.9810315736263739,0.005986181742986378,-1.5723695905241388,0.48442526456378476
-2.029355951467656,0.46051702419070945,1.1566810867960469,0.031588827153821664,-1.6857010741517116
0.6687901101253896,-1.0668829335111898,-0.042123835386218646,0.18804442789611953,0.188543392863454
0.4799241600367997,-0.9786315234928613,1.6997231705444942,0.9597882232549237,1.3213767766977855
-0.08125307522507041,-0.8860671813133352,-0.9398034179475269,3.4850320215549813,0.1718095711879371
-0.6076798136486199,-0.36040983111805847,-0.2859751013823528,-0.5524817464963221,0.24402047425616336
-1.5395015019055107,-0.0577782792840284,-0.5939787861560307,-1.3918777118615184,-0.4614989012914572
0.31609314173742487,0.12525855857005697,-0.12258838113098676,-1.3027428650439534,-0.787463221718063
0.21505729749820168,-2.22644869329752,-1.3405358293819365,2.136842167012884,-2.8703909239864873
0.046783786294013925,-0.3299828117700286,0.5713117796903903,-0.829759806533179,0.9503856599425531
0.5879083530407354,1.282475786478907,-1.0110143582042928,-1.3540740965914007,0.233025991242259
1.3808569276621823,-0.10387410101744429,0.9424625033585993,-0.7490873285693822,-0.9188363482273696
0.3033502423884117,0.5086835630456794,-0.7306533150089565,0.007170612029053278,-1.0391146259364574
0.48494175045951365,0.45938428890571076,-2.175897297600626,0.32938334469580566,0.32741995257309936
0.1699110002154528,-0.7748956808040691,-0.5582459456841429,0.8714387350813825,0.923098727867883
-1.1016760054820938,0.21759775799055267,-0.7978092418555056,0.8846585528079741,-0.1001506599115443
1.202681679669087,0.4009262054448783,0.3728561747895693,1.4083881882322085,0.5216997919784909
1.2187679134237928,0.002262160890585341,0.31413622351798776,0.5684749619257345,-1.3777252621231328
-1.1761870428373744,0.5536243244523983,2.2600870069009438,0.27517692587645876,-0.4848477506769863
-0.8323325592697133,-0.9493007395060064,-0.9160763408896526,0.8428554255609192,-0.4331990244260862
0.9233337868380574,-0.15918960859887205,-0.07953622830664327,-0.6054925578419997,-0.9941187450308279
1.2387573307741024,-0.0139939675000107,-1.244570928698284,0.09834746583481543,1.7706042892765999
-0.08641684579679437,-0.5583330255050303,1.9687331335829752,1.8893690026325403,-0.5464510781089118
-0.4018711392160606,1.045882897393119,0.6943857974723354,-0.16967967680157678,-0.2773362798905378
-0.2558544881909582,-0.19994475698226136,0.1526768691147931,-1.4117914825863258,-0.5840833643665069
-0.34016287041266613,0.35056271018642127,1.0992315186831045,2.212515786402824,-0.34330713705242827
-2.458027164497067,0.22791684220338213,1.732016101970449,-0.06571908548294446,0.7538491094181018
0.2423590928489189,-1.4667160273188904,-1.0854699944036967,-0.42528096582259073,-0.3629180298858837
-0.04413623230118405,-1.1915570915587521,0.8168037599726526,-0.35142051387201934,-0.44733440927007817
1.542467219115746,-0.47106031674124954,-0.3951336465962852,-1.042757642568451,-1.7542185063338982
0.22073954136534227,0.5496739615720114,-0.6476762217242844,0.7540386231929066,-1.117642908870703
-0.11014409881096941,0.452856153708335,-0.6167217483896105,-0.8260258250015072,-0.26876423294738355
0.13472580023513353,0.26107031489606686,-1.166112240229143,-1.5537947920079014,1.1258099219562616
-2.0185429267935255,-0.6967942757031734,-0.3801724323914426,-0.4300836781087891,-0.08676835094913087
0.029398130381581376,0.0007514286237875394,0.48886668365320246,-0.9443742525880132,-0.6384329467479577
-1.8407320465615422,-1.5179090680064244,-1.230976234017847,1.4121827096045663,-0.2151676966503143
-0.2803815317764874,-0.1184627964827313,0.4678144034457823,-0.6231064339246243,1.9553630670605597
1.5874892615904461,-0.04939715899130081,-0.4612905739498045,0.7938954012897057,-0.5377771214656263
-0.4855386396706367,-0.43741830148077915,-2.915888032383675,-0.15246932215507503,0.02880995121396261
-0.21182767643687206,-0.9360940249878821,-0.059886702284698994,-0.40601901888521386,-0.4299641914972126
2.3372110234314105,1.094055287990366,0.2163095940127967,-0.12218766706517424,0.3939345557386379
0.5007416903094641,0.5639694353639862,0.291663419714992,-0.6908154259373736,-1.4050707284328328
-2.255238967937395,0.6072761146523294,-0.7500171887699674,-1.9070908701112854,-1.233938140114701
-1.2498134420791687,0.8983434332256043,1.2311585251454928,-1.4454658409373762,1.8042888351813091
-0.6613134433383835,-0.5508684168660698,-0.6827709513551773,0.8608387155978459,0.12926924452729976
0.05393990813161818,0.8376575435929945,0.08310919913548949,1.0709432859411587,1.1375283037119257
1.8733375039733686,-0.021058580128769037,-0.009908378234540143,1.4240735994917229,1.17513451408513
-0.9254987696953884,-0.6837730144881583,0.24051727586904012,-1.0616670294946753,0.8159565383397788
0.23556848525200125,0.9008392844597635,0.8791810811092535,0.16431912323316566,-0.06885323456417432
1.3366586484881382,0.8716972051473855,-0.7104634573271048,-1.1946242937348033,-0.6103165930029318
1.1408574027942462,-0.708429266202495,0.388255695755383,0.06265053280200603,1.0924499173801254
0.9299487279934193,0.36246830121485063,-1.5537406950760213,-1.3613520263804322,0.16029296341499635
-0.7501380011525428,-1.3639640107311433,0.6377502406774781,-0.14393578495502668,-0.622955536893958
0.28288113772459955,-0.5886853859299938,-1.1348281925322552,-0.20250610872204994,-0.7177479930496824
-0.4198686732054034,0.27102163158713716,0.9450829383017079,0.13685679084617053,-1.130379206880599
0.3076882484140251,1.2019637936570207,0.3308081393871895,0.86414849435786,0.5779118776835097
1.0281539028737796,1.9344489630810444,-0.5341924632903704,-0.41978631542605865,-0.12270369047326159
-1.7704702021745051,0.8186217804257634,0.11591731193129373,-0.452837375640897,-0.18272212856502595
-0.23095051854288945,0.7055294054028215,-0.22636606889292182,-0.9168420423385989,-1.4397797469512743
0.24701073577010568,0.8483613518298332,-1.3639134643059665,0.8830128212884537,0.04752122940234876
1.0157288600478278,1.027951490294483,-0.10518718295924137,-0.7975635732605177,-1.154143634410027
0.5833210381237076,2.1018818646585076,-0.062433176096322554,-1.9865550963867606,-1.4895636525389861
1.3574970674637887,-0.20243482400523063,1.0624800921932247,-0.8538196008565814,1.1711011637302324
0.4142161671412394,1.9791067702785496,0.2202817666867454,-0.1639199957619343,0.30767848410194204
-1.0319245075472774,1.509246664968472,0.2950743782151009,-0.5996065026232147,1.3259050901706282
-0.1471461589094276,-0.4163848694873768,-0.7055992778137866,-0.11814113579894292,-0.05109175364753984
-0.2667817384256957,0.8724827557986755,0.3875091668893445,0.267034962010971,-0.5167393386833893
1.4558523376214665,-0.7230184164135675,-0.9668095699028333,0.8328228997309717,1.9194724516099284
-1.6625514948516005,-0.16086299154095282,-0.13787623950309758,-0.4224282879389395,-0.15473624156033403
-1.9446329309154848,-0.2086284277070134,0.8668092699622482,0.5173242497997117,-0.8540380720090273
1.4566788158484705,-0.7464724619403771,0.43766535784327637,1.2091664382359248,-0.8297172773632131
-0.8677956290231447,1.0846047726614985,-0.537523437416575,-2.0288062356786463,-2.248279414100794
-0.40044836112335797,-2.3696515530126203,1.021103898199916,-1.1103196242701918,2.798905063497789
0.3605700315109681,-0.017910712123891535,-0.9096022195595389,1.0398067867721477,0.1139721695415308
-1.4153636638027072,0.738663765213744,2.4261692709524745,-0.24313897717938002,0.7705641360019373
1.1195568090499155,0.8419753181451545,-1.8697957785472417,1.1510053256416355,-1.6926032781802045
0.05361566808930161,-2.18623530935953,0.07979584966928664,1.4562736911147418,-1.44017475933898
1.711145471712295,-1.11861500235882,1.4186384678487114,-0.6231634867634334,-0.03670999205403448
-1.215486479262255,-0.7592514582266594,1.0197692506847897,0.977486524503914,-0.9833628512646193
-0.5296639578952573,-0.616148048914978,0.030499160728743674,0.8736039209155173,0.08337404213359494
-0.2671972386546225,1.0131442366026426,1.740894985321382,0.656844899629126,0.8219445085230248
0.4224561198641094,1.4759466543496291,0.6032347896654463,-1.0880054032661195,0.3044970819185658
1.273998307604908,-0.4738455554219756,-0.4603157807289738,0.4825294665651441,-0.7040463284151526
-0.1638442214811319,-0.4592419176025377,-0.3733271531792964,0.0130388332368872,0.45718553877102736
-0.47444563971445036,1.8119588142336966,-0.7133337887601822,0.5553261230215638,1.2987198611227824
2.2621024041645454,-1.7486475538246957,-0.8731245809583011,1.1999992970290982,1.079354254868056
1.123717534250225,1.0920142659784395,0.6467831898202738,-1.122839492054932,-0.5329448403213563
-1.2797816770707926,-0.43283747014386764,1.786465428241253,-1.0266602669257037,0.2964862799168807
0.3596587755111627,0.24884869903371634,0.5290967778752398,0.9039602909396112,-1.3732362972442698
-2.4427119524629815,-0.09163382205177097,-1.3201266183198994,2.3315925813244727,-1.1721433643782895
0.8480004445818248,1.425983559235171,1.1321785443499541,-0.9677582027549307,0.42751531335294746
0.39648367660100003,-1.2509801519819304,1.7678716747952605,-0.20138045561828744,-1.8592216608197982
-0.6315820918734676,-1.7206668150507793,0.05112635366264149,0.8295107560367809,-0.273169951284079
-0.3235268352187579,-2.2097401969665973,1.031124711574146,0.8869253300010644,-1.1045061313427087
-0.755015295251132,-1.0976522024227255,-0.6000680344523788,-0.7732234733820291,1.4912106084971646
-0.31760318393644216,0.6685549733198575,0.14075869498449353,1.1585061199454911,-0.035051869747094976
0.9991215587479458,-0.27538827724748854,0.44944306596699657,-1.0278801675724345,0.21347819363423465
-0.6098254952682269,1.5923932277244426,1.5428015477772112,-0.6045907318898845,-2.129916120203235
2.203567857273712,-0.14229899638574062,0.23015814960428418,0.0807846414420055,1.6417776783091418
-0.42458648833857493,-1.0634958336058402,-0.7948487115833294,0.33677764397574944,-0.29460339749998476
-0.006593849731643232,-0.422387366633897,-1.5135960575406102,-1.3317567871825617,0.8869537800383018
-0.7951315653632459,0.13997307991664984,-0.047674452111383554,0.5264839286111201,0.1696793614171981
1.0183884677072075,0.34690922173654126,0.03367144168111437,-0.8246504518000742,1.1780367908655691
-0.6011684445155893,-0.4850652178119425,0.3901670708438011,1.0208632508161024,1.8997123823781978
0.6697038079642962,-0.3860515472805722,0.11497904546775085,-1.487221820585686,-0.14914510577577345
0.5263538310791398,0.10021525201588326,-0.7330860673971578,-1.004108860601338,0.06284753597967598
1.920263042312235,-1.3125793003326685,-0.572200719200381,1.262628016679191,-0.30875547487275173
0.6810330430934654,-0.6696579775323459,-1.2669295117738664,-0.20280801261943104,0.6307063797638187
-1.1286819075418404,-0.3468761068276691,-1.8742824694086804,-0.6634722468726506,0.7957092306274542
0.21996881438093016,-0.7864005145683459,0.13115315002305797,0.4586433796661399,-1.1669484722078476
1.0172311345177487,0.4881204731244815,0.13972693691084329,-1.298974938244263,-1.5434598094937033
0.7611748594669281,-0.5892065028607986,-0.47445857356220383,-0.001131728873121247,-0.21251825045463954
0.04056494521407943,1.1546292499229973,-0.8451701820784387,-0.18624447910316186,-0.3308126799091714
1.0818727213475297,-0.17084290554239662,0.054019454208434604,-0.9018469494760861,2.3444200931222587
-0.9262552817313364,-0.17505113533715486,-1.1680332856697164,-1.1171007171836926,0.11677454375239699
-0.9509262822458738,1.9648622681431096,0.3989810483842156,-1.6706532290864182,-1.1435813851524685
0.061936641732629985,1.3899582631127063,0.19903121737843563,0.5236128781235653,0.3580439438622026
1.9602612002398376,0.7677079420144427,0.20812289197546135,0.19897917568766127,1.0731824922467985
-0.36438240925191884,0.06482482885431626,0.17365541075839389,-0.2388089418667129,0.38595880750434347
0.490200087371862,2.4947434153566053,-0.24945083649422053,-1.9389746909872914,0.6053761253938527
0.09871931604023114,0.308465570133751,1.0809676371824286,1.1759841009239578,-0.09591323592807038
1.0831477810252632,-1.236641391356089,0.2738810394376801,0.5484403529598607,1.7723907343901204
-1.282139206748677,0.27608063583349046,0.4286773604291038,0.214087834121904,-2.2877881464402203
0.9626660409797597,0.8080619119617102,2.229192005941244,0.21034673656079797,-0.05499256730746381
1.2184084809480964,-0.43268720505382835,-1.1267071716392858,-1.0284810483620948,0.14734920270768062
0.42773996444460516,-0.11912205048720054,2.5213409875549826,1.1925960666225224,-0.9945221128927065
-0.8271735215634404,-0.9740055816121072,-0.3868522454438445,0.34035354757738207,-0.9677903928602468
-1.1274417399052212,-1.0862140034561614,1.29888032341505,0.07663793574632986,0.9704709735840205
0.14601803540360495,-0.8344077975687392,-0.320818172952387,0.4586779107255605,-0.48160409444690466
1.697250764228541,1.3258134110461866,-1.6529522582639158,0.310850932735904,-0.16044244489093573
-0.3751334126080263,0.9320316683085204,-0.2206736164622285,-0.4802442722066552,-0.1636063351087519
-0.040695209206326216,-0.824579021043895,0.10400281753596302,0.4082251476411784,-1.1009870412743248
-0.6054572877203339,0.3809529580625019,1.1559955286109684,0.3790556238232443,-1.7656549310506306
-1.0819894942875727,-0.38895189365596966,-1.3243475915721108,0.12195132953437245,0.3547578778134497
-0.9818201523645689,-2.866540539833811,-1.223647042929728,-0.12836313609433714,-0.25567555577887013
0.044273072277785055,-1.2304141012318714,-1.8856350691887405,1.5756027470707041,1.4283922268112685
0.43655252291517554,1.2202998129593292,-1.169177536800525,3.66553915454128,-0.5419408147563627
0.8730874088991764,0.8357121787062883,-1.2613060255900381,0.5108362127947869,0.6276393247198263
-2.0554510874224086,-0.14877510675413388,0.05871603347057311,0.6619235102554992,-1.0068319135426915
-0.5442277429369484,-1.1074561261216822,-0.11660946054258313,-1.6298921022602044,-1.507706198902434
1.0599246100654136,-0.3007083766249455,-0.7504093859927126,0.8516340352667473,-0.6123636884830779
-1.198568770869749,-2.499483795386665,0.5042176996883891,-1.0979422152426033,-1.0114891224021336
-0.190074902781665,0.7275547272211267,-1.145553075002194,0.10725478787649677,1.1979490284743937
-0.21652216617889988,-1.3883258064857174,-0.12920649123905448,2.1959543979514846,0.9731144999456982
-1.0335340975786411,0.18000740769256024,0.34184655346733994,0.672599630992419,-1.6015760490837678
-0.8111778012705977,-0.42071695295543626,-0.468403085057627,-0.9014501711883377,-0.178872483118983
1.1968778869249195,1.099866806236889,1.675315913504823,-0.5854887083733273,0.19147224537580962
-0.0918295060092258,0.13080218989331555,1.0558871305130697,1.7281788062571477,0.8008839772892726
0.740843407177923,-0.13121048909798735,-0.29910897419859195,1.1858030249294282,-1.7239683293401404
0.2730062798392424,0.2948913139632099,-1.2312934623810152,-1.626115540355701,2.049865992808441
-0.3176770896463843,-0.3964200352169235,0.6417638144306982,0.042980205635303054,0.5304883726891455
0.8839838038582235,0.5461534884807816,-0.1766577653713293,-1.5368908545007989,2.0920566880182587
0.26557683907584256,0.7494864373772452,-0.36688996458558526,-1.115710328451304,-1.6803385559219723
0.1569489954361511,-0.3028641884164348,0.7212085478023857,1.4479644571835766,-0.3339995435440775
0.9581305824372442,0.9935458548407581,0.6747659616180692,0.40348327958147906,-1.0017647585780367
0.14523143031599717,-0.6010465393910341,0.5201643186919274,-0.3560390288024335,0.210487530691961
-0.35275181688960433,0.2497566440477113,-2.114372966085571,0.636384294522056,-0.13937521059740357
0.2132845444851743,-1.3462618791287677,-0.794816892464955,-3.9162941009729204,0.7858722643802242
-0.5288800335729478,-1.0576487710218025,-0.24800385258485988,0.016260334691325012,-0.6964567517790655
-1.9410382826955914,1.1162840866678634,-0.30128576789903644,2.6393597118695604,-1.0136521615735312
-0.6981041390910155,0.11021550575081605,0.7590918306476854,-0.4766193366010435,-2.0073612840003467
-0.4693553728834814,1.0175071477469753,0.32897799451495036,1.8957635674667208,0.6854918532526735
-0.8619018589636491,0.33794350836428727,-1.1405077623815554,-0.6197418984420354,0.8767935818955207
-0.24537611667817003,0.1068716341224873,0.29282976779303066,-0.7253944028382857,-0.9371128930730077
1.743933399832532,0.12798271333376365,-0.8676032898884076,0.1989204088581188,0.772865804112753
-1.1677705047391707,0.5817687874611898,1.6206748541530787,-0.6724774482234829,-0.5538998957800324
-0.3728689325005617,0.9975704683946128,-1.5817132934593734,-0.567825031617474,1.1347034786629886
-0.3312568805481956,0.52110724212221,0.1764612667726283,-0.6327783801160649,0.30258128594261363
0.9084961515337184,2.652366859152727,-2.349292330772329,0.2562752566693083,-0.9078604555402086
1.5774936851069232,-0.3173438179356518,0.9951448011086754,1.1106173671647968,1.2150323620665462
0.15727496271789745,1.162217652623684,0.8145071216101326,0.09709772245534398,-0.22230775386832358
-0.4975708001575736,-0.4419914607721328,-0.11929427659859977,-0.8915383918266324,2.0404194228302264
-1.3772152727657914,0.5305606322102002,-1.5480881099616892,0.9000142456445361,-1.6869717108255584
-1.4973580584249642,0.20132094650528118,-0.6411465080299378,-0.36416236759538284,-0.6383913234744579
0.7221134830753955,0.8400002591232524,-0.24538120288577814,-0.8253586815964552,0.3705041561258249
0.8997676556296117,0.4332449925350484,0.47309570904932235,-0.5989702660236839,0.04155244039224007
-1.6812260912293662,-0.10066240738384408,0.315674646238231,-0.7453442067117151,-1.7409100465232452
0.005923376076132854,-1.1400613870814558,-1.6466109065430503,-0.7482506566655489,-0.08175458112516822
-1.3403831715644439,-0.18196554158671707,0.014937015990314866,0.9185770934853908,-0.12216273663604135
-0.6322143388307515,-0.05163495666114245,1.3394881392451987,1.106538019974975,-0.9834625024478492
-1.1644961235821005,-0.48108881009836935,-0.2860154726931871,-1.0152928922545763,0.32981020427853136
1.0902154165631057,-0.6301059705517853,0.6427393334440688,-2.558252616217855,-2.326140389054225
0.6532212318064704,0.13577189975050885,1.046639961198783,0.747967421602416,0.7755306021311894
1.5132172803134867,0.2201276020631705,-0.8898432888038702,-0.02996063853227485,-1.8990155989100843
-0.6371760948882403,0.07234279024130878,-0.7659802421564967,0.6602860687360368,0.9973490687722341
0.41568465031482216,-0.8765568274404545,1.1700392293259143,-0.9058064643088818,1.042253051234398
0.3396743418740452,-0.18373269730945235,-0.9155978830750627,-2.5124679678051343,0.5137804047215676
-1.3344896438576839,-2.385733219362257,0.5699993866268459,1.5704151512519988,1.5045976215135337
-0.4521703615135208,-0.27824695142012057,0.924166654309967,-0.294250969268363,0.5755128231790122
-0.5326527479210714,1.3080336441246836,-0.19875520674360994,0.9735301314915015,0.5494783314129785
-1.2061380686968526,0.40302243799988413,1.3839134991880655,-0.7302951956747569,-0.5655414033614509
1.499337446732718,0.7225837048441857,-0.93958565149927,-0.650676639952217,0.42460178699765994
-0.3737575004574949,-1.140415807111164,-0.07301569804398529,-1.6653166752316026,0.09792943607039953
1.735638793405036,0.8786552482048521,0.490450929496515,0.2828408280209735,0.000700886550183558
0.4458034906119426,-0.10118984483877183,-0.15401210423931577,-0.6156693427887662,0.7739246119615159
-0.26217970446155275,-0.36578760166033075,0.8406873689785568,-0.23567641051021115,-0.980121640050646
0.5795022038167732,0.18687655823256782,1.2143194153277406,0.6050121972866938,-0.21886961597176907
0.6481916157131865,-0.8177262596194198,0.8570119778252017,-0.9311614445246297,-1.5701842015845673
0.6932789562798839,-0.9027262812723608,2.006318904304084,-1.384730564648453,0.626255394438598
-0.9603223270881126,-1.6299404597084903,0.02883627081086876,0.7992839386700085,-1.3436550610034812
-2.192629869693672,-1.3469739978293729,0.15883264836608135,-1.4409717208460617,-0.23863441882970124
-1.3550877160028172,-0.6888901112613968,-0.2400655383044796,0.032235378542730314,0.384420745370351
-0.09743549644054737,-0.30599421776339497,-0.46295749963097427,0.41138349907596106,-0.18675954508561995
-0.6405048780446406,-0.6437241525133282,0.04184719376354086,0.804651003474054,-0.09844526134487952
-1.363579641325158,-0.44804744075733893,0.7813106323209605,0.8298680522619327,-0.03515193988236855
-0.5210897904815484,0.6829456189471291,-0.2182569605342765,1.360056386906195,0.4151402368559727
-1.7670745936113494,-0.2005681301795927,-0.17002510743433294,2.804955645890261,0.8502670524856153
-0.8327736366834453,0.09099612429196723,0.12395077017016305,0.22036534087819998,0.8786370363009612
-1.1667934035924623,-0.770689833773389,-0.45891831845232517,1.5376523506894437,0.13064872988201628
-2.017135902221658,-0.16949235694655776,1.0474851121741446,-0.3319112015412201,0.5669395782503911
-0.0006403608623436533,0.24698630796336302,-0.46842290043657997,0.6957114298902561,0.08963214377442989
-1.3870318402486843,-3.2379122742987234,0.4389715022685817,-0.43134810446345884,0.3859031450693395
-0.1748234207813575,-0.8820317147852481,-1.0842390793247254,-0.8425062102720345,0.8336643798059491
1.08333901665525,-0.33208088887273723,0.25638989640757714,-0.12854662731896,-1.6494381851402418
-0.5387585243010574,0.47331471276784076,0.7408843917261873,-0.3368911496587624,-0.12412642925993089
0.5837646148635524,1.1251430912470168,-0.43014908072841235,-0.6149121617152742,-0.719630454542852
-0.19745672531964384,0.033230689081300224,0.9301676957297935,2.5025314295756584,0.06408683565848958
0.8359742630860001,1.2472588124853508,1.0928142493537982,-1.8378701069995826,0.7230880254656984
0.5956413087240819,-0.2977438415654907,-0.09648036370744424,-1.8555793100119031,0.17652651133665762
1.2238656540962911,-1.2517414645560647,0.6195471191314812,-0.42331001775381116,0.11537270823285073
0.14069774341566751,0.20932909468579666,-0.9023563627750135,0.25450775825133237,-0.5999800216992952
0.7368763081668109,0.8515489821152663,-1.4508658909600771,0.45497518273047294,0.3487110935501334
-1.3228643782288991,-0.1666799055512621,-1.5201131441562532,0.5676694808722722,1.2149630750032654
-0.0708358406215223,-0.10176811490612325,-0.5308251641813192,0.09135741110021331,1.049641144830919
-1.6109297765724222,0.23533118778067566,0.13159522539465168,0.7590064119083206,-0.5475761270416821
