0.49045104406550355,-1.1170530067624065,0.018912863560628056,1.5643415304312145,0.5776251225755955
0.19653367160782928,0.32998243066426164,-1.332943065600554,-0.4734699122936337,0.2678512633073712
-1.0055396663117029,1.1161814466065838,-0.5069033705392052,-0.20512630848276922,-0.12149087666252112
0.3287160281506965,-1.4776672526879153,0.8609644116045648,-0.7965782975906124,-1.7452825053222452
1.9358308486755744,-0.9587722902717248,-2.1252572441353528,0.7761749172869501,0.046278610387067605
0.6843215539772509,-0.3699698786286552,-0.651878568541908,-0.31290975515229486,-0.7135312838420949
-0.9839233815682816,-0.4110219760422886,-0.22808201246778229,1.73713972319856,0.1259904071800097
0.7344614526029822,-0.18163609852174284,0.4969250944645333,-0.35232179438993866,0.05445711467344688
-0.12528046132489953,1.1756114933297481,-1.425517817618555,-1.5873507040276154,-0.009580205364561988
-0.426476548234358,2.2231800162371527,-0.5669980432638833,0.8972214993327734,1.4156463910846686
-0.13164638707714266,-1.6508971621911277,0.47533260815298084,1.3928022207061435,1.360045529640935
0.5435564961203503,-0.7488740441051583,-2.0204182969851345,0.9128192828448627,1.1403474238825897
1.1168971475543028,0.436413604788442,0.9167536773618182,-0.6325521781382322,0.19161173202149917
2.04732386933266,0.09053147414897252,0.19747666042501222,1.5965689016072642,-1.8495903513359166
-1.448499507975403,-0.48534530493655714,-0.3485072884935927,-0.3059825311318148,-1.5329905101144654
0.2125822859667136,0.9269796347408041,-0.5084409693381097,0.11435109868786811,0.31053476296790977
1.574695845964742,0.31726219505067055,-1.3196457368780616,-0.8056670790463142,-1.240218956303963
-0.7265230571992723,1.372476413834874,-0.6838126482449364,-1.2298271881201188,0.4077673662773115
-1.2720420715821539,-0.4110441630204308,-1.2657163649808185,-0.05574014192909986,0.052381907374459614
-1.0198224843733255,-0.3926706937042802,-0.5970675280245181,-0.09533809725204434,0.912786995198611
-0.31804934004168456,0.154832301234704,1.0074852421264457,-0.046835460362147585,0.1725311137962465
-0.021232997265692676,-1.021813725788884,-1.1386899822140248,0.09962694843932965,1.4126184727750108
-0.5115413325793955,0.13125572082787443,-1.2539217791509965,-0.9013627344942212,3.038303379707744
-0.4964717265729407,0.6046653289839612,0.07813367726288181,1.658711274097192,-0.09646604868742117
-0.8721948610997746,-0.31871303612511614,-0.8068789569755426,0.09920988267988734,0.7445076985335499
-1.13953523006635,0.12857647044910006,1.1172969086218456,-2.260405213682143,1.6391638387957193
-2.4101858681704913,-0.22379676265845008,-1.089949216661965,0.8002331525180909,0.6738650980573847
-0.7086061484621247,0.04951119954819805,-0.6429986460696918,-0.3813869726770408,1.2357152078650422
-1.3516361953363554,1.1205644260594345,1.4283757647449005,1.7300171062614926,0.17024736834873958
-0.1079693914742559,-0.13790680453987147,-1.6815398834441013,-0.48575970479173636,0.5013598905433402
0.07701401006575345,-0.37162923059052316,-0.43570250135016897,-1.1167738302565293,0.1839455684867449
-0.17600148745778596,-0.559420136553082,-0.7131905189413719,2.27218463813987,0.9417510128495988
0.09708261706230777,-0.17117174108464162,-1.4397267957954005,-2.0958825578417466,0.6205690051057275
1.325014046746715,-1.128815317257787,0.20950537197071603,0.9192060148850079,-0.1431574385103672
-1.2692163294831278,-1.7526234102286324,-1.0134186719353917,0.007626094633754845,-0.5826332833945844
1.0642844966099496,-1.4801011365141536,-1.4133595410917108,1.470339378682269,2.1418555159999277
0.23026418815901128,1.6866270425596628,-0.43671223683952104,1.8296930521993697,0.9711916174733674
1.0830964627261583,-0.626396099511806,0.4026820922802693,-0.03097995357076872,-0.5696414992316855
0.492372733202232,0.38923282194621023,-0.19143460424668854,0.6111346943507211,1.616101992235954
0.46525245115015185,-1.3990787559350153,1.2752449744180325,0.4985256688503558,0.26701679275866896
2.720181337237424,0.0038848421215122403,-1.0800250894737797,-1.026218475119222,-0.21161023849074473
-0.9922742811094892,1.5759802248931862,1.7475804390140246,1.6447649569902552,-0.9676945558455355
-1.5259761844446853,0.8037786433589306,-1.036821466480438,0.4794187592301431,0.8395005156457586
0.3179399807008012,-0.43688466846140217,-1.2870298510356026,1.136065981490967,0.6427102002589645
-1.2265264564661866,-1.5922354204133793,-1.1156361163743074,-0.7443315227833287,-1.322840535187005
1.6833692243203027,-1.304222131703004,0.21026462593655476,0.6806262496949119,0.261895469761364
0.0685890772133334,0.5829786115345538,0.6657645614239176,-0.14513670660834446,-1.087013548364851
-0.649495837472742,1.5671349023866137,-0.49725140352004793,0.9890092194955286,-0.264229723220082
0.6578961551909241,-1.522662967704125,-0.7918658865653272,1.7693932814255406,2.1962550297453918
0.5737283703500415,-0.15302112141978635,-0.7373064514964962,0.6390813832734917,0.009714838309891241
-0.13477091391504487,0.5532917005290182,-0.07040720850183782,0.2919773580509515,0.28786001128241456
0.3278984528622048,0.3903887219956739,1.35321759702473,-0.13652149524768317,-0.24598180319585766
-0.3879608027753359,-0.12841801559385851,1.0291184644459712,-1.1697111891601837,-0.27417987054825177
0.5477620991948305,0.6854171770746711,-0.20998157215863533,-1.5425133688027204,2.77290853481958
-0.41589105829981093,0.4211319079233289,-1.0835578577381855,1.2516112664290413,-1.1467178125983892
-0.2897579152542171,0.7345608426543903,-0.025801509909360063,0.6282067901222891,-0.670648304852375
-0.1293484249307697,-2.3972486768023136,1.171680341950833,0.5947898866728942,0.05069679877956492
0.8309291421176558,0.00216298588691379,0.1937596082765851,0.12585874670274316,-0.6871246739791979
0.31234946784097295,2.1847090682428045,0.22913118944338984,1.4305568342113524,0.7879343748439998
1.9428166415847141,0.01706816130609006,0.9102087316637625,-1.689793036400503,-1.5151717958347988
1.0570247584796415,0.6425291452413514,-0.4991137830786909,-2.757748050990835,0.6376297265715392
-0.2115464335438129,-0.6456980387195864,-0.3793676658245048,-0.4137822195491346,-0.16404291133368262
0.21598020625781203,-0.9760813486432244,0.16941265835093397,-1.221442397469444,0.4706020851409695
-0.6335632284961789,1.0788429264291985,-0.800482775136759,-1.5086979883528158,-0.6032378130694634
1.4232438452850102,-0.34523731292642457,-1.1910963181066263,0.48705732511900585,-1.0397899852209131
-1.2090999254712946,-1.0500036423321828,-0.6732387634282643,1.4916851321317248,-0.8313367350116349
1.721442707983025,0.03327318781243265,0.8844461369734973,-0.9657022564981972,1.2268726065569144
0.13214266052242982,1.13245378618299,2.9694316349728767,-2.356732522490543,1.060300249141053
0.8576135768194497,1.1244240342178502,0.3666479714869153,1.3665342599288486,0.5581136197444155
1.049274490894619,-1.3483273113338516,-0.32990135665951537,-0.19566128618356787,-0.5283201603483894
-0.0244054255101539,-0.23479405854065186,1.0197894970452754,-0.648730523089439,-0.8121252831639338
0.5329238912784032,0.5690559823992368,2.9764042184646073,-1.8806212005274596,0.6335829446152893
1.335833550184042,0.22288129694505213,0.334743698109195,0.748148394763794,1.3685594959769924
-0.3052781858011751,-1.0032848242303076,-0.9043716049319992,-0.9762597410465129,1.3639697451102544
-1.4963000817707044,1.6451332322091836,-0.018506383468803303,1.0200720867632649,1.4015481448631215
-0.8230476217342695,-1.3827852246864905,-0.5279999349030883,-1.4126989795262663,0.3027331034478177
0.2024749969025193,0.7987193724833216,-0.7210748873155916,0.5548601572063757,-1.6105468369342817
-0.8542755049632206,0.6973356104078601,0.2654750127750954,-0.9271012542663986,1.1245128481232172
2.2691637006888814,-0.6644988281795638,-1.3413953734743627,-0.27087351553461364,-0.6916606665985391
0.4785114645591276,0.9356077550315602,-0.2728561646804256,0.8362443334194,-0.04066462206942448
0.6196090897420334,0.1529394663037437,-1.3295467775767174,-0.8730668722200989,0.3894245467294842
-0.04313102098910597,-0.34529135612646283,-0.8800078812135541,-0.15680566125766196,-1.3489686595580537
1.7026298484286018,0.10376021386640479,-0.2209203899636392,1.8135186631640257,1.0822151349449016
-0.4261577502511715,2.0542890744592084,0.5517283883194217,0.015544979018286314,0.7937397768317696
1.934498067142229,0.4932965817561258,0.5058999710940696,-1.7029906159638417,1.0828229884829867
-1.1074977215356805,0.007453645191377803,1.4794672905067816,-1.1851246367961359,-0.7189995361493866
0.08584074195001008,-0.5471474958046515,-0.1740690097957096,-1.8982483929405998,0.3313094449727161
-0.44623393469600553,-0.24921736370038933,0.44143307078105365,-0.4916648208937652,-1.3243162719989237
0.5581652444642236,-0.011538028319687237,-1.197984817057701,1.2039306936917837,-1.4898858474877275
-0.6539552284367018,-2.244828056191768,0.7717262575285294,-0.668098357066732,0.29995081542755797
-0.265948511805615,-0.7783976361130842,0.36462849296922617,-0.9303011561558683,1.5817784975795708
1.4875832652769447,0.5791891646018095,-1.7492055893794785,-0.33531604166452494,-0.11838493035444395
1.9317951714323125,-2.3948136163652674,-0.49818505343424835,-1.2286247900752034,0.8007641364532587
1.2461829423692912,0.214861080471256,-2.0297338836055077,0.015254080214588454,-0.7934803440742397
1.3407817936512119,0.14860823288231287,1.0243989234301514,-0.6193371426622926,0.1599814071851246
-1.27198982703351,-0.31449425586950497,-1.3017138951649183,-0.7415840465762005,1.5899091544959578
0.9653655805664403,0.019711242868818014,1.2158505665181538,0.41986747455085577,0.3675363925742839
0.4931882366406716,-0.27014909313103314,1.0364062871725055,0.6480500565099838,0.12608298861231768
-0.242251283349992,0.836303073793016,-1.3731835328282171,0.7596023005475246,-0.3796900565226741
-1.1475208782221706,-0.3408255269152758,-1.084801703783709,0.6632000915899463,-0.3975274234691436
1.4565402257013291,-0.3429055461157425,-0.09709141580289321,-2.170551848434175,-1.0641461169222999
0.28342964398950427,0.08777612331424291,-0.5015443413793098,1.220368505753474,0.5677879381061277
-0.7660567065774354,0.906726634428801,-0.08030020545184437,0.9484607701267015,-1.4182970985439922
-1.1784059431861809,-0.07495999249947284,-0.4117302347522147,-0.1545010052063082,0.5451602977914438
0.12282138604579054,-0.264658550787457,0.3975430427754073,0.14138454581477206,0.3083427924508352
1.382770912659099,-1.7827729781803587,-0.14755756974776346,0.4374887986296378,-1.0193807069041612
-0.8270229341203076,-1.2148696684771572,0.021884656630505032,0.030241048255377524,-1.6829059934094728
-0.23994663188865434,-1.1201397675977338,0.5808301657653717,-0.6153741967912828,0.056201603766233815
-0.730461916603886,-0.7169226910183982,0.4407085235889308,-0.7646520527535363,-2.2060424265414667
1.0006358484963442,-0.10441741040210993,-0.8959286193154826,0.3987864748657221,0.7916467460319994
0.23338581405975614,-1.2198639627718442,0.5441837267786773,-0.657026856192852,0.6924319938128186
1.0182990088981678,0.8905969642092593,1.3276895131643414,-0.11407388414018871,-1.34693344221646
0.7412127705970237,-1.4395072467953796,-0.3829774641223364,-0.3728971495605737,0.5786109944711049
-0.0638728861982145,1.6029767722277017,-0.39694015273774563,0.48602709930391996,1.2799655845687516
0.961254922552721,-0.2954001127242292,0.17849315086682987,0.37059153868583916,0.09203942195908002
-1.7180817193091427,1.4205441312861742,-1.3157856769772749,1.1043325717008377,-0.8808270869611703
0.8697891577287828,0.4930571038116588,-0.9231651887172364,-1.1847896312117467,0.41187847378271913
1.0301365740547124,0.03452262507432802,-1.567684417107213,0.22164648310964927,0.36191993125591876
-2.563330884707879,-0.7166832236065284,-0.4520978136190173,-0.09333132788404029,-1.1972584858383788
0.34972911670466217,0.3108833921785975,0.8927968421326195,-2.462106775760552,0.6803425325962948
1.0743560558043224,0.16761765378051516,-2.3366252545739883,-0.7928119392131652,-0.14726668235394277
-1.374998386003934,0.7967439328441107,-0.4282865483019192,1.1345796618448676,0.027241097087544394
0.14054748973549072,2.3466530321673122,-0.8721687470518632,-0.3992866750848798,0.7985541072874648
-0.20824595337902835,0.5387772741109541,-0.8815785194185211,-0.2583789365493395,0.21662417557489924
-1.6659928509259005,0.4045034762853312,0.3926271671833048,1.2686887218692988,1.0962993028832182
-0.20924727279329178,-0.7637862010295288,2.276905754933466,-0.4256897006330915,-0.7286664937241197
0.9657730890251027,-1.584490337411986,0.5494126802477257,0.2540825736625212,-1.591801524003164
-1.4820439164476025,-0.44702554347396056,0.90516234810452,-2.275145440722906,1.4571342872800392
-0.5928566011227688,0.04510366600601497,0.4330922985594914,-0.33950170425239856,-1.318012741035829
-1.820328939591615,-0.018744063653938516,-0.6859435496208766,-0.3369080010349868,-0.8310338622527649
1.1098404436875884,0.7015424869729687,1.1438893199341622,1.770522911672869,1.0667709899348619
-0.14486842236669067,-0.6511848438773538,0.32090194543372297,-2.0778148770222336,-0.722576883408656
-0.6863066428546802,-0.1265996920534565,0.2317295498232197,0.29752383913270536,-0.8119411445593457
-0.9533343380646614,-1.2654672501728372,0.8393087324851868,-0.5834808175964236,0.06642822993126433
0.5984007203915288,1.0124551805594424,-0.6960393785694575,-0.11601575679792411,1.3069605439746919
2.3929448682031444,-0.4204067479453542,0.1618628739214465,1.1553945219232773,-0.9430678798301914
1.1907564511855102,-0.43224689328797194,1.3006330222579363,-0.3999607702648504,-0.547695582362021
0.35320411912821525,1.1131954550278353,0.7733266953012042,-0.23475227186536687,0.9992645896341201
-0.5241541123704841,0.05958077901589312,0.21934795740500587,-0.9863777990524267,0.7898866202556676
-0.47972311946538176,-1.4479685162342626,-0.44625156351065565,0.30835029079675846,-1.3002989823196547
-0.16289917412063845,-1.3495290778503044,1.8964020660904137,-0.8645165234223012,-0.11358802582821581
0.9895135220474991,-1.0209513622817032,-1.7598488531837477,-0.3228808623221008,0.47874509423076944
-2.329109049495184,-0.49713815797226407,0.021766077442708656,1.0149236283523002,1.802491431353479
-0.5454814611328257,-1.0311392551091292,-0.8064494852727672,1.1089983451116168,-0.34515033467106376
1.2163645944070904,0.29506281506173593,1.0402221320707477,-0.31583736667479584,0.24969794048055147
1.099840977242949,-0.606752569100582,-0.343512686574869,0.4238696472525035,2.4777075746649886
0.9709613183486722,-1.1828324278412867,-1.2893972487804273,-0.15185625414545262,-2.561295737548228
1.501392136288713,1.321856022466547,-0.7672614466759538,0.9230662077524254,0.2757463738692465
-0.38696389066287457,2.2047454674864158,2.3148252217984164,-0.611181501716695,-1.6770664317300816
-0.4815350059490904,0.1596748556214973,0.8272075090315599,1.0136885162313716,3.0077050109796803
-0.9061272132967007,-0.5185633799733307,1.0713846967374918,-0.8336981671875849,0.8709054459179313
0.5079225349238644,-0.21143622765191933,0.6101869364666472,-1.192480564845205,1.2916782851359108
0.7008647946937099,-0.5181167311934369,0.5299504179034599,0.07041036581351227,0.5030762225660261
0.9798432217569155,0.0319314323619494,0.9135535029144426,-1.4068912118608676,-2.1018127259922186
0.5762693507520581,1.010634389111095,-1.8312134460525473,-2.0334164591962924,-0.00953832134094372
-0.7772079754293357,0.39455242916440403,1.4570803157838783,-1.1208531620651563,-0.6744176132648829
0.07372765061773032,-1.4279123081243423,0.5889812979645859,-1.9366644765865466,0.8348088990583958
0.22085809277353077,1.3083388134267533,0.7751626188750833,-0.6036293709194545,0.027165908901986568
2.2275377748115504,-1.2568932335643932,0.10261131401625379,-1.4262616483686286,0.6482179453188172
-0.6474997434985118,0.5996804805457783,-0.42678792107707475,-0.4327198811966707,0.78280659180363
-1.0435189856221514,-0.2623096628049011,0.25883505981664023,-0.5900053759277303,-0.5438163205385689
0.6039836812697995,-0.6564424036922075,-0.925624160835658,0.3714000366248907,-1.5539717926609098
0.06369116369450582,-1.3168557111049775,-0.35361162256959816,-0.32121053495302604,-1.2366468313956662
-1.2917849634152374,-1.288426906567851,-0.825934512956769,-0.9450669447055825,0.7747456123426065
3.174723595400246,-0.02035270450737054,0.4070105709019451,0.801811707753665,0.08534807536578551
0.24148561472707164,-1.0602697724864598,-0.5268698909098279,-0.5696393187022281,1.8655785519057153
-0.8712823334743125,-0.8805870201578734,-0.3969998169041575,-0.07220781127160292,-0.28884761676498466
-0.7461909355390541,-0.5891965444466434,-1.3891781919115318,0.4832476161253951,0.13582657534311154
0.54921043736433,0.7034170468406769,-1.3737130427198103,0.7121705353352695,-0.3356128921153935
1.3270034207873673,0.0005524499397076507,-0.7380372942065684,-0.7236586105594334,0.16145801401926085
0.7284267425979797,0.7036192156973794,0.09486509216651094,0.2774324514562055,-1.0070146871616308
1.3404655388482267,-0.8447273049236934,0.9822148120056919,0.24163568312913816,0.5184230056700602
-1.2408934250198578,-0.9231202020285245,1.150716368498826,-1.0789551470528802,-2.3021155435092355
-0.9888033005338479,0.28043821897977456,1.2175444099203392,-2.357503474275182,-0.6654750432218991
-0.8550882513687253,-1.647645969486567,-0.42856180561829793,0.3288781702892304,1.9984551520703466
2.262622815118641,0.7316364771796181,1.3048153506528704,-1.0576980459941285,0.6679812484693618
1.0142332682768613,-0.683721882733506,0.5214380423981837,-1.0386318777300585,0.22670657118778353
-1.5583872125795208,-0.6518172345308291,1.1335107029317733,-0.6607164036035273,1.3341143492492469
0.5085123151620464,0.2607233286028502,-0.5920472504144596,0.6957019217634729,-1.5499145848592202
1.5790831882666958,0.7786401679313699,-0.4806503728252795,1.4926219689586109,-2.266027920358505
1.0896990597500855,-1.3100501701873464,1.0740497781292884,-1.5950752215059865,1.2445610999755587
-0.7350835694694065,-0.5361553639423526,-0.5460764415836733,-0.34822724264146143,0.5506399614171469
0.6373944216065835,0.026817653897556182,-1.0664090343960169,1.1576841112056295,-0.8373919410096724
-0.22217122389247249,0.29256349387294955,0.3798241892900337,-1.5718354080054986,0.3556954031079819
0.4109198749692102,0.3742883516512031,0.22338831512333351,-1.7179051030428807,-2.0016475535629215
-0.5138986422806099,-1.4649076871524884,-1.5239795038658321,1.7358224400742726,-0.9113400332376325
-0.22179699456843263,-0.03410942427852281,0.46009496102166,-0.46745594750043584,-1.0689603833581136
2.336250789572173,0.9466718032111985,-0.9664323041244931,-0.8264821421258071,0.11981306756099505
0.11150468480734589,0.846362725497819,-0.27134680785197335,0.1699184750259823,-3.157676104510863
0.5763232782582001,-1.2723788895994435,0.03011219076408689,-0.45312966399048293,1.826513158421854
0.8443792604312332,0.4828639499724723,-2.766623556831958,-1.3064459836862656,-1.3169907201989308
0.46088594889520135,1.2649344858060418,-0.7003297749250582,-0.42893876926211455,-1.1278265021920009
-0.1723892734304728,0.7783781364801714,0.9897501666234177,0.45258692009431695,0.10392696547411683
0.9245089499948476,0.10560801792742244,-0.4303346778775707,-0.6060710880448632,1.4384407708084752
1.7048602742443169,-3.0877248595477074,0.43286263026721744,0.334259734235231,1.3392193972244515
-0.9521529178559334,1.1023916398285025,1.0134057912056293,0.921450588179148,2.257974828427525
-0.5931958851878814,1.9188338547009733,0.39626926952821445,1.2569684817960471,0.6374541574272298
0.697902788929561,0.7251853177293813,0.009901985014744976,0.03069848631795464,0.29848066107954707
0.12363852375890183,-0.07731900575066558,0.6973489831159247,-0.6892224071552828,-0.809514366705074
-0.008838009477798888,1.122290055133024,-0.9033119345037031,1.4570922227013476,-0.9498123551633997
0.4587149346245153,0.32746611814651005,1.424129933508427,0.8598706239413556,1.0231075759115134
-1.5008740833626533,-1.3456588784707104,-0.4805298605873721,-1.1569908427662676,-1.4452393843384521
-0.21124064867597167,0.4506252047114325,0.02278506760154203,-0.17466010367344312,-0.44472074171853887
0.4386261241227669,1.1718071108019894,1.5261611248482907,0.5808721211006572,2.155532888243374
-0.8983242306063883,-0.44181201288844235,1.460042618265604,-0.11479658815513064,-0.9105610500442984
-0.5937277955775626,0.48550266714521106,1.5430375482442849,0.9099934070949499,2.3211163878418253
0.06582066458688797,-0.09952495519788351,0.6675800050763215,-0.3880438279044825,-1.4368988172874115
0.4013517907241046,-1.3686515586380725,-0.851917273363242,-0.953953934911148,1.114097734261591
1.4855110080438263,0.5438451140782185,0.8329003447440037,-0.6766279404344402,1.3899636464090717
-1.627016849935565,-0.7173857826758334,0.03946950314647086,0.44555378596270123,-0.5116803693191315
0.5460467850500755,-0.0008238433748305717,-0.8655508833954685,1.0310844916461481,0.29487290203750116
-0.49735495921046424,2.006972050245025,-0.44422308859903564,-0.4925264405297616,0.7322268621902056
-0.20384093576089346,1.7171974469764868,1.4334254965641662,0.9172045617323754,0.010021166153431859
-0.12878975300582204,0.1370244064670488,1.3555678756877811,0.13652062786422664,0.2571423458997938
-1.1574841349264662,-0.18243899046232465,-0.2544676776369154,0.5067211285257608,-0.8612895461059592
-0.08482463797018815,-0.6397777944202406,0.8246639251204175,-0.03192924988594002,-0.7694030976920393
1.4736320009760968,0.9053802087929816,0.20486410418328713,0.6095171141466482,-1.6437920250215907
0.11795419670113516,0.8571585653653719,1.975005902802377,-1.7104660103274512,-0.5178996335144612
0.4050484972821483,-0.03056438925049521,1.4648753098709228,-0.554557356684859,0.030775247485311158
0.5649140438696825,0.020981809914884113,0.21946387097271802,-1.8595369674288633,-0.6053979912923654
0.05439330998334073,0.25333762090515205,-0.006642340082429509,0.045938155175296716,-1.9596092188670873
-1.0096143180608563,0.5165912279785247,-1.060872316324344,-0.15518300849576963,0.5104283815178547
0.40927606227934354,-0.8430159756581086,1.7377295461933673,0.07536735452305139,-3.00116691061718
-0.22326800629954158,1.026461515238406,-2.0341685365077127,-0.2285571370145762,-0.4429488220222518
0.6345331249742856,1.1045077077051124,1.0118580711137455,0.7713339995360858,-0.48208316681334923
2.4129683542679667,0.63743821902597,-0.30614265336131113,-1.6674818712110309,-1.1468310165968276
-0.2143230461024082,-0.6463269518896597,1.000336565504599,0.9157455321233758,0.4526782608795865
0.4126166066535219,-0.3251780321179564,-1.1960155900508778,-0.191992244893841,-0.05469562511749239
-0.7993129704932109,-1.2424595915987242,-1.8109721852769614,0.23700632105030459,0.025264282853279744
-0.7496623611022697,-1.026696997034467,-0.591950003164538,-0.2683942029812227,-1.4746290295659032
0.1102951667809123,0.3722148029941972,0.7193260737950845,-0.05056367049828943,-1.810535828390147
-0.05561450717939974,-0.5909442020473762,-0.371351740436996,-1.4891845280360152,-0.4460588021472619
-1.2786065986354742,0.7798008990890155,0.3328626408448842,2.680256421943904,0.006561956251537544
0.3144150587999958,-0.6443917616672806,-1.5390359573167065,1.659201659869649,0.117042481714629
-0.24159284772997938,-1.2392848655138642,-1.7743786582664425,-0.4246079470950536,0.0817200479202507
1.6606905833420444,1.4982166407146522,-1.2315778814626601,1.8351181915333212,-0.20932696377077453
-0.39939001949433295,0.2254427823857048,0.1782288733245878,2.0799957689060506,0.03099020708680573
0.056099863165964575,0.5701045244508515,0.11785646095405763,-0.678621972461139,-0.34692446211838307
-0.16150857903344215,0.28912283534412664,2.108029383066974,1.1692992836765492,-1.0509484989381055
0.3209971411801453,-0.1637085921047019,1.7377287777160784,0.3385925168774624,-1.263603877696406
0.4371031707248665,-0.24400195910800346,-0.8789044597498132,-1.0475312989307672,-0.25392300968020654
0.21409306083998436,-1.116405611308113,1.5704049677416938,-0.7131183111961441,0.2965826563955976
0.6948066897617294,0.27802136789356136,-1.4187976595610245,-0.722030130285263,-0.3704920453239507
1.713328229211072,0.19454659692912893,0.6539023486259715,0.8254279810692795,0.24237870130099629
0.019178645404102822,0.9115638051480855,0.651173469362882,-0.3650157475274367,-0.7695282384119252
0.47423170422485805,1.0428256450063678,-0.4437733821894096,1.0544866676757498,-1.2113852344071
-0.7641891258266005,-2.2094177582196926,0.03704049256880996,0.6782135881772497,-1.253521538375949
0.6372749781247002,0.7528373148699876,0.011426254189680877,0.5856786907001443,-0.22406687551327684
-0.23073878160264089,2.1745093732157557,0.3291510945089317,-0.9334918198251497,0.052836201496444406
0.35458926855747774,0.41346873650684507,-2.3113786364962103,0.13234159532316792,-0.7347974487839752
-0.7485606875453812,1.371465941759124,-2.0743131424753622,0.20880395495177953,-0.09985218435359193
-0.015338428223967634,-0.8042136819764607,-0.2898015520747367,-0.187541847016478,-0.8038729813774522
0.6342934857686082,0.45670534378375477,-0.5683706891242357,1.336513326819564,-0.08454888204811771
-0.6329597068475667,0.17581341148792293,-0.623339330260174,-0.2889685629499539,-2.2346501301040744
0.5602365679553639,-0.8102157093691913,2.612076443227629,-1.7665574036009961,-0.6903394010015406
-0.27316917595958784,0.3746980681122992,0.6425051038985901,0.6837203173980541,-0.2776523068349651
1.3760912772256164,-0.6535341482755058,-0.2785099389465444,-2.101752928921177,1.1533766955476963
0.5905518214547626,-1.3318589924169857,0.04220514007976673,-0.2285575218458728,1.6179907442591186
0.23134703605621978,-0.4690633660483294,0.10719480303305463,-0.26487540626174416,-0.6805865316716044
-0.1123803814676258,0.29020558666507057,-0.7026853977186512,1.0518445226790374,1.108414661254774
0.21143423120472374,-1.08169795227877,-0.5416885050658183,-0.7229305159063218,1.343685258297883
1.0790611219948212,0.7214298057095203,-0.1277188352916702,0.37180997244668595,0.896361819182245
-0.7437059256885978,-0.6911555291425222,-0.331427267795944,-1.290566969791677,-0.9878839347248037
-0.6684070280447496,0.3042780154351543,0.4808339882043311,0.12639748941114778,-0.005150222207379365
-0.6551410767084404,0.16476028778660545,-2.5130030322699763,-1.7110768986603575,-1.5603176669891554
-1.567238026391115,-0.7543618506697476,1.6971372144441326,0.12277362434185517,-0.5600119907530299
-0.12746565795186612,1.0246162725851036,-0.863989131105099,-0.8851060772494708,0.23025528663916284
0.7755209401922188,-1.053201797711028,-0.04106157962084262,0.06694969288096793,-0.5237180961597048
0.11164029899781565,1.7259130432541663,-2.1757237733346253,-0.18829418618514845,-0.3001818084832342
-1.1191188394581986,-1.2591598517896523,0.6376769502358444,-0.5770937529567056,0.3058922741166561
-1.021118590452165,-1.1422755002927238,0.19009822153802747,-0.9698263236078074,-1.170785908201366
-0.8345701047958564,-0.21736446701905884,-0.10565637225135606,-1.4800722202598262,0.41625914762642174
0.4070196750890806,-0.3470021629018512,1.6013273729821966,0.5882494730355626,-0.2378748961639963
0.009170882511200594,-0.7374331067631273,-1.8518837258798269,1.1454202098888524,0.7278172888119656
0.4039947850404745,0.08018948988623066,0.620017235158961,0.03417197421038754,0.13721688138701907
0.17901747572331464,0.4097462941573679,-0.7022845755651712,0.6868411479250185,-0.012278644984813583
-1.262986113293106,-1.5364958845097376,-1.7165415647023647,0.18913420268912484,1.300712618117517
0.813848236135836,0.6319160992708529,0.051567127608330904,0.36562649722924706,-1.275759462828061
-1.2714968294258564,-0.6926929682093717,0.48425605536732863,-0.2449650122465506,0.9563165636880442
-0.9092352616761091,-0.5908737239563495,-0.29709455394240425,0.445987492158144,1.1733295119456537
0.11062194490608815,1.0532151732441992,-0.10823163325193165,0.2200893800532952,0.24683794681437274
0.9388646245636295,-0.15503236985443533,-0.14640926829227835,0.9750130008262679,0.919028938528922
1.3828203018176215,0.17718379447181393,-0.3335486463895571,-0.7272546654320317,1.818869681010311
0.2201606481911594,-2.447726498801503,0.021982588388531333,0.7928976730808484,-0.17664219616919158
-0.9501885140353843,-1.3454242712151725,-0.385769379628604,-0.892772304385747,0.592437615006636
-0.5615771656570224,0.00931320995478544,0.4686270430867245,0.48807188061176476,0.1542244033196261
1.2359728047066396,1.0700039911511205,-0.3457061043134556,0.8786589794349589,-1.8502981317976717
-0.6240205565908317,-0.41714860599708725,0.4330157570935869,-0.5668237598700444,-1.0688439825637284
1.6795969076309398,-1.4995544835987227,0.8199829706648232,-0.679491366961119,0.12235562336825369
0.24943905250923182,1.1565844536516146,1.1983645619185206,0.9933740256901986,-0.9779292612246319
0.2815182344141214,0.9947186073718414,0.5634265964392106,-1.7061104901052884,-0.47457873165655706
-2.204146271834018,-0.6327399376933909,-0.974619702378898,-0.19703112202778364,1.0885571869001875
0.7116348280130957,0.8001598197930925,0.22902856030560745,0.04153968090311258,-0.12053736392388223
0.26395650790964026,-0.6221821757389,-0.07054965811733681,0.3177159513658633,0.4024033587626629
0.9999119364896253,-0.6210708200955429,0.28335765704302424,-0.21360208261028674,1.3120547674195857
-0.5409764805877181,-1.1545189304079526,-1.4509447325167237,1.2070886176267996,0.5044112827919875
-0.7399982863419576,0.9204370302842375,1.7977744519481487,0.5371684070794653,0.5883968110487705
0.47802264107392134,-0.3971613950585236,2.118249164589519,-0.5253355766452242,0.6738405100207202
-0.18282570867685208,1.030997764555767,-1.2407284730345027,0.5284791657685376,0.8379737556894327
0.9361938244720348,0.40734726501536644,0.8081192794489699,0.7827216465506411,-1.3718691035759603
1.879695761633472,-2.0878003939909218,2.1829198942522403,0.9043808940551405,-0.6039803832949064
0.2818801687143614,0.5633874882784392,-0.986412231277972,-0.8906081289198592,-0.5143352767490488
-0.6998926136931994,-0.8683393506289792,-0.5234701276637905,0.8468607917726535,0.7446920624550616
0.7852218607859558,-0.3080384906575359,-0.3079100602973439,0.1652616873647611,1.1211280170122495
0.554366616204859,1.8843508092963632,2.7785485856316914,-0.9394273526860154,-0.5821693821813171
0.8953958490625898,-1.929985532977976,-0.1981377686336346,1.2921496254425382,-0.0022022551662044974
0.18954715067626657,-0.5241469106853494,-1.7610306863782137,-0.2727661286192158,-0.38054224792501795
2.2141666331973906,0.40196827989294,-1.4352252678215394,0.2683357249473963,-0.016037287294498423
-1.6915974893789611,0.17632516687257482,0.4958044664515946,1.5328298183229438,0.9322453016394331
-0.4922040797088346,0.13242054105839463,-0.33693794774842745,-1.1908292764484982,0.2125155194920029
1.3356608975810202,-0.191807204811137,0.5400768887141209,-1.0209679092383444,-0.13032479237462055
-0.08363637938903398,-0.22637018627609018,-0.1373298532535983,0.004517052249422756,-0.7202397617648868
-0.3737056256049436,0.41438587585378567,-1.1779772318535227,0.47732871587173176,1.8456812665202142
-0.5392962966904638,1.0036411994986902,0.8088804685395342,0.9087621245270678,0.04709042901404696
0.8510548912897523,-0.5855762974695378,1.4428388087933754,-1.6369320770867601,0.5414365828306477
1.7860771656935677,1.6272234958075062,0.25544126728318695,0.7644314723698529,-0.9253073638165437
-0.3656992258965627,2.3356828147808306,1.0564749457605132,-0.9057895030744177,-0.024969055327455945
-0.8135840987814305,-0.7000095902423648,0.5051771407334861,0.7132213172747781,-0.6711557885949573
0.3298989442990701,0.8424690766320407,1.5476752895084604,-1.1308172259554825,0.1555112433531958
-0.8805503664988241,-0.6625447517541833,-2.0531613991243396,-0.902693613488918,-1.0035384913331922
0.2633152063663345,-0.4162434424896079,-0.21310229627745006,1.6718027569198035,0.7393883992847704
0.437851184590502,0.35953646962543273,-1.6417400740596386,-0.39387277946652727,-0.13478195980991536
-0.25070907815613286,-1.121735658710379,0.4092809639046213,-0.47302670527349017,-2.516614382105205
-0.10194924244352156,1.1114328634376618,1.4245373358566173,-0.73674929114645,-0.6132117332041586
0.48112457304433853,1.2666194554622983,1.2118261507325834,0.25487876922760455,0.22965528299526164
1.9622871197982203,-0.16695026091881138,-2.008176692534631,-2.1722872287180546,-1.2758292552970252
-0.7263376000703848,0.16272772790229037,-0.33191935054686916,0.3614413285465049,0.5283255816120924
0.30784476251281856,-1.2654027728713373,0.5807467765487213,1.1575054283806605,0.16921063234914713
-1.6163344327665932,-0.4399056504752494,-0.5390996708827053,0.5711693858117243,1.5481493272543592
-0.5381265162626727,-0.38536498477123127,-0.41554681827884754,-1.447826541067131,-0.7574810530897123
-0.43834908425071906,-1.55619043822407,0.09950018036594051,-0.17000848046424627,1.1105278709364623
0.24972486677798472,1.4212623723315516,1.0646489266729053,0.18174009365258628,1.1993832075646111
1.0322932488348144,-0.3600600004699339,-1.5937943554742549,0.41687137258493717,2.2055148059749787
-0.12643959815604533,0.442890296869371,0.804867267743505,-2.8356268617548546,1.6764255561432073
0.6862038108557481,0.10872250340573328,-0.03035661602794679,-0.08959219863627635,-0.024849112506748348
-0.37898239704421277,2.2413761895202087,1.5795929545472212,-1.2353023504102392,-1.7437432128739445
-1.3159700107642671,-0.5949037027494796,-0.38253668070841523,2.9758115713135194,-0.05768797295518337
0.20668683827554157,-0.5686717041458142,2.4383823373649522,-0.8175606812550953,1.6192859642426214
1.3647182642058413,0.7853747924574217,0.38257687672177276,-0.7131274194285451,-1.3408557914629138
0.9181877856299567,-0.35014656942558847,0.06927892836948861,0.4563583359240331,-0.5799371511245232
-0.5287866500566089,-1.302622739057721,0.10828096451748227,-0.3958519791295544,2.215064971437218
-0.6936522798841228,-0.683250048586752,0.3082485916497643,0.7333223926568389,-0.6280470024509837
-0.5528227939128877,-0.07347230101446639,-0.3109315632508734,1.0361735426694765,1.8001155237811355
0.8892515677318175,0.7045089767876697,-1.183279471276406,-0.5603613156172121,-1.1997431820750728
-0.7771955755705269,-0.14959989881199826,0.6425497669933241,0.4375107719078205,-0.7497560782655923
0.7637545035048446,-1.3974372166045668,0.24934792940832112,-0.5595171322162911,-0.2208599577297645
1.6678445203626753,-0.6957484015786813,-0.9888366410912137,-1.800400048435941,-1.0355748348492304
1.0586720085135888,-0.5824406419734497,-0.33488652283874265,-0.053131944662764025,0.363774685426544
1.203748277772406,-1.7805778543414983,-0.05734470275644018,0.4919823817931016,-1.4648272958540647
-1.4822612389125274,1.0922693269384436,-1.4850558844172461,-1.5584662489331522,0.43760901359355064
0.5879162890207352,0.537636164500855,-1.4613885082006237,-0.9158542284370221,0.06491905423264371
0.9595799850335475,-0.37606038956617743,0.2100846303502681,1.0328857791718682,-0.27673807054023236
-0.641687282001325,-0.10526437552928032,0.15608315783346893,0.7051864792112279,-1.1120424669953268
-0.5061728513673579,0.13599978457770742,0.18916456501975404,-0.20919216428336676,0.7263076126475679
0.6578453757731163,0.05930822025582126,-0.14413145974039984,0.7790563170389485,-1.378919745074202
-0.13342691034708343,1.6754618245882864,-0.8571012151915204,-0.9257851128123666,-0.6638582499913378
0.8258705499611818,-0.32161310385002506,-1.075574778197752,0.7642746783707587,-0.7251608865968973
-1.0468181436412851,-0.7584409290597826,-0.8678920643522708,2.65664604345083,-0.36722543847836314
0.4612029102682106,0.39854069352478705,0.44582023338575494,0.8848804152442272,-0.2834443267971378
-0.8692202768811398,-1.7319218619047603,0.9452854604880845,0.8134670095124402,-1.3986544760261457
-0.6143768363602248,-0.7881742396380795,0.46068858383983846,1.2682481792286309,1.3488444745105823
-1.0643578662725452,-0.8174058243559283,-0.3934775942127889,-0.7954338980740113,-0.4825926518157954
0.12172043102577287,-2.037750339794456,0.9501892678100897,0.5121929544714641,-1.2355673724433025
0.4400069875509261,-1.1667455299451532,-0.35746887515331655,-0.2382036613750151,-0.8801753511097732
-1.1872039510302055,1.8225222536917198,-0.4554369845527125,-1.219879695698568,-0.08770324940486458
-0.7938434744384572,-0.023802867274292552,-0.3917198375318354,-0.7036897295994423,-1.5575611704339691
1.093807379674467,-1.2045068685157096,-0.18852717607256395,0.6501230047361599,0.8599654469888764
0.10365596651959957,-1.2873653742054518,0.08203092454084192,-0.008746652514925858,-1.3204490359465006
-0.3871349662993569,0.6303115262929812,-2.6332929194016903,-1.1920662445219044,-0.1525752325759679
1.115159016297103,0.9864384616209093,0.2470219292816835,0.12592765446902862,0.9627256049242883
-0.19355507759378615,0.245551716660896,-0.7069935699123648,-1.2185167221418394,0.6148284574848281
-0.24977804064773954,1.0645670407692942,-3.024958396971507,0.567674950771807,-2.0551773479829882
0.313748488319818,0.33268596577701487,-0.24815598600090225,1.126998991031435,0.7309653516040724
0.3282976932487772,-0.772550759856343,-0.0524786278193771,0.23692746062885858,1.1545878615226588
-0.5596373782487364,-0.41554163524178567,-1.1463003625842283,-1.0349292537573869,0.09708049205318385
0.42452920990686976,-0.9979503867935783,0.31965346406803835,-0.7206320814303543,0.5011994870310561
1.7236280651235203,1.1879794853353571,-0.9373383229031655,-1.1801550185800622,0.12097716291113526
-1.1310868707406179,-0.17611972253343514,0.6941901228551358,-1.2710208747170972,-0.44720435985534635
-0.9970320830950472,0.05144221821071222,-1.2395227414205812,0.11605972257749114,0.10836868319623168
0.9871864385569737,-0.5716175347193075,-1.0114392068536913,0.37484910153006334,-1.8488157764819395
-0.007947700342237934,0.5573413624036242,-1.115586210679331,-0.6085734085507973,-0.2637215702429308
-0.006317907810566538,0.10362449725120793,-0.006392671468301974,-1.7898671173873453,0.501012902756727
1.0262074841192457,-0.3144437894415506,0.9392774646995448,1.623085962260045,-0.8764107234906003
1.4260258483111377,1.5554846994009972,-2.042172073314191,-0.1060243052717266,0.4759911719297982
1.3767380845720991,0.07516063160695372,-1.0026662005791878,-1.011978791688631,-0.18855631073439674
-0.9361644595399075,0.9742449917329724,1.5715139434166594,0.3967860043512113,-0.7759060809157711
1.5675933945470792,-0.16347927324007916,0.3655063163948827,0.1827632668197153,0.26179570997243623
-0.08508955138863558,1.190090081366674,-0.02253036129109301,-2.191397340319568,-0.6282610624291414
-2.129306613735605,1.3693502143529104,-0.8662487401391944,-0.4665920674296221,0.6342341986160629
0.7192214864186205,-0.4993059583415565,1.6466298297399191,0.684853770177019,0.47798681055823894
-2.410711445195446,1.1686817342336795,1.7406682727674672,0.372924036228631,0.2843126365651522
0.2036706111106278,0.7694396886097837,0.3506915721488939,-1.144205857325033,0.21888834465054888
-0.7378133319556102,0.22168576751618227,-0.1984124643707923,-0.40227704076052506,0.38304168357611124
0.4802902738570673,-1.5987595852241556,0.459344491479565,-0.45177311169051837,0.45906177222414934
0.9137113436211927,-0.731806277269282,1.2302683907533667,0.22203770612696302,1.5443831695316643
0.5260365315483922,0.5099283283115718,-0.011718634680829279,0.18358081401530688,-0.4611421202172031
2.2664466629038165,-0.18094849631828666,0.11311879776170836,-0.8796746525469104,1.59997308171464
2.1035018578679745,-0.28372374750327567,0.384125166477338,-1.6143878499247362,0.7264786675832197
-1.5530309049799749,2.0602226142276043,0.2182511936702446,0.060906918818595404,0.9335100136214104
0.8438679359818164,-0.1720352496239288,0.3679176563504889,0.46577967596344416,0.09190622935222936
0.016462100834643736,0.3887888550110266,-0.39184637401317174,1.1395030535187987,-0.577921267429136
-2.3463622854854322,-0.8019879884451836,0.08384388399597877,-1.0082690993485741,-0.2598534532152261
0.8357788033024045,-0.49026901568734843,0.5115265171674316,0.6878372977546835,0.543542494304248
0.8392000123962711,0.1256948416499657,-0.805864656308519,-0.7873808241067041,0.49597928583127987
0.7906604270898603,0.11504709570202563,-0.07382042343844171,-0.3069193031495882,-0.9105237582927312
-0.16846530510188637,1.6953712658430014,-0.4358429958069125,-0.5224989141139293,0.4892621847740887
0.4166427226165471,-0.7170605789097745,-1.5451185140037984,-1.8732430450402242,-0.7594125613482013
0.30360261542807004,0.7102276247182842,0.6145023995345362,-0.49504667381748046,-0.5389651010428989
0.27348937614665725,-0.07451437933711935,-1.4990518789361689,-0.20068991950723175,1.2068492265602935
0.04530315302429482,0.31441388004734033,0.8644885952937427,0.1638138252800437,0.3833801639902068
1.1079426373155679,0.4874369987262936,-0.4822481503497965,-1.520029650926394,-0.461061417421065
0.28188923404103816,-0.6171785927742653,1.0001098700529816,0.7564755470513251,-0.8593543691011553
-0.20023822699940688,1.440107184522837,0.6075256119472582,0.8788480907366676,-0.02609655124740456
-0.40299197142593446,0.6104319980326156,0.8018387698330232,-0.06598297728393358,0.23093489892804198
-0.9110499471172813,-0.21601049402701777,0.24009329468138446,2.483361669195781,0.19945240280971663
-0.07746651220621811,-1.5355294644847823,-0.962700578528416,1.6515471999059588,0.37622369546975515
-0.8318862274631448,0.10874097207018284,-1.6307604903785893,-1.0946589253412735,-0.32983523684375377
-0.09764851942937683,-0.04443658596168355,0.387115575141753,0.9896287290012499,1.2418816226576732
1.2680239531806825,-0.9190641310351954,-0.9976076498985844,-0.027193070941993178,-1.0957850225567793
1.0581122108197,0.784742349761671,-0.30037135626672795,0.8030342968366646,-1.675306447759845
-0.01038121659546556,1.442096412257423,-2.1486841674218202,-0.017782583318269797,-0.40414214354700007
-0.6741530062825039,0.8768788600909344,-0.274292272183547,-0.1485192131852406,-0.30863279753169093
0.37425263291399685,0.7223425522046155,-0.9460180139393984,1.4607476368597667,0.35305314613106253
0.26689005330075166,-1.7507506900563747,-0.6979810807995799,1.0193731770947139,-0.4116978436566576
-0.2326780246719311,0.8224736307322121,0.44101626581314723,0.06311092853826726,-3.1482706050907097
0.8782752093217896,1.0380331453047036,0.40739904638682173,0.009345407986520293,-0.720060169992544
-2.0745630863538858,0.507641581709111,0.5881272766336054,-0.8211112512781745,-0.279994151940824
-1.8637114047451315,0.7810352143099079,-0.36766375710848925,-1.9982855361889147,-1.6806135393623896
-1.3852340011735937,0.11745958284726747,0.0868575168967795,-0.8330582633068877,-1.10610032881899
0.6650107482796789,-1.2894772453689325,-0.6024165956174673,-0.25050192805027044,1.244346160665186
0.9168934173686945,-0.33539057713985376,-0.7510142776940857,0.6116695144320101,-1.8928266875434054
0.19876149544777244,0.33639153659240806,0.2200492022773447,0.4426578976736042,-0.6346724402753458
-1.4874907480342743,-1.8883634401903424,0.6749985185813047,-1.4516492861164052,-0.9177940351943835
0.804657188113378,0.36772600233206115,0.5630277411997493,1.4610851559211677,1.4945651609126156
-0.3243778872866115,0.21759827274853022,2.571259604976079,-0.23266806205655627,0.786348220603865
-1.9799769678317747,0.9574111772178624,-0.8784190967144889,-1.3715924946961229,-1.8765288632436423
-1.0770497987603112,-1.1350167797611206,-0.021142297038040433,0.31193578218391754,-0.2508483476336556
0.6056598103346793,-0.22442398976244898,0.37124994707278025,1.6055864682430292,-1.3319783887173573
0.3347434692958884,-1.0350089382018468,0.6169333555143908,-0.17308426245878056,-1.2021232298670816
0.46905269619731543,0.5025254591682881,-0.637957108260513,0.5450114766164135,0.30915499408083025
0.7241025063869162,1.3699611717422322,0.6221763155505968,0.9127152875270105,-0.5193494717129021
-0.28029496791253594,1.9190728489507638,-0.5852684417365696,-0.6901591411869891,0.39152323069300243
-0.05631824694844283,1.096791846741631,0.03816070319599825,0.7878203613362933,1.5172496472710684
1.3956236842673948,1.1266952739540497,-0.6461520978862123,-0.8646868787703433,0.8131250758003162
0.016471799203464768,-0.15224233794482733,-0.7915575041985258,-0.9447338593904879,-2.176406715012225
-1.836087029789424,0.10895061243203463,-1.3862521423736616,1.091134822419889,-1.1034834447930162
-0.1257339515487561,0.5390464012505145,1.4929876016756642,0.1377671293642277,-0.8055281968471687
0.4492436384809605,-0.03805914244312219,0.07683818262927129,-0.039529490198663565,1.1059406878439566
0.31538426928014596,0.5337722736649251,-0.8857449165600909,0.04670691266955344,-0.5984638158024872
0.4406696536531394,-0.5699185932113066,0.532073735344419,0.24368586858224217,-0.6876539636789923
-0.27426897410458784,-0.40200176376419605,0.4671208098103105,0.1504097386727304,-0.5296138494223417
0.30489504046559707,1.1825707109837025,1.2479488513021553,1.5642772031148804,1.4322305021976243
0.6912301207532094,1.2097889433146107,-0.4824042222237397,-0.17962236993186922,0.9497616502161355
-0.7401624567083026,0.6681670081091792,0.021861178271886647,-1.9138177237276313,-1.1235046296441868
0.9171651688458441,0.9727467415707648,-0.13450777294797897,-1.4774637908276138,-1.619275338269046
0.5938216563297922,1.6755697522234365,-0.9779881944624846,-0.7275247837766339,1.7685589654877032
1.5598894844382876,-1.4235134323054794,-1.9211936007045678,-0.7667307000277273,-1.155010460449772
0.23985251393401913,-0.4173871855024173,0.6549825468408624,1.91333801385297,-0.4990592575486704
0.34998359316157346,-2.328733399704241,-2.620779732308983,-1.132665973755093,-0.6416386713068654
-0.0761391394039808,1.7156663185453123,-0.4310388629293561,-1.3409715894387242,0.43292175885330525
0.1133805993419086,-0.6676305820868219,-1.9564466199744381,-0.7857125058066315,0.8545534636939207
0.1990536482057825,-1.2145056579622666,0.2973939386587647,0.5061584501974389,-0.6938443632408683
-1.2593410143892865,0.046680509069812665,0.8048880181957541,-1.4515962323870102,0.42535026594163744
-0.031025457831722048,-0.06563319145151325,-1.1170219788407671,-0.05910133706924448,0.4860461535388079
-0.04695687844568719,-0.4568037346344806,0.4067986183853327,1.2384311251531608,0.4170225082830197
-1.020479459175022,0.26544274309389104,-1.3065449845571881,0.08274825587325325,0.7934867612237284
-0.45202497431048616,0.582930300120102,-1.26469653605563,-1.2877136638166398,0.24555097766386588
0.4174696775649955,-0.5853249735563715,-0.3132406335255197,-0.27383763288845303,2.3305297286501068
0.09581518929483981,-0.9865331338866444,1.003973375401294,1.082766094053762,-0.15998267198174898
-0.4459937134544532,0.25767234379436094,1.7296738352415095,0.6848287940024232,1.7623250671923647
-0.47336668283039013,0.2981688419084949,-0.10223202662152418,0.2182957136884147,0.5883264712036677
-1.4889482279902198,0.7886436360652642,0.21745653847146304,0.4209527503580446,-1.4786233970525038
-0.1628815581244827,1.5994680130481,1.7137590912237488,0.3313789154858827,-0.45684511168484243
-0.7358389538740286,0.398466778925142,0.6280473454661584,-2.0174274619018306,0.2778016880900758
-0.32637437359565075,1.48854891403595,-0.024983568176292686,-0.5394726713084239,1.2493538495524539
-0.0833831910659805,0.1424871644050585,-1.9381222871975767,-0.7639057719603262,0.6707633618795852
-0.7349147925091373,-0.03889042604514852,1.166683296620257,-1.8670299891352744,-0.1809625971709822
0.39075008185880455,-0.012657236270475419,-0.3836489310834574,-1.0817785693200124,0.5063363027682234
-0.52111496121813,-1.4819914669360994,1.9706139049502907,-0.2196453869672901,-0.12788458551925755
-0.33283329061204536,0.22120146335100857,-0.1039364413699354,0.4680798740350714,0.7309955007944957
-0.5337760114173701,0.12570999450581602,1.0463443347495205,-1.384578934239278,1.0260372250307086
-1.3429183046875852,0.6117483148619758,1.5794424148333592,-1.256979021813092,0.35983746485369206
-1.5168494063487197,-1.998494111441704,0.6367978016269674,2.751102275619539,0.2685849829229062
-1.0177821178907966,0.796995059686288,2.073657186176515,1.7973853388439163,0.6840275083512576
-0.6846768513669523,-0.3852262230148584,-1.3486230435061104,1.0129969377358683,-1.0066741189999933
0.5866523074006783,-1.8418549173697023,0.7361569209027112,0.48151398392145156,0.39885389647897956
-0.43053441688678445,-0.10668841121516023,-0.8065796195089435,-1.0731034123471208,0.6917573172044239
0.2930809000038067,-1.5731797271065497,1.0408439783723737,-0.1894644325281092,0.1915808635898117
-0.3157058833393557,0.0876846678710398,-0.6558689280119443,-0.5322039688587293,1.6896461402766283
-0.3334303445166655,0.9471642318282117,0.4500829508601837,-0.8122282187346317,0.02247536555598184
0.9494333623748279,0.34985274159549185,0.45640201022998145,1.280180781607118,-1.5449761669229038
-1.1313574958808248,0.747642028846918,-0.5505430943228045,-1.212949708757835,1.6102595689793244
-1.2668869948410069,-0.3106061310302792,-0.3738124430800426,1.9067751713822048,1.1561063231456752
1.1331788958492173,1.6812944726054093,0.8643500299559083,0.836788899202907,2.415152485107626
-0.30014869749213635,0.9916997013740555,-0.3882656838881927,-0.23925118148923902,0.7233236309614897
0.1088330923852592,1.8048520025286274,-0.27234336651598623,0.025528522093827624,2.5271016216534044
0.31230577084700406,0.37315322569802895,-0.5307225331480544,0.6320689425601828,0.43256059394225027
1.8878770925674127,0.8155634188316057,-0.3156955656321802,0.6569007527739968,-0.8228586220539283
-0.3453708639034547,-0.006476252312751597,0.33579760410573045,-0.4153513827666235,1.596851907223748
-0.20391255913591028,-1.7223931067531237,0.827736443107653,-0.33768362758852494,-0.20837748473116086
-1.3563830332503446,-0.4611783194503691,-0.3419602292375968,0.6792213915529822,-1.209134640316405
0.05255580631535245,-1.148898566971511,-0.3214064509397289,-0.6535008328255588,-1.0608325858503398
-0.763121205193409,0.9294635496623365,0.41581300612796973,0.11877259306084088,-0.6362342599709112
-0.10849627961061035,1.665770856597725,-0.6862157882588508,1.0887099436125154,1.159079836956894
0.4621405760083921,-0.6920116838073266,-0.30265375492184415,-1.1819707995500632,1.288989869919572
-0.16051185740044402,-1.1490783829556912,1.4045421276472216,-0.13607252435131098,1.9098589852421015
-0.3017494584755256,-0.26611155929829466,-0.0663887708075442,-1.0526579633002384,0.14323981032040678
-1.9214140135902849,-1.0779888388262897,-0.602875237816114,-0.8255768023406104,0.36820012290400156
0.3061423603280378,0.25365578758074314,-1.3724082293897264,0.6968360063726738,-0.43816255204476623
-0.25214245350109543,-0.653271797576989,1.6261694808738034,1.0661829448258069,-0.5686921924144773
-0.161517430362074,-1.4821534216827228,0.9594884950532686,0.4008311815584203,-0.7165257654058924
-0.3069882498886647,1.3088226930611235,0.7204256683478362,1.4496101750849122,-0.7804163567623834
-0.5783518126469454,1.3909157214433825,1.4643581706625337,-2.3397602866469702,0.08888112192822588
-0.862981967671054,-2.459959601988517,-0.6934468973398118,1.2534997524429956,-0.10868571017796096
0.41213435814310534,-0.046137029301399214,-0.38383979120146167,0.24846833842468768,2.1984660999822383
-0.24406529893742407,-0.6520007722956641,-0.7884993659343854,0.13921768093409076,0.5320052895050746
0.7416312177269198,-1.2471572754716997,-0.8346756646999539,-0.18883819531358817,0.2919988868117451
1.4672203304339604,-0.5412008661457595,-0.3305301649638127,1.282619928101017,0.10564349962573114
1.2926410119362577,0.40587968771462163,0.9997286659433229,-0.00030233190678929787,0.6609332755556755
-0.887843350274853,0.5617137468197773,-0.08118276191614202,0.31220817480261964,1.6466995652542433
1.2439447105944912,-0.6755485238779797,1.61323136518158,-1.0615031370269585,-2.6625316856597134
0.43919165452405157,-1.8250701980069208,-1.122095620936397,-0.8021711567448843,-1.2576498847931643
0.7995997931766459,0.6942225066731925,-1.289484481034156,0.5470595684249461,1.6360903530611346
1.8213907565711465,-0.07255733318256263,-0.1465104998314374,0.20442658952563525,-0.7956321613603884
0.013104695126728287,0.7248174133315365,0.35842298215783464,-1.3104381109028735,2.6654540911142055
0.5547272973133133,1.0665128036259823,0.6530573974459386,1.780622651927741,0.9264435961082729
-0.9260328226349088,-0.668479430018422,1.2038940039217054,-0.7075760345756588,-0.47267914200139377
0.1601571272410065,-1.0029911799057503,-0.14968988408834819,0.8308967441843153,-0.23067065875391474
-1.330465034630471,0.6130405459434504,0.23620252182058507,0.055888628989543346,-0.11455516786816133
0.990971462955308,-0.8351615034396096,1.2723364578259604,-0.4212811395890346,-1.106431564609511
-0.36003644616171837,0.5803351568136584,0.9676483090225345,-1.5115451026398246,1.1507601207422877
1.8354769572584115,0.49505894533955147,-1.7701325087858006,1.0182249479001906,0.23971248798942987
0.698321619540318,-0.2017525469007001,0.1106452740847954,-0.3606943663307476,-0.6021736345502002
0.7050087098376635,1.0084829815578276,-0.40695340025860316,-0.37271661132968076,-0.6595147181421656
-0.037831400192507796,0.9094657830921383,1.2609440190501007,0.08085194712044333,0.17296296931316102
-1.4531573073051587,1.4739918695854708,-0.7507663273139188,0.23831972844510463,2.377342622208698
0.12181294340953566,0.43988000493497065,-0.540613005673717,0.1255381254745969,-1.7293365752475711
-1.1471449630899995,-1.3676239923377675,0.8828949147422153,0.24146274495565545,0.5702320439125583
-0.7158120292483553,2.5732733696871133,0.21008396138566116,-0.021307841301958425,0.4304898536049
-0.8897045999158864,1.1148651457074454,0.3420907774563581,-0.17427998076404297,-0.6475547758455127
1.4879962514351712,3.374506986768415,-0.6683466991661677,-1.1189419683321278,-1.2397888129924293
-0.13008321101111914,0.026123848259169708,-0.5882576943385639,0.8508874852978111,-0.7718719715371832
-0.3818842769640202,-0.5640386152167338,-1.0877816946164482,0.6598839419174332,-0.8783673065048524
-0.6973546444881445,0.35391822437777926,1.1418483912683497,-0.3817313950684104,-1.4103197866420722
-0.46568794300030736,1.0122083096159717,1.2135732010710267,-0.6432951142447866,-1.6131461104144997
-0.042181942179528864,-2.3400775197837596,1.055952534921456,-1.2000986812354761,0.949278005321601
0.3553988996840696,-0.01681169074402014,-0.30931375628091606,0.911986552347739,-0.6832712404057893
0.9180959049380861,0.15792156450873604,1.3887342951656592,-0.5717942685401585,-0.9627586642033498
-0.2870525505553036,-0.18410275710336432,0.5713022744248585,-0.34156057838171644,2.0033980067505768
-1.1665678943263087,0.4586591076277617,0.0983084263283089,-1.9095303827902093,0.39861694166449146
1.5575292187271943,1.6291116067521452,-1.1515969098650582,-1.8769870980484455,-0.5781876379586965
0.6681431553128374,1.0378479994748981,-0.45854623077603146,0.6847062392480083,0.858609594860886
0.9640671093540321,0.330091770042975,-0.10475544138217094,0.224919259829627,1.5135774927628873
-1.3639106504972363,-0.8215012478595294,0.356715173216009,0.2619606614297847,1.089031411483075
-1.1485711506640863,0.7709645742743223,0.251013662284777,0.6449227107925593,2.0064688926961285
0.3531503729859466,0.20907769932977194,0.06513360720683281,0.37323196427484767,0.06073867767904128
-0.6217128568843866,-0.17503140612992274,-0.5170345205447031,2.1949049937130183,0.756930260827461
-0.9227817617834706,-0.16645508945267679,-1.8642618882778212,-0.9775438426018453,0.23665586833061933
1.1957025033361441,1.4247690554256804,0.9967310934824052,0.27755235041191917,0.9534893280725482
-0.4935381679585791,0.5571949238890456,0.10803356169840311,-0.9429114705246733,-1.0764870189900897
0.7437589557504775,-1.1337285348017607,-1.4094853630206703,-1.141418977120837,0.23620499106782383
-1.233896760231767,0.866373351700552,-0.9579574282231503,0.033221746196081745,-1.5817162080211193
-0.3013918561949931,-0.815782770020071,0.2684122115851073,-0.8043530499939977,1.1382699041553788
0.9260888246429055,0.47651912728627144,0.027101892291860042,0.08100418716745553,-0.007658460045288774
0.11391718302389912,-0.8296011539624886,-0.26495044567041753,-0.6015095987592792,-1.5084367073294536
0.9021391596037804,-0.2360119711833824,0.682028723303354,-0.5391778941228791,0.043531259003489045
0.6234077381052132,-0.8411712290720821,-0.3683251465352208,-0.012517299445158326,-0.7925077053701376
-0.4023256614284827,0.4034329196692988,1.4036735802676932,0.036036892874161,2.5657136759072654
-1.2798531583886532,-1.2387006292025962,-0.2765374508108009,0.7509943636095664,0.5414559898123801
-1.295442705800501,-0.378731609114314,-0.6724211155067907,0.6674776935598732,-0.04541627257413768
-0.1384625171369425,0.02975522937050344,0.990875309361339,0.4767592112489908,-0.18850477175783995
1.316845691453777,-0.6024173769149835,0.6034603150962243,0.2436798502890798,1.0949077788413986
-0.08932543421281565,0.6779431985751884,1.3985519109601334,0.9479188444632182,0.7026766632029081
0.12680703557085046,0.46171483470205676,-1.2448568890489857,1.972917751577994,0.29491235236584373
-0.9680318108409653,0.510786929534819,0.13638224518422645,-1.1125261035568512,0.25465904965585134
0.18581601638327164,-0.4133207972236052,0.32322868911430275,-0.24843753364790164,0.8689745884547152
0.4768845783141551,0.7742730748932797,-0.16539524879992157,0.12395147969875946,0.39700831120235486
1.752798108706956,-1.1734335483484668,0.8933164356052478,1.4888006535020626,0.5230620842611964
0.17532499557727507,-0.8895607355137987,0.0034156805557240305,-1.4397950684847376,-0.9452239140442069
-1.111561376888191,0.49606444548111445,-0.5097775774931361,0.48224677117785014,0.3268043434821292
-0.556434282773638,1.632248595610938,-0.6061955742760707,0.5269142372651314,-1.040274337666352
3.060168971645441,0.09833738690871656,0.971382564231541,-0.9364455259713051,1.3999714487449646
0.6890441903477326,-0.7311559039588895,-1.4944575358052923,-1.265485655954094,-1.2454242291668247
0.5207931394782767,-0.5761060957809008,-1.2442027978069972,2.1001568021162274,0.12593340514177728
0.5634905646889738,-0.4062790368283391,0.38865616355237576,0.7587441849553042,-0.010549830384144082
-0.8605638888435104,0.8331271807804038,0.04023999656755379,-0.5503816147821092,0.035450511352939265
-1.6590003229234127,-1.7370087523410862,-1.3552390622920234,0.8756185083241108,0.9262184587933032
0.4433573769225698,0.9362750869051116,-1.7177715474684356,1.352635949557619,0.35147057993341685
0.5469036143244957,-0.9118265375851803,-0.9586891786237569,-0.5788858137818043,-0.49982041557369894
-0.11860885281800806,-0.6426587682087938,-0.22456612960878872,0.6376498824212512,0.4032980138089305
-0.8440340205511396,0.36110833356000716,0.7803080646816599,1.7685017030358514,-0.9035707126978554
0.01130184500180727,-1.061159857136111,-3.6476740966945056,-1.461526789710522,-0.9221018972684941
0.4624504039243734,0.5697998748733412,-0.9679872986865095,0.06883405128960214,-0.3693516852305657
0.014399079431259471,0.1335680421241265,0.11562827695917718,-0.03281835479774445,2.186387318453591
-0.9956059542719633,0.16040157648544462,-0.25473074385367894,-1.1435023837732423,-0.3737721382801592
0.5412546631920178,-0.15651236371977867,-0.38378562646853015,-1.0255007413885262,-0.07069543417107942
-2.4996827799918306,-0.8138673604447448,0.22414755491686866,-0.040588416559457996,-2.237317546400499
-0.4557112799819155,-0.3363952871364669,-0.39268027406541806,0.1435355855674178,0.24020064983357078
-0.024853003606113797,-0.09962490608377392,-0.5142400956954142,0.14740325115534753,1.6047589632656944
-0.1071452225532109,-1.1974491543857686,1.3356126970506463,0.3897435654328815,0.11455169063015404
