2.090582169952842,0.3565711131580267
-3.521700713251361,-0.1854887658247355
0.6069168275453699,-0.7180422778684509
0.38803795315271983,1.226868555238968
1.1727989223925155,0.9658833856604486
2.0285392952176386,0.3086804509650174
-1.07267914153671,0.6653127777833419
-0.9649411141934096,0.8146798626751974
1.3936311295933164,0.2763641373095094
0.1809548818172887,-0.10522943627341584
-0.119758583135157,-0.2189988310066123
0.420884423796986,1.7320503333008657
1.6285909435385253,-0.9979831413289821
0.5818588521802137,-0.32116253648174947
-0.27132336916303584,-1.933587131576234
-2.5074684267970686,1.0454259199464409
0.7436563370979119,-0.3477320499730118
-1.4753025564662472,-0.6797538494008534
-0.3299769748994745,0.44807515074171855
0.31599733998784624,0.13702219039360927
-1.4699891824687592,-0.6461978934723045
-0.625760718531551,0.17212421276885118
-1.2735203939750264,-0.669736354148007
0.5971677615862758,1.0711010421007614
2.1068817639121997,-1.105698643528631
-0.47881799518777957,0.4926930927508491
0.010100582233842338,0.5604173032608022
-0.9972554763546967,0.8895025078330515
1.5444410036226057,-0.13990051249958224
-1.2231573065369243,0.3148148369126703
-0.7960519705406915,-0.15384149460373597
0.34475447564889405,0.3125733546808686
-1.7262403787758418,1.3408688013406336
0.16518144527705766,0.44319838971510767
-2.070328214843274,0.7301535720550467
0.31285138085324266,-0.4902953671944877
-0.3861315748024986,-1.463919844602371
0.010957672185388519,-0.549806517328945
-0.8724996966023341,-1.0248630424566199
0.1767970286979676,-0.5061597106765687
-1.3899526950349466,0.6277240416817473
-0.38802998794596816,-0.11424783347569696
0.68953760158566,0.3715674157224213
0.7046973726431564,0.9072077139488212
-1.383361957426765,-0.5488411386587594
0.372455660134447,0.6091308156344338
0.8425086791148395,-0.37997951809105157
-1.0077815096784468,0.42411791983466507
0.11555353239732788,-1.544168862071954
-0.15824717159135904,0.6583625616259426
-0.6780109007259875,-0.5130017782534488
0.20225597412117907,-1.0907007156039055
1.0770642483786341,-0.5540992164108426
-0.24805060612347024,-0.903029714124919
-1.3878410819743021,-1.132828384599145
1.1674661749728925,-1.231613694518375
0.6761809499041055,-0.2633819584962619
-2.8541989757549238,0.249219819497815
0.24822822958449306,-0.5486907551533219
0.2283840098118963,-0.4048225595925076
-0.03614156036244311,-1.4347212192541874
-0.3150197378697199,-0.5399631927923325
-0.6650440754714565,1.6869964468596372
0.37937807390669476,0.5700705553516021
0.5653256180200816,1.2141957234876366
0.18268727222656103,0.18424360408438858
0.0792311522063146,-0.5614279955028715
-0.1487975493238529,-0.48898563695871045
-0.2202931776157243,-1.9882907751838101
-0.7908345160877925,-1.05810865031427
0.21021234656884816,0.04232552763763386
0.5237804647131626,1.5021780877736777
1.5428092699822344,-0.7716588295892663
-0.4987022766032941,-0.3607209285595429
-0.17875254312135297,-1.4200948624139436
-1.4659325434123853,0.4477700339696614
-1.3834488754029455,-0.09655296532721265
-1.556481025650169,0.41231713677841514
0.41994390392642955,0.9029606113962545
-1.6491084439222339,0.23213537488346936
-0.7756639840908574,-0.0006776657890556255
-0.1750298415788807,1.528102395787035
1.0356321758715883,0.2521776095724161
-0.9107674870756782,0.024181655369806043
-0.5113499690140897,-0.0589791006248061
0.05200368518038287,0.10249569623676144
-2.1385554550040284,-0.563616151063083
-1.3421116360024845,0.6949798638284231
1.6242056699138356,-2.1188394134932995
-0.6951557248818838,-0.16577893087839307
-0.9489743042364405,1.4104811465752456
1.8323484018651088,0.596745170800636
-0.000516770657001276,-0.16195948257067525
-0.08071993902309656,1.3926443727477946
-1.1846169449578245,-0.9121671004678544
-0.5329486302793583,1.0575121959686145
0.112595746266323,0.3908371973147316
0.4150972643345099,-1.2304941317939133
0.5316373096860612,-0.7445678629906087
-0.3185193280673837,-0.003452303053453677
0.38443024892404387,-2.017241066236388
-0.07471322451857859,-0.45984418592074366
0.4527955356258629,0.9002967256428318
-1.0487563685305485,-1.29780541635192
0.2925368947230951,0.9139489479228952
-0.3671926228807677,-0.19736984495001844
2.2757633723181896,-0.3678073967934021
0.9650238187128728,-0.48246768084768693
0.22090792041315344,0.6810019991852758
0.8749540074840019,-0.6638520327351375
-0.8407774732459882,0.408838541974981
0.07358616849089633,0.48472674890525574
-0.8572031687514767,-0.6329199287958854
1.5733581720249321,1.0050597342891876
-2.0710404431422798,-1.368450377573416
-0.3362681280670073,-0.00943388992016654
1.4481892302736354,0.5478080060934416
1.587018498388695,0.8993588994969208
-0.25237861066172385,-1.0522115178308855
-0.8553604621379179,0.3332809010020677
-1.1294524311874397,2.2443287995473926
-0.06990493799553854,0.33502632650038444
-1.3799119686378714,-0.6226830417308814
-0.014510719947385252,-0.5353968668668406
0.6907484775707826,0.6297818065442075
-0.018271313002094246,-0.9187403942234866
-0.5812774391762464,0.18388876483893898
0.6527141929042639,0.8120694155856406
0.9711777675249944,-0.6368370729993826
2.3642895074614043,0.29247364142976773
0.8347826080422287,-0.3006983797255733
-0.3865180455865405,-0.4229494875008005
-0.16412900496838703,0.06319554041850658
0.7216266099993781,-0.13932705837185858
1.285947504450006,0.03999464827399724
0.39491735793349114,-0.638039532036401
-0.6111767111285439,-0.11276512025840411
0.48760729823115345,-0.3516781442728761
-0.12507471151199456,-0.4608873542831488
0.8719168336116832,-0.48901836736494125
-1.055474295739046,-1.1384290610747405
1.1150860264060385,-0.037629889674587455
-0.4668136110477719,-0.28176012825257163
0.6704199260098765,0.10361718189279061
-0.960341750608632,-0.9324376024481127
0.6266690022941557,0.2600933197085754
-0.41454031487442,-1.2951374103974547
-2.0244814017206103,-2.7746618164665993
-0.19656076005462556,0.6517528102135335
-1.5268239644967811,0.4128776983342049
1.2051198253215503,-0.08546564951167038
0.2508899276846751,-0.3347595435259647
0.17733807262181897,0.09801534976786719
-0.6690265354701719,-0.4808199270126225
-0.9117938385652565,-0.5831649377479067
-1.3269189270035802,-0.9710323687709983
-0.20872983317179195,1.0468235634240122
-1.6484153934724868,2.064135357444725
-0.06039422423964187,1.1214066167426804
0.059275804300717216,0.9616298337579644
-0.765827669704966,0.5042947720817091
0.9365586693903093,-0.3594828987074873
0.3751220249202044,-1.4711864216323132
0.8697348898253349,-0.8940609465995709
0.6455724094651286,-0.7663785932338133
-0.3340216248477664,0.6138462400506095
0.8308988440244378,0.9161433923738688
-0.6228574425044286,-0.7411892804291448
1.5859047761901377,1.654753456653779
-0.540461856732482,-0.49317268501623357
-0.7626162731237841,-0.37269276913454524
-0.23430436379547534,0.5715792400900991
1.141069410255856,1.5662009547890647
-1.3068948742790385,0.4398500840098737
0.023402443090912384,2.435230602855798
-0.41083060521483794,0.05873993116511732
-0.025300446438738376,0.0986176698103988
1.0465496220506119,0.74512044077067
1.6730677402847267,0.39415520093505396
1.5669153641135687,-2.335964966288407
0.760698818148679,-0.8209643926995026
-0.7898099186866886,0.31778685960786307
-1.2926004111649623,1.86241579145945
-0.10534004653917584,-0.21251590420529431
0.6214163407070317,0.8591097355175173
0.4553371090399272,-0.2908828816832296
0.1920779811754493,0.982413520137448
1.8348227412351001,-0.7905363648313367
-0.5764404307974909,-1.7293135787055225
-0.49381591283965726,-0.9577600389689184
-0.5433354239678908,0.23724355935814484
0.7499875871682044,0.05569983719902006
-1.0950935110816886,-0.38383304593931145
-0.050924445017339594,0.22689776317364427
-0.5937981075075057,0.3625001357268128
-0.674949278958147,0.25499506353919277
-0.6917904826598296,0.33199824656786836
0.3726518458524668,1.940264453103064
-0.9943697741138579,0.5656145360107285
0.8445791484438543,0.30786036923260646
