-0.3090049291997728,0.4051266847589617,0.4201646916205414,0.18671312768108525,-0.23303396595281023
-0.41543213069595086,-1.1945973760419804,-1.20920790056783,-0.42090031129771915,1.6674344888918102
0.12769743033636688,1.4125920550974953,-0.5608036833977857,1.0468243378637396,-0.5554224290461506
-1.2560931835826519,1.0649364162684773,-0.4180673846141364,1.2559381807835537,-0.00741642337037318
0.5432342473255829,0.06591218695961383,-0.8432899811483655,0.23794794742749173,0.9823924996266866
-1.3133849921380578,0.28269695217945773,0.3881623484724426,-0.9639303017881259,1.7149038356070925
0.22035286498147857,0.9223136882914905,-0.34996990483246704,1.4449402321528029,0.16330755298670513
-2.2874333451449993,0.8129300281456828,-0.09737467270331751,-0.7415130891618679,-0.03369640324155954
2.2518854901731444,0.4455051750910508,1.0374965729418824,-0.972014450775971,-1.4008972210391177
-0.23884391351082676,-0.42307900140452,-1.6100817989172604,-0.37387183813164454,0.8914283332150278
0.17391471874925157,-0.7787906435243247,0.5527182768041677,-0.628633382615855,0.8746428797726951
0.5724305361346275,-0.5197819179688633,1.4546636312336565,0.1594122596434959,0.04326836903443909
1.9007380470913542,0.7087997690868346,-0.2563663903630724,0.9928222972104089,-1.235458095580878
-0.7319902174972184,1.7310889015908462,-1.2912608384187927,0.4629437593044667,1.0960494545951478
-0.39930004651939655,0.5874096552922924,-0.23981070577794153,-0.3824354564342041,-0.4572267998722221
0.13681218261445519,-1.046578253124223,-0.4223688067472899,0.2211360435792311,0.5289326185021006
-0.6108578872047244,0.09856206035282912,0.9686824800684997,-2.1707292939075375,-1.3854939558444046
2.65603688514595,-3.6409066482458936,1.0797007836682733,0.4859426252363758,1.0248694969058882
1.6882655259558457,-0.6612961775924228,2.6723461406515616,-1.0303567376065867,0.8920179692505554
-2.1740032542941665,-1.5507202689341444,1.4350722435900038,-1.8497962528768659,-0.09691907141466903
-2.0719821581796336,0.8125177688185969,1.632183504714522,1.2703704342761637,-1.9430792384136681
0.15867577352347667,0.15825778169675495,0.09400535018430187,-0.08386053171819845,-0.4051701211917754
-0.6371623030814904,-0.9414199613964547,-1.5931768241737427,-0.5117610594891709,0.3004062601175723
1.3105827142649205,-0.6398983282356392,-1.3661947260588334,0.2517787251485839,0.5454618287429639
-2.0516402143164796,0.8398838311380257,2.517536334950814,-1.1986828946979222,0.06943232192207312
-0.34042382857340364,0.5616108304721292,-0.30604357878244637,0.21978652879990715,0.6114036474434122
-0.5463686952746083,2.287077723998426,-0.0620227475345832,0.23688285969801576,-0.4302705589729816
-1.1585581683517474,0.4055821726033953,0.71195750719364,0.4105567089564096,2.261213974713403
-0.5835244114354721,-0.3288220876076284,-1.3193810117584766,0.41668658049737217,0.8223317205904962
2.1998664146357534,-0.26254203055107855,0.4091002397971132,-0.7730132700239885,0.8622248085488619
0.31281427041218396,0.9589180990191922,-0.37036869005226675,0.1569247340813331,-0.7656534304663475
-0.89591665947642,-0.45514150781663026,-0.08366615967038044,-0.9594458560635571,-0.3267988699235985
-0.49536834457404355,1.7176377742895517,-1.4168759342070676,1.6398260806617082,-0.5978523074620625
2.0223505793158507,-0.5677806326191528,-1.484818280382032,0.9188664734794135,-1.091809677947045
-0.14863209817385858,-0.48349035478501273,-2.308509567674081,0.535184844712983,-0.07647263364893357
-0.7854415903642855,-0.07773000995299928,-1.0217312017503797,0.34092043426642954,-0.06339479923571135
0.62516721175182,-1.1384001183000831,1.1745123023384783,0.641166591457427,-1.2561668310188203
0.7082343723739313,0.06910974527955688,-0.22326079262025647,0.1019520297159738,0.46795643141491566
-0.9032579893890341,0.53967076665294,-1.3815751954488436,1.6351568594307495,-0.846482731387297
0.24294757574270698,-0.29507957194914464,-0.8771832183959457,2.4113234777745234,-0.8235899985161298
1.0543336667029604,1.2671223483503915,1.0985269337933559,0.4175699058837978,1.273346010316678
2.2808638565145256,-0.8288817457220113,0.22190299327683255,-0.16212428137781354,0.576734166360428
-0.607631034363651,-2.180189714907325,0.8106282374715806,-0.5748647090137528,-0.3928422692299095
1.4930257920151977,1.011256037309374,0.7415150123199954,-1.5273428373567752,0.9998715122951167
-0.9034430500866171,-0.883487946998954,-0.48063122053819546,-1.6808737820611956,0.2399445242033934
1.0235527209011666,0.007425330241602732,2.755557596751968,0.8163915328132849,-0.9063530868340897
-1.885853153274576,-0.4574765295328448,-0.13249950897533563,-1.9267746844815932,3.063163285907558
-0.8543514253314275,-1.5638860951913283,-2.134613089466896,0.8358856108760888,0.1458782757764738
-0.0034134883742861777,-0.8014259834403487,-1.279835743151588,-1.748318003734043,0.6897615562967516
-0.2919941409931586,-0.6591177175769469,2.347283123568045,1.299385165693619,1.733256271428304
1.0196986186977544,0.8052338566590491,0.8312617615680852,-1.4666100148182177,-0.22108301694880267
0.9343207759909363,-0.0597705822208007,1.8366520537515312,-1.1219509090098747,-1.1567962258606932
0.5997279217857253,1.089040692521571,0.9730344911823597,-0.6185196561682597,0.7364475907349023
0.46697810791901767,0.5552569078981587,-0.29350693203034756,-1.208889792120524,-1.2291093448841155
0.22431928008523216,-0.8211273466195531,0.2143302174331336,1.2147446591004707,0.6130699334170838
0.9868071377247244,0.5261999806872211,-0.6684850187865327,-0.4526085041482048,1.4997644563774046
-0.899641385572936,-0.6309850723034442,0.7499886188430297,-0.3964042137952543,2.2723579997009615
-0.47219978172841787,-1.4220489891877228,-0.3097693819354199,0.9857405611685048,2.0865717594049977
1.1390272042822343,-0.8626654097783567,-0.17867391453713435,0.28969378137787316,-0.6514024344064586
1.7844263664653432,-0.43482820684517093,-1.194469469322084,0.553996917824237,0.24360110852919278
1.7970481838069154,-0.7356191919771751,-0.5408764612274122,-0.6607263124186992,-0.6341873254432209
-0.16186891721559787,0.1691402177434944,0.5488315210936612,-0.7293114066779116,-0.49410841809847006
-0.03416748271639273,1.192715514091641,-0.2319058158496059,-1.796158072162058,1.9712654904417253
1.2220913925222445,-0.9710145234239099,-1.048327438696752,0.1572181239233468,0.42899573007328534
0.2600318919065104,0.4498913915146874,0.6779911374566056,-0.7837390717377193,-0.4560680965122758
1.3463592602576278,0.17489143993689876,0.7717194593223592,0.6381613484272596,-0.7373410926301098
0.8683697607268734,-1.9337250473545902,-0.6132220344996628,1.0604255317550488,-0.5553097571415041
0.8203002365046553,0.20649569488930608,-0.5116432472837071,-0.9285923316395468,-0.35818208142258234
-0.14126483386399974,0.09023567997291698,1.1576165206721505,1.3911561552559792,0.07081396195877832
-0.41279602620335804,-0.5739879972888859,-0.9910879980076313,-0.643006644261877,0.5693574527556272
0.9736905552442876,-0.1431299364838394,-1.1484117387380037,-0.503444610239122,0.6763373889713761
-0.4259985713691325,-0.4706669388191149,-0.6688009870224705,-0.13158327063654549,0.9918850107901774
-1.271372900925231,1.241886042534752,-0.09637739421395856,1.9186278373270873,1.703896089414552
0.3134089659185693,0.6254790862267914,0.9386564757978539,-1.3981608922392363,0.37451631123413914
-1.1251061163057838,-1.0538537818257383,-0.016775879517113623,-0.8919824363040884,-1.6046408989413166
0.647113934578889,1.2405992846675307,2.059720399921166,-0.8166437649108794,-0.2712749069140881
-0.6171390111570484,1.4717575271928458,0.2935071182740292,1.632021991803098,-0.7726639601211969
2.4729870678131682,-0.2656277931745485,0.7187317695738065,-0.09993898294199265,-1.0740682660596064
0.9332943820968205,0.5415813305928466,-0.29875176189787594,0.8244939206993785,-1.0414035611812487
-1.7507477677005903,0.09214584468500128,1.1969661370453442,1.3993354674871943,-1.3186187876378592
-1.4054341541536737,0.0736521547310241,-0.8407431587537101,-0.2808880204717288,1.6528464419208664
0.31498957104754033,0.07624075844738672,-1.5298779552780075,1.085086384525859,-1.0205620141896041
-0.38581953324710083,-0.14058127293965672,1.653251646166696,1.1491313131734497,-0.803041943094857
0.43472555677009456,-1.3497408881919384,0.8737211119257834,-1.4918872911677248,0.21496867024680802
1.0512542605725421,-0.5376972204895812,-0.8479244115873855,-1.0607484622781456,-0.6020519039598676
-0.24189193208955423,-0.5384789777135114,-0.04401308985318742,0.23004750455699408,0.2688331686129776
0.9540155137880075,0.18315744227739877,-0.04456771450680767,0.9092073133838199,-0.5750538829764038
0.18378913676957642,0.3638654589607837,-1.2479569239033717,0.5396593778549454,-0.368102261190338
-0.9166254944021867,0.0338705779165115,-1.2302649477503622,-0.11075141249007339,-1.4598085247447645
-0.9082683491263714,0.2930112107865516,-0.7737511100188276,-0.5077602112778555,0.0458759287497868
0.7819081871356535,0.6444489225018449,-0.21023824508562813,2.207968821977224,1.5060772731697156
-0.16616060156961796,0.9473235893991294,-0.6086805604687489,0.7154186369937524,-1.9246549527077221
-1.198316029681791,-0.19666516150466232,0.20916856505484857,0.3703364552483615,-1.0947542245797652
2.1649177324222415,-0.8056872429033946,1.8676342579399792,0.23916225704185626,0.17194787756172128
1.893519721253613,0.46576330265589116,-1.4093886277447747,-0.7255038090954902,0.0645480107465292
0.7786420135624951,-1.1454290890432643,1.6929310587433593,-0.26922516750461667,0.06952573900854254
1.1978800211436516,-0.10703297105288681,-0.887882068829273,0.1883135261350818,0.5586461254212401
-1.5006433012454525,0.693310872645532,0.2424062225732496,-1.1773449262212063,-1.1575173274831583
0.8015027622117261,0.5662137778604757,2.4506337925305086,-0.922464907469371,-0.48333345721793713
-0.7341255617619312,0.9596320016860811,0.7081080692027066,-1.7157725666730324,0.4440798542940665
0.5613801916271013,0.3462931046814463,-0.020102308501525324,-0.22294692344375303,0.06773953752332934
-1.6280758465133858,-0.02215049241186522,-0.09669269230623137,-0.08922367535754794,-1.0066185208684173
0.9523638509500788,-0.4782420948718532,0.16175399741291033,0.3643758658036004,-0.7175341045567539
-0.5194229692136105,-0.800762664546684,1.5164906285530622,1.2389895389230605,-0.48595583314681473
0.2275973419785879,-1.3195180910602826,-0.645222575292679,-0.27942234345068373,-0.7840056455044174
0.4601202330361515,0.9644921241468862,-1.5791263586532978,-0.9779549842019113,-0.11625087674537622
-0.04255482801734867,1.8938475432038961,-1.1625117857011327,-0.5116282357301155,-0.1751905250875207
0.7808407082341259,-1.878582895496425,1.5230871612386478,-0.7254367343705803,-0.3395536537110323
-0.37865896304869645,-0.6895090285964618,-0.5340499441723756,0.8484229728781008,1.7051427590416368
0.9940242908126684,0.11498281581361497,-0.27860042372736027,0.9670622051032893,-1.049934809884438
0.6225550402606245,-0.5354612804025762,-0.7920760904202939,-0.4512036008800291,-1.6559254847780258
0.20309272488039967,0.2805241805382954,-1.611333207560151,0.5071394513974652,-0.7510077609429108
-1.1807308568147197,0.36404027848875326,-0.1015700757916023,1.0919682811393365,0.8631258033140324
1.4650516082763327,0.9019765541822734,-0.5402426624348314,-1.460388690893695,-0.30532166361568824
0.5452348730037928,-0.8050279668257787,1.2610199810898035,-1.337329966665645,-0.8864270291113113
0.21396728788497804,0.13004605416334633,-1.163131327439762,-1.7374242749696869,-2.1417487892776035
1.1585634686856041,1.2511586075041419,-0.029568064714378284,0.37726745137642176,-0.06465789686969595
0.20987453456873725,-0.9013499816458881,-0.2672691349207407,1.0576754362995815,0.8669759035401916
1.0072277313995046,0.46100216448607984,0.9169646834019198,-0.1985976219414412,-1.2988122890525957
0.3620526608629048,-0.266772352795185,1.3532332407619643,0.36836761785387073,0.277327624401968
0.385163134406369,0.7127377403958071,0.3018641404508736,1.1613111183407836,-1.0140989020682771
0.4531722320165281,0.8293155220887262,-2.160339975926652,0.6740939219436044,0.5579241522714032
0.21863207603921678,0.902225230288918,-1.385150209195372,0.2078810440468812,0.22628255821540572
0.11861001478871878,-0.6074635035653723,0.2454578707822863,1.4097128428184749,-1.920733997562991
0.10986038595999682,0.3378667221806309,-1.0523102672597848,2.5621628779243304,-0.6188254261755582
1.2813744794197892,0.2973923070432655,0.3276251029161577,0.9440948991583745,0.5297293806805088
0.4581392698163005,1.3419182842420123,1.2496521921343622,0.4446893125112256,-0.5860933795848734
-0.5531037855590181,-0.7089492340931319,-0.28841085093603924,-0.04096714340066399,-0.2693056450647834
-0.5677005468162312,1.9867510182193062,-1.6349127003569868,0.1580529383905875,-0.843636174643677
-0.3400933597566077,1.1962071082497763,0.13771285836872244,0.7192447490538375,-1.5978343415547687
-0.626726413522986,2.150177470029007,0.5881522255075814,-0.18392265780070075,-0.22290773925975255
-1.2037481978320355,0.8997712093274964,-0.7388999090458707,-0.9638064143796812,-0.9125364082470937
-1.1734684803191386,0.10279125120690029,0.07963563286244892,0.522368789216167,0.19652031369246983
-0.44040541226771546,-1.1239566169622544,-0.1748312276614735,-0.12214990749283268,-0.17785151724609577
-0.6169340531146381,-2.144563095493007,0.6286946551228,-2.1213315959816765,1.1632718166937057
-0.3368504026239141,2.1837390775927368,0.8355116305654068,-1.4708822311109122,-0.5512577623576976
-0.06853565221753047,-0.37542299269529755,0.7324715301548854,0.2914478745374134,0.5104764171369303
0.2530416586558992,0.9189146587781797,-1.6868757357832695,-1.307565777001902,-1.0202316113870837
-0.12907252017687543,0.3091100542821613,0.4381071030153332,-0.34786238728390945,-1.551701753050934
1.505183559221013,1.3912446101666955,1.1691032181047334,0.46276267240278524,-0.5381963938247195
0.522430740567959,1.4634058149476532,0.052957301855026256,-0.6963440028279063,2.6502226104522517
-0.30467404240479945,-0.2945368694183211,-1.1084797315756216,0.5619304373748155,0.9362893334358737
-0.4251717409689765,0.6211227801378987,0.11793228490947343,-0.4013087994498334,-2.662241599311292
1.0634332451326654,-1.6193471500038472,-1.1726529985553014,-0.17723967979523653,1.0269606371377402
-0.2311824390719098,0.6709861874183549,-0.8145610237722506,-0.4145175922950603,0.8047249679354497
1.8999701074127235,-0.8145353886571604,0.21165057628229397,1.9598742344612872,1.2116090312205259
0.5857695911127805,-0.5948340023784628,1.1174965347100834,-1.6964447125121624,-0.1250062003055451
0.7060731475981205,-0.33487104878183555,0.28173982688944615,-0.5452328298327657,-0.39879006187352445
0.17244424976329803,0.11529543568803262,0.22318206561053114,0.8514672647050922,-0.4343282622001814
-0.40633649627071877,-1.3820395186668917,0.14082103853620884,-0.3612024963730745,0.659400628631331
-1.8014850893891143,1.2217921587329512,1.9771282736925255,0.08166600864561017,-1.093162443624283
0.4704844443102544,-2.125043415318369,0.8315989547139208,-1.3929918080009491,-0.28248976659413033
-0.13543872780656843,-1.015027795951928,-0.6843666877255211,-0.5056759559917957,0.4263660986545326
-0.48845427742597414,0.9711913599832869,0.5862497806857282,0.044379652981628714,0.7263580479766594
-0.6005710532312422,-0.3791423325774235,-1.0505514231542359,-1.1033833576101464,-1.445380383758912
0.5546007731791508,-1.2291968448182538,-1.9562806221236628,0.24977001542599842,0.20271542914769397
0.12144919997446792,-0.3003174264163638,-1.1004505654862424,-0.20767907318773068,-1.2058915361197944
-1.1030238501743732,-0.7553946444909674,0.9380191827478941,-1.6225060191798983,1.98688803417017
-0.9583858771950382,-1.0788482161263782,0.7922256518038084,-0.4747689903178479,0.8775324320160128
-0.4812689916129709,1.057422341195212,-0.423831797899218,-0.6652118434608093,0.095443310172765
1.172693617593747,-1.0981414972144468,-0.9205018548037888,-0.8058804088901146,1.033622921584934
-0.3950791799447972,0.06564393345230232,0.687198719116801,0.12947493669507817,-0.9178294689647665
2.4689640050482047,-0.5786434822586216,0.8470830695287597,-1.7898465559617134,0.3514030216744342
-0.7413896402431045,0.5816485540570218,-0.04450540374553946,-0.03113324428347941,-0.37854400860069115
-0.4869918610054664,0.021460044748228768,0.9270717849619543,0.9037989612454786,-0.6088140222425625
2.796242993779179,-0.9598137333966491,-1.4733024819947746,-0.043674188890228234,-1.1921170204304017
0.8688351347909292,1.6240328922529221,-1.154481812756764,0.9270652352883354,0.8160537723761896
-1.2774919978909414,0.4896668210489188,-0.47021107346093627,0.4017035611717774,-1.4498552156171771
0.1850708313778136,0.8357341830521942,-0.4079530815221975,-1.48371351600009,-0.8446542727589716
0.8190588609110022,-0.958289382659747,-0.6967903442840446,-0.5855991828845117,-0.8835100129342957
0.4059106853412649,0.4396463761168264,1.3221531640739241,0.7861650128091704,-0.8336162428640796
0.5394491273024542,-1.444087579099583,-0.4336398540001816,1.007710366259302,0.09134092208665776
-0.01766240449972081,-0.5818837369108654,0.9944668838337233,-0.2516774470464447,0.7609411136541242
0.5028702879123454,1.1732478862598177,0.2452764356451301,-0.17822072166948014,0.08060766903318285
0.4115573292585533,0.42814510874391265,-0.9232709441516137,0.5758343115362486,-1.623773154560123
0.31687533722014916,0.5026088113820176,0.058674080473352104,-0.3444378021665804,0.751042843940016
-1.8763281970223988,1.9470707173670152,-1.073595351472899,0.47108093774648035,-0.33430329352623295
0.19848528347187747,-0.9560941413880328,-0.016068513161264186,-0.7210865949177666,1.1527397217976725
-0.1669865610557227,1.4190507812612558,1.0661058226612188,-0.31516328892164525,-0.7944267169667039
-1.0150223513328938,-1.4043483656572364,0.04405708160752595,0.05605941652686097,1.866047098904824
-1.2903861583059117,0.2409552685767474,-0.8937955992285237,0.6208953038841678,1.7038963873479989
-0.3360967771420755,-0.5608736898197475,-0.2848653303936912,1.2866124275523723,-0.4022369129762451
-0.28353199380685756,-0.26554679646737367,1.434166303233003,-0.5699451722762041,-0.31668265169388493
0.8543706829116654,-0.4146466959086159,-0.6239381287150553,0.9245467120202983,-0.4179214930072446
0.31188069489980763,0.7991228987516832,0.8249809961610102,0.04946694877419678,0.6273661104782681
0.05169449645371759,-0.5105662445861516,0.316999203565147,-0.46766824140027863,0.5221251988016636
0.31614207089696766,0.8537617291865335,1.6427780233433662,0.5145973418724498,-0.33538707496701836
-0.31253670223318364,-2.8159074655689977,0.7347470096161197,1.986004734029275,1.4083538931339101
0.9701118704816981,1.2610104690211514,0.596467063907556,0.6751278386463082,-1.9452143090181067
0.21107644924619579,-1.3603473192734294,-0.27103077864999847,0.3763393845620989,-0.4722563548781029
1.6415074823036664,-0.8035852248720003,-0.46123352497478975,-0.44528793209997414,-1.161148056026388
-0.018744136500155346,-0.09685150956681825,-0.08886994630492726,-0.6520750227124594,-0.6656050526716507
0.5899118837298624,1.052005680325556,0.5578013767331234,0.6644369154357007,0.48564257061300853
-0.8703333352165886,-0.22065153285735187,0.27434934874044986,0.0783535386949972,1.2681482962687547
0.47974627412045123,0.10286927800775443,3.2705238606744804,1.120893182057979,0.7273955792874758
-1.21874863108204,1.085503781010443,0.4807076326669598,1.179867524169113,0.14782466372867104
-1.2745338781937772,-0.03894331179822709,1.1357452740445135,-0.4852483561074552,-0.8146755931045179
0.3040941699113697,-1.5395084094723217,-0.7778472481175068,1.0502877626487683,0.2755082743716407
-1.3506473514911843,0.3124326564569013,-0.4629631325659874,0.9225377463774169,0.13733796551189492
-0.3324626548108263,0.48755712472402535,-0.7629526172140647,0.48972487393882824,-0.24064404442752155
0.3876315691071483,0.6409058342291284,2.1419178295197026,-0.5599532087275482,1.200091997475623
-0.1736789441965827,0.31672857687295497,-0.10170970916200894,0.4264900194431525,-0.6685840448226065
2.09457211528194,-0.5252196999781433,0.12643295570606242,0.1234156740819444,-0.6203562790442495
-0.46782152419196243,-0.3928788843853073,2.107944907884982,-1.2589643320200594,-0.11086697595606369
-0.17166855596525726,-0.018217709314898807,-1.0484389905738531,1.7862983387562195,0.1854622100836604
0.9979905933607529,0.2856745177960735,0.528941966662618,-1.9790229293642134,-0.3451959859933131
0.04880765131334625,-1.3467654544662446,-0.8436209249639,-0.903031590839239,2.743059663710359
0.014888106646799494,1.0401926965398487,-0.4057741302812606,-0.11354893271779605,-2.1698475098085566
-0.4312513580617046,0.5532878546969453,-0.226582620016077,0.19934708396138393,1.1242998377424136
1.8198943894895083,-0.7740852941762808,0.24389019639015005,-0.3821766398910722,-0.6823918584883798
-0.509141392063646,0.7052522720038814,1.809277917490705,-1.25040229912696,-0.04796476291825244
2.3491931819291088,1.1449673993904141,1.0587231540098987,0.513972338203716,-1.547891642797133
0.05294084387196769,-1.8708520288416184,-0.24287737611214205,0.7414506081031034,-0.9525025495666695
0.30807262544739006,0.9701011208837935,0.5346887299560625,0.4630932808007664,0.27392174346119563
-0.09871661553959063,-0.9235730948500164,1.4899810277637553,1.8101616492804087,-0.4836154749263427
-1.078752507854213,-0.24913233866226944,1.6779973602872995,-0.6510112683289432,2.4351648189600965
0.8284074261539538,-2.264845666580704,2.857525864459405,-1.2078914889640004,0.16818668270323828
0.04865066303592299,-0.7702073622987784,-0.5393046023420253,0.062085283642571126,-0.9666917375123634
0.5973460423215922,1.6367590111106542,-0.40497991197562677,2.0431551535508445,0.7350221173779107
-0.608952307785991,0.8047875056397866,0.14540747699976916,0.7217099631200057,-0.20403173702283514
-2.2122390021393565,0.3951338585372616,0.6256963977894958,-1.0247441114575693,-0.4869075538508234
0.23017161644431627,-0.11262853426110882,-0.6979937161588141,0.5171033943021824,-2.7034993367840343
1.6592005700103079,0.05695550128570296,-0.04199745928801385,-1.136393512346902,0.2689704755575709
0.4104882185033012,-0.07914641901096929,0.3066419115738203,-0.03060346768799088,-0.5496919353697723
-0.753020832000041,-0.9108815237448997,-2.568607633908859,2.451176008571473,0.666555683131113
1.1165343150278964,1.948344847118062,-0.1448923891181462,0.12623865365745562,-0.13956551315533064
0.26697977578137444,-1.0768291898532665,-1.0857067620963277,-0.634052433119801,0.4313358089529449
1.0049541397970774,0.24317997002409694,0.25670375750718616,0.12061902413290285,1.4013573973455304
1.098986913893797,0.017672062223907124,-0.8014074758517996,-0.17931853505403436,-0.09015511984861324
-1.0148520807848325,0.5205278188851028,-0.14807866513485016,-0.42556876670669075,0.18201579663134718
0.47971354564595525,-0.6202174165763378,-1.0163551557088277,-0.6091098380651135,0.4375411894946927
0.7547973346947885,-1.2204710065026225,0.6320359811955986,0.7059305391313968,0.7102200570727628
-1.5890530780819228,0.7675462485616599,-0.7326798707183729,-1.5864105763233445,2.0085709582329074
0.21177229329288388,1.2680618568540873,0.4036983348251257,-0.3709725360915773,-0.5345107455395013
-1.3792466718206458,0.8066848348032223,-0.5001325713004604,-0.9881998123047512,0.6024569335777217
-0.7708943218482532,-0.8912135486559426,-0.21389702018272405,-0.18920522293854714,0.6523014525847854
1.1958521752531182,0.5413174012566719,0.38973292416186767,0.15724009143695203,-0.9945588919453705
-0.5845907880267859,-0.5168069064974244,0.45590047000046957,-0.8385693156105685,0.2421383949662124
0.21727457557625238,-0.18962207047476703,-0.02194571454226043,-0.223531773201914,0.10630171324493214
1.457271854923678,-1.2663988571216174,0.18576831888146367,0.27921515259878227,1.9574709688757788
1.3286137764872874,-1.07511130543039,0.6917008126732741,-1.5770597184594422,-0.18654136237258365
0.16364717983180413,-0.6584382797665151,0.8378365439191356,-0.5510278522673366,0.42464470733397214
0.10207392408884279,-1.7824989571231555,-0.10729653470923346,0.9140487660522323,-0.7066021489198779
-1.3391340965370415,-0.3281611387658245,0.10446552314573025,-2.2884772533792743,-1.4230891384617794
-0.8501208288157857,0.0969278453001464,0.9268946724748219,-0.45876524455274315,1.150026516542102
1.017421930685314,-0.2043389947888416,-0.3452949462406177,-0.1859794693940348,-0.241765415220171
-0.891331122662631,-1.7175878332277712,-0.20241426623332176,0.04126246517379613,-0.7997590845260045
0.3887270946992513,0.322090115560195,-1.4876966656823487,-0.3656362991826889,0.7622069557906861
-1.7289326414657074,0.2274093100812536,-0.4358105338703062,0.974713091410074,-0.3358791255825096
0.48137663368184924,-0.4558951008121765,-0.13648551207350737,0.6558873679322093,0.182220246749662
-0.44402083146545235,0.6678475384318571,-1.5340433827278652,0.1440233658388986,-1.5885812455513988
-0.3522563686678154,-1.0998295005078473,-1.2415545627313331,-0.6246521718266346,0.1375343953400194
1.5421884371211363,-0.507913591346385,-0.27886190260398236,2.3163484961855083,-2.6194630180794647
-0.5750475205493409,-0.17444021678038635,-0.5755255600106582,-1.4983056351028219,1.1913472386340649
-0.9368148940669466,-1.2255185283666366,-1.0117220885601825,-1.2737821755589804,-0.6495655304913921
0.21636006306759406,1.244213468031116,-0.5612689334361541,-0.5341688058992466,0.7882263437933154
0.5650120514505615,-0.9942748174453683,0.6428459248072337,-0.38810727852703136,-0.5787687628316268
2.0412459006726142,0.4891094055438968,-0.905592287341526,-1.3433147925775508,0.06670882644861531
1.5162264398397796,0.8717769648596134,-0.5686130203560397,0.4486631429179512,1.840625072777672
-0.763294828075515,1.9864303071319012,0.989402241736335,1.4887653139130665,-0.5617364342739144
1.3825239842013135,1.024987932474308,1.3369146179074576,1.2493398269143223,-1.5981011024851877
-0.786917034804135,-0.285411389667217,0.6162276097527368,-0.7682444177724037,-0.8485899575808007
-0.5607705476641834,-0.05706885403208208,-2.26542698502251,-0.49232619789801835,1.2944587344913034
0.3479132729757884,0.19582735406899443,0.24032291663848668,-1.2925430171388506,-0.2774997669555336
0.7482632559943411,1.1681107159321746,0.378663683152344,0.7192308432030274,-0.1497797972441
-0.9872631688120931,-0.7571451661790702,0.026655881298837295,-0.1891018925823695,0.3676342120932395
-0.45424025485998165,1.4278311844795148,-0.015335726337856887,-1.0705436382438538,0.7512524885017049
0.8344397774544404,-1.203475999122412,0.3349972932460672,-0.6263982455201749,1.1379558627612993
-1.0200009527102174,-0.4759678856942514,-0.4554837906061128,0.5210985376835232,0.9166677065815247
-0.24427141040305417,0.6930498430985361,0.3004969078621695,0.2243775663213945,-0.730359744787045
-1.1878914695951655,-0.49756528799345934,0.40609232440162707,0.05242489358995683,1.1680497314396223
0.5942543571486257,1.9921254269472277,0.0872076204715459,0.2779026872463469,-0.19090082940902706
1.1035741324677126,0.36781099970958975,-1.5695048399844818,-1.7909102413443008,-1.65464557129054
1.9343711986964116,0.20106786103778765,0.14593835574579786,0.384756407910746,-1.3602795140225952
0.47243850711427793,-0.28272129147619124,0.4000166417464835,1.3942145662325296,0.5999400952689292
-0.9696930711117538,0.6770321381563407,0.9835488827614294,1.4004048123498551,0.3046169950873267
0.43818821465412394,0.594608182798009,-1.2203803203616763,-1.0028940782190987,0.7598150867064151
0.005740134587593764,-0.5168434350480205,-0.9910669136091551,0.5064368434948426,-1.052616274285184
-1.561774002050661,1.4038664026266388,-0.37353012979154165,0.2297310256814883,-1.8109845112899008
1.2913213318923724,-0.06508690681211471,1.5250406662705942,-1.4884143160166814,2.289688413252039
-0.5548882228808549,-0.48950675559857104,0.5985899074410179,-0.35649832737986914,0.271969429050856
1.1374009207762863,-0.7996916396889945,0.9825672023887826,-0.39930087305434175,-0.6430535614819735
1.9474456410362613,1.132869949521019,0.07758694603801596,0.1744264033781382,-0.23949860586250493
-1.0328460876234768,0.23273035382527307,0.43855073349445606,0.7451747603592507,-2.200736987088434
-1.5284231658727958,0.17189537663795995,0.20060366327117837,-1.784788222256573,1.414720045876406
-1.0826890929901394,1.5200490694819302,0.17781296633716387,1.0652633864791274,0.30851922333484266
1.0452052451607259,0.14605259852542726,-0.4615841063070639,0.4789358725332771,-0.3517335597608065
0.0500029957488506,2.157295791132812,0.9485853755103062,0.3496808304338969,0.6468521139204726
1.6583879101852437,0.48521881937873707,-0.4994389430201488,-0.5716690107750927,-1.920397543104943
1.039983824115597,1.4315077351810221,1.3920150442751127,-0.1195807031474663,-1.1399109258977647
1.255471963094204,-0.7265878177884617,-0.013316997517430549,0.6447144265314432,1.0489454037293249
-2.0109497036549713,-0.10588453423049315,0.3040565734125734,-0.11502533685480128,-0.6040966968158004
-0.9303037023775355,-0.33656230451717917,-0.08755096051659873,0.9596948642771989,0.9498365576211126
-0.8947651919066695,-1.1342365579117768,-1.4638799610307875,0.8620231889154616,1.384756655858527
1.2847637373979794,-0.12282294928358663,-0.13552643246884932,-0.239324681442468,-1.2886907785223598
0.44770419965479674,0.8731846622651342,-0.4776962160181047,0.06372212737040062,1.0131651796999863
1.4295938961714934,-0.7504779841980244,1.4586648228763575,0.6091454826748597,2.4114625687089393
-0.7911776846079914,-0.6555506058911077,-0.6616305900966825,-0.42201486407438377,0.761480903734094
-0.421868242460506,-0.9108607282616186,-0.07469128642744688,0.7015670634185642,0.8480325687896701
-0.0026118628528030785,2.0140142694828596,0.22089217390261093,-0.3688761997672198,-0.9377515567620958
0.7635856069904045,1.2178800920372908,-0.10537533032587178,0.38097560418994153,-0.8371329073390542
0.26180820962740486,-0.9035290656180386,-0.3418166105909001,-0.9745127244828811,-0.6388336844072083
-1.206296830173185,-1.194474915008128,-0.09540062244793414,-0.7599145315713949,-0.6814184817141256
0.8106781590441091,1.8324229888542776,-0.7370024091744483,-0.49335373772679875,-0.6518826328747146
0.6943971671260962,-1.9149966546129797,0.3868269640444182,0.7004310079704038,0.8495620517740792
-0.09001241184880873,-0.4506069498423198,2.7027824151906255,0.6427413825695717,-0.8840901150401099
-1.9797820078423631,1.1489414369862923,0.09333152066533877,-0.35839147545537114,-0.7309731061897969
-1.9373080366999356,-1.4334204057700801,-0.8670776173576135,-1.116416395555566,-0.6677862280451105
-0.8936284444742632,2.114966449666767,-0.16891815345690103,1.2541242102775694,1.1467461654559845
-1.0513730958820322,-0.48659392117151934,-1.2011598958114873,-0.4428738118674493,-0.7700703023567589
0.9230420949143451,-0.4373515233414581,1.1572296946970229,-0.05962156401628186,1.6666857795423222
0.8959899568880544,1.482521444273982,-1.3241784313423361,0.03723619459565203,-0.14177839433486777
0.4323368752926923,0.01642033037882826,0.14742452137643372,2.6933092528967992,-1.49678100873993
-0.7422975580532013,1.6123833500942164,-1.1083343227605453,-0.11821159582325268,1.0081796332543342
0.05372096758802447,0.28678633791465435,0.7170735785040963,0.48698348027411176,-0.3322953510308724
1.123253548603813,0.039578692009526746,0.2150410586198258,-0.7221146356384226,-2.06151549756119
-2.079496500962793,-1.8229924844193128,0.003996263557438744,1.3355842702288356,1.519637054053047
0.5542528657358473,1.8028210919639283,0.25988933024754307,-0.4005463946170153,-1.4368895141851576
0.6798038615696032,1.0414740363264186,-1.2922693718483778,-0.3186812390574929,0.27375330365009176
0.16579985025514735,-0.7462228416664094,-0.0055958292824772795,-0.152456395095873,-1.0182053406685125
2.7267391226145152,-0.9246919699682722,-0.34379779793555865,-1.1562783710677795,-1.044163593601364
-0.24465262104315094,-1.7607803909164852,0.8154494486826429,-2.1568299862190448,-0.19359560487934677
0.3028725888990254,-0.3733578893185429,-1.7715935859378376,-1.0952464363295005,-0.25131901960119984
-1.3059312791311892,-1.1830956189368436,0.0269263283304006,-0.36128395821206444,0.6793153978480906
-0.6951450114941204,-1.004704083948775,-0.2287066526081431,-0.599674643999274,-0.1285590056794071
0.9465530490028975,-0.5353531185536754,0.018794722519925873,-0.9226638336143731,-1.2501819079775323
-0.9273476264702665,0.5996521710682303,-0.42063256198419835,0.9286712699324841,-4.074640960733244
-0.06107141284383841,-1.1955953231816254,-0.44063650643222035,0.5502597863734671,1.8293331540211053
0.6942356373735293,-0.18822338387541465,-0.6504427119041666,0.8401582107710964,0.533214700830066
0.37640481947707893,-1.0589692984158678,1.2726645839570803,0.30848081194579907,-0.2180790048027341
-0.478856202272575,-0.4299263531212443,0.7464752764514786,-1.9579814725956375,0.5468353679946899
-1.3793700641957136,-0.6168693643762013,0.11001918409836699,-0.40968973101529577,-0.2738934134945729
0.9865559665880335,2.8879623252590214,0.17005340176953337,-1.660408709937457,-1.2084957574380681
0.5770202920603534,0.37394988531899037,-0.7436073360903628,0.7119261235243791,-0.8487240687340099
1.4463488192761293,0.034915043826853384,1.8382908134374258,-0.8712253571741346,-0.6888401318450242
0.823891043477032,-1.6103753184627398,0.9033145372018276,0.47105301599453386,0.7742318571746627
0.005943054400409784,-0.44518494403842535,0.4001534780999515,-1.582245089294219,1.5736347519697316
1.7650500637190127,-1.0821913303683808,-0.018165752620956457,0.04609195560473956,0.6339391763001158
0.8253718515442761,-0.3006747879296007,0.2779522971247678,-0.971101754283574,-0.6932102329483072
1.8720105661150528,0.4175422366579611,-0.4840687792467006,0.9077492854908001,-1.1392680208487396
0.005804790759650993,-1.6629828405853138,1.6007792893070725,-1.7461244332414931,0.8705553481316777
0.900609278882863,0.17437375664991706,-1.1497764437993085,0.07755817790043142,0.40828804433185417
0.47002234920145153,0.34185899008423026,1.092783357354245,1.5035832756672567,-0.8795737596021184
2.2899268381487636,0.662901051080281,0.5072701031899928,-1.2068234501167554,0.22676760464853196
-0.19111086515754971,0.12329895775015609,-1.044608414704294,0.5918237006808857,-1.0979502755723958
0.7994770922047822,0.5646021361964052,0.8905941078045625,2.627082862519706,1.2914201316728011
-0.30646346245897527,-2.260376751125087,-0.1306233700565912,0.614541057009918,0.73209201048135
1.209176430305365,0.2710046879223037,0.5094174014597327,-0.8302796896509103,1.1431235153199706
0.22932908281544206,0.489758185173664,0.4886249919939104,0.8161769813302636,-1.325585088548793
1.9820489032018782,0.4536603170999087,0.5105252706859329,1.176379927415507,0.016760781071639107
-0.6863405877705226,0.33671590089782716,0.17634961772759672,0.9615206971307533,1.9397373024019735
0.9297888146533004,0.13782182091225045,1.3451224242854232,1.1482842455739377,-0.3319089328100453
0.6699953708424774,0.03974152235999822,-0.5060992433979653,0.29137219230065,0.7494316645347512
-0.8756810215286853,-0.34474756071495855,-0.7413592205062839,-0.8959408632208544,0.3662410577745858
-1.2236619210496449,-0.8230068187766123,0.9839757708151252,2.686086355892169,0.1740378874746712
-0.42278104422264784,-0.9453424592126801,-1.899244412792929,0.3535278475467748,-0.7416023710432516
-0.34232483245885037,0.5434395758311015,0.44562058642874686,1.5701908196355112,-0.22112482992073235
0.5002448058025994,-1.9664185986374874,1.0848098559437416,0.32678463614562336,-0.1368551901199767
-1.4091727154109286,0.6719674038101959,2.0363298827178755,1.012394922901267,0.7940744826904683
-1.563571609757961,0.26916178314256756,-0.37612096054440053,-3.103216538263966,0.2247236521855548
-0.3661298020797537,-0.6588133596870408,1.044762931345811,-0.7603383544838377,0.26886071792254607
1.041829222914218,-1.2213284921664829,0.6439004364955446,1.8594632089482073,-1.3949153722891117
0.6522058494296651,1.6340063206636453,-0.2315825943530534,-0.38008613300936195,0.1958714941806318
0.5946009265910664,-0.40950183365506587,0.7473150145618948,-0.3082869936029688,-1.4373643794977355
0.24743464707105192,0.7950372459127361,-1.4896609244261878,0.07143232893332885,-0.4752339697759898
-0.3423025863213538,-0.0947938337533799,-0.2002484743576881,0.2069280629153028,-0.2910529606543551
1.7764050782172849,-0.24761548547904727,-0.16650150487710688,1.576221218688436,-0.08646387725893481
-1.0270800081994695,1.180866633543737,0.4970594059858151,1.2425446614835405,2.0322483398791373
0.8072410622623455,-1.1635806517501384,0.18703083820393246,0.41484869711436007,0.2864832839200331
0.537820354021908,0.11335654669397544,-0.05017276158702269,-0.1043899562443268,0.697618245390194
0.012968003170779101,-0.43200748966259517,0.22538118156331233,0.3472647113873327,0.17566623849751334
-1.5082088840133752,-0.27985316009039,0.13326562679823148,0.7091197093584216,1.804382722800226
0.6256768691819032,-0.5939630863915868,-0.4006747827047539,-0.2709663455971098,-1.2755357179227005
0.666689426344209,0.5093939259690814,1.2572417337704636,-0.8306771017922395,-0.4603825981430071
-1.0038803869100144,-1.0824074165140725,-0.41059826769761243,-0.8169539977931507,-1.2147277159035048
0.9107507389689935,0.40974648149349546,-0.5454237387276609,0.01162354807063192,-1.927239196324655
1.4489708569728406,-2.1005817356439485,0.6968128026647346,-0.6022010240790615,-0.11734266884518557
2.49146789611788,-1.9299561691523053,0.04813218094494078,1.1843090340134736,-0.6024443537930046
-0.04278526514209398,-0.8791020423009829,-0.8919853006304461,-0.3889408292336661,2.1536015139820117
0.2488630121418031,-0.44906480370021223,-1.2526438515841933,1.4332598794701663,-2.3020706386558243
1.5984955761286193,-0.4274507675678811,1.1273338145850071,-0.60727892057243,-0.35387960425408865
-0.27303072605405726,0.6346435042299537,-0.9075592570908065,0.6874373517834186,-0.11288435684960085
-1.8901416231689496,0.06590034295229358,-0.8963453883147924,0.8760262968317267,-0.4721765612978917
0.3202461860290641,0.5932500406219879,-0.40790919867930314,0.32554105614320367,0.5553556194546913
0.0027972532816484866,0.11113426064242767,-1.321847569049383,-0.4811598565634808,0.6161865181121758
-1.636709431781161,-0.568773752791533,-1.0050202994355,1.0009709432828897,1.281025136091524
-0.3857695569693991,0.012290130025070393,-1.7066373217338315,0.234653266203123,-0.3287725051784759
1.159423120613453,-0.018968848274468635,-0.37707942482436674,-0.24714323675958202,0.5114738835924145
0.25873857377353393,0.4258187670720482,0.3459336511579195,0.5201789984195492,0.9274292379268363
0.08624330228674434,0.28513377138176843,0.9816716560547117,-0.19398597951040272,0.7848086671928781
0.9145904627240138,-0.25539064391142013,0.6499915675735912,-0.58556909980247,1.0633556560182351
0.02023341998608683,0.5262068747613348,0.6151253343176332,-0.03390956128318832,-1.463121046382498
-0.5712881180465397,-1.1255899345636604,1.944211056314474,-1.4316767413504476,-0.31568705619092857
0.029152358460782124,-1.507662068637953,0.35894881755935765,-0.9241913408556826,-1.8377085626680287
0.5826225382304966,-1.5606485815465332,0.23389450995330227,-0.29034418898544206,-0.9826542196282588
-1.624281261812545,-1.9356214761745172,0.5021799811272547,-1.160460014607675,-1.3058141853982714
-0.3938811246783232,0.01382993171743768,-0.39922899923698324,0.957245833762519,1.4172700264554439
-0.7538853084592436,0.4403110121628536,1.7030924736023192,0.23033684344363006,0.4317943846941166
0.9362249768693788,-0.17323083379263401,-0.7236294054647775,-1.8918683427710452,1.4475738635348605
1.3872143830113293,0.14940555537348896,-2.523066649539672,0.23456797765846413,-0.22784896762504944
-0.41897601848138155,-0.3832828280804588,1.5094734029386354,0.013240208445205112,-0.7873488962506757
0.3895158516102589,-0.9104119532822792,0.5977846575228982,-0.4108075854292851,0.040075767772294275
-0.281688774416441,2.6881916792060285,-0.6095915626444995,0.7092139165451559,0.630822817225318
-0.7158451532169062,-0.3702684468133029,-1.0402754244551664,0.2577677957798488,0.0804006952266525
0.31931002633664535,-1.2248006756883905,-0.3926883151735898,-0.18449546328051405,-1.617818417572004
-0.3337270029564261,0.17156667880715512,0.8353041985273257,-0.9316316150205891,-1.2160149025657245
-0.4440019681492893,-0.8024345198518814,-0.38344926187462647,0.9626312795604817,-0.6667343648890198
1.0208565669673253,-0.82782088958126,-1.154818183892183,2.581896513249913,-1.0705172418568976
-0.8924213812809114,1.3654917167598846,0.40772002146956143,-0.09807122348627563,0.06813551998758303
0.21347098317877922,-0.34694609420648087,-1.0263047355866295,0.18993577860860625,0.7600104302719283
0.5209513656845657,-1.0329128667778817,-0.6730295880864783,-0.4289798560146095,-1.01412088461609
-0.09852780121489514,0.10663598679086794,-0.10654885516522891,-1.1409243863511946,0.27816850536819
1.613233634557828,-0.18384641740755583,-0.6807815756808616,0.0886254953321188,-0.3070426553815896
-0.07719664946017975,-0.10256353405476479,1.4483024430165714,-0.42696000517800364,-1.2399678898603628
-0.3368300045593122,-2.2196567653009263,0.09192451789353695,0.2822909208413575,-0.36157814106740926
0.13784853420370266,1.2600448641445017,1.7006244087442492,0.010655524047267053,0.2763654914505834
-0.14790590095628617,0.928254018177451,1.2333664358386942,-0.3005262379732116,-1.4566084507068409
0.4985855402864911,2.2924765898488992,-0.3591528383496717,-0.05365771202595962,-1.7676745962101545
1.2999210589847419,1.3947212095155257,-0.38333836147083733,-0.3050677422977965,0.21795118128499977
-1.1415026193249296,-0.40276300178192687,-0.25520171920135826,-1.2330050383394016,1.1476698834418542
1.4865626431585668,-1.1594864200637993,1.2701990305027777,0.1690636244204908,-0.6869596405830263
-0.38563739368565886,1.259200889894677,-3.2436546111482825,-0.5465433341300062,-0.26605719824515256
-0.2383632494070895,0.8256553679351064,-0.39702801684790634,0.5197551178140437,-0.29140814856390707
2.532559040427386,0.030068686918291034,-1.1410551168320446,1.2312153886660708,-0.6037545469527162
-0.35936545863112856,1.1172951051454554,0.7169866272717706,0.4776167889637462,-0.7438267241773809
0.004165989919073966,-0.6166427946057096,-0.34221808844062285,0.20747349540609833,-0.4431519395190216
-1.1185930931115526,0.07224687197216792,-0.12899125897951016,0.19514740946469322,-0.47123154006699836
1.2681848067847887,-0.5302799052144753,0.5294981686513668,-0.5093656502311554,-0.9971418361361698
0.0021333302519767894,-1.1173626355680886,0.5356489670834214,-1.5823950662689503,-1.293498562624744
0.35926290640836495,0.5362791682707619,-2.0600501953367965,1.3026158796168312,0.2083895742458295
0.32411696091953723,0.7059781781078251,-0.27614536782599036,0.6658455664534358,0.5116997119395573
-0.8756731920799731,-0.8945430653572569,1.1815325009224027,0.545050626139947,2.481854263034316
-0.2956965225459313,-0.5811222719160597,1.0181447958200909,-0.8398458364676448,0.0861053637053326
1.598970365473565,-1.6378547893949256,-0.1209237665025219,0.2986965206995337,0.7337446468277877
0.5998991883031568,-0.038004513737883966,-0.06806289826293299,-1.8226331237917293,-0.8348006942922624
-1.361411515079637,-1.6830697787400133,0.5378332725072987,0.228326867701687,-0.5361587595920699
-0.3417804228250591,1.9876424289396433,0.20887221909914108,0.31333847026489914,1.5472972736563613
-0.24405987630461634,-0.20006897977784877,1.2113858777738105,-1.2902107182469178,-1.0889804479630878
-1.233347669642375,1.2418392001864313,-0.8294549563354916,-0.24067644452803136,0.6376157839969396
0.7934466396541191,0.5402919082940109,0.09665654278198553,0.4961072152942985,-0.0017506579275786938
-0.24015246290382294,1.2274619124814996,1.9454929498485711,-1.7521177460373023,-0.8512155346108763
-0.8224306022607187,0.13024459776055367,-0.8057056380234753,0.017886785261837335,-0.7173083242020953
-1.217108504918125,2.4052636142123145,-0.017858841640165043,1.84466144323017,0.9858279075963169
0.2880416531064619,1.310349040723246,-2.025813557056263,1.097978451925678,-1.0862529805839256
0.44824383131740075,0.16928370414949953,0.03139903532130988,-1.1611774677778313,-0.5127691963859902
0.00904295215803054,0.4292348469166903,-1.3869645378091326,0.7511936788725921,0.5037224591493886
0.01039353856614811,0.49740844197510753,-0.8816975501400411,0.06780024503416165,-0.2955391989286221
-0.012166470872758125,0.4048460200272305,0.13673986776466696,-1.802424246120176,-0.10748965423839454
0.28630862305049704,-1.866980587673512,0.562931951087386,-1.548856807329823,-0.7409026795111318
1.277090269103677,1.1736479422867174,-1.2428982164563007,-0.012221040154658485,0.1226824912349697
1.4650496069535044,-1.0737587824319912,-0.15730418465205584,0.3172478585578484,0.31471203176460505
0.08720566539624576,1.2845810472997095,-0.907534901495637,-1.4844506479967032,2.1154786413070394
-1.7783110984806625,-1.6862313684644128,0.5727400010907022,-1.0211447500099953,1.122145419784664
-0.03476501410849969,1.043795939246341,0.8462489545336687,0.2981322467013123,1.5747443903843863
0.4190190473468567,-0.11594328447946786,1.3394235100385166,-0.2795994127115549,0.35105236068022233
0.157206922053679,-0.06996230280076353,-0.32228858766206997,0.6955608344883637,-1.1388209650765486
-0.8241777890557931,-1.007854686917991,-0.18238731856441928,-0.5324923591732235,-1.6826904755286411
-0.5229916757638156,-1.0228670946214946,-1.0812350617919404,-0.8792232315969909,-0.07154207218623466
-0.29107382671139215,-1.6717054293668696,-0.01999317323065043,-1.5241804878610188,0.22199170877781554
1.2447289628429046,1.1925918446616046,-0.4427195860889899,0.5979164315445797,-1.2584858386120739
-0.41349248380514786,-0.21411835068630425,0.06696353370652107,1.417475012575346,-0.416293646822058
-0.5007375375309047,0.2715620713886908,1.1708396056150179,-1.329822577313673,-0.3985691026665608
-0.29984862344801017,0.2668388943732375,-1.2119439889085066,-0.15215942455558815,-1.9189218869299187
0.7345013256915358,-2.6414153317951814,-0.4196549849451238,5.0776239830836116e-05,-0.3980923937521638
-1.6616518031809397,-0.01404602551510753,0.4283703502110247,-0.7901775309879399,1.298805776504619
0.02402554129471383,0.4176881919317976,-1.9376758271864927,2.340890020982032,-0.7484707252668116
0.8576732194220791,0.6973525824103062,0.5334680380170893,0.6481854760769096,1.0920876854750452
1.8328518000293959,-0.017599603852908027,-0.28436101255731583,-0.6509740992312854,-0.584919311092654
0.45846838100764825,0.5817476334517554,-0.7919339999212616,2.3431469805008596,-0.3925372926817188
0.3321165431185646,-1.2278331376978164,-0.38486535343707945,1.1776669094144696,-0.02034550652709393
-1.2413257074146546,0.29152632594075445,-0.9035475527052484,-0.8260635955207988,-1.1285343591465364
0.7565415637803831,0.03347959420667426,-0.4336255181489479,-1.5885258412396939,0.5093018919998015
-1.227802492108339,-0.8905576899670372,-0.2218193895357115,0.8482988085102858,0.9169993330023323
-3.1383053169252224,0.4167817746789528,1.6422493322299818,0.39143534107693556,-0.053349320797485535
1.0052428309237094,0.2874992310755422,0.41253875356096226,1.482371283148635,-0.06466990567651211
1.045924426329383,0.2948425741126842,0.5280505040962609,-0.18059821667323098,1.7788162070932654
0.462975829674671,-0.250386190192519,-0.17761790188941606,-0.9397953493411618,-0.9688990067617618
0.12247990534213533,-0.03426850397705367,-2.1308570252447128,-0.04375060728760036,-0.03474077804594194
0.25153634743084097,-0.42174167946604013,2.4243535189535534,0.8752443384846846,0.7638561748632945
0.15647709946807958,0.033751341043492596,0.5193649449610652,0.05950837362383265,0.6378722957300197
-0.23432914703183527,-1.4687779451995944,-0.6534611005787728,1.3660855130816854,-0.1990130476066935
-0.2314154653071082,-0.9999920807871044,0.5465194057996746,-0.37447231141612136,0.8618981396244305
0.40050710758392155,-1.8066567429612608,3.4460263945684138,0.572335811210051,0.5668085293904368
1.342327528214384,-0.3877945855867977,0.20044053799906142,0.38255817418684024,1.6421611946305859
-0.4431169382905182,-0.07695589209032047,-0.9647093894211113,0.3177995107124531,1.3286810605427661
0.000315922165657868,-0.9119989440031367,0.5171706118141456,0.102787900752682,-0.24552605021468724
0.9684265695997638,0.7284393417289502,1.201517292857283,1.0951030936033899,-0.5272491464256251
1.2600072811132483,0.6165772096912331,-0.17434746987038732,-1.1959306477109526,0.8197090460622313
-1.144635727887403,0.5627818385780198,0.4026507059266595,0.569268806345809,0.5493910892361409
0.08676927598688824,1.1960723404009836,0.20940710971809978,0.6224428893221126,-0.6234890009020941
-1.3026818623836478,0.30467916084773866,-1.3066758620077152,1.6497120601809345,0.9087015524352939
-0.3114465048385176,-1.2477232224162587,-1.6195570384448728,-0.2225795217580192,-0.8526652405930096
-0.9395439799705947,0.23561283034633598,0.3853698070676423,-0.7611924593392337,2.0213679714273622
-1.0477116048917925,-1.1248834235050227,-0.10963044272379391,-1.381715816754398,1.1211328047200604
1.3926520190487677,0.18686044245061215,-0.7513241020937653,1.8409262142624934,-1.864438467302681
0.2804288905680227,0.38600848869533544,0.5529094506685029,0.4552308723261303,0.16669276015692472
0.20174364157317876,0.7375905874375103,1.9382541897230918,-1.131434794510929,1.490221728698224
0.35455536969304235,-0.41846653846765486,-1.3349771589492885,-0.6122119033292007,1.068223904156785
0.4491879969694627,0.20759732114831048,-0.35270925761207644,-0.20202109009837002,-0.009276525047491765
1.4256812675558492,-0.832532935437429,-0.020429839568635866,-0.2565709584253642,-0.6542237061539978
-0.9732114063669864,2.8938083346378245,-1.0282971290976404,-2.1194360261697556,-0.4764222815216406
-0.07272575241550096,1.458619794564362,-1.888246653213762,0.8092316367063148,-0.50809496162938
-0.13103603584697568,0.4433311806352195,-0.6071205893113192,0.13925271774259457,-0.9046978837587679
-1.5611652873460453,-2.005051836520909,-0.3440129102681052,0.1267651249161035,-0.4888015936022137
-0.8039992327992063,0.828331883130266,-0.7025564835990702,-1.2054316124897464,-0.48851771048590353
1.6251091713316101,2.5601634905064703,-1.840115601086861,-0.3732637502783546,-1.2387488952439247
-0.07792460480367688,-0.02730575251367382,1.5472327021906938,0.14968663341295524,0.724960716621009
1.9110292151325385,0.5799102049279543,-0.1856575349611329,0.38774744395676775,0.9398052121132137
0.22484788865706032,-0.014997904826198425,1.3211802636517849,-1.420005133076378,1.3759979657703005
-0.03044118790850882,-1.5924423136900117,-0.7276661660766558,-0.6651915409571079,-0.43041553977370334
0.5438173851939574,1.7306755312153912,0.9275289008344726,1.1297165823489626,0.9847554590752007
-1.2958077847427623,1.3731952963330318,0.05650904665805936,-0.13608996964526143,-0.34574238966835685
-0.4259914696850195,-0.29946455882503453,0.6755041347613296,0.695702735881082,0.918004471392299
-0.7898914778137462,1.6481393144845324,0.5900700619165216,0.43425302475545585,-0.9992578736446526
-0.05154138000136886,-0.8997053663566033,-0.4152410796324261,0.6367673553262971,-0.7194583198775915
-0.10691517137977183,-0.9570893984383959,0.34598553193431775,-1.0052856677309834,-0.7641002397618767
-1.472821579154269,0.5737910822741001,-0.03787680802572561,1.1585698933174855,-0.2946698582357442
1.4772942269192875,-0.23477887082089705,-1.4341284461894948,-0.8478730946641269,-0.40181188908087606
0.5913287096483779,0.307775614712004,-0.16592519205949294,-0.4020979129073005,1.8451485725429106
0.10720987808114071,0.3825852985240177,-0.8933901380795009,-1.2067422372657086,1.0633965355235815
0.5691864171085705,0.09521231559831772,-1.407910199398685,1.7394194306450583,0.8143239495477183
-1.0042030183411195,-0.24055815749745327,-2.626154533401223,-1.0351299708358528,-0.38196550962990594
-0.0977445495891118,0.6974717909397641,-1.079969626145111,-0.7975252073975668,-1.2689537102659172
-0.9997801887324136,-1.5898147443691897,0.4178160644203697,1.080500674306226,0.34877185559995266
-0.7005190407373103,0.414269365992206,0.7281077922630244,-0.9573945932343494,2.157345094711147
1.0562197334474577,1.1360168945023734,0.58783313483797,0.16883194507838517,-0.26313817524462024
-0.5162436457174281,1.529463636167986,-0.32665125122902877,-0.7209753120658335,-1.2193836647678513
-1.1176384117188345,-0.3530975628619872,1.2779824074782151,-0.582594451319089,-0.7832313992364996
-0.4729942747664477,0.11218846874090037,-1.321645939164637,0.9714156946458865,-0.2561585645560726
1.2109816953791803,1.382008950723961,-0.08592744144340883,0.6590896325087789,1.0960869977113763
0.1308036552487187,-1.5995884133373603,-0.06560378257467704,1.413136543367681,-1.357477614116208
0.4080573470539909,0.42198637361173447,0.8035282082779385,-0.6286514717490462,-0.8215406251380634
-1.4666237366132981,0.6109875097669702,0.14374359045181573,0.6555944870513297,-0.6620371042458448
1.2419837017292874,-0.2196992591518542,-1.944761257342266,0.06787633637276558,-0.8124860063240913
1.3030508671815597,-0.16898467335636086,0.35811386242779253,2.497684156822092,-0.9071168945766
-1.3826969880467326,1.1307755551866892,1.6306070847670642,1.2383919014063087,-0.8079400174684704
0.3594099800785455,2.0750164700721356,1.6972487280178323,-1.6523731570998712,-1.0190834447780772
0.22414773572034694,0.598524423888,-0.044396938126365214,0.7278442644813381,-0.8320704715001364
-1.9934179465273014,-1.2123230143498847,-0.4028832525271568,-1.3547268138834418,-0.42422628176377936
1.015827385143417,-0.4434393706658675,0.831929515762586,0.6900832650456918,-0.365797307012794
0.3445029452134636,0.7771933690280435,0.6675433682429975,-0.4214793011171019,1.7096621792998326
-0.37263921537418104,-0.5036367908394956,0.45120100499081023,-1.5736829822482807,-0.5923948794123249
1.0117447828100918,0.31120000215638305,-0.56353526258175,1.4551174413835828,-0.750104201443674
-1.203879332651351,1.2072657593663456,-1.6986563387063105,-0.8307801009559765,1.0063208889789488
1.4489238614231135,0.403806404159508,-0.20918587896508656,2.7290490587398337,0.8902634349583736
-1.5825497724512532,-0.3250503209682327,0.018527413674852847,0.5985307618802006,-1.07362973735201
0.9919402091966182,-0.28016094605210234,-0.823099431893213,1.612577772606073,1.3659864039488523
0.39630733378808874,-0.06382366352938246,-0.6688431231719247,0.8369109125970388,-1.6819369342694372
-0.35372104793577647,0.8627207237230539,-0.37571788928343663,0.14148671408298763,-1.2637578831815062
0.2202095838715759,-0.20555334590561944,0.04412698110839695,-0.9761321956891407,-1.043399225713262
0.0045803517151437835,0.7650240823826214,-0.5787239525364496,0.13677562964165438,-0.9356894371115081
-0.940683975293956,-0.27716277334837003,0.37723846271006306,0.4891740770735792,-2.4624015560550174
-0.04388159869857573,2.3065583115917403,0.4033158188152616,-1.2322220191890823,-1.284680862838487
1.1103548300850787,0.020108875983018366,0.2562628054992245,-0.27389947540502124,-0.7498694916541668
0.6553612715866186,1.4378280023924859,0.32785315209468613,-0.38179794053543503,0.20274227625477345
1.3348706014457097,-0.3803705540057961,-0.18818005352091022,0.7551597596617826,-0.49464238243274194
0.021238998400368556,-0.33439600730020164,-2.0638677203511917,2.007743914190854,-1.4159998879410494
0.8289968244506271,0.22530608274939565,-0.5888284607920482,-0.26739784419989526,-2.5108566387583218
0.4932062015456094,1.5291062190686155,-1.0099963177915712,0.2399165969169124,-1.8108957409140551
0.952373327631399,0.6383795300498242,-0.6016615746936333,0.1406264923055059,0.2716499794819806
-0.16350914129132318,0.3144968236376362,-1.7953020580786583,1.4914168583817733,-1.4352893624999137
-0.09504856481224411,0.2250739146746386,-0.11963681975492177,1.094008547135774,-0.6172241462704688
0.025653515577679607,-0.4734019870185356,0.09029977914060112,-0.7005393478119106,-0.8577709719728912
-0.700152383120204,0.7446626894490298,-1.5411084397481323,-0.7690844769452666,0.03197635476551336
-0.3299822373636218,-1.4856638067578662,-0.5006120023526693,1.0557139840903687,-0.6333513971623077
-0.47989867438353717,0.43017772017203426,-0.07062713828659938,0.5329237774821959,1.5812473924502788
1.5083956663275138,-0.7665118171119882,1.777376736218729,-0.04065894767366558,-0.696295793620449
1.8390918645907048,-0.32456369141079777,1.088390392461971,-1.8224029083645434,1.335943876419393
-1.5883406099405994,-1.110961177412299,-0.18972956194321733,1.1063847405328935,2.6202571597660076
0.8864810374702616,-0.022056028360902744,0.0767264148624309,0.8034886484389134,1.880650093561269
-2.8697215507404197,1.3448432188178356,1.0699871424297311,1.1762595507032634,-0.023771491763591425
0.5838142110975424,-0.31833923524618474,-1.0840860900780898,1.8903228519261144,0.006289003333592408
1.8668209963020446,1.4297911933033247,1.29637035641496,-1.8778001669908684,0.0197482750244804
-1.3227997533511,0.5549089321572059,0.36026912932156246,1.0808520075199417,-0.5324319559430705
1.3922849090788012,0.3956943209088241,0.05809719201901372,1.1370948801024583,-1.720048820691395
-0.40563538237664265,1.1173328026105684,1.818356207884316,-2.2292555143211183,0.783512520316113
0.07179822721739186,1.5312322684416602,0.9349641406772876,-1.1623139044804547,-0.05792409100299428
-0.16774496495762872,-0.3780557222544434,0.8537118667027503,1.209096379360192,2.1025680578950117
0.36870518324598284,-1.3675683055984977,-1.4067910154452974,0.0741210891267989,-0.27063191632800027
-0.3998076118368248,0.6886294737421089,0.806094998919699,0.4431461553072748,-0.7884872114220669
0.8192437692593261,-0.4847146810182441,0.5670252631661055,-0.8132056553905609,-0.7532868441363084
-1.4627689015448768,0.3790748477234765,1.319809632541419,-0.36396446870009086,0.30428295799733684
-0.48766423357580546,-0.4747330181691477,0.640483587594716,1.3219596947507544,0.6835231058320812
-0.5266664811983462,-0.9431231836648877,-0.5914447808899334,-0.5395859515975089,-0.06623051112342387
-0.49358433373377564,0.8635843588366682,-2.551249185270972,0.47569112281549214,-0.13572796179393992
-1.36160252875676,-0.808550498250833,0.6144564796000112,-0.30349540262869634,-0.3298668336164931
-0.8965800531674185,-1.7689128555357139,-0.7193714095942634,-0.44518104951475157,0.40966477350748365
-1.1476982199245866,-0.5908427327807364,1.132674343652808,-1.1824800042144126,0.6280156883183842
0.7473086425296681,-0.13873841371743645,0.9162499753347231,1.5230988976556605,0.13593690546311474
0.27443672233243965,1.0228644668734368,-0.30909140263948665,0.289158538683691,-1.5822485708324507
0.3611120790795338,1.5015461166127482,1.0743842908554353,1.8154769309200727,1.996222195379485
-0.14982048009794985,2.3952970742810233,2.1757517336820857,-0.2760012666799348,-0.13267007186493396
-0.2020227923190655,1.014136488601167,-1.0578992034728774,-2.388375014900566,0.1507411380951479
-0.4866899339970695,-1.2112374947644897,-1.0651076283349612,1.924457622570647,-1.422930569236792
-0.17331313570971876,0.4289181720138326,-0.47534700414353803,-0.338134795618758,0.14253206531728901
0.6912065252238523,0.4010604661160991,-0.8705595653024816,1.8073524147957194,-0.9933676568098427
0.27642867614374317,-0.07157424300656427,-1.0038918586470662,0.38952843672059834,-0.7783264826254792
0.11106769808792179,0.8141051701831092,-0.19973935257933179,0.5276603148102736,0.4004143428280804
-0.46534825312459566,0.12585755289756748,-0.6076573981160199,-0.5228444455131966,0.3047272490133078
-0.6766435846179851,0.6553125950018258,-2.226930091391555,2.3364844467396106,-0.9501597592011424
