0.1624294073204569,-0.5692191211298185
0.17085539135777528,-0.619278886825052
-1.5945429729354637,0.7266502909563574
-1.546978014510681,-0.9525990414241848
-0.7474859925500967,0.3087931136016797
-0.7034861780522548,0.34560886911945093
1.0252778121328732,0.7397947403390632
-1.5445237640335665,-0.77595209806448
0.37502054816188607,1.8820560282419914
-0.2619304288136918,0.7511596137355618
-0.696895188489469,2.110974168988899
0.7925982374437255,-0.6849924112045475
0.2480444355168905,-0.8431023366060745
-0.6722678072838751,-2.0490561676537387
0.6611870746071618,1.945594740358795
0.7038597033448939,-0.0070292515536792485
1.0966303284258383,-0.006402216233729807
-0.07983032470927198,1.3220901695898113
-1.129084955055011,0.7046952953946486
0.2254526794590531,0.049045959711389225
-0.4045281584588038,-0.8154033928574557
0.8567695677085694,-0.19618933744890268
0.5934461052080501,0.05104231847335258
-1.6420117135317107,0.16665675786854375
1.095854776239442,-2.0912254882803554
1.2985402388415865,1.6747092527877183
0.7863413884119941,-0.7735398859677077
-0.6251538175451776,0.031467733267456006
-0.5234983690433539,1.342103894823889
-1.2013528329682939,-1.4897280205667454
-2.2318856778256424,0.5405604624038943
-0.6138767750373311,0.8888646603515264
-0.8838437427810477,-0.8632363981864006
-1.0690885865141704,0.5653521199168188
1.2779985977475448,2.7343030537706396
-0.005512804336289,0.9461994127402036
0.12832147104812858,0.5852237972816927
-0.6408202373598139,-0.45536282565975883
-1.4971115708448577,0.5396825241255676
2.283023755090506,0.13660516737013986
-0.10898176094162773,0.593464617733143
-0.2636103614980249,0.2798584145271879
-2.127769233198864,-0.39042541114331153
0.7852701721458535,-0.5834916976735535
2.490239260864522,-1.9932181169400673
-1.7589497483263972,0.325175515816716
1.0957106207824259,-0.4142273594606742
-0.3297158976443672,-1.1415614294028171
1.0897706943425503,0.9940768976677741
0.009162565635400103,-1.9223008191903774
0.19087815862261068,-0.6370492238844481
0.44322041666697704,0.18232501500872034
-0.6856180311513512,-0.19314153635809797
-1.3588498049322337,0.6822293198785091
1.4714967409051383,-1.637179592530692
-0.34803945167353106,0.08753137124381752
1.2256154438639824,0.22790071949817065
-0.07790498279095323,-0.9524410227491146
0.1270160790393447,-0.25085253791531514
-2.400932509937333,0.7163755347147209
-0.2837464574092047,-0.050742314203204957
-0.5937860952005335,-0.8877011260124431
-1.2240945889760741,-0.0628530243752133
-2.4620879279848022,-0.4375789518093511
1.3531958080277648,-0.12774705033938052
-1.8706165253938896,-1.1205725421123378
0.6679667940695121,0.1652501342985722
0.8237655141689243,-0.9311651709847686
0.3661802304914858,-0.4993715560618399
0.4363842944305644,-0.3545959838031943
-0.5094174993587226,0.20300147779731756
-0.8456916085816609,-0.10171483505695147
-0.8324060903280848,0.03610493752464351
-0.6325411493301618,-2.4027392679826605
0.24057200777796056,-0.9220884197658779
0.060705200956054986,-0.4935461808053278
2.0222248309315916,0.9720891872099886
0.022221805492077532,0.38024702492674956
0.06261472315736581,-0.3982763204841019
0.5064611310109136,-0.27634236987719785
-0.5742774775968311,-1.717736626162955
0.6787813707607258,-1.9311099783764565
-0.5280927130000032,-0.13224593738138643
0.4906486446597155,1.8238403059461374
0.2889457838558353,-0.3568163951718144
0.35513275597779853,-0.10972675698001383
-0.337143702061972,-1.543163150446607
-0.0354517138062724,-2.0746573842614224
0.08988295809680481,0.46484569991756164
-2.161591488978666,-1.3994661414678289
-0.2965205890295077,-0.8498693592234322
-0.04636667084455457,-0.6530195449728141
1.4307783608780333,-0.9918418302509898
-0.566218156573274,-0.8296925768687525
0.8343421879542259,0.24209996142663917
-2.8659681972250777,-1.2305612566140298
2.486614107680819,-1.0575140440928534
0.03099459407149157,-0.9366054934417171
-0.048705873134018404,0.40672117782453093
1.3889865484280308,-0.22223170035037093
0.12664731464340634,-0.07892735808347891
-0.604366466775101,1.503571105411298
-0.9450645540291727,-0.7639723115272926
-1.398373575936952,1.1709367318616994
-0.0555456577593296,0.4832523011897771
0.034697396419596876,1.2225941334307753
1.5058671135552384,-0.026631937262248752
0.15124697362663725,0.8464126764353076
-1.414622576736512,-1.9973586892223372
-0.4571806844337948,-1.3210136793582317
-0.38428319365294333,-2.1264817623259784
-0.394212685707201,-0.6808107792339254
-0.6952172143351475,0.09565805566857782
2.0256334264195797,0.15725220753612507
-0.1812305699604062,-0.9172388476872911
-1.2650095409997508,-1.202396980827456
-1.048101175427606,-1.0680756352114162
-0.21244399499379965,0.09542864262015635
-0.008314772053828839,1.7275045462083172
-0.4965161700868157,-0.7380819538308455
1.0832878033890907,1.5723929714959508
0.5538548190764441,0.03270495363896452
1.5384612718077262,0.14776268146212782
-0.6402903556603982,-2.30268408078952
1.895194115976122,-0.01803955266516278
0.6336534777934331,1.890329318266359
-0.39147062357610857,-0.5035842447606809
0.3207604340859785,0.10743712795164563
-0.7880019979310282,-1.4402583440676227
0.12066281726557807,-0.7736548772409815
0.5391490094882012,0.40625442885015667
0.6403443071381413,1.0140810155388198
-1.1580898689524568,0.4878197932182117
2.0943828532323807,0.3092233277294847
-0.5283469840573616,-1.1921934376961867
-0.46003756020726927,-0.2811983216173837
0.020970470046969687,1.1459303652234445
-3.0035473811298927,-0.1575686077974047
-1.1072372716176546,-0.6479851644744768
-3.2163433180341823,-0.8709778642570557
1.2998008909022962,-0.19948450176163857
-0.599927869560469,-0.6243109225791691
-0.502519735097513,-0.7174967982061131
0.09860927583620811,1.4827996971430901
0.4668716055761203,0.9680371841051343
0.1446352247513908,0.17763483571152042
-1.100556927448371,-0.4292804726000028
-0.24134017137210972,-0.8571830590993484
0.22178457058588552,-2.8307458111353028
-0.1635289270500665,0.010365148614717186
0.37692829040661774,-0.6840483602757231
0.7586557126021326,1.9944331824644366
0.689987103661006,0.6056290103904186
0.8474664903305875,-1.453297617986291
-1.3685023199621804,1.3467745837622085
-0.884090548407509,-0.0024017513451159585
1.1422482174386681,-0.9427012534277217
0.40547322776367,0.39339638411422084
0.7248513786701324,-1.169192059553031
-0.6273791265019766,-1.3779012085527218
1.2690469987505846,-0.006013544202477171
1.0812943330123492,-1.6900980332948976
-0.29679144259543794,0.18729893936952602
0.5166240959934763,0.9690367670663151
-0.5980873540121319,0.2363075403580576
-0.5825025037869737,1.47879457145872
-0.6500306050619052,-0.4085942557783868
0.8238637317281761,0.6123080106644513
0.39476851473759506,-1.430383185991298
-0.13898542393538638,-0.18986388745886246
-0.3941864590910051,0.4029205587428656
1.207453885097143,0.14862010753044216
0.9647238656255462,1.1019751914340374
-0.7542372816309081,-1.126571867567701
1.2275497481210529,-0.5415640513931951
-0.4897437338277241,0.46295871943608013
-0.8107972850095807,-0.8399812779375097
0.42563739756296787,0.41939460711152377
2.008127374468725,-0.2937705784414417
-0.07013438947053771,0.46868379866702026
-0.47240020584550946,0.6521189422762279
-0.47561042023133504,-0.42425518591373795
-0.28381798492508,0.000747061715948805
1.6083800143112876,-0.5017983737331063
-2.143413756423784,1.9159620423654322
0.20839109336929507,-0.6629507194406784
0.5693216145866014,0.5229277664990784
-1.762819953275309,0.4793682295066703
0.058823438882360836,-1.0563037653365073
-0.9971426968026598,1.2503703256593681
-0.3384611390584528,0.8892136437828426
-0.21846896296484905,0.1563409201362894
0.689744358458528,0.7679691368684032
-0.33428602172143335,1.4529406024529756
0.793361534928539,-0.6411314784079705
0.7884642932082021,-0.20602033071673875
0.370922221627498,-1.4620705934502038
-0.13603371129929917,0.43558597034218316
1.2743319445512649,-0.041249867337249876
-1.6503102626114696,0.756198688406576
