-4.844821187244707,0.43186568819202087
25.8897700847057,2.152412567555177
16.80047828635775,12.653448500623533
9.082927608651502,-3.7249480443728955
-2.2636746353890542,6.108579036714369
4.297285796032304,5.131614514077469
-0.4037819145648769,-5.613295842914305
-21.78222758857216,-12.3940285325422
-8.116820313596063,-5.815239921765772
3.1186274680941555,6.498773899668434
14.06970160657869,10.401939101447468
-4.968837206694764,3.4260619700997603
4.2225343936742314,-12.866010666941351
-2.899498452322012,19.96883695176256
-4.880961390192889,7.826745309836699
2.5746399188546896,6.434865557762145
4.210804680629563,9.400984543016321
-0.5070011836873123,2.6827184994095363
-6.127769767096527,6.691901356794436
-16.477377828722826,-5.272712271031593
-1.2076459537009103,-4.607700563294061
-0.46258885676671113,-1.1942785320639837
-6.56451152787235,-2.3087819758089996
9.909936859828157,1.3125019407212957
-15.796438171020265,-2.7119587185325136
-3.2134711644481797,5.053260686405068
-18.44142200799758,-16.457344974917056
-8.990281433862835,-18.081417247883735
-1.7872803675431788,5.647149341693282
5.581363870194513,4.337016985113269
-3.982035406526233,-7.35965182448739
-7.818354926619356,-7.904187059936971
4.877068542136572,4.391040815806771
-13.65704660322151,0.5315085358577942
3.5992317184180544,-17.055918201403415
16.96833686852429,-0.14658055961069305
0.11309737297202571,-6.941980960314365
-7.3689353733992595,2.279942023675187
-6.81479239439169,3.722724926317122
-7.058418643359542,-5.312732570656147
-14.932786053430506,-7.877212214209958
0.18717411391844663,1.677088185603934
1.5993442418878234,3.8583620142934745
-4.724962562722406,-4.4572668179401305
4.622686582575084,8.707232921162538
-17.264630117536093,5.324481854422009
-2.1213172838489878,-5.761571497195223
-9.610818041421027,-11.277165670427918
-21.779413991034414,-15.49224732092544
10.288489582897697,-5.990090032112207
3.984942095729718,-8.075970590412101
-10.55068860391356,6.227843493598558
-17.236439132160466,13.749750853549063
4.97095270327428,4.084315212528288
11.018644791355289,1.108706109515559
6.410612886087252,-18.10535522803212
-1.745040987183513,9.467412485262695
0.9645075046521141,-11.375213761594635
5.724960735026595,0.058108054323976255
-2.2495102281113546,7.628886851567289
6.226796082682489,-16.840814335563625
4.157279214879373,-9.002296252376327
-2.1491364972308866,-17.744730172642413
-5.56282063696999,4.068669396001468
1.1830150274747409,0.5663170776785986
-14.581436013809384,-6.186186271064596
3.798060642180005,-12.881426904145542
5.611118630884356,-5.5378821962633555
22.938083563680284,2.820063066694399
-5.407350944086453,1.2685175027319824
8.525867415984866,-7.560823202971987
18.10293211476773,-10.583412707303344
-8.360668180728272,-1.0800318056540963
-10.442087445064054,-2.0458984425558846
9.265504596789013,-8.681913440289222
-10.05303096820739,1.6058591171471641
15.203977360116223,-0.32499142441290463
-4.542642158279158,3.48407789498516
-2.3467399275245953,-2.4134841781089866
10.870587474151847,-4.04019507105545
0.33687911995547903,-10.691068966371535
10.76233915784929,-3.743209854365518
18.00491266453022,-1.9168534316379457
0.7998856676570032,-8.19515604334589
16.27410062086818,-6.491966779569219
5.480450608482674,-5.626036763178661
21.377903937320923,0.4079525976280616
0.5404408786883268,-13.34511891129228
7.370772898730288,6.390026322865557
11.811245960181811,-4.376261832344922
-10.961529306824689,-20.796724039132016
-11.241192181072865,-3.326335510918578
6.008215174927982,-9.910073198856464
17.994541925215017,-8.181955660460215
7.881105527776995,-6.5813138710333785
4.0031805436048025,-4.651760900559719
11.167035393798951,5.763462896840179
0.6137335695201886,10.18484999103357
-7.7956720112201925,-12.790281559111275
-2.394137426550846,13.498554925632785
