0.3376222932601079,-0.3992094695917584
-0.6314538615889873,-1.054096831275546
-0.8249410464660458,1.1276819697501281
0.19099778222468985,-0.8772300793802966
1.7166706788972073,-0.20595558909284048
-0.26605268852925773,0.1789749555809016
-1.6903273757670851,1.3011020006063456
-1.4561777023036404,0.7726819313314981
-2.489025873844035,-1.0942699158262423
0.05322563415923221,-0.09692661244655656
0.22718470189680193,-0.09870417430698215
-0.403288984324106,-1.3369358146698853
-0.2529821595949779,0.2738265243759651
-0.4597564271531171,-0.29256528263621073
-0.8086982303957468,0.4985690363380973
1.4320743367057234,0.8575747079070342
1.1385967125008918,1.7940012034939432
0.06156913711707345,-0.3592633284533307
-0.14032821967365489,0.4974331547510843
0.27558759740384353,-0.005893996805892532
0.1284785733572263,-0.08698282878537168
0.17641635922257753,0.9613413842957386
-1.4692954502990367,0.5019694857178154
0.1835411470777978,-0.7259594978349441
-0.3676749825368335,0.9478879949619724
1.7161355939874028,-0.6087565789546288
-2.1487498933436817,-0.8598467915675738
-1.174349980625707,0.8711616859657609
0.960976907520073,0.300804300090975
-0.20640444075360093,-0.05434422876407659
-0.7009780399256836,0.270547851338185
0.6312573113902975,-0.968281672483502
-1.091210766063432,0.4469884730044955
-0.12342305063967296,-0.5784752141882894
-1.4521844085432536,-0.0716618429603243
1.8477000257541405,-1.1214322779084813
-0.7891525158910216,-1.1956024402049479
-0.2237134202342643,-0.09067567831307749
-1.2296409844088914,0.9488645550120605
-1.0602602066416766,0.2132170099406719
-0.11271702390059271,-0.5237496699150691
-0.6597200585805804,-0.8404400171561601
-0.5994836292015978,-0.4982816036643676
-0.7215536540343189,0.44272884293515835
0.7679698321960454,0.5852222086992436
-1.506739772729181,-0.03000678656554229
-0.08669006969737329,1.1829163285185904
-1.315745634550049,-0.26292323012152474
1.8090722432114483,0.7106370842287282
-0.046648555880370576,0.8706119138433674
-0.7153855858106635,2.68517611214904
-0.9743687152807955,1.1995898370822333
0.8490377141946731,0.09744734070771416
0.015238339253804854,-0.7949214804957963
1.030941821298498,-0.3925772703054647
0.7645985047897567,-1.5435189285101076
-0.08474641789582811,-0.026201430126544085
0.10600254576987024,-0.37639569966428904
-0.5633257061202369,-1.1387940821357527
0.9736212083526096,0.5580178584975207
-0.134900771231685,2.2229346322357464
-0.19803069231001066,0.6948882489855959
1.1423325198963656,0.09779525183314537
-0.39268188980483554,-0.40583636534775036
0.385833955730953,-1.0566738774328266
-0.14843072585643605,1.4021268322677687
2.3825333595921814,0.4198499760669421
-1.2147307917815648,-1.77471780752344
0.6792706413813123,1.7320699917391424
0.4046285360579354,-2.9300573274841417
0.9910743326807322,0.45355486714309196
-1.5149424627966368,1.6134946455348522
0.06369022568890255,2.56483713370328
0.5787297499393573,2.086094309838756
-0.4995260969250109,0.9605127456854723
0.00015050454504096224,1.303338198855002
-2.179750451506647,0.677085483726715
-1.1295853215405554,-0.5996122125451997
0.5099962718732541,0.6189675838079853
0.34400267755352143,-0.008617547932674482
0.9850247774377325,-0.4518041889802926
-0.321524588151547,-0.3049598114275036
-0.47298857184828763,0.32281001607760246
-0.09067238844218484,0.30438932661999557
0.17807622155547903,-0.545464283076231
0.14126250255123596,-0.30555018889814645
-0.5752886383445337,1.1647543901861959
0.32744133910771756,-0.2815663665108033
-1.9098193901915157,-0.20401851837460677
-0.903057366811249,2.088689050660194
-0.38949627676012355,-0.6027820046147412
-0.05157240050194594,0.38602637691029396
-0.37056827502531087,-1.5776353278202462
1.2184155582085179,-0.9245038113309902
-0.0849668175063818,1.9384372703983033
-0.2932808406250317,0.15826293694246218
0.06719537743866995,0.9502300922032282
0.47838429893860324,0.32276398660848044
1.5201553421562115,-0.3262598668990242
0.2775075692744544,0.809997567279041
-0.8711803920875262,-0.2777020871829282
1.0679572222329772,0.33542604112289587
-0.17651973568206078,-0.6337833216527773
-0.03703528020495153,0.925497464670877
-0.80850821462837,-0.3857832137330494
-0.8517630231449067,-0.5990247576606932
0.4277389162769729,-0.499138221984709
0.5650812320410886,-0.43467529128942195
1.0564162671479596,-1.1242573764559727
-0.8343941726468527,0.8494071064137322
0.553963453381163,-0.19064140983820158
1.0984732942317554,-1.7196255626745713
0.25609808458116834,-1.661519815366082
-0.4284387183277085,0.9506199026215477
0.13851464668434993,2.9095931066928964
-0.7530968570662785,-1.1022653121457038
-1.5966560531974088,-0.05412033534472897
0.4281846685262963,-0.1778009674331819
-0.9424589333707529,-0.039041802902948224
-0.8001626119966242,-0.6272467365800958
-0.7409073709877608,0.48266171165274074
1.2201594650692626,-0.24761267427676745
1.1928411085610626,-1.5385686987353404
0.7380903113432092,-0.07292425948570469
0.6468470698599433,-0.8428259877939003
1.1794198639958051,0.4344781653387437
0.798110503891304,0.4648882855753062
0.7592210657190667,-1.6722537149604828
0.6529594215898862,1.4784852992596351
0.4467997877500972,-1.3595156130360326
-0.7419713914673225,0.2628315515161088
0.6513236576902707,-0.828133078652034
1.1177589297993518,0.42895766883766423
-0.4120029016978894,-0.7729367491207426
1.3277844840003095,-0.5614943428361575
-1.6513298419735614,-0.5760618897537646
-0.8101640344566609,0.5698657419915368
-0.2879632487698683,-0.8770100625478201
0.7513955905491413,1.6590817441613395
-0.2792484722600455,-0.9161869613046252
2.9060774356371635,0.6614659082426264
-0.565459412837258,-0.9073313141278578
-1.137318685556863,-0.34289547573468576
2.0976186935014547,1.1228809413297556
-0.5926226501843438,0.7117712828956233
0.05719938746826232,0.17850605568768452
-1.711908702639189,1.7662802298056368
0.4274138129949578,1.6660761894691354
0.40179141136293817,0.9503316197906285
-0.13394837000581503,-1.436553779984399
-0.33966164916644803,-0.3389015824003167
2.536237044294125,-0.23855028237833154
0.6612336678923726,1.8739304716152294
0.08289001563540523,-0.7537506050336565
0.6112650439360937,-0.26263926343805033
1.789348685553613,0.7763155084527906
1.5850281132475335,-0.9276794827241296
-0.4600868176480597,0.2771813363934612
-0.03871072810004503,-1.1323706787272407
0.2754492378083529,0.8611615397322626
-0.8155920071140782,0.7778128103569134
-0.38372425506873326,-1.3884926163499187
-0.9661179269878089,-0.6544938278563004
-0.016371933525695288,-0.6422729771032176
-0.3435751793441779,1.3628010247813018
0.1865305130469175,-0.3186098702012495
-2.627752623729478,-0.6678238270557112
-1.8865264654099148,-1.7135401351704294
-1.5512733774245457,-0.4512983169919936
-1.5631601021243848,0.6371398904308906
-1.077090498547949,1.1402930080570377
-1.6734647394155915,0.23083583980715378
-0.47430863057919526,0.3731937976203869
0.5279635934801749,0.702933115331409
-1.4397604748537094,0.5060156870230067
0.7258637238872129,-0.1462796029911341
-1.1107368782362785,0.10844169550747967
-1.8718653718833482,-0.12263605737809431
-0.2544261661489434,2.715253714130208
-0.26610003285552364,0.7227853131151953
-0.46503393486091105,-0.6418357700318928
0.3258075700468907,0.22045216014158633
0.9196582815793685,-0.4377897871097224
-2.655351345125599,0.07197712284884662
-1.4193510181142879,0.5887698065511523
0.8175453631007964,0.4102490110039323
1.0809865950799706,0.5696815184010854
1.3401848831153067,0.5809430147750254
-0.2366427025223839,0.0286603908583125
1.56373752058253,0.8302493343712042
0.10380408218212438,1.0125539397158343
-0.6432780552762725,-1.0275070650122606
-2.208143469896957,-0.7093502511196791
0.8177279025471696,-0.5651981078066272
-1.6849643903386227,-0.1458141280590096
0.25090079694938444,-0.4997900626966743
0.24643882552461915,0.2578377231252325
-0.30464688457607836,-0.652030676580813
1.3229491187105238,-0.2057321002950669
-0.3806956714770173,-0.6401922164696371
