0.4117653561273412,0.023854952257983533,-1.1583870112532832,0.2290094459207779,0.7967424925472355
0.45763948663135906,-0.7761567052603532,-0.34974481102839755,1.7933768169361972,-0.2796262052545432
0.19722536745836564,-0.22004349606945184,-0.15136568663270136,-0.43760923142195185,-1.516531225326208
-0.5587136750413921,-0.265223659484476,0.11196671735749718,1.436975199039867,0.9868606994300068
1.7082485052938003,0.005387637457803861,0.22415388371028994,-0.19702164879902503,0.646682651542383
0.38146625089742814,0.43346221743284474,0.7536458970186382,0.3145827133838049,0.8157166240528861
0.26553671335731893,0.10191762858663275,2.2824164954057204,-0.1072416328012182,-0.4787380943966696
-0.7294311315109779,0.016810222312781398,0.46556185956817636,-1.412972766518839,0.503783567114779
0.2599086085251967,1.1023226189209647,1.1615800556057798,0.4310993894102334,0.24013070945273268
-0.5583096202662139,-1.2269819669289714,0.3813870008701678,-1.036702397165524,1.8279189638249522
-0.9023680180990541,0.8424944941477893,-1.2002546997623111,1.8469737514276807,-2.198301612958709
-1.7111412937699744,-0.3671488265927698,-0.6458981045030872,-1.0225500951850348,0.5389750122513551
0.7176539815344312,0.15119257152426846,-0.11669682898126124,0.5189394082688064,0.5797936248930221
1.0016292735766508,0.00522483521958981,-0.17063349845738493,0.32933392453973276,-1.0317760748541474
-0.06260017150688899,1.10440048162587,0.7705307703500586,0.9173154319851548,0.31992858585254597
-1.6601089972107403,-1.0130533118738034,-1.4465889211982308,0.8974053387687398,-0.22471392040712657
-3.2058714042294914,-0.7836318412179685,1.5697662339185547,1.2630603658570745,-0.9465510055954395
0.16874658269990522,0.7497349935922496,0.8668736400881806,0.46063268143656083,-1.408394559976637
-0.27102235114698275,0.7591470011634418,0.24177390482970634,-0.17646678805231844,-0.14888527076180014
0.5029113167564246,-0.8227735733633845,1.8972987344295293,-1.1552272315514915,2.0193254837418366
1.383403869499944,-0.0841741562440673,0.03507555220545068,-1.5650946809040116,1.8597736287506548
0.22389013274001304,1.9940760197606269,1.9169459202085992,-0.9030809544190401,0.7519816505080917
0.7251163753748824,0.10952960651754408,0.1053553353913081,0.2977808159487126,-0.9303340251892085
-1.0728785674448944,2.0672051220367793,0.5812146215002446,1.5815574559816044,-0.4603094363274561
-0.6766616289008833,0.49163127048281297,-0.37194418934213463,-0.8532754151016683,0.33700120942762446
-2.018433341417886,-0.7291623023495916,1.113710324630162,-0.3859231414167044,0.04688078498899841
0.021832685243176567,-1.4643972775679641,-0.04545691644538937,1.939548156479677,0.20335122886117765
0.4333435008563099,0.059180244753182565,-1.3451307223576834,-0.044940203730284525,-0.35407210312453896
-1.1046291976854141,-1.551114214647314,-0.9859651193786596,1.6183978388545375,0.18104129725542042
-0.9590479616982456,1.3760793282946082,-0.1915835089160578,-0.818110182121421,0.6149387906012835
-0.18266792177345004,0.0500418312873749,-0.4108371062217129,-1.4676686791111588,-0.45379105725716007
0.2592717346538032,-0.17165699331272166,-0.8700409872041109,-0.7553992221983367,-0.2758139019434526
0.11372059103241434,0.10803864906550023,-0.061564658734804184,-1.3569578021729007,-0.8369066059210477
2.365231142065806,1.7085699648816852,-0.3319051608413028,0.4000611185106507,0.18000563443625286
1.0907159189768223,0.1849059331707424,0.7230425777474917,-1.3325651343688845,-0.9066133167330842
-0.7870815548445947,-0.1541657831760406,1.1395378833163596,-0.3035102590102797,-1.2720003310585986
-0.549257631983301,-0.05315529920038048,-1.6156731180109913,-0.7824230289313497,2.12926405589248
-1.16573464633281,-0.9533756353330096,0.2390957408331693,-1.395639628366355,0.9482511138030557
0.6750320796475938,0.7141101842859171,-0.04043920227211778,-0.8577133912782129,-0.50940769235541
-2.159310111494034,-0.8846772266525184,-0.5668884058886831,0.7960669939321922,-0.021180280231986315
-0.720424090571402,0.08907402098626518,-0.8857588810750705,-0.9052671694959353,-0.9625816379418929
0.34753036750661453,1.0392331578181062,-0.5058657529384217,-1.4208053193597354,-0.08769595190949779
0.5528807356229871,0.09053843879933557,-0.6063474533631957,-0.9697343318511265,-0.854146115874928
2.028750971404216,1.6565758303409786,1.4543438911723534,-1.0120480016830262,0.5365803636275488
0.3361630578299783,-0.6015891561868756,-1.528068640193899,1.1176313166073009,-0.06719739095158474
1.542303248675248,0.9874118957854817,-0.05650658795695079,0.24302914644248222,-0.612919190796159
-0.8322374851561222,0.02410704994972067,-0.466653748736346,0.9917680392750708,-1.7145606241637652
0.20715213105388863,-0.27317612438317324,0.2975076513434478,-0.8975297943087683,-0.7209323479573574
0.009530973038958593,-0.7893864167416261,-0.04911072247749538,-0.6621251183757708,0.9209452633465304
-0.3687675073445312,0.42324852684306613,-0.7211077568414097,0.8095372839884993,1.6056451106083245
-0.95670958241626,-1.090182549323184,1.7162856419856856,2.185369479112819,-3.4024435703613145
0.4995469157704974,-1.3319290889360311,-2.806641409578976,0.7871809695512856,-0.6695649308428153
-0.9819915897790121,0.24346232491040884,0.750154744875139,-1.356886711977323,-0.611180318028019
-1.7570236955748761,0.6083779029625401,-0.9351817427250095,0.4040835392629752,-0.8768876858532827
1.2218884467421076,1.0649643718796546,0.30605906948801015,-0.05271394717436462,-0.3589241696609896
0.44888039026164106,0.12161169069806915,0.42720271478906957,-1.1156212899794704,-1.287964618194366
-0.4765096803871778,0.0019455717610301646,-0.19425608957688725,1.0708121899853331,0.28249923949885575
-0.6306358277125538,-0.3147676070711391,-0.1638164634263116,0.7894622536647831,1.6002049429753242
0.1909934824836832,0.5809906326067363,-1.2606691078723433,-0.3645084850265613,1.0144045036220721
0.5917048121606545,0.05870960028804184,0.745113337438978,-0.284372413451209,-1.9577051343611713
-0.5487135551466079,0.26668288162501663,-0.19176389061717852,0.01755927952490497,0.1734809634542698
1.1071300106084112,-0.34309474075619456,0.9064031945150487,0.8876629615016987,-0.31071893954457647
-0.15497015683408072,0.10181891387416092,0.5553139439723715,-0.15569177350946747,1.3484209484454168
0.46730829569022897,0.4692654522486312,-0.6600866256135665,-2.556606797121714,2.0335677583675027
-0.19590357335660857,-0.3185928090866204,0.46965310771275764,-1.0825126633547537,0.37054694837097224
-0.9161065294796478,-1.344790748945119,-1.1232586975351504,-1.7335442094100804,0.9560858589844761
-0.5063027598256212,-0.15500416856360036,1.103997707547831,0.7500691155613753,-0.4754440949032257
-0.0939340849300593,0.7132940711751371,0.2635202760715631,-0.8895845960076216,1.2580004430403697
1.3158722847185997,0.35254812895178794,-0.5061406147158968,-1.6990597030398973,0.5616249392923904
-0.9114056097379714,0.5830664318522106,2.5458536100754774,-1.3222094728500156,-0.7482924044570275
1.8471626715972567,-0.09338275586030143,0.07385748064548664,-0.6365909164209765,-0.2503623186145631
1.1788909731955106,-0.02697125066181709,-0.6190318183861874,-0.6231318452382393,-0.2510657233282554
-1.2204687209443166,-0.376817077947604,1.0415292835087226,2.3273497844834496,0.5575490436150857
-0.7233752453763299,0.7273182304278247,0.8291523129870764,0.5088498954841374,-0.10679555640686128
1.0807151935623496,0.5003718306304412,-0.7682899791500354,-0.11778230778510886,-1.2051607274162779
1.3849197718690018,-0.7186916204998469,-0.14718114595775017,0.7040017927750583,0.5207425859014457
-0.18386548375912598,0.19375646114107953,0.034513447168219004,0.7020682048083926,0.13105678647818605
0.9916262930594192,-1.1781999825178597,0.030853051448112793,-0.4988563800720758,0.3327947871268757
0.04196145136613169,-0.20638099257095438,0.6702600992778375,0.22868416289405374,1.500731877406802
2.1628696364783937,0.5514012276991778,-0.7115988594342344,0.2921056863563106,-0.9321644650695606
1.7517559673305436,1.8951527911928088,-0.7426021925141688,0.6277468449336481,0.26207836705112486
-1.5236721260299806,2.0933569340475664,0.5036002655243685,0.08559076130424553,1.2874853595590827
1.2163236917842621,-0.44392961121584545,-1.018046676202253,1.930534903714475,-1.6741996118646263
-0.8262924466190492,0.9066686651154071,-0.9679619467568007,-0.8776593651839841,-0.07003463758129268
1.5221539198557426,0.7341359732684989,0.2710385125790912,-0.9976688858108377,0.4750466263009453
0.1569153674775102,-0.2097999523454294,-1.0834839575175021,0.8823021602309649,1.326200134743388
0.48149948136557386,-0.18965961520189814,-0.14848803388103454,0.4605194338055291,-0.4275889665112198
-0.6720330109382544,0.31705910698018785,-0.9328830451821356,-0.6841243358237225,2.4321097510155645
1.1125652118802438,0.5675986043638644,1.6366984882210343,-0.7502399394120091,1.3114441920561493
1.5540893768635813,0.21684755152726234,-0.030628962717374197,0.5987257224575148,-2.053266288113321
0.057468257592939526,-1.5972327425759174,0.037325091506453564,0.907089413031551,-1.9705048010529465
0.17184192025501088,1.1216843306985471,-1.2895350308795452,-0.9582413225358666,0.38555629737992575
-1.4554034377944334,1.3315084315586756,-0.43405713528206097,-0.29442037273159954,-0.8446857873584898
-0.29446738542332535,-0.10326428883814463,-0.3977627472909827,0.48202379600046524,-1.2658554755377809
0.8930813949945552,0.6038778420290813,0.6091795880341978,-0.9273593153245356,0.1483292804230184
0.8600169527953451,0.5358706949787971,0.19164604001005142,-0.9196473533210425,-0.9856732512139881
-0.4008860301488287,0.6911656695247541,-0.9176969983552445,-0.1711270803157434,0.31253529909728406
0.41301069940470947,-0.3815954722571114,0.5898833821889596,1.6079657543649812,-1.0448287551728563
-1.0030473821578674,1.854767961218921,-1.2025622912601521,-1.3428352206732366,-0.2831385001246797
1.1198507405192428,-1.051957235036167,2.026578922480813,-0.8515218532057652,-1.6393881950858673
-0.4636257288644292,1.5249267230176318,0.5925049773944449,-1.3739852780844386,0.38672758103014276
-0.22483126230671088,0.12233041593507268,-0.9788558448787781,0.8237665202435859,-0.007736852635604491
0.44211127397469724,0.23146830032240268,0.7464421177138225,1.5878207185337008,0.6056329703554282
0.11496550626635463,-0.04436910010925259,0.676993053353208,-0.6144813727526136,-1.2371721063750423
0.1335396351634075,-1.6705494979783404,0.7934614602417549,0.006183063923631573,0.785365896360362
0.6003547073964763,0.32683423592758426,-0.12318585341479399,-1.4619136285958891,-2.187308202983945
-0.12942099889790065,1.4914586466387378,-0.008242665628448297,0.26525406827910775,-1.858523006237513
-0.301170673505666,-0.7756900683038632,0.5133908250233666,0.7191334218415072,0.5338802528803582
-0.9475823026512524,1.2044260613105882,-0.3118662585842983,1.392268344533704,-0.6886738495867152
0.1744101604100836,2.3592887647193908,0.17312424517312966,-0.4278126574014491,-0.41232626795965577
-1.1456150887145031,0.8989278194885912,1.7789225859135394,0.35781223381857685,0.04718726077121715
1.7169824259237623,0.8541802837677868,0.22816493801342747,-0.81457407215555,-0.39074160300671645
1.0676029171125894,1.43384413479899,1.329584677747586,-0.5476464441195538,-0.9102164143184771
0.38522182091505464,-1.1454984396437529,1.4241510598766836,-0.020185042713198917,-0.05989631321057755
-0.37544361400375403,-0.8749799040027458,0.09949847096525836,-0.8613890680039539,0.2573138603443104
-0.19310218868924073,1.0080970426014937,-0.7106138907347199,-0.5541786878276697,1.4908726202462885
0.6070588117174883,-0.18498071490076196,-0.6796304891115951,-0.6939322390516945,-0.41131197562211447
0.10801376741729775,1.461952772713956,-0.17529498435158428,-1.483827981286888,-1.5599124179317012
-0.030095233085976815,-0.30834356885793573,0.4789123598930951,-0.39599643682586166,1.1926022797743787
-0.9150574543153215,0.6976971328684747,0.7317641483328653,-0.012510823845988254,-0.50822034048859
-0.404716359096111,1.0136942606210524,0.647621123331106,0.05259869892645071,0.07999735451899026
-0.8011523391681437,-1.251963481334191,0.6462879487851155,0.17878759339246297,1.4376586481325762
0.7175097445633227,-1.2012487499194586,2.442826707559714,0.48836215319147397,0.5009362180945688
0.37312264277439405,0.7324016049072614,-1.764614265200025,-0.10092890681801467,-1.1618991212786496
2.162541611266902,1.6842402306127706,0.4224959961274615,-0.5485332421808374,-1.1336652602952402
-0.9564814306255144,-0.9422099676375947,-2.05255973721133,-1.004048605579543,-0.5850863588899013
-0.8898402583352665,-0.10121939855278014,1.8988751908758625,-1.1368423257537341,0.6165677140107367
-1.4362745749670693,0.47132702585711983,-0.7463996558461294,0.22380867736574264,-0.7165906349294966
-2.0237692745366505,-1.6904087444341307,0.8529760516350591,-2.0187869763611674,-0.06955522304823603
-1.839330751526213,0.6440638209930732,0.5614693403918557,-1.7112727219685477,-0.11236890133603579
-2.883456880832477,1.1921727066541699,-0.05353664584914478,0.7489937911787551,-1.0737607395090647
-0.4097347684832278,0.4266624867522928,0.8933405084264843,-1.8886987626965286,0.12109070183770101
-0.5305040568536734,-0.7640289844211087,-0.2523590068947196,0.5604985962279365,-1.0935789248258647
-0.8664121558509378,-0.4195262960450804,1.5810660446451192,0.8942813917796503,1.803493409072609
1.6558450711523072,1.5155334077631026,-0.2851981637897065,0.4586834771697946,-0.4112806298290599
0.9893923818810946,-1.3984078586393185,-0.9364860564625606,0.6832509418430718,0.018588420131476886
-0.26485293179728636,-0.09508297564517192,0.3088296757403482,0.6610396345376525,0.5654920336549045
-0.4608069745216928,0.43432186309114706,-1.6349245801237022,1.548145879528708,0.7543845611875933
-1.727776148273154,0.7863998453401394,-0.2930773838243232,-0.3606497162367236,-1.3750252663005473
-0.34869736645063004,2.7898283503047723,-0.3476296316902911,-1.004943650015714,0.0921898173331975
0.5171047309642551,-0.481332583529035,0.17691358959568576,0.10449887595639128,-0.8941417723335587
0.34769225447748153,0.6575782723579738,-0.7437585160543707,1.7011743463602127,1.1249612793628003
0.8555621541794244,0.9886163159471397,-2.11981066759339,-0.9905293840707604,0.30540229106558187
-1.2431063504147835,0.1109741420372292,0.6296654452606062,-1.1142111297502837,0.1474605045873641
2.0218986538489294,-1.582796603963801,-0.10619320604511669,-0.30378676298032165,1.130976911153069
0.6318803237920956,1.0787077222921408,-0.9990540263099077,0.5517002714454237,-1.0090173787847145
-0.5789324504501363,0.5302719814275377,-1.7025219315812883,-0.744031310786038,1.630339933252833
-1.962284873493671,-0.9946076158170339,0.8772825305824676,0.8433855183521103,-0.07404119998924442
1.7361775546922742,-1.5331845455871205,0.012422173771450508,-0.15613770085291218,1.3900487712521934
-2.888796502952355,-1.1524503581945174,-1.1568445803046277,-0.535979301394986,0.5302323865148988
-1.1682916121871845,1.1789565189912954,-0.12213283426567159,1.8883525138831727,0.10236920311467533
0.9143745936671399,-1.3465234275263003,0.32533924032627193,-0.2800047162194758,-0.027937147159627185
0.02519153254734188,0.7029992467527254,1.1198400037947476,-0.39510542853320924,-1.3496341244523873
0.6966039812255589,1.0392705153619257,0.4978256513332302,-0.14459595940034528,0.3244146154769761
-0.6951216260328447,0.35162035461172503,1.729916492103102,0.29006579347249295,-0.11375385017143697
-2.771878569313105,1.3665608590575051,-0.8058683948419892,0.5603428957936156,1.411225953716431
-0.2998296323523605,-0.02315076377884253,0.7061120976201727,-0.5636781010459216,0.09454035779343559
-0.002016370617240059,1.518344551796863,-0.46402880507172123,2.44673654378803,0.6956477144835111
0.055994934764158774,1.4608703069918634,-0.46445192636337373,0.19009474716139557,-0.19513426501157538
-1.8752309332606336,-2.6639559803074677,-1.1976336266389827,-0.8883026673159328,-0.1608891464185271
-0.16390140317140223,-0.14221933068534173,0.8250798528270797,-1.9306281632632096,-0.6496959361581917
-0.8045949207119253,-0.8721955557726218,0.6754570183588741,1.355490447007108,-0.3606130647339199
0.8992658768663103,-0.13164685702081605,0.20041236548560937,-1.6343587113948264,-1.341384819857036
1.0336729551890067,0.5606725585468145,-1.5300451645796462,-0.9820851773530985,0.6715391318600916
-0.009548262320503894,-1.5699243210800948,-0.583633520389638,0.9591152943218052,0.5063793015864007
-0.25700200858854805,-0.4055864350697359,-0.3222566199828745,-0.9303127474504652,-2.732824025184013
0.12087786881137509,-0.682478069437686,-0.636660731794161,1.3341462533937838,0.5874492300327953
-0.4935605039427148,-0.49128319587556973,-1.0602843100426809,0.10271182332056293,-0.46534822019443506
0.6539558245121752,-0.9297224207376089,-0.8652657283157995,1.5167029525840552,1.582979817675282
-0.695558519043059,-0.4188208149865042,-1.0822962626005235,-1.1345431583211363,-1.4414706331123792
0.2768955441207421,-0.4744538255068348,1.8359769168679974,0.6021655943143449,-2.651688132446529
-0.20768859385917354,-0.8183225620058527,-0.037431943719829955,0.30548824387454065,0.8737315345787595
-1.4781126606150428,-0.088399814994806,-0.31799019342546103,-0.7537243597838622,-0.17732723161555322
-0.4102512698049793,0.02145791898568609,-1.1972793612025066,-1.2129804575368617,0.7407618091895474
-2.0066279380236383,1.0970574903413135,-1.2232677717461191,0.2505375750483677,-1.0836054551891328
0.20656494162351324,-0.8468853306627327,-0.46997018295611165,-0.7027297855753222,-0.5524420600171412
-0.9321183106286699,0.49736417006402955,1.3405341975968332,-0.3814708194809295,0.6978223190728428
-1.8050876746725586,-0.2977383147746672,0.5180284501993245,1.4953343001323363,0.6404585767788357
1.000541412273967,0.5661366371728394,-1.5648565048223935,0.5310787625231929,-1.6848301906966103
-0.3445957803184574,0.2704169064212538,-0.36956349079057516,0.49606568835968523,-0.6303422168107466
0.26217064253825745,0.846560204802344,-1.3893299419214367,0.12441972009990902,0.8512048899519393
-1.296473652964226,-0.8819909405202976,-0.8178978846202284,0.06272376913041865,0.38386212289580846
0.2872662919486456,-0.26647929133659837,1.3383470983991772,1.7094902399517682,0.25848930356185396
-1.0005758316975204,-0.7835800251414327,-0.08528457182344715,-2.2466966839740503,0.6362403223065354
0.611511090122236,-0.42965085479693316,-0.2919929519548929,1.3826656313359726,-2.0227679597412354
0.5312006007696841,-0.6903838683856564,0.7529960262241933,-0.7072594599991179,-0.03617404092547113
-2.0810861826647584,1.029780491049002,-1.2646464053518656,-0.3368768648792451,-0.38038784950756105
-0.7381095278690033,0.16111831766155854,-0.11885779478426742,-1.1811245232890792,-0.7014423646443936
0.523684248558778,0.6280032348972319,1.564576179045294,-0.3856437190208006,-0.30097925793252517
0.13048994740480419,-0.830951117755103,-0.9266689754080125,-0.08889491902784359,0.3383409238419916
-0.13080869262024575,0.10599131580719856,-0.5410365043072063,0.7062555483419175,0.19063611198425545
-1.118933169021257,0.24974284616796255,-0.5898044171230548,-0.07968702996080582,-1.0870977877111327
-0.9517578314997629,2.7001780432136986,0.10234049262419856,1.2224701502897315,1.9836769385320638
0.2240976933067625,-0.5155643575189925,0.1620182120690963,-0.2820947940167444,-0.11865788003555763
-0.8105067824525238,0.6034255025485414,0.8553951021229852,1.9819494532301436,-0.9506028106485764
0.6806187972879734,-0.21678882087848825,-0.8523034301674596,0.6003935357845233,-2.3539648815488925
-0.6625871177691002,-0.9790835913709584,1.1063794684049706,-0.0424473219223346,-0.9455860513461358
1.0075788785970066,-0.138302648276732,-0.1689271247293041,0.6117793983809198,-0.39353795132622627
-0.37977257766040773,0.7616988498709454,-0.04916829294960742,1.2556964364152945,0.08021383144815486
1.289180188119866,0.21861222526174084,-2.889061113237947,0.5350410926795076,0.1986697765383659
0.5897448773538616,0.37320663277842747,0.6832036019379023,0.3497155496156438,-1.2182774788319335
0.5536634812727828,-2.31882763650711,2.2087850936885136,0.49423121702518463,-0.21887713528186378
-0.1460748369971014,-1.2644583768963893,0.29312860738651425,-0.09973966412411228,1.908556050359727
0.3932723479330979,0.09811595448652596,0.7532140463802675,1.0497637494618133,-0.768845755942016
-1.0183219163461545,-1.0790104879795173,-0.07688786202818025,0.12681289726419825,1.438665418418747
-0.09644871877184849,0.44656019845146555,0.5762818168664064,0.5082446396880409,0.5618077146021073
0.43965669197402774,-0.5720517844368124,0.6850564726777392,-0.8836321292907626,-1.0251001292672641
1.174534091415011,-0.42795556006878555,1.6423806983577267,1.2259032576456328,-0.31417513833662963
1.8563163491702084,-0.06654430292302825,-0.9854357909005744,1.422581830920525,-0.2653039722349872
0.3824286832606433,1.2522992786914593,0.3137452676565445,2.3042576084178035,-1.2283985042162755
0.9143266397930677,-1.3118726096211937,1.7920027286140372,0.4206036346456375,1.8085535855906734
-1.7086492153195396,0.5477658342481083,1.8743319680307666,-0.564588924894364,-1.0631786988402974
-0.4153398580705415,-1.3960523717845414,-0.9175784606947813,-1.1208016123116937,1.19255042533764
-0.22785634306336275,-0.41715118175459437,1.328687804795048,-0.1585824110891171,2.613804914878015
-1.1916533232333395,0.4833245177041932,0.5222588753086286,0.5629093971714377,-0.01590601717486393
1.0894077357982161,-0.2649335621698761,0.20785533797863873,0.22293692662465228,1.660087233187804
0.216201781878167,0.26592230072189255,0.19817557930621568,0.24996130233142455,-0.964775106271583
1.6206507538782007,-0.7199407488521421,0.5989887243028333,-0.5193777827031726,-0.4107619975174396
-0.2874789081036326,0.6240013573361339,1.4607117359437423,-0.27568208213497053,2.1278978089787555
-0.9538624819711865,0.8355201917820395,0.9195876461319255,2.4309478454209645,0.16813039533384044
1.5275853709400755,0.5437804880997025,1.8526509120355512,-0.5946243056804045,0.074450397867011
-1.6392634097775503,0.6198238648844054,-1.3097207653571021,-2.9363764707534004,-0.14401871994375956
0.7125002453774477,0.4255114327442751,-1.136179674021087,-2.8682218667470414,2.2398088668999554
-1.3234030044600427,1.042988103351552,0.3657043333632963,1.0891822325777634,-2.014046610382344
-0.196155617186116,1.7574238736806649,0.29595592026082634,0.7816980868633624,0.11295945663523861
0.07499123062738353,-1.1037238793052033,0.6376113606798728,-0.8037178299623388,0.259643740535113
-0.12643583557494373,-0.10848437835663136,0.8332964903034793,0.23583898810816115,0.06340890608373864
1.6575664791125848,0.8738505767440391,0.21977838543523864,0.9904161272039992,-1.4289522075354626
-0.5974719568125589,-0.674547102967722,0.1168621300375374,-0.09827255843867275,0.1852943107889972
-0.7441982263088738,-0.3123513986972362,-0.5152108354249154,-0.29499338068511166,0.2593066685159198
-1.2779811264570498,-0.22058167877895402,0.3142841532540614,0.12796467810674134,-0.06611581591403418
0.15645774144674357,0.3422805019714935,0.7001659038579704,0.5342457084387013,-0.15986243618373433
1.8748321122685856,-1.9766913767340284,1.2601297176725,0.8890736031216973,-1.394122586285059
0.9245468906036839,-0.28105681987050174,0.24792241824699898,-0.12617751250231696,-0.6001774747012718
-0.4355861232882563,-0.15883228423224624,0.50189623155354,-1.3545914587673944,-1.7149278453571075
-0.23072014634996812,-0.29833610116191167,0.37731887660689106,1.152674877104857,-0.7662076864506454
1.6773374085629078,1.3539375050721696,-0.9409296909304388,1.4932603519675938,0.5450957981448321
-0.41317574168764415,-0.6124784614624561,-0.628834338799237,-0.8293474898183162,-0.1674543650602835
-0.9341104843996406,0.1612284518780242,-0.9656138314789291,1.592001193102984,-0.012355814348026552
0.7058481075245111,1.386415156830386,-1.4181530445682757,0.42996295751937874,-0.8102246855758132
-0.3387081959741226,-1.8848329668458212,2.549648699493176,0.5920248949931767,0.305913634895558
-0.3327761673556818,1.5705929834088042,-0.656501175495626,0.060457889013500236,0.19324286486821576
0.18981039491576754,0.6128663290473669,0.5063572553726665,0.40845970483658595,-1.1124925791214908
-1.5148204108530208,-0.22295220184472153,0.05922586565130478,-0.4842157026345314,-0.35878351539279985
0.3751353373964406,-0.217808911602529,-1.121756471134561,0.28634846346935544,-1.2897514423766605
-0.13435471473708827,1.004798688840243,0.3956988816775541,0.35141220163244513,-0.779868187903123
-0.6363548060545762,-0.6302668362070544,-0.17544251119044912,-0.5913910563803098,-1.7790744639110474
1.1064837478435183,-1.4162123429527007,-0.3920589145539904,1.2265756863916322,0.4488266226810966
0.18929228446791688,-0.0235029012689337,0.5416739643797513,1.1741509377094226,0.47901371824288147
-0.9813001450897606,0.06458571079314844,1.3926906817681397,-1.2599821525608677,0.22340821831452756
-0.8925734506018538,-0.7339257362031549,0.2790941458199137,-0.9889731951830637,0.5808445822645342
-0.6197349086702282,-0.11814458248637981,-0.13914990945645217,-0.41595540225311206,0.5269773421598439
-0.32430577675878586,-0.17634588458419784,-0.5463359867493418,-1.1337659007329604,-0.7654455121595908
-0.17590534158406995,-1.873793978427047,-0.2512740722136299,-1.1985473619145732,-1.9560136324066821
0.8907943792624424,-1.7268592789816886,-1.0525739592222063,1.6686668823913129,0.12928304529311807
1.6546171580495415,0.4298741884444359,0.13760295145435264,-0.6913711154886769,-0.2089877858670074
1.6529443493759597,1.5611549919470353,-0.848003476394321,0.9863652026994852,0.3576114600607347
0.0317504069733205,-0.7832978969915281,1.4984118032359925,-0.2811024534905256,-0.2508677086442592
-0.1323067178201279,0.7383411363901804,-0.2201440467988757,-0.8857899704396164,1.3158088894125473
-0.11341393825816122,-0.3889221942938133,-2.535201713377402,-0.7695305706521802,1.0557004750286272
0.808285199446657,1.6290826834149033,1.7732306323712657,-1.104880529253707,0.6554385724693281
-0.1740564710250339,0.3002928695845123,0.2545517978745021,-0.27192629472672003,0.09707227626183565
-0.08937756079308508,0.17306899004264495,1.85551840673213e-05,-0.14701056586243655,-1.188737910459347
-0.9132434650776239,-0.36445714578136224,0.7670124225169009,0.9292339385204365,0.3236279847278243
1.086343112706136,-0.4917927815502905,1.438835136026182,-0.9589318425177317,-0.8751599248038504
0.31858541961487097,1.611686358679255,0.45074692023066976,-0.08910718081009121,1.3515687461330668
-1.014084137056315,0.2785091729419077,0.6751293705079514,-0.4025886926180067,1.4843155312705163
-1.2415121936274727,-1.1264831525297663,0.8418669134282644,1.1138810109616564,0.75170955632661
-2.420693304343141,0.09455043861850478,0.4863288062567586,0.07681054175734714,-0.8558201777679716
0.6975054710428874,-0.7195065863572495,-1.9814913909699163,2.28555850671314,2.453582270882989
-0.2718136879956421,1.4039111342288388,0.9353513096602403,-0.7522837023410177,-0.5400912935891291
0.5958848684658313,1.2413114498317226,-0.7838334931194132,0.19817591324945133,0.49971903035610016
0.6754456192500827,-1.348596222949071,0.4651472247965273,1.011513532960919,2.398308847098489
0.11844067209756308,-1.740998364327428,0.1522912432513955,1.2337320960295195,-0.17658077818602747
-1.1183672967467455,-0.15534810844564467,0.3589577093726998,1.0266323680350902,0.4734447380232464
1.2129613149276646,-1.2068392421505847,0.9233814774492745,-0.10197088063728282,-0.8811258998833149
-0.25588361566066625,-0.06017417822227496,-0.20036998262322714,-0.13582551132473517,-0.44462471273459164
0.6309536417637575,0.06653920836794783,0.5373270928531941,1.0038759777064559,0.28489911888420966
0.19768520618432497,-0.2994575157184916,1.4718086105898938,0.19529832257363047,0.3259719385739894
0.4162213253450853,-0.6113020197362745,1.425334801977718,0.20822921925762597,0.9110599602792901
0.346307147464844,0.9547815055667214,-0.11492278646892025,0.7121843030075047,-1.9365289091787097
1.3973562824185473,0.5868508768707456,0.3747993463932245,0.6028738766971937,0.4193423928007006
1.591052784308644,-1.4996199490376785,-1.4607838326893583,-1.3517248570227947,2.33564595362411
0.052574313336614685,-1.2458397579312241,1.0045058202579855,-0.11308380565605113,0.9523237005724942
0.7812052902717249,1.2705218568313297,-0.6445739638420875,-0.46765339198300016,0.22127000401983002
0.4146063171594574,-0.7314930873575264,0.27690573947680147,-0.8122992758493021,0.5708367480903929
-1.4986166729991919,0.8628445717925206,0.6148720310068139,0.2357215966217969,0.47461216190605376
-1.5158158609916672,1.115907064468959,0.6963180294325227,0.5723340341518446,0.20782149870026195
0.3499040686862363,0.24732262581002612,-1.8966739960774257,-1.5570798088047526,-1.3001491353618582
-0.6855003058004763,-0.8319675922787723,1.0315409922180347,0.3367077090881363,-1.361965809433987
1.5449200612002223,-0.37909967564093544,-0.8571483203985777,-0.027279188398377056,0.8444033381660264
-0.5258004338154825,-1.0348285606150835,-0.5975523769627757,0.863316777436802,-1.5392786120896265
-0.11196783369967447,-0.5969914738079112,-0.16756660288430078,-1.5098270262587055,-1.0470199032217855
0.9581626488600847,0.13350389221857029,0.5653537923743697,0.3689739382082657,1.585457217448101
-0.940742753685784,0.2252829878049168,-0.28024616700266713,-0.43210206079480057,-0.39792934483508574
0.5501316528489363,-2.1564448444148243,1.7831311037641713,-0.4741844092292089,1.0005484400140097
0.08032842748420467,-0.11792437595930122,0.16261263330092032,0.08684189990230724,-0.09901980891768525
0.3474201984955697,-1.2109746439078908,1.452592511303647,0.284691416757309,0.8571951670894136
-0.7266432569050156,-2.2955488187139315,0.0039902449931610035,0.5177122164409629,-0.508494356075487
0.7848577404206426,1.8716407389070264,0.35626423773361177,1.5599633344425743,-1.9921065256143482
0.3386758228087485,-0.19461306860326977,0.10084634538557191,-0.2783898213671832,-0.41762992109292973
0.04917831934640284,-0.831551589843481,0.6056887301009605,-1.3578710966111829,0.3727697878481238
-1.1765748658933919,0.285306400975427,-0.6097810917287309,1.7506618672251735,-0.8519615023401202
-0.7046078254091126,0.4018507465047168,0.1459828974748399,0.4563290768487806,0.3689412576521977
-0.7285177727941521,-0.04777548074964847,0.6051379022994829,-1.5650790428036505,1.0454577395905076
1.3725594440185371,0.9200430946682218,-0.22076356177014642,0.16686976513217658,-1.2130668526376838
-0.19443953163680164,-0.2482476813903332,-0.419756507984543,-0.7690418526245665,3.211060470126932
-2.154359252491481,-0.6109149690473684,0.8445639598102058,-1.1294835693543497,-0.2421953576718689
1.1864585213029986,0.06777156517393636,-0.5640084068512108,0.9190564643733925,0.318481527006013
-0.5646935107335173,0.6458172961938453,-0.358015322103615,1.6519660551480504,-0.09933071797724422
-0.09636559249163318,-0.9701236253319973,0.4828138712673789,-0.811327233157174,0.7315975535268385
0.8279602666940277,1.1476263265487954,-0.03522619804688423,-1.4810568353454352,0.3462996987363089
1.1833838865681268,0.3940471089912011,-1.343017733962187,0.8700391348556757,-0.12967344153777208
-1.7092802720964506,-0.4828831030809584,0.24058646164558098,-1.2036916254338503,-1.533970850152217
-0.3758567250100342,0.06977342425106747,0.43330433131811397,2.744053199428639,1.3513494462399653
0.45850489113821713,-0.8602280061405547,0.22860985965045516,-0.7231245057307476,0.4534987682296647
0.1360528933533499,0.3206241866651544,-0.20607756344924888,1.2741383433962108,-0.15000774984470944
0.45028525763001553,0.7962626227972902,1.4590327170229889,-0.8804053634767853,1.0048439088452583
0.4043498624693096,0.01763429112956758,0.20504414398282364,-1.2262884535696619,0.1590848392562023
1.58916545324959,0.31947175858415666,-0.36236983481507373,1.0824216002037281,-0.7335038288112459
0.6156963615701362,0.1350781584897038,1.0642008755005126,2.1468040695531094,-1.6139595692053845
-1.303412035682341,0.1930176593977782,-0.21400773792028227,-1.345113129433761,0.7914190726279055
-2.6707243106393084,-1.0537075205776942,0.4962798524149292,1.9320059711860094,1.516922461014029
0.5563551415010628,-1.5176927470682482,0.005479166480709658,1.2659272159513069,0.37484581393933986
-0.03473888609143564,-0.06048179924481453,0.2727664877789856,1.6217434771746153,-0.3210319849162763
0.6116941303365638,0.02691677525367844,1.385493067983206,0.9648764770898315,1.439866856535447
0.5283771128326826,-0.269657943768701,-0.6389935200755377,0.9094490916524532,-0.8769862644643979
1.081429072371974,0.808896515775876,0.17875194563736646,-0.2692631684237254,-0.38702259110546633
-0.25409657897376786,0.2886160166074586,0.8046492732189737,0.5175934423495655,-0.32502711036003046
-0.2025113459731554,-0.8819547373179403,0.025793465225006206,-0.30372714920826605,0.5025231990830796
0.2227538210162299,0.5448647976082731,-0.9104971768599459,0.41044093774225504,-0.21715435556300428
0.919595897546083,0.4710830511411075,-1.4741018194213464,0.3618346312056817,0.288357509300669
-1.616708418478205,0.3716448680665956,-1.7892432747234388,-1.490808654485587,1.3221963976992035
-1.5555724009457506,-0.6912570268219862,0.41489457121593715,0.7115599922370948,1.7998660322218933
0.5233549544978703,-1.6746086061849332,1.3108561764376794,0.8969949096156656,-0.31269022228724236
0.015063518595320607,-0.4143162513252454,-0.5086091173420438,0.33152704559699725,-0.9999990018608516
0.9621071875346704,0.3300703040342664,1.2257032925374465,0.06761847258671998,-0.6289010495081192
-1.0768980381059983,0.714403239283236,-0.0437642545982261,1.1387994419429543,0.6271564287081801
-1.4439503032594776,2.7013905451868343,-1.4102177259838042,-0.5080504705450122,0.44681078775656347
0.13147408635229688,1.3744690209199202,1.025975382294159,-0.6010593374842926,1.8525920298423093
0.3494554147248693,0.3051230451299123,-1.7084846833876788,-0.9856032874448348,1.5093250656058514
0.7335145727975458,0.1262972826966699,-2.0219909953958806,0.352297623417239,0.0916764036198078
-0.048777669908833456,-1.0364945833797934,-0.07129138465560705,-0.0304403154342521,-0.2448689866702751
0.11952491488636383,1.1091120377421226,0.23374309732975515,-0.8471798019302428,-1.5977064096210263
0.6753850622994494,0.08117033611651592,-0.006830112836305992,2.481011186983399,-2.2347468494534057
-0.46911539330093954,0.5602057547911102,0.1703661511786716,-0.24685921968821337,0.7321853089500817
-1.0161921235257716,-0.1399989404143786,-0.4469750069191334,-0.9470118363358379,0.40036632392941807
-0.13318901112761355,-0.5109135863362391,0.6469482289579784,-0.36049348783222557,0.9824176681402722
0.6913336420059762,-0.7979599248996184,-0.9109754060996568,1.4636459089611245,-0.9858577140138226
-1.512590479368525,0.25008935050755793,0.6861757184025714,0.5259437892237037,0.0197437373796513
1.0724611838620504,0.8228002123445164,0.9533626129868475,-0.40297257527548147,0.8613401945605369
1.3622466271675626,-3.0785141610821447,0.2291358337072694,0.010816112553054915,-0.7821433108050359
-0.7670382967168166,-0.11046924511767137,-1.2058641123100238,-1.0413179549866303,0.27086322907496185
-0.443330638246342,-1.2076832328797682,-0.02182067364631396,0.20686681258027095,-1.348559246926395
0.4417751910427276,0.7739648487123268,-1.643702715876806,1.5896278194640663,-1.7379088784744992
-1.3229781416251691,0.5076413017888086,-1.1774102244203373,-1.4062426161438684,0.5148921656652982
-0.48466152783124555,0.3070966932128495,0.5398816828847868,0.36872204634069383,-0.5339503482415202
0.22827418379169379,0.3501761763660444,-0.5839709749363123,0.4346878753525231,0.8227212175449298
0.7054615718926069,0.005795694901824947,-0.515483615890324,-0.033952916113937456,3.3824139220358673
-0.4251369581301999,0.12259348380676963,0.5162610694596389,0.6585657743711939,-1.507110870562294
-1.2691367826423134,-0.8933981253701063,0.4202457185867861,-0.030814783579417027,0.6307581046306209
0.5432350358255129,-0.7329296132711967,1.1654517230704182,0.15448349630208175,-1.5635158388954524
-2.0258241930454384,-1.4271228349803509,0.10343041707086499,1.7151550568240557,-2.793786378699334
0.3474490459498976,0.30989420864602457,-0.5679069253686493,0.4714030962524084,0.9615941028959367
-0.47275595168795265,-1.8072235974878688,-0.7618451164595154,1.6465835999644465,1.6861654536509163
-0.6256348508218561,0.16614913556944988,1.0861787371723552,0.5506850209210236,-0.6912217781878568
-2.0162316050447746,0.8151955676429333,-0.3085381697151084,1.185947546800814,-1.2799269903389388
0.41208466601969407,-1.573107940106101,-0.25118743590525194,-0.4714391661858744,-0.05589803606267608
-1.195434331947591,0.03950486571029422,0.2902471135768886,1.6088866464667524,-0.7794614649147429
0.976437889303771,-0.60790740765564,2.000643957928329,-1.6493108651220127,0.6637036181601854
0.12359551102780163,-0.7654515316966874,-0.15395271683721193,1.100065852170758,0.6174506556312257
0.5480838653018878,0.1963192613903078,-1.4114671143694457,-0.9780371397567049,0.9228949146795883
-1.1643768406113937,0.14657431160628817,0.4165822271660881,0.7395794524751215,-2.170096244024504
0.8541769475850163,-0.5406526469671727,0.691926023552094,-1.2816350363063997,-0.10888083521998188
-0.004921053693558928,0.4885124828352062,-0.12108217190724084,-2.240357537916421,-0.5206375889497659
-0.300104556826019,0.15466291391068174,-1.5453350149841978,-0.34809694434756816,-1.517965310269242
-0.6543428246248034,-1.4624772452709436,-1.5117658521595363,-0.8615510028481138,-0.2519833271290676
-0.22825547985619127,1.5265581965519333,-1.301063553682819,0.2851104306131333,-0.9427747873888219
0.7414694182484198,0.46289521232482217,-0.6693417624019314,-1.1791365599030696,-1.2160353325189517
1.7592033061402912,0.13322045144315114,0.37970195278490776,-0.18167122610198716,0.4359572209199703
-0.29384738600232857,1.3753029945765753,-1.3873476647327532,1.7455757628584394,-0.943624585153205
0.7395892922443965,-0.08129559876249536,0.5131597246813746,0.41298415449379816,0.7491824402604642
-0.45530708659385555,1.56172630222344,0.15764675062828098,-1.647726168367855,0.8044945491437666
0.5946200414536967,2.388468287630232,-1.2842044515155704,0.762343230635524,1.779775944702858
0.5184415356094569,-0.8316484735406009,0.33909985884173277,0.6200135367263998,0.5819617235671349
-1.1732652251120719,-1.361216101651328,0.3501616485038982,0.7395365869820506,0.39728515865356
-0.9967609397214884,-0.6114783793317675,0.6629650336341792,1.3154302938350781,0.06353120422458738
0.6089187102932683,-1.9766150669153835,0.7653595913025315,-1.3472390153388467,1.7636482566291054
-0.33793499767462554,-1.2600453660730564,1.76215638773646,1.1110863446225312,-0.8664687511388874
-1.052236881242889,0.22377939483741421,0.6302556870972509,0.9985208231657094,-0.7703911577582461
-1.1788737983318531,-1.1095474083808032,-0.5229316374593871,-0.9550613438865602,-1.162327750795879
-1.4858964088322861,-1.3812757584654043,1.227707657007793,-0.12392734007526707,-0.5123890354083467
0.7187686010398762,-0.8783067661598274,1.582825966371019,0.7103000173193563,-0.582087675697373
0.5931773181745382,-0.4477050241684175,0.1564015033948502,-0.515610692234949,-0.6942072396563339
0.8698450182384235,-0.3462255760172351,1.9493631098511321,-0.07613867580027153,-0.38083165492633625
-0.9243893777809122,-0.6005328542220043,-1.2589557216638323,-0.44614816074506974,-1.3128440840159123
1.0000366583530025,1.651547815350531,-0.6966065634315504,-0.14931798280284825,-1.101544944560969
0.5695115363630491,0.5211009926200643,-1.8237936755298014,-1.0040478928975864,-0.7398011655105767
0.20913519169492478,-2.1046495288956244,0.07894255991462401,-0.012360178304063163,3.900594522441487
-0.6348302173217288,0.8990427137723078,1.1422339881163175,1.2711577326444727,-0.02300319970871461
-0.6550840344695648,-0.18700793456614995,0.3470458283893647,-0.76397853673282,0.08905698134572405
-0.4566930674291844,0.3124947065549998,1.6700996626236175,0.7209899539929169,0.6166063717064761
-0.1405939727586246,0.5555460037345512,0.6147154418290255,-0.5079559948785888,0.7133925488094075
0.13365085611580313,0.3694880874523505,-0.07289354725346688,1.0081646400247473,0.3430471452363171
0.1882216152945678,0.6852964264910282,-0.30290891074722054,0.05755887938477226,0.42849013186292717
0.11542101547488993,-1.0526545488269345,0.9652524211664831,-0.40917941032157107,0.34183315116022756
-1.9100917667356532,-0.09488339108890485,-0.40520158663194167,0.9884692947009619,-0.9752281943918049
-1.4730163518159511,-1.30579512145221,0.5053150729515503,-0.3448148117684806,0.001506806971896499
1.1660733559471232,0.1887921770300647,0.28788297152577313,-0.048773060649544196,1.2757198495801776
0.5676447153702663,0.7064201058461729,-1.669398847570687,-1.5610419599616188,-0.21147998361515757
-0.29517270025785547,-0.09978621010161451,0.6197284538400761,-2.095200627350348,0.8650303806782125
0.5865913680669437,-0.512394055133049,-0.8712397895661906,0.9737988685470435,1.2198839620323123
-0.05264962687065604,0.07210486240915386,1.138940197439297,1.0933263553176165,-0.13198067162545218
-0.5735244221710073,-0.42369391197959994,0.6349087421855101,0.8261742284935287,1.051880942253195
0.536474276626854,-0.007365447194523684,-0.8860547086939499,-0.23044670903824654,-1.6986609727208621
0.30252808966564376,1.0291917399557156,-0.48798052848987816,1.4720900982841842,-0.24213246268986216
-1.883129647560395,0.11971917483035628,1.2558548924616866,0.6584301977523169,2.2299724292042535
0.7029723069380229,-1.6043240633467029,-1.3063840706311522,-1.1884575614571369,-0.5576757767562087
0.2471704754564051,-0.5944801905512276,-0.782574387456116,1.015284009543246,-0.08468775612828455
2.247374481965177,-0.6862821977415402,1.5267116574246173,1.0946728686443237,-0.2051375244285399
-1.7043138617034437,1.723092570684574,-0.788602589334708,-0.6031149315145242,-0.7154489550971054
-0.5378503853245785,-1.1319269385887543,0.237727669704115,0.9881525778818719,0.8284639099988153
0.25307194197931465,-0.9683415660501755,1.02535160522461,-0.4141622539596807,0.9076133639581505
-0.4825696842361069,1.1314344353445283,0.08686916292116748,3.0065547129648365,0.010068248228534128
0.5015303747815734,0.23987768348258934,0.7123585000673529,-0.4570316377307718,-0.8724727689752704
-0.45841359657860814,-0.2838091230847026,-1.3395050570957532,0.7020757768898622,0.6468921489469415
-1.5010692034630637,-0.23382837916605698,-0.38309221649818037,2.2959774727088815,0.4517214679895273
-0.27962228417673396,0.9420698711464768,-0.7012064502992347,-1.0166944777990565,-1.20419440134002
0.12343696148356628,-0.6372027908057223,1.5042826366727957,1.5728369552113457,0.00039770025032081694
0.053566335120909504,-1.13422757696899,-0.9524854959072127,-1.6949704629713997,0.4805010137774943
1.8581969424023441,0.9758059432782001,0.4998867805522942,1.3282629070222958,-1.1652131215803638
0.06821579796365489,0.28607573731278735,0.1268108182273486,-0.6258418273225225,-0.7537532211951804
1.569287269235734,-0.6321143252783284,-0.7247420445674222,-0.6780664931408144,0.72704132307098
-0.054084836604282635,0.928927231750379,-0.9413252839209705,-0.969294028914422,0.8257784882982967
-0.18765345607643252,0.1189458103248446,-0.15417549921282417,-0.1604448860459939,0.2312691735413192
1.3139962813307435,-0.62468435274082,0.4240035839619011,-0.1732214301814168,-0.02821883092386935
-2.849510221926455,2.3194986255369665,0.4175262704715031,-0.5600830460165286,-0.15127206949846073
0.3446715908765684,1.391688505983464,0.39717440649047847,-1.5407689893836622,0.7332831576276813
-1.1125114990223386,0.8613322040607995,0.31606108478588746,0.361002853485256,-0.5107975985378393
-0.4074603249753394,0.8617997048909237,0.7162391914913775,-0.8349050110469042,0.018068262314708247
0.7094099513679958,-1.1862575097593038,-0.7142957443241578,0.2083842449755569,-1.186306419837017
-0.8842887532557064,2.006048306695194,-0.21614701866642155,2.8257664856639644,-1.0819560917055648
0.25643563272327763,-0.004523377441437716,-1.1282563910152095,-0.7972265507780839,0.4183206109585524
0.19095787301450126,-0.6762739934588774,-0.23385935491804613,1.218802159060593,1.4361791187956252
0.852409071426578,-0.6361439368397974,-0.6446161379970304,-0.5203576341294326,-0.34588153982738545
-0.9723222958490936,-1.0237889160779856,1.0999682889698799,-3.2267397427050994,-0.5052503834757678
1.1722345378157397,-0.3260859380715197,-0.557204726642589,-0.5579418695158073,0.1708551257360215
-1.0108758014139938,-1.5037413653063938,-0.36743046865921863,1.12625875665972,0.17221398164141363
-0.12684209544385647,-0.09849614644555088,-0.07150943534662481,-1.1470553469129159,-0.21756802089515329
1.360213488370032,-0.3502061626948221,-0.0925896163653369,1.1404395935413438,-0.6947625966397064
0.24646640185372973,-1.76378384576739,-0.4006647312661591,-0.74103890387882,-0.6200492506791029
0.7271896338689612,-0.9328556028941204,-0.008986986318491487,-1.0017148182152849,-0.06910113583566273
-0.8533745812531933,1.2889953702648407,-0.7283052654617945,1.427670715240909,0.18366053494954604
-0.8635394597966717,1.3324282586676004,-0.7244499877422593,-1.480021446933689,0.5980934809260056
1.3980383777542527,-0.21564377640471794,-1.5968191940251324,1.4342898945761446,0.24067288227829506
-0.004009293023818369,-0.5897883793799183,-1.8436376987350662,1.0644072322055727,0.13819478773436608
-0.640596011062971,-0.19981393487957355,-1.6722217942045794,-0.5347125853132043,0.34893649143228306
-0.6998981374689289,-1.1131218560805511,0.32213548249397345,0.5589945728779027,1.6990830563114738
-1.8377875400074084,1.5982098805963079,-0.0320195044970215,1.4032771223604292,1.149904028205688
-0.14412318898891371,-0.41765908025835075,1.3893810215569353,0.08852397117766161,-1.0272667495840213
-0.37841177369012136,0.23590496862792018,-1.615470804397715,0.12294786923409895,-0.31423940727692873
0.31532223827160755,-1.170965062598792,-0.7518249269140694,-1.4280549104308218,-1.1329447487321418
0.1593266513397625,-1.0827260152110056,-0.9890959576386277,-0.6369311774720758,-0.7096647366676152
0.7253526855941173,-0.8975822750185181,2.2427798940673975,-0.9462846030703216,-1.6673131224856936
0.3856895300652919,0.7162024254328293,0.43270516053793956,-1.5768310355864226,-0.8307454058887453
-0.20365782054669346,-0.08490192279514519,-0.036621907495966194,1.2762497968035333,0.13148971810272694
-0.4192440757974207,-0.28479009981192865,0.17056840344500618,0.4559412534249336,-1.0123575117383659
0.06317139822492195,-0.17309548345765335,-0.030349563385324636,0.868160073841886,-0.197316532074105
1.3833258199782346,1.2215346227956185,-1.0502038818394566,-1.11552764858452,-0.8874008476476063
0.3898884265574597,0.8149854847337478,-0.8914780916472129,0.1902741304075595,0.6002853876698918
0.10627955725061657,-1.5189094319694736,0.3109341487313308,-0.8267229700079696,0.4906526004415386
-0.1403360155585653,0.16831946017857485,-0.625834439103365,-0.11393756311279953,1.2919624931550835
-1.6798160210604882,1.7596139400921167,0.19665666414905425,-0.4109158092668479,1.0246575034337417
-0.7681900197635554,1.8000412308335045,-0.27348032034136766,-0.040921697002643524,0.3917902966335955
-1.7151965085759044,-1.2251356278965866,1.2208530050270254,-0.09032061766131484,-0.6728607285389412
-0.09429926226785898,1.4160937652812997,-0.48239944918198613,-0.8226897171375912,1.4312434048446123
-1.0101063100153103,0.5971395649318249,0.6738921533758234,-0.1280358590315327,-0.4112123251756804
-1.2698407838397103,1.1267154850426666,1.266126124606052,0.7741526081538753,-0.23675064281591623
-0.13696072747120766,-0.3750535314234909,1.4802204980982447,-0.255220760025954,0.692483104864311
1.9546993598383353,-0.32126812978152075,-0.15602737918105264,-0.6027001467050814,-0.5918069339051564
-0.4665896751648086,0.2687935204868145,0.07574552230031016,0.33322158999414425,-2.011426049362145
-0.37583821504183235,0.4243195299568828,-1.2804019269962919,1.3181085410981979,-0.26022081985020146
0.851739845880022,-0.9843464788905006,-0.9310962421794423,-0.46375558797872174,1.3364311735577201
0.6820546339426982,-0.9580242837244444,1.3483041826804198,-2.1004665553796715,0.6290247622280297
-0.632492077791371,1.6567714679626395,-0.6762668777455276,0.3331599111299643,-0.027448433566145434
0.6978062425265307,0.04086668276319066,-0.3465289608612299,-1.4403073232102108,0.5173066347336245
-0.24884757012008069,-1.3937969354879631,-0.5089593088075061,-1.4179674748994389,0.6801147521904798
-0.7343532558243657,-1.2908305880367115,-0.07311721522317692,0.9150153301784271,-0.39159991559496593
-0.16174946004819654,-0.8526529521812709,0.5706142456188944,-0.4646750625570288,-1.6078771329672568
-1.0259527755792859,0.6000308290674601,-1.3348368117610139,-1.5983217822256262,0.6757357047384058
-1.0514534350374256,-0.8896664037166149,-1.2012637141647164,0.2121689180954871,-0.08373193643925594
0.31585355106059876,-0.6052148501374782,-1.6543515077566018,0.12952171087439188,0.2514397689385962
0.8682738671069871,-2.4732562017346225,0.3362822997275671,0.6739344258708748,-0.35081850884832794
0.01041358180781188,-1.1595673375675835,-0.42419473778486144,0.52992979596332,0.9948033106858352
0.5161116864330328,-0.5994192099273206,0.5415741043379902,-0.5367771404868685,-0.06398314144668445
-1.1230752535780772,-0.28143342401214044,0.8531196545065576,0.3062538496893305,-0.9924626711698252
-1.0481060093524557,-1.0000166044321264,-0.7969005625633939,-0.9326424341910633,-2.020271069872869
-1.3078461340852934,-0.442320189622385,0.4528142929408122,-2.1487477061067555,0.8106419262252506
-0.06660457493012917,-1.4496944246803285,0.6223857118622725,-1.073644622087747,-0.5690345692590558
1.168677299043458,-2.521917809789398,0.16319403320130724,-0.8681820568116627,-0.6258738434675678
-0.09151903893528247,0.2564408133161162,1.9565352500204618,0.9518457268967212,1.4197020322156468
-2.689274213147744,-0.11443147445154,-1.7004159087369828,0.9257535470381809,0.4153233152551783
-0.12555343249799467,-0.3627458712171487,1.7888692647585285,-0.1164375308467936,0.5137692950670738
-0.32848965214590725,-0.16320967150942314,-1.1204708466068323,1.1294714104357673,0.39928412282488185
0.09338437458746048,-0.5347683277323677,0.004555780863715776,1.1872913031758676,-0.9464012289991547
-1.4560298229046549,-1.4127002448021135,0.5887312933378869,0.061878671348575394,0.4341023317418528
-2.5578166961055193,0.13381527990588193,0.9924095663973507,-0.28314298916322483,-0.3523128171811931
-0.6613395032000003,0.3913918732093333,1.4294544716391477,-0.11630228920647966,1.2347416946276164
-0.788718382841105,-0.015975115081424674,-0.3255555166836455,-0.11573784674872106,-0.2741691881829678
1.4361335033625031,-0.38345314244700274,-1.139198939793725,0.26575912117175454,0.5348135185777605
-0.7409156230799829,0.3467265588618124,1.4291436643098079,1.3163461539664671,-1.526095350920279
-1.9391240018869265,-0.5462061083221827,-0.4293169095235537,0.7336861743986822,-1.5686240896747956
-0.7249130378204771,0.4247602952511553,-1.1763426715393963,-0.4356469240869449,0.6091834484804265
1.24489295453071,0.41959134094114553,1.959968585902583,0.12680416320625307,-1.3656756101446932
0.07140249001012093,-0.30463242704670956,0.8057725322144487,1.3924646399077296,0.027338368209096207
-0.03701155790540952,-0.3413454706197032,1.0018983604309482,-1.6513749492240992,-0.1544596166667263
-0.44869942888628744,-0.26012809409816495,-0.4140955877907583,-1.2793826876521364,-1.3661784330990805
1.2148103022197334,0.03934344531736281,0.4777602527250415,-0.12625350569719487,0.02352133791869214
0.988672242157661,0.6118208764882053,0.6192983986343812,-0.8389776291355052,0.3918932815776326
0.03867617854320511,-0.6520963054385706,1.633251576523814,-1.1335286016841954,-0.504554997158401
0.8049947505892944,0.6259829808355264,-0.04038742929014443,0.6518917126647255,0.4895372851442812
0.7866473756695852,0.08417830594909262,0.32701645439104265,-0.056243003614401474,0.5108375077592436
1.6022019943468475,0.8119676285636547,0.8267600988237384,0.0028025127692979696,-1.380713207386963
-0.861999378031151,0.7414353782022389,-1.4456076173825696,-0.6113304951450671,-0.28470988696291616
-0.10181760875114815,-0.5080064524760853,1.3747726000872225,1.5523630092043574,0.2775796247583313
-0.09001710436338123,1.70293711505889,-1.6228494333623835,2.013167341522251,-1.4788250676770571
0.041361747554549605,-1.2060778897434965,-0.5824696295917167,-0.04321033195180931,-1.7136982158312848
1.6925034594892856,0.5763572402834158,1.7165790349054724,-1.0492892344830262,-0.19842399082117726
0.07442023508303348,-0.43178883857506073,-0.8101976405515209,0.8530839087107146,-0.3716557143071391
-0.5750234988956721,-0.6399768129981022,0.06210840610661546,-1.0067619377173846,-1.0624654561624058
-1.5520186980607888,0.12839767195619092,-1.0192580024334124,-0.38537659611415287,-0.7055535960267166
-0.26738018530164037,0.8987201855197567,0.6301486031691832,-0.5817255101335964,0.9850322343542631
-0.15037974742813368,-0.6219618671982291,-0.513441601861166,-0.7576004777148297,1.945960821801409
-0.3669500098104149,1.7313330350208782,-0.080517113132123,-1.250821822073284,-0.7444874794129014
-0.6373970397697858,-0.2734288717902598,-0.06218682234969749,-0.5808501758507305,1.4260045781148314
2.0558196928275003,0.2662535180398496,0.070833850554339,0.006011572453167851,-0.00804253301123324
-0.9211601225303075,-1.8525430931112241,-0.07629475819321657,-0.21700075015451753,-1.275641510991388
-0.15746593450071916,-1.0501071668677313,-0.992148473500674,-0.6817994346471209,0.11835286848676264
-0.18645353090150613,-0.40487481477527126,0.2793041474460008,0.7510632042578842,0.18920374942258913
0.6647158459983971,0.2592357502078046,-0.6544620502005633,-1.4760667873152147,-0.6281807931395288
-0.10841845546328406,-0.02492323640631903,-0.02553867275442141,0.1587802212371233,-0.005470206356492789
-1.5051654348421786,0.7486853543258517,1.2365145199485341,1.19851649530286,-1.933935784102015
-1.6108220441331382,-1.6453886316116146,-0.6677642365981825,0.971710559193285,-0.8983992767208125
-0.7312126857639057,-1.5087311882755465,-0.2763223709606645,0.8338453964951301,0.3347319055522938
-1.4536454084955248,1.26497593727324,-2.1169450157496765,-0.20956658531672986,1.2577821606014488
-0.777370073800193,0.48013045855702524,-0.9717712625279521,0.684542771683541,-0.9137900258796582
-1.2504103695017337,-0.25213488896627684,-0.5501288325486924,-1.5909485443454758,2.2316024478911105
0.9137642089194872,0.43294496814061356,-1.0899231471977635,-0.952566143044663,0.7549203728460071
-0.1729929782621458,0.8462076931396938,-0.6651846529690977,-1.28018428839194,2.1787252380769404
0.8179211415209034,0.588160171247057,-0.4643300564452231,0.5682509638779069,1.0901888916735791
1.1063642334781836,0.0838417198252371,-1.173531451154375,0.3763445224877674,0.5066356788592277
0.9134419418999105,0.20928186322881567,-0.5382033666835426,0.7819548762920868,0.38133709943802807
0.7624668833759247,-1.882741702947898,0.18617843149737537,1.2795614865311649,0.22085704301376266
0.8273893565592693,-0.18439629234871993,0.40191194536195174,1.193573171499998,0.49685645803835704
1.8894171272697682,-1.4681443448747313,1.282417918486197,2.151990459765568,0.31362576779662044
-0.6771818896796555,0.4758263969809876,0.3511659569978983,0.8129494443461406,1.077729792899576
-1.3814758283603255,-0.3261093795584533,-0.9468932071708955,-0.5693989550704373,0.018424597934818796
1.4799359606880704,-0.40471199898801247,-1.7331423686592575,-0.1232262833534532,0.0643357606692051
1.413235463017644,0.13348198268736491,-0.7322645417964277,0.0037868246743871046,-0.1395439151899065
-0.4977426710023967,0.8167791353341676,1.1494182054577315,0.7614522710716441,-0.9686959798126409
-0.3411770213045972,0.7405006609679795,0.36573679464985226,-1.5863960207220995,-0.7954760069841923
-0.7790853435931929,-0.48996076446098263,-0.6373158212507093,0.3053476413515752,-0.6231820677797089
-0.6602053261850677,0.5540763683667671,1.338684135938355,-0.09850579726387816,0.08974181206595888
0.3926569035341203,-0.7084264891769904,1.2816623828434086,-0.4352903572818674,0.7923422893635109
-0.4095920575252262,-1.3058129450395766,-0.7356523778150269,-0.13068308367053563,-1.1654695595236713
-1.018965356265767,-0.22964631424337786,-0.9913850010556233,-0.25648497228592304,0.46044510609865463
-1.0069167961543746,-1.1810072572355423,-0.15260471855676952,0.03170671965110549,1.4674317544540578
-0.8784712982526057,0.695585041832895,0.8243659170298487,0.6345908887558925,1.0209136331228417
-0.602111823898307,-0.3722015038291741,0.22700598511485373,2.012397547229773,-0.6806194122615332
-1.4257301176370667,0.5070301160523343,-1.7980127130033021,-1.0618129526733244,0.10427718274973133
-0.022307031013868585,-1.2677875962770337,-1.8396024970976745,-2.2098322510083404,-1.4291498762427743
0.02908335128105069,-0.11648877503246599,0.22413976836375402,-1.5630170234394167,1.086899578106516
0.4357302322615806,0.8073399347392818,0.6184048093583979,2.475581831412055,-1.5973767053187617
0.3216243752143311,-0.22634545325247848,1.360454985712017,-1.076116403552744,1.2428992174159499
-0.391563194253808,-0.6690613435690983,1.5995618683507007,0.2933571095330694,-1.4585009887100668
-0.00834420941375979,1.180844026260588,0.6429783265861327,-0.07836066769122327,-0.4769396117813799
-0.8412986930809232,0.895145818424901,1.052675004672447,-1.3741938803104596,-0.25263983897366793
0.7580223102815246,1.9040777955402797,0.48092315202671726,1.698168371344369,1.3311657024871837
0.48064822455941514,-2.0443956916003168,1.2598241666791534,-0.7696055897146677,0.09222558088355774
-1.1529582656182469,2.2842438926129667,-0.45517398197629955,-0.11319428370017658,-2.0785342924336843
-0.9120096066075447,-0.04660968811427822,-0.7903446982490633,-0.7554133206202335,0.7778297065093036
2.5050565928913997,0.29517857771340245,0.17559960874421984,2.6034953918785266,0.6261672135657879
-1.8193718752033998,0.04506487190189996,0.8782236887496389,0.026314431955475864,-0.7595460509500782
1.841457185781654,0.8194853327393855,-1.007082266312685,-1.1757951063657168,-1.7005432130310334
-0.7565838456001548,0.36181467062604283,-0.5779378803773858,0.6151785880679537,0.5009631249095639
-0.06857323820676868,-1.0726403640346882,-0.33746649779329096,-0.6066552558804218,0.44040073954146497
-1.0860322368559532,0.5702690289823397,-2.113272064870275,0.11114923205761754,-1.3664324715099472
0.48747920172852544,-2.198408405803191,-0.31662377436386874,-2.8620260036668017,0.46708186654472184
-0.23008006756801325,-1.5538405447210635,0.9394155398095791,-1.0161634479675516,-0.7230669123205109
-0.8841359460637854,-0.8790416702200834,0.0948455816110406,0.45508549278523847,-0.38934649054596776
0.3738170031953444,1.6741801275409447,-0.28696868586598767,-0.09132999803641811,-0.45989649438561125
-0.2104195639541749,0.0639628517481858,0.04215075567942424,-0.5475040063033093,0.31062710024989987
0.8969668528157474,0.5027162546713421,1.9357361399213575,-0.0006200909339001689,0.1896305385932747
-0.7426747142862165,-0.036485061606910806,-0.5771519763681648,1.200383671886302,0.8531249522631125
0.8699764167952895,0.44483831543958946,-0.49961901750972115,1.4767197777471603,-0.277604963434596
-0.33540200797258274,0.47930923044476414,-0.7205144244848467,0.5733949690493535,-0.6722871597212704
1.0426924907496735,-0.6694698067344953,0.02609650868009368,1.138254242098831,-0.7972498431084764
0.025699570648074512,-1.8209317773858402,-1.1194325590549052,-0.5277813884348951,0.6318833618716042
-0.6208712282159361,0.9281876104900338,-1.265792730915787,-0.35326281467066867,0.2406074558579889
1.1131064898108434,1.5306473672482501,0.5181770014649668,-0.23021628338495906,-0.7179064229882418
