0.025976765747133146,-1.00799429194865,-0.2958791190187009,0.4927289641796292,-0.24331012678189534
0.5287971177977713,-1.322702532603486,1.8653038524199588,0.2780109712180983,1.3758025823981919
3.2259519326884623,2.2687983939669816,0.15248103638245994,0.33128983468364126,-0.16128429765612148
0.49446311143048144,-1.029090609047212,0.08165473209716725,1.5644789721652785,-0.2131506106660998
-0.81227766273668,-0.49940815403808686,-0.08303387896204113,0.18888161209535836,0.9836079380362601
0.013618409305230166,0.21877102472513063,1.0650244450224584,-0.24748282332574809,-2.043052788637579
0.4238992844476737,-1.2467533402510451,-0.35304106128530083,0.7529606806424721,-0.006012916577160795
-0.8089140948322925,-0.9958553843383056,0.20792080692147993,-0.7851560489972907,-1.602690207816528
-1.083743315905631,-0.5716713444269367,1.3900570914627968,-0.23487607011762449,-0.5099632794591806
0.06668546219841075,-0.13940895688481708,0.6375558170644681,-0.00762720768354565,-0.4573858984456611
1.0490613487232325,2.00789983179448,-1.105188189406201,-0.9947203098514659,0.2521037755782096
0.1449297735793755,0.4372824506068852,1.3058843638588962,-0.37658192257177053,0.11877635731487386
1.0876489271909164,-1.0272182643702,0.3965006043029606,0.6488892215342396,-1.8911351498490663
-1.0379616398391027,-0.7462805332176332,-0.7114761922356468,-0.6932931471332755,-0.5634715153466952
0.9188158685431658,1.238222183045589,1.8524789585484682,-1.5191064093849698,0.9863890973931809
0.4704994920769585,-0.4837576144518344,0.25197426132893924,0.9259328657475614,-1.2355231730531278
-0.671206430003793,-1.495284309190856,-1.080329766202178,1.2160421736391138,1.296573675795302
1.316668946418452,-2.011933865303909,-0.8538604852121344,2.2167291092544943,-1.3326766119007192
2.0745935787476277,-1.2940838292190155,-0.4508534555448835,0.9309805278630456,0.8002907568237738
0.309087743617746,-1.2912468994715467,-0.8039848815013176,0.9096310374706845,1.0149102028580403
-0.20612290281907752,-0.9433215371682303,-0.9553152977672829,1.047789852962995,-0.8579525747162251
-0.008524899364794235,1.2692948770837504,2.211094950912386,-0.6363248049236904,-0.863853836268939
-1.7824726994989866,0.10657136197370361,-0.25017935751493875,-0.4810385844310817,0.20577809834630909
-0.08901908525433398,0.4379025229692546,-1.1423558108674425,-1.9257573148663898,1.8150608698375212
0.9861931801883789,1.271684098094698,-0.8511535146482124,1.183537978051492,-0.10899672153306608
0.408024921219747,-1.5865507681480338,0.36174898870061345,0.3115855477950105,0.40723071015204937
1.0464316578489066,1.8908846808421214,-0.0876608744627736,-0.7631842682750198,-0.4252196512257145
0.6712303337659735,0.3545013295777789,1.4884110879572094,-0.9263249287037612,0.22008327490786772
-0.7566782576190584,0.19372781110142995,-0.9231622030688605,-0.04037498214842477,-0.8560411684942358
-0.782345314925877,-0.2855918694048578,0.7648913911425578,-0.7798837548677888,-1.1626511842047047
-0.6911647106856076,0.34933617731847083,-0.12520205827214284,0.6027488442059251,1.4465028668049735
-0.1026353706516514,1.7907262801081352,0.038993082469053655,-0.3355474478308928,-0.5121484721440491
1.918141793774011,0.9301684594621306,-1.436124892502823,-1.7558471934830573,-0.4956325690951299
0.8889782961220086,0.36707181051266957,-0.05056417800512104,1.146889076577669,0.38142381174396994
1.2544006081766748,1.2238488351451149,0.7326203638171502,1.4534141362920068,0.4027736331761409
-0.738529717003835,-0.1111618230404451,0.6094409498147599,-1.085192218419346,0.24578490266754546
0.4473402881779442,-1.1123171002135488,-1.1138038878109089,1.1150128271024966,-0.228319491925634
-0.6499589676730798,-0.5930644976429862,1.7964924826464055,1.9116216167018143,0.37366929906827867
1.640896564809834,0.518781557938812,-0.5578222475443613,0.2862016129696361,-1.4912566284202835
0.6464638565519742,0.9203935855393284,0.15543344944830678,-1.023760284698834,0.49805794151181365
-1.0816527162895202,0.022630863874200168,0.07152101039490845,1.4754003100794182,0.39313457118157863
-1.059707724452215,0.13664393589555845,0.3338809971808873,-1.3294804597680228,0.20961362397541006
0.1821617093482892,-0.17940226595068434,-0.5121105368427593,2.3943511972593603,1.702598255733477
1.2231491393419067,0.21560151203536163,1.8523273967763552,-1.7268737003450558,0.39030381408763243
1.5152204270684375,-1.7957717162477624,-0.46381759240115444,1.8856098642792616,-1.9678085206058398
-1.3232551275666407,0.09098580274928432,0.8607149325360133,-0.2222729401815502,-1.0246626366155402
0.9619118261911569,0.145872836326188,0.06988487882535302,-1.0771825450025634,0.678107616496152
-0.2703598009789914,-0.22826129333017303,0.7994368669270715,1.8053221066048373,0.6331836110907738
1.797126801329475,-0.5814339517757019,-0.5517061209566025,-0.8601851214539266,1.4141571385680676
0.2266190355232709,0.12596588368933215,-0.08069054319428305,0.5982497666392507,-0.2831163896194606
-1.7812019256419864,-0.23273070550880914,0.13008299281915,0.2266015844314576,0.13396537641670853
-0.07261850249000269,-1.4901303230996614,0.358147333853785,0.5081656898956971,0.643016314679776
0.9713686950824764,2.145946752940372,-0.049451091632531606,-0.8655759983089476,0.19273276520200563
0.11893967461914724,0.4153550052852373,-0.47977631691169165,-1.2612554350046976,0.9834309677338332
2.1618939302832647,-1.2863120424644712,-1.4444656176784283,-0.1546311512055096,-0.5505803400894961
1.373058427810023,0.8557873446389006,0.3941484773547398,0.7318611291228316,0.2530035795245941
0.36693324269345784,-0.6454234522617959,-1.5717392335917801,-0.8497311386479006,0.47206991542047094
1.681217527254784,0.8625493425763816,-0.4801353030800521,2.0815796899718753,-0.18366593400931053
-0.05898408247700123,2.5806364531724197,0.550710217756993,-0.3094309244551692,-1.2909692936497514
1.6160768613345997,0.3603089697138746,-0.6432593069867598,1.3504344721584869,-0.975476158907674
1.1528229670706427,-0.9123575957438108,-0.5424059249113298,0.365931674129584,-1.4115227670621846
-0.7481274971533555,-0.8311604512592936,-0.8972716192745145,1.2503652816858164,0.5510934754799001
-0.30080089630536516,0.6508819440684896,0.8472383369910963,-1.2126677563288337,1.807107089278922
-0.8108409860984047,-0.2545007561537059,0.47205614658633455,-0.6306275528134809,-1.0972757755748963
0.1384363644317012,-0.8184440799428213,1.185212633679391,0.06154354540277584,0.07317906742041405
-0.6046456504973323,0.13203678441319985,1.825700585411859,-0.04869718995672292,-1.3451649699909625
1.4915816140971347,0.09104268044901989,0.16781316992451525,-0.3499744855054197,1.3634090239312158
0.2718210248952872,0.39728282402200915,-0.7619238348259997,-0.07083942358850538,0.38519726481964195
-0.9973788029419148,0.055572260119477725,-1.1345958904402733,-0.9561800400611625,0.6968730924342779
0.6543786261951768,1.2544610380142331,0.2022527462913507,-0.5825143338112094,-2.090731334410775
0.6488270393906301,0.8782614821148268,0.4083300158584938,1.1885949214675655,0.12452798094132364
-0.1541259538918798,1.2209878447278417,-0.0038240550443703718,0.28943448953790457,-0.9391872826620015
1.4157026646211759,1.4197917760196648,-1.4303818774378942,0.6415468125256268,1.8970920042756616
0.1747755652238552,0.7409089853283853,-1.2196899848546194,0.737450304407018,0.18628876596182772
1.7930111806242885,-0.5164672703014958,0.028806608316231115,-0.7792158972950644,1.1788480767093716
0.20038687040557196,-0.3826368309117679,0.05688604208277625,0.34076251766954946,0.5544052564847676
-0.5871606682153901,0.9728313710301635,1.0127772210975279,-0.07675078834103856,-0.8246692087885774
0.4587678099247879,1.0295174030214125,0.977503478382032,1.9292066385164817,0.7668987363322466
0.13711872162813946,0.007965671809067027,-1.7803200876728875,1.5619369684221596,0.12403576434482402
0.2891739295596561,2.4728055932842254,0.5352561255876679,-0.04368862302991333,-1.2310144626383652
-0.17627198752880255,2.391173136777828,-0.5560506696635139,-1.1429888088638105,2.517529052160795
-0.957365238904829,-0.7926952888051316,0.043230898971761134,0.9159305907685665,1.0383482504127808
-1.6791750404720598,-0.4564134248879718,-0.9815151362873415,0.48079452860385624,0.7047838992952195
-0.8181444961179729,0.9072008130772805,-0.5047926617374321,-1.868941683777456,0.006147606547743422
-2.4281927296327077,-1.0146797793337359,1.305960854232451,-0.8700987428566501,2.2546190338676677
-0.8772475372599513,0.07319526544892423,0.6782543526405933,-1.1002963542630095,0.4691438470367715
-0.45177913746036125,1.6600560724081603,1.4873740528931045,0.022141967056409678,0.4167610592315996
-0.49704288923980394,-0.7744864212434573,1.7698701305416493,0.08076863612396644,0.8071379102397329
-1.3318594853846926,0.35428266696038285,0.523013491381551,-0.48792068201391964,0.1696663441986122
1.5876841407744353,0.13891606880134807,0.39521091194102864,2.0391528105140826,0.41992021817542596
0.4258158096645273,1.8905619115893344,-0.07708754974893764,1.017387587788335,-0.12639046442484753
1.0653245503436726,-1.1650763049115458,-0.5645544103248623,-0.29361313046342924,-0.8279253283170092
1.7867231512424933,-0.7555508460945087,-0.012043625754098225,0.536940590236513,-2.4232245664966356
0.5456203575599324,0.9366214493600048,-0.6448118930059977,-0.5523007236308687,1.100158098460794
0.21160288906508867,1.1684771588941794,-0.559591051796566,-0.7023348428165731,1.146002598749278
1.2205068364741327,1.464357865975068,1.228080774617669,0.16399446900536319,0.13306222817330307
-2.835148985342999,-1.7252748366369717,-1.8457468336612246,0.9482951360395522,0.6312009847653348
-0.11372358373958256,-2.0313528271939743,0.23107072838344045,1.402343223507395,-1.4897463310805907
-0.6334293089045696,1.2575230020943202,-0.28614668483073785,-2.2225522988682376,-0.6221360189895467
-0.3367274766819014,-0.3244488461788229,-1.4337703272079283,-0.35558718444070275,0.11197850123988332
0.5698317431314206,-0.0806934779631425,-0.3646252737193053,-1.3847924911244367,-0.13341757415621752
-0.3815311434745095,-0.6172412078548679,-0.681430907157342,-0.926487182009938,-0.6033408897506941
0.916937579160116,0.6239180700848419,1.2257529699876188,-0.4799935456519534,1.1138014840985384
0.520156532271597,-1.1624944355589133,-1.2337067336822214,0.13520022980883045,-0.9865300919630801
0.4664566393376081,-0.7249946803047889,-1.6773008302226728,0.6295955307462338,0.7309000985798793
-1.3498740515762775,-0.6311717371986786,-0.21460545100104364,-0.4615141678398309,0.9867121074856215
-1.480474111461782,-0.1353289053641022,-1.1519777546743475,-0.7767794114705151,-0.46844316471596364
0.05685178660640593,-1.8109631864716003,0.21544393575060422,0.17167811866296798,1.0142962959353259
-1.389335601141245,0.29397159718068944,-0.8448302007962641,2.100160792417643,-0.3546853266940954
0.5168442012213261,1.0177725742640882,-1.0337080434768675,1.4532059322518167,0.5258431452405907
-0.15483859052119728,-0.4614580385848222,1.0437050688959097,-0.2090363118277579,1.0234731749720625
0.1415683673046531,-0.6578959721201556,1.1036521320509771,0.07085462152469457,-0.5159420365062894
-0.6704063990930607,-1.29200493303019,-0.3619021329084052,-0.3066831176028861,1.3999070293869884
-0.3327771147260689,-1.4322665509528028,-1.3921056714676538,1.5495652979705974,0.1193788154114835
-1.8929109352738984,-0.6900825430486686,-0.4508321771669187,0.20217814408945053,0.8242406239115815
-0.7750108971161038,0.041109642574241774,-0.6487437575293518,-0.007959517840763573,-0.3480178241796835
-1.0776504796844104,-2.6856854704607827,0.5800305500112938,-0.3847987244637304,0.567057583098149
1.2709455974304795,-2.158119587381395,0.6888774237072697,1.5516313427886792,-1.575142728403559
-0.39318276894764775,-0.3520175025260958,0.5087752547704533,0.4454922331536539,1.8856288024580765
0.12337701098915972,-1.5249959800877668,-0.9058259865396515,1.3675227904340148,1.7924124133877597
1.5197538553449677,1.2392074105348112,-0.20443428171565434,-0.04053505532895345,0.4082427043165333
0.11007885378502681,0.5880036334708303,-1.8768853693890006,-0.6538615389330678,-0.7078257672944744
-1.6724478007098238,-0.6525288793121748,-0.6328791385375067,-1.444846005466406,0.8429466533059974
-0.9082298778782456,0.8537965092347539,0.22787011420745648,0.3402397523168403,1.8374974632466559
0.27151081180578385,-0.5117323360293615,-0.637579505325885,0.5565949994304324,0.12188319341153532
1.172820896764743,0.1642481157818038,1.1163048633495578,-0.13219470138916706,-0.7798836821741756
-0.8077117726224555,0.7835875234207181,1.3102167424188143,-1.2548799484338296,0.775356045222093
-0.9288344551323939,1.0265253133595333,-0.028122509065366997,0.11671518394498519,-1.1410734712098032
1.4246520244048477,0.37538719047721403,0.588695734205286,-1.064813425227866,-0.14311846584276075
0.5314540131562866,0.19364718975625514,0.6839144273983531,1.1958938019141097,-1.5122029440949227
1.065871449419195,1.0628320943964742,-0.4343288469549709,-0.5850145995502967,0.837862508782285
-0.019558510651945006,1.4408928598671153,0.24511061012545068,0.8631450952615904,-0.170435242605151
-0.8947249428665359,1.749664315452846,0.3140663351509306,1.3828657892257674,-1.7225286761913934
-1.1177654210067312,-1.3628730379910856,1.780761634920767,-1.9267917423687158,1.1123806570493406
-1.0644118743888424,0.016780217573263957,0.6734930566471984,-1.4957832918438327,-0.7212702694273597
-0.4198145264172716,-0.7268831575323127,0.5389156649982294,-0.029372194477647703,0.6322325397273592
-0.2835525714614822,1.6031084721473485,-0.32692859056841395,0.9202924125491325,0.25122523655788376
-0.13238222742223535,-0.531167331296835,-0.18386250885195074,-1.5985933728685149,0.32209462737704364
1.353927816001646,-1.370681307354278,1.0725075345531017,0.6530005189775523,0.18008492980954394
1.704247210127679,-0.867562332856793,-0.4030929883116282,-0.3652625242446288,0.24382480306290127
-1.2319440119678207,-1.6302399926880033,-1.423729441914767,-0.08653997133593454,-0.49811976469859515
0.9041411516644872,-1.168880697671124,2.202462854677743,0.38915655135461574,0.9838811565655927
-1.6244989770745446,-0.07667374785675973,-0.332028955995215,-1.0019482026337232,-1.062316237798617
1.7327157773751591,-0.7525415192517994,0.8179053227373926,0.47870244478097046,0.6243898181137255
-0.06457796132358747,-1.6730769076694452,0.9695804690727428,-0.8737291180269552,0.07244626632017159
0.06588945948333787,0.11547801947395286,0.5517017393854153,0.2085365057993706,-1.5094351921111082
-1.6769788445709715,0.9995960729032941,0.26831752299805695,0.018736940881222505,0.34145245748073805
-0.9469180405502279,-1.269111112507208,1.728744451576295,-0.05807262882120497,-0.6149058829601712
1.760166223439303,0.03479035177548848,0.4288790552048443,0.14288047734003673,2.033344388143592
0.5338513377133478,0.7900026188508169,-0.20020455472481508,-1.3688646186808913,0.4036032415591419
-0.9718165336986778,0.6132250770266878,-0.34287809525646556,0.3089075551474411,-0.9508084285912517
-0.716606294099432,-0.4057351678792017,0.4816095345005913,1.1052306051171292,-0.09808272473898627
-1.925653984947827,0.48905773833201455,-0.21355972387243602,1.548388944643451,-0.6166925135192491
0.46955727076978165,1.1335647060414722,-2.1273859480305406,0.10181940011498401,-0.004350765668525511
-0.4686726518175858,0.6995215822590799,-1.0659569666049884,-0.019534986475653788,-0.4041422090074335
-0.8099454830391014,1.322628520370905,1.5828236545052996,-0.816296148006864,-1.5896805465898838
-1.1088220733304672,0.1231397774190533,0.766030584630585,0.8269413914707066,0.13111053628959887
0.34055956380679403,0.33919240634030307,1.627961210914798,2.0579021981114933,0.9353591900557049
0.7922533533939663,-0.917265837276141,-0.21198503666277888,-0.958358822413063,0.025821973710762083
0.966332753097553,0.444965253838634,0.28210819595819236,0.5148844468571072,0.6485054713774531
-1.126738830987549,0.2519868067160708,0.5746025907089095,0.30794549096952134,-0.05563048306607886
-0.11587993005498803,-1.3089236970199298,-0.258934449270915,0.9364929793508586,-0.28654155716124596
-0.21297404444257953,0.4418713200688114,0.04279884863110412,-0.4310597023275639,1.890859526435024
-2.521781755584467,-1.110004225680045,-1.536394000898726,0.20404440981999883,1.657247322455149
-0.6740438916651423,0.2156966381584074,0.24405169080775116,0.3053088253417014,-0.3393108278090054
1.90408467141054,0.14028438878083224,-0.9700559184638322,-1.4761933214937215,-0.7149061913753176
-1.7105111876414452,0.18853873697014703,2.565368000033361,1.342902452417315,1.4520356176798532
-1.2029079258666355,1.2225905112027167,0.8202019786158745,0.3055683350931921,-1.055852076935271
0.5386115076969757,0.5099746540122087,0.18245125371671472,-1.7896448179760642,-0.29419427185905056
0.1281428660322747,1.1552522609629226,-0.7619861389379186,0.7281082216621759,-2.1570559791217283
2.048454076405565,1.5314484160930475,-2.043624712739069,-0.0448516405566055,-0.7866959729448977
0.6046018818789616,-0.29500328546194904,-0.6176374339174189,-0.1605217655601975,1.7427928149261873
-0.9298193549660924,-0.36796602389897043,-0.05001622616337393,-0.8445181216066867,0.8557315639451215
1.0152409011882948,-0.86095263059718,0.7667336055160814,0.2317140427280689,-2.5776743469376933
-0.2804356450668985,-0.20061395131769025,-0.8487697098912765,1.4291348238126176,-0.5559993591991236
-0.1201134424679519,1.9520564508521097,0.12681822062248232,0.6470997253603346,0.9239267526846764
-0.6043271264532629,1.8399091558936516,-0.45085460804093874,-0.07484998441195137,-1.6508310591945845
-0.8787111501077149,0.7707651412368108,0.3450943931626843,-0.4919474956481189,-0.5174751349250826
-0.1782057597779545,2.199181476278764,0.2690512510945119,2.078872282405531,-0.8524043550985763
-0.33467485479785414,0.21286233714750044,-1.6456303423342893,-0.47417331912905636,1.79745029720106
-0.580867829467008,-0.08827416637760559,0.4497487620715427,-0.3094812411909595,-0.9147609598189637
-1.1942965046849379,1.265791802048914,1.2173227750896023,1.0563670023508678,0.2790876819119969
-2.6164797773626782,0.643564013487471,1.806910291426061,0.32814169019370354,1.454858617083877
-0.3899046293636923,-1.7041152851377412,0.9314341377033264,0.7193744674290972,0.6501712715599894
0.2521663679870993,0.27797950907225794,-0.36859832330526204,0.2889212309954778,1.9425280698383347
0.7231952900995691,1.1906088204502938,-2.5289697778432005,0.12898270047714724,-0.11589461050184213
1.4785856523151055,1.4425399147982676,0.4464338658985651,0.8853743273495576,1.2664671928546745
0.08247209338763666,-0.805395036022432,-2.4919883519839403,-0.5643684722443925,-0.6346338350689639
-0.5435637224056254,-0.5128224921033697,-0.8475776310882682,2.0651424547322756,0.4999475880751633
-1.3007629771681606,0.5311849857788854,-0.5371573012357651,1.0745453194800125,-0.23277210265006093
0.20006408590046487,0.2523967163866119,0.7742542416247016,-1.5178699977671144,0.9017866327803581
-0.7590358415523544,0.12352943839026,2.080034010545777,1.046203983614161,-0.33992964405534476
-0.6036265972598523,-1.9480035529547377,-1.6573124332744507,-1.1492084930516921,0.002206945339769983
-0.8120747300900579,-1.5971842054998815,-0.30894646633469985,-1.3465533524936686,-0.7014903929426961
0.12360977575039427,0.9064881102941711,-0.5046376128210667,-0.9543792070347491,-0.9043194929964129
0.3507621285699344,-1.8454257744045226,-0.9022950798683255,0.7081594494757443,1.6322132738699815
-0.010349532592241003,-0.3956890109281542,-1.411980962005914,-0.07079524974419202,1.9751021153446386
0.8528714002431244,-0.10393009715267203,1.4918234498873093,0.030313551414424083,-1.4101397147309644
0.22151219944889722,-0.4633301921742864,0.15518231396083326,0.14567269886122772,-0.16387130088605104
1.5837564109334559,0.8951525871764862,0.5004923073416265,0.7094852342925395,0.708462783316211
0.5996273151663715,1.505140480868417,0.30167355803125245,0.9798907745284694,0.628413914985265
0.01770725839972327,2.1340282214201713,1.0809291663816052,-0.34644485179465906,-1.4881896357051214
0.138138866289804,0.3379544628205894,-1.6209138887755383,0.35716368306496366,-1.5634709727330691
-1.2309200041418082,-1.6423998992316278,-0.40421621459153445,0.551918133223113,-0.7965049291139508
0.49144555962404934,1.9425929445856163,0.1855694767060077,1.2890422248393911,-2.000943804582783
-1.6439755662533133,1.0290217814896498,-0.5839546414431824,0.9244923922116128,-1.1792875163315564
-0.5482058706559986,1.2209113504172548,1.3695093808786152,-0.6047522590371175,0.9693905856619973
-0.0576905127636284,-1.9737887163704664,2.313163626118748,0.18846723167995935,-1.9828659956080934
-0.11805512910683963,0.5426484764595098,2.060137622266798,-0.21186333184289277,-0.92718866499262
0.6092371883612694,-0.5841953495621208,-0.6341109850809581,-1.0919115504455053,-1.502835618249689
-0.8670382824535046,-2.238201711357623,0.8273718955710272,0.2013229401137478,0.40211127034919664
1.9344209390282252,0.8268490361442965,-1.0769355241189411,0.2495630534496921,0.4029563598238284
-1.3543066029282245,-0.6925203643391526,-0.6846532223716048,-0.0445153527405489,-0.6444749788140635
0.8242629899834242,-1.542358694710054,-2.8604780843014797,1.2176663837878596,1.0238411993769068
-0.3231283577325186,1.407919087514204,-0.7505363338502868,-0.2236826902674418,0.9688514449109897
-1.4127115647256296,-1.970486765795588,0.2863009646671877,-0.8565218728504638,0.5393061080472004
1.6896250996304472,-1.5586713585160912,0.9307045723011342,-0.20858385872111532,-0.6881588863841867
-0.11346396086942567,-0.32387911261170493,-0.9851146659607789,-1.2259230449678682,-1.5249599918783108
-0.8607160828072605,-0.5807432934482335,-0.49761047861090396,0.005651261680868157,-2.1436323714983203
0.07456343528658241,-1.2416230683007263,-0.10865709817006103,-0.8179621871827419,0.8705744328066829
0.40305150996848393,-0.8121405486413208,-1.4399953431435304,1.6377180985496156,-0.5993343334188767
0.4818649297857259,1.5259358783521213,-2.2399111477835407,0.4872772364594215,-0.904234492672012
0.3615527826005213,0.14082279842978498,-0.32931492792915945,-0.37533739072402933,-0.9115071225329409
-0.23044306313781662,-0.9112102969417418,-0.3566243758653464,-1.6651359281320506,-0.15718920167220285
1.7733675714708512,-2.312745609907323,0.4639401048303271,0.6876856652556622,1.3340970912416217
0.9168985366181478,0.13145611540027555,0.2657009070314052,1.0918871193619817,1.4774543098458648
0.025431340485620794,1.8336185815360302,0.1410308871536086,-0.06283380627291611,1.2896989538844
0.36322026816372693,-0.5513937843754584,0.032631408031131494,-1.0430521300119997,-1.266586123746829
0.5919570746207684,-2.5633597867464553,-0.323573526378433,-1.863934460787902,0.9830599399500692
1.0704366318262084,1.6841920495565432,0.13012461929656288,0.07558620835470288,1.3418065606436882
0.18501942212719708,-1.6285977780433576,-0.7879652731166551,0.06260589022885826,-1.2147355061801557
-0.05755347968289788,-0.8442129161930724,-1.6755629049615626,0.3228878184868896,0.291545279605656
-0.26812796168290787,0.9087955090927173,0.417876416913453,1.3479661004673944,-0.657510261855616
-0.2874586321948125,0.01785684153034223,-0.8862479833345394,0.1886940026075315,-0.5344350967745348
1.3697671876592787,0.8691380512867429,0.1332580364503115,-0.8010432156321965,-1.8951486021145834
0.535858977060108,0.6448077986196495,1.1401778397934184,0.6487585621701839,1.8675778619035552
-0.6964144849926399,-0.3405517577418165,-0.17440433094589836,0.0407163701805271,1.3613865165315322
0.05679367687306269,-0.20081571329526807,0.7039670701868992,0.36645944814131653,-1.1661190304098557
0.1747569208628585,0.11229184074146531,-2.0183885065920038,-0.23050632319771225,-2.1554063601006574
0.864168410908222,0.40715134219957655,-0.8858424102764222,1.5862801622873763,-0.961918514951608
1.215061949370146,-1.3574913143458323,-0.33327094489463194,0.4234631402620113,-1.2593882777974803
1.0192634757767154,1.0010670377668525,1.4969378556649524,0.5137728431486306,0.34133616964051006
0.081543190024665,-1.4661800678033736,0.3604750499066806,-0.01998719025233909,-0.6694174256133627
0.22916906129196682,-0.7598484137250278,0.2015375374676525,-1.1496670793507322,-1.4251640888901604
2.1397691394538625,-1.6514790080510735,0.49816926252241056,1.1186045040628367,0.9886988366680932
0.21056199640703102,-0.08515197613317319,-0.0958029789384528,1.4393931231522488,0.4275335600070206
-0.6294616930463515,-0.32332031667429795,-2.077511831048406,-1.9231768183910498,-0.05662455110462281
0.8910025967028008,-1.434132843993258,-1.2615695859790756,-0.3134676252603399,-0.13078469847579494
-0.8349552325530161,1.6707660960052968,-0.18932418889663444,-0.46461150658733974,-0.7434381201817502
0.5787177241592152,1.1080946847717787,-0.7161191385370101,-0.04693886905758473,-0.937694508074533
0.22419468332510636,1.177445818469706,-0.7486184070703257,2.3120220380045953,2.0281922174468816
-0.27113839599512557,-1.3105701310440765,0.06270572195355265,1.2290349865274244,0.3029201583368784
-0.832377408654051,-0.6633819049570782,0.09485468931152322,0.21558189941873643,-1.4587784245263338
-1.0715000218065691,-1.1710852140146342,0.4887485270089628,-1.1787895672828097,0.023033413820201888
-0.6192853575264232,-1.0143691250045621,0.24334295661463082,0.37047861164089774,-0.01234674590302163
0.96175176667609,0.051457349530607564,1.1248612918601022,0.21048788625929757,-0.6024447429303535
-1.163343480286297,-1.2920424088860047,1.1403074424619746,-1.0035773560808887,0.5343201134291758
0.48999172536746477,0.3498696811666492,1.2436166290023227,-1.1329706900935774,-0.5174395296969101
0.4692318471396726,1.166048863469065,1.7568511253079973,-0.9335474619861359,0.6774746437504845
1.5920980420288275,-0.4005232188843669,0.9353796230920361,0.9104808111991637,1.0356654230570015
-0.4711555081409204,-0.6504090652320517,-0.5562473087778704,-1.5593848503951118,-0.5367805778317922
0.5775602090265537,-0.01835765301862419,-0.23340777238592977,2.444463242798423,1.1902241928998347
1.8602002215915252,-1.0222634313530456,-0.17869178106151015,0.6203352468681838,-0.7429507050023629
-0.12786299124652664,-0.6497433012983038,-0.18852402220276623,-0.6883510062066148,0.4926577892299329
0.4983936290244086,0.47831093276453746,0.6361395238049001,0.30964098934941553,-1.2802864548243313
0.7811300047251084,-1.296816786041226,-0.6510398033795147,0.29987296182635437,0.05045925305239917
-0.09243248261167987,-0.27649730413681733,0.024499119650211905,0.6283783925811777,1.0877485138512812
0.8006842636636365,0.07489187034745762,0.20884101155001947,1.0983473206132524,1.2349971621960245
0.1784192514960932,-0.6833238159278624,-0.29999070412779477,-1.1317424719220375,0.08475472334790606
0.47901313725945577,-0.2870867555752846,-1.1675033275627384,-0.19964495632454382,-1.3341915947798741
0.5617106214444453,1.0130744920250057,0.7177846720916439,1.0698444244044014,-1.5003647265085842
-0.7310545205205585,0.008654985325488026,-0.11055342814726456,-0.07990140900020591,0.7778264560142192
-1.4236357885135984,-0.8503622366928828,1.7316454448403322,-0.4833704147444046,2.2357846666971284
-2.8404033570427,0.25260270314799105,1.3490893158267387,1.2429394868634032,0.7358586827193743
-0.5761644132110972,0.9635139199805942,-1.7780135738009626,-0.860878392469483,-1.376455826313217
0.1114196062845121,-0.5997440426561461,0.6320862657521424,-1.106255802053445,1.7594499327580158
-0.775107907403808,-0.33976219602674945,0.3777686004311054,-1.3123856531457203,-0.5150298885720349
-1.3538279044970383,-0.5787343224039594,-1.2690973995992831,-1.31077980796054,-0.9362977499539528
0.20849651422466464,-0.5979274687402487,-0.5484672028788893,-1.2994180735305925,1.5381857253412172
0.43446506407299057,0.5302746754265343,-1.4337642667240296,-0.5523280895634508,0.1834466516803536
-0.387216530737931,-0.2562857030578233,1.1225753791862247,2.7231342929035387,0.05158702200234151
-1.0761631279224757,-0.6755127083500676,-0.18238459571232743,0.5656545634382258,0.14429765920502616
0.04576028279831183,-0.12255426976650305,-1.5632012015774903,0.23272769459678433,-0.04083592187607984
0.30688086239554274,-2.602720297774638,-0.032950077403288064,1.784573689305127,-0.17302896247927652
-0.6333723448150972,-0.9685452865213611,1.1620758926072992,2.470942052267689,0.9781221945693458
-0.23667304120050928,-0.5298704695233919,-0.511058607861683,-0.3362596536160786,0.8009998345968719
-0.4371465936982487,-0.8696451764040792,-1.0052752795786457,-0.06589904120861363,1.546314347573097
-0.949632600427691,0.3960877149744826,0.14880902940597374,1.6229837117463888,-0.08212138460931319
-0.6712297998318073,0.9209596453919082,-1.2260076208756008,-2.3042253286324526,1.3259211154681034
1.0131259395440584,-0.32457342859396043,-3.1124295292245736,0.5868852092938786,-1.8710686268858576
0.2853057879481648,-0.5426256136733876,1.630260808299232,0.22900727923434663,-1.5218342541561811
-0.23612418487561654,1.0579238875552186,-1.622902788969444,1.3403656381922315,2.0197935417769366
-0.0213518312384407,0.45202545869085764,1.2422852383528207,-1.021920667735095,1.4406455213808906
1.7248571325740807,0.50714784182372,0.176121942240483,0.10188762521965049,-0.7535276993081168
-1.7693473969020674,-1.161961120371628,0.2163990392237096,0.0874636944619974,-0.9233291888884353
0.18744040341973153,0.6625028978120574,-0.511073108294134,-0.8575052551511053,2.8296622987674147
0.8748275956924563,-0.07964513035643388,0.6187284689238274,-0.7330332538899968,-0.7059060697902503
-0.42819739877768687,0.17822553876573832,0.07112174537305795,-1.5230045496630067,0.9523000719883141
-0.03604727623250277,0.39722726957153626,-0.6209400324251835,-1.0747880557894245,-0.6848760699740368
-1.1997431841592985,-1.6200944478799806,0.5331584971214552,0.8673641814193255,-0.21631288045611444
2.1697250083368007,1.3066995671200938,-0.24214593635765638,0.49928463150618807,-0.3333707639625835
-1.5776246971579382,-0.6794816785789851,1.4538204623573352,0.08802324095410322,0.5539452437319404
-0.8724055386216801,-0.427731590259505,-0.24196379062821044,-1.0304684472362489,0.4733055790541747
0.6711886352143749,1.1354832111178945,-0.07769402536894834,-0.4555199455855488,0.44131138498892986
-0.2593589871147594,-0.22894043605356615,-1.3696347161371532,0.6120027929691358,-0.006027556937575127
1.4234547085225762,0.227759799867658,-1.067498327060143,0.7014307063516206,0.20835361744329026
-0.8250535814600247,0.258788420558897,0.06785709977687492,0.15976545817493953,-0.5483165229914071
3.399381101873698,0.7770880856665074,-1.4454099628187584,1.9095817151807986,0.23048805812898898
0.847681852668176,0.05792239759467515,-0.822251233087179,-1.2007154823238955,0.40563174233812865
0.3046103983092858,0.2927602695569063,0.988324812458391,0.2449555873879508,0.258421908118384
-0.4763192313922409,-0.21215472263870905,-0.3544058356352496,-0.6198764370811677,0.15558876201360833
-2.474766681831637,-0.06422819420034506,0.11336581238558244,-0.5405729429771587,2.4704524917125137
-0.5174946246319394,-1.4404409494806127,0.7911925198732729,-0.6455885285069127,0.2121210958579874
-0.7652009184639854,-0.7585457919158016,0.9482447756697668,1.586189575251016,0.21721060435674722
-1.1811728952913454,-1.9550606818452358,-1.869703908407592,-0.8161082041020081,-0.6652242415321182
-1.4199573167727384,1.3088109655834033,0.22509044858671315,-0.17721054986878196,0.699460005740568
-0.11208104085380761,0.2804806868305335,-2.274465578774236,-0.0694960746529761,-1.5206214496089632
0.43320229051478576,1.7322476624134782,0.9022329452427026,0.8824964180549592,1.8739928885042594
-1.00281060549756,-0.12548372483653464,0.3738247952359001,0.5320183084173297,0.2319919319103735
0.09018904047153527,0.18952549342673494,-0.47120679458520365,0.45069055663473584,-0.36740140804522375
2.206099104780597,0.2763572119569466,-0.6801721613233661,0.5378535831918146,0.3947527314557937
0.7533254176683053,-1.0386107206906305,-1.0198402437940888,-0.6575628406173084,-0.5820058891588623
-1.7156433858779168,1.5864767522644636,-0.3929521894421969,-1.2686241050014586,0.7816520197925032
-0.07743037728573501,0.15355252888035972,-0.13692849978229135,1.4423612159515613,0.2466718183887969
-0.7222207874536105,1.3204415145168984,0.858541578006108,-0.07425515517980254,-0.585983483658355
-0.7909570968953015,2.340380188943347,0.7215351933320833,-1.6953163723119804,-0.19816626471657353
0.5127298346389222,-0.3538267053253475,-0.13556954977981606,0.05362372308173663,1.7177756728970393
1.552977109303288,0.6149216223112778,1.9669586771301544,0.6129297920443613,-0.5346203690627478
-2.0145470112400776,0.1472749354159105,-0.5542766958791715,-0.10227824118851012,-0.6794512523346719
1.8262120681700666,-0.08166897684267756,-0.28937573564408675,0.2886249459655953,-2.353880669899498
1.3169963203452322,0.11159500298629567,0.23641107382117954,2.126660118879767,-1.126786262918869
0.07882990767513474,-0.8712263338747991,-0.5129697892088058,-0.6932089903204431,0.6459187758644015
-1.050112344655609,0.8024043054753904,-1.8345220639484798,-0.20316470217276128,0.4559814501963699
-1.3039675225480496,-1.8433139965600367,0.3507195267635968,0.349846473480684,-1.5825309785723052
0.6862831770676107,-2.005837005013545,-0.5752658018835125,-0.10511873657450502,0.9863330693987749
-1.5333670620656714,1.836713799465268,-0.15169745704431942,0.14337956764116536,1.1935898846908553
0.7088916645308136,-1.8087575825066866,0.2749461970426258,-0.3185408521676121,0.5761336083292403
-0.923259384723767,-0.5196719429636055,0.9827027164867437,0.46985332275485847,0.6365394522329166
0.12370745259437196,-1.3943577043007425,-0.3709420271290676,0.4238268070101592,-0.8943385484809054
-1.4070977575345822,-1.9541400984917807,0.12588318375123478,-1.0378353420463373,0.3300067437661391
0.570328444338285,-0.458888320572282,-1.134694049011481,-2.134652526403476,0.6587543752043632
0.48347445100909237,-1.3757122593188305,-0.9215543498757532,0.6051735085644123,0.8291247624436874
-0.15136294049012816,-0.06753441903528092,1.8288901760021838,-0.6678878219266763,-0.051744683920051986
1.4042724036870957,0.5812125691320944,1.0404472945122372,1.0654958074494791,-1.3715602902986719
-0.10084221134966091,-0.3569920254472575,-1.3880291434117118,-0.12366105867779945,-0.29133567771814406
0.5188858885313117,0.6217672729288307,2.0679458329448424,0.8599593040957544,0.6373191070153119
-0.3521226669482265,-1.5854306892010461,0.9798805220318108,-1.040451327172587,1.2316387703273741
-0.24621977817222687,-0.7694491896736264,-2.7842337895069043,-0.14461293756104662,0.7442512409449192
0.961507033732089,-1.8232570541651385,0.06926021015949564,-0.2545654332976678,0.5447148516829973
-0.3674842073425267,-0.7062539894055735,-0.594399658369349,0.08371237001245317,-0.7588096588274836
-1.0314241090796952,-0.7784711394233275,-1.6166652008127476,1.64963810587997,-0.5524989160600787
0.32824866968836947,-0.37061730819614874,-0.3263827638162698,-0.4616382167807509,-0.6563144123153877
-0.33854831716081957,0.2582306413961378,-0.5289337325834483,0.9261804059996165,-1.7456160970955874
0.39697391235897966,1.364503703606752,1.1411659556947729,-0.08309501150054269,0.22130222561911042
1.1113038090120724,-0.2574962556388738,0.639350212921268,0.32695904523748864,-0.2826617734631368
-0.1645925555448879,1.8546251148078179,0.07415322244756728,0.13255342831906844,0.1514578675628887
-1.2660579749602947,-0.469116528894249,0.7456479685663919,-0.10930779198904798,0.3065811439379608
1.1061725780861624,-1.309396585598711,0.6901885303016138,0.7567134052229455,-1.6590175314387878
-1.5115762610589134,0.1579073445820466,0.3751051812601791,0.2165797691498292,-0.7762773375799416
0.35598359867207496,0.203277392520846,-0.4870059092589869,-0.45422675356456754,-0.8252980337114929
0.16585258950064094,1.1397486954386091,0.8764174327611423,0.8580845455675641,1.779740915870083
0.37821880218057885,1.1278146924080303,0.734879973397563,-0.2706117152148842,0.06612400107960724
-1.4489571545482154,0.7499166391020429,1.7171666349528811,0.328537590256355,0.010717356437629002
-0.14909385020049296,-0.10597284840622281,0.07270236757697932,-0.18399290596787893,-1.0267236769434762
-1.1947676809019228,0.48283105747126553,0.4690131267670724,0.430371751856284,-0.4512053763788298
-0.9105988367445932,0.8550833433731913,-0.4674754168057444,-1.789552153173408,0.8878917840240911
0.6370840026031365,0.8177423907849611,0.2929040900748349,0.9269515123971822,-0.8035220633588699
0.23818198009789382,-0.26899399845780086,-0.40969003691071976,-2.0097610279536187,0.02468561921144793
-0.8161240687245999,-0.5933903630519646,-1.241563549107721,0.5398626533924001,0.17974007835675201
0.08431583094417755,-0.44395862801929564,1.4671507259640095,0.7333213918076403,0.9524764886170382
0.24684201912552894,0.9973202336831918,-0.32290762232736564,0.2724037261029006,-1.2261917507458076
2.7366492684662562,-1.286774859977986,-1.4670280529948254,1.1441367306702601,-0.5326770507890698
-0.9914484278175442,-0.8621795953425582,-0.2825372396333124,-0.7088761561781857,-0.3662709329043115
-0.39115378302522325,-0.7252713089352927,1.14249932729184,1.5603990533672614,-1.1252047437234272
1.3807799709796094,0.5250124457837851,0.905276373896999,-0.8748019872356796,0.8920049975105703
0.028823146903745038,-0.24399720158827728,0.07555650937188134,0.24158486091095058,-0.7627845386464638
0.4807522588327812,-1.6865637820055677,0.34439060592068793,0.39779284221872735,1.3319125613463398
0.37901568599645097,1.5564356579930259,-1.0421686280434517,0.0389408486990388,-0.13614498426722568
-0.8645036056421759,1.4121663215552929,-0.015513000943009066,1.686951167757163,0.5353470826636367
-0.6004843224972973,-0.5868818035376997,0.39313718520159063,1.0383390167894637,1.4779244731406649
0.35299313559659945,0.15776471950750995,-1.0211773739100705,-0.5868654589099856,1.9216272212609857
-0.6646742779444076,0.41512878597934005,-0.1735461169856215,0.6490637842781989,0.7263174059765348
-0.12261332448002689,-2.7480083182215576,1.2100038878930284,-1.4598008423501563,0.6294628379579076
2.1946319307298823,0.2870314809479048,0.16574171734076318,2.200547360701186,-0.15744613121817388
-1.1695569441874611,-0.656393016841379,0.2954002048432221,-0.30011535745769846,-0.021548032424499413
-0.5824563128569542,-1.760994220371973,-1.2090633834858613,0.1463618772167794,-1.0889757230278334
0.2547761823648924,-1.0431446166855414,-0.8813027145581158,0.6350455668737837,-0.6530626748929758
2.069722481583751,-1.1938375467206022,1.0075227486784792,-0.1281719741753832,-1.1689648751892143
-0.06972687024609485,1.2002039438156749,-0.2907813410780793,-0.024935785649291504,0.5589942341464488
-0.26042345146748247,0.1095681700230818,1.1338390200794535,0.9734427431217023,0.5658629638242327
0.455262606435398,-1.043944743922304,-0.558079736271459,-1.5384772707195786,1.3763769687204106
-1.1192203808868584,-0.6539456569831612,-1.0230271861709,0.2596041503534696,-0.33809499640997936
0.907343799835954,2.156148651082649,-0.342434813688492,-0.20121722048307208,0.5473750786551917
-0.6679910887763381,-0.9048045356277212,0.045071616792996004,-0.21384871806836314,0.4232353439987443
0.23170250222426314,1.9901643038884527,-1.6247719790715318,-0.2512809212231034,0.8416125372589562
-0.8018678498133873,-0.10341119179343398,-1.010579114604104,1.7689295337122422,1.0176770530226569
-2.901174334311942,0.42988323439722465,0.21431615552435757,0.704470207480087,0.4048007978110554
-0.8218780828024241,0.7242913660840955,-0.08890148585854271,-0.6181685655966574,0.4033760467341586
-1.6989125009385646,0.4014932234425316,-0.2297714438557317,-0.7377234674474042,-0.7693029445106432
-0.5763435708480142,0.14815908037285858,0.8115460915918316,-0.10382025581074768,1.6958398066777793
0.36031887042805005,-1.5098015805826515,-0.20119699676673955,-0.08566635778381028,-0.17867391092713866
0.22571967320589767,2.0305803795537303,0.09609636843707368,1.5726843969802171,0.08467068431411398
-1.4697509606083887,-1.453392371957108,-0.27393243215260143,-0.7936647035511574,0.34691043574139024
-0.563887009998151,-0.9505746262969423,0.2015685562062377,-1.0307399027667985,-1.915839351266985
0.15576147574465504,1.0273024427882584,1.3671215802252759,-0.2853778150178554,1.5320186878139375
0.35528667640546185,-0.38670344003585455,1.0438713672405777,-1.0025896797479386,0.8247017455535126
-0.8405903529123526,-1.3440344252380598,0.6262211520889784,-2.51563849897177,1.4990958106692853
0.05725548209229018,0.3218677646715885,1.6044450759583868,0.43441958040486217,-0.16896442150557262
-1.3888596410364649,2.1748544526287845,-0.20677325839602878,0.7266585094215909,0.20357743091733096
0.6517912436255029,0.37923629963409683,-0.763578782397103,0.19920491610518706,0.13888070244001766
0.007922520301534407,0.37252433424996007,-1.0078923115144753,-0.43734911906217006,1.812829995544494
0.42433940438949086,0.2895389564192992,-0.0648057883671845,-0.20536589923971899,1.2230997982906213
-1.7912940380317262,0.7593711088266715,-0.9996839371769202,0.5979395616259608,0.2678479863301973
-0.14318277240939684,0.9988664706360589,0.38947802542023413,-0.03006126028867816,0.6822622501922811
-0.02282748550138894,-0.23552509442177202,-0.09183074316369569,-0.4302878289336718,-1.5189598936287867
-0.9880118069699416,-1.4002065623493787,0.7555266346117185,0.8585387698328381,0.688268665436241
-0.17921118273514092,-0.29137273209652165,-0.7682609661119925,1.7704176322523102,0.009770237348661883
1.4254076198732324,-1.6912522187501091,-1.1646502465318211,1.2926344337929179,-2.006783877642335
1.0008162947959958,0.9608561075296902,1.4784943169235851,-0.18915440367632688,1.3504938911152056
0.030870056476065926,0.4372092228633832,-0.9588584096012248,0.28947441128987267,-1.5732692552287948
-0.4206720078778831,-0.12294409309624053,-0.222841187322813,-0.7796440721164565,0.7012950273143913
0.709212396718308,0.44884471113357466,0.5310687343489938,1.418120605684525,-0.08291724666860736
-0.036578769673887866,1.0040395793653225,1.2194924356758585,0.2819252408389906,-0.6487867789616721
0.5788021187133896,-1.9106523812871783,2.4542808811804915,0.08382346125662643,-0.8362920549398741
0.16031033778571296,1.0099918039102977,0.5428004411383284,0.2644583167130762,-0.7130562305780273
0.7865324508397403,2.135182358063893,-1.0331226875374997,2.44204961640472,1.377946421482809
-2.4651545360301172,2.318627690107067,0.2398740574573672,0.7424192815198927,-0.7434784741249926
0.1383484317738479,-1.0785408416861013,1.0842149622561839,1.1525885951711783,0.9153478979371289
0.5309514025136427,-1.8140171467072121,-0.7089675303777053,1.416445225987979,-0.028082011804750187
-0.23784273718651402,1.0541943668802638,0.47671388019397815,-0.4746208877300091,-0.8060946736697134
0.6183985940370365,-0.5871507512772224,1.5900170127718176,1.9303370822223678,1.0909076766174284
1.146913321406226,-0.48884075320418235,-0.4972169616114969,1.0892828052501178,-1.2023393208287037
-0.5521087704653005,-1.7981177867377707,-2.4165060529093414,0.5982484089283111,-1.9084308086886954
1.4447823173935144,-0.20378039949893514,-1.614833330914156,-2.1346946454526488,0.7405209343601412
0.5805890453585574,-0.01564820588686163,0.4137412200590944,0.07347100858219008,-1.1448166588766557
0.8307150791541811,-0.7528451993563208,0.25968543389472737,-1.1671076328337693,0.7249448829420169
-0.5737656792724938,-0.857016662714174,0.024317994839898383,0.6734551506878925,0.3823937460025681
-0.5948279293294413,0.3707889434457883,1.3280293669411716,-0.3587593890987211,1.7190570676916022
0.8846281953381683,1.0111530544727276,1.6873239286607669,0.6631148898131438,1.6296942798391703
0.8620587051977425,-0.6995458853659805,-0.9898104797347701,-0.8056088551124246,-0.686904706247486
0.6408986283143439,2.0125897737963085,0.4732436935065777,1.2617847803862896,-1.3916317153494304
-0.8972516887141729,-1.5393502549202103,-0.9268810860420321,0.47762611847317715,0.6651257086854773
-1.4448992107846574,0.5477306963203535,0.7786020547913012,-0.6238178817137143,0.9016285834794269
-1.000039057705797,-0.01275580015183857,0.4566464958636455,-0.7402088296642839,-1.832298622452651
-0.5741314863236484,1.1662567283097978,0.34427367322999514,0.30159088148872015,-0.39694271517959523
-1.0995479996787665,0.0687863730130239,1.7220836812308555,-0.46270727446921456,-0.328808599371654
0.622844315042352,0.6071818004847245,0.40266238652074365,-0.5842152336645366,0.36660591035985324
0.28452116934532684,-0.809065536495628,0.2668167309017756,-0.07650338878686663,-0.0573179975276933
-0.6352052072952186,0.03756802061267008,0.1608301922049788,0.8126491127758041,-0.4739630009963598
0.9017783427422758,0.15085158839495952,-0.49186177249684343,1.3919766523354955,0.32569515324442766
0.2726691856093245,-0.768781622433451,0.13227516479865467,-0.260710895588471,0.27669559324751297
-1.229980169230431,-0.492074237796676,0.9581949637445937,-1.0799881881543285,-1.1838109699082273
-0.8217566079107248,1.1886858104360283,0.842066874793365,-1.72862701043141,0.4615824788977978
0.48056113906066195,1.4785577991681005,0.4262569430174379,0.12121679204566192,-0.7522692829274645
-0.5561608745920055,-0.47214902009803517,-0.5182657934616998,-0.5468972516075223,-0.39242430132631345
0.11382627108964069,-1.8826053185163332,0.30359292235319635,0.9991942473337301,-0.26466539466030053
-1.3852550813396678,0.2788773850665493,0.6328985593330423,-0.41337579070561625,-0.12424624218170016
0.1419187030334262,1.4467215409075729,-1.605221554376235,1.0932983344957312,0.8713683544999228
1.494413557248512,0.7145773761226859,0.1137024806220716,-1.1718630338292926,-2.0095239051256772
1.1639465251992485,0.5781556086934988,-1.3575051851932738,0.44981998792839467,-1.9468633429123543
1.5657706131741804,1.2221286397213422,0.8287775931115523,-1.4267474910882605,-0.3517318035329263
-0.5579690317900227,-1.7325812258496545,0.7482337796235301,-1.11185794041109,1.3514496112838923
-1.33752686043907,-1.2976429897512463,0.6195664457607847,-0.3782453382059286,-0.45853272515993154
-1.1889092187864785,1.5219168250443622,-0.4655001570409498,0.19544197399842742,-0.6085131313340588
1.66044477391103,0.870371330599564,0.050892944064699866,0.6033363436326895,-0.13196589804796025
0.4564940086227623,0.38305246430108125,-1.311678163362192,-0.4047877059633466,-0.1473990221417203
0.12327577128919412,0.30786926689644206,-1.525224149728243,0.24146848469345875,0.45756516242392326
-0.2818335729908798,-0.1571482474638789,1.904114551590135,0.9408927205855743,0.9041536134933682
-0.5307777455196615,0.6016253779705696,2.3419519247647154,-0.9549290232495573,-1.5921524177177895
-0.10498429112423882,-0.41355317049248974,1.020394353838243,-9.610244998905827e-05,-0.5519544859346908
-0.8340698035765125,-2.4351159190716474,0.5826849931223996,-0.17955874068421207,-0.12873319272868491
-1.4599251711259298,-0.31148388239008984,-2.112613014739508,-0.4469688634109629,-0.45686679099754884
-0.36589386290487974,0.3446074383410924,-0.11394716571110183,-0.7990738735649446,-0.2692347099172183
0.3529937991823262,0.4612800290470113,-0.933673539029938,0.721778824124731,-0.5029418276462795
0.4777804588709075,-0.594976252274589,1.4488935468575839,-1.2749882080008499,-1.4248786975804273
-0.8936846781844314,0.6691089136767867,-1.1340177371462268,-1.0328301871614722,-1.15438871667929
0.8187714996735723,0.07500677039099472,-0.8839501273339978,-0.4963211137463454,1.1155275345411746
-1.3090193854066599,2.1218529889209856,0.024883438278411437,0.3101621267610339,0.6687655923029572
1.7990462771514524,-0.44132338606382365,0.7953817695749555,-0.3891362503015462,0.1694965273351654
-0.6158521586673503,-0.5018286286709608,1.1251528215204003,-0.3661755984819487,-0.6513636554077835
-0.15642971159443914,-0.9436710727362682,-1.2313084633589257,-1.6105502680350607,-0.10048828731539651
0.41570212094867187,1.0417239665517657,-0.34652746469774764,0.449042067997283,2.0215792273441466
0.2807535595915954,-0.11957213572677683,0.6218003777221963,0.25902628751178747,-0.21056802946671865
-0.735692724890524,1.9914722702489742,0.18340645453414867,-0.8916167294254185,-1.1479200629740536
-0.326694815758668,-0.15100562468133505,0.443910972515425,0.34414643758047847,1.145465743398874
-1.355031397516575,0.5716436651443092,-0.41172273965048767,1.9493247391040351,1.5477994281223375
0.6915238326126398,-0.1427567832700679,0.6710635421572669,-0.5461770222627276,-0.5373355625572359
1.6180146899356314,0.17800652859418478,-0.6325957886239725,-1.158668510506065,-1.2013558139796228
-1.318630928580111,-0.1186339183029405,-0.2987749984441055,0.24960273573361,0.14733595517330697
-0.6070044919783467,-1.5382107258817939,1.0167989814180627,-0.512539133150263,-0.7760219767067724
-2.1157596120150264,2.554365595901776,0.07974783532141345,0.42362365612019903,0.7841381915561777
0.6564147833398992,-0.10441079452975234,1.116962931054171,1.0499107088970023,1.5970493102954866
0.7915607490091886,-0.09951603105017676,0.5176398657089314,-1.4720125152562649,1.2855581939398293
-0.22260637479467346,0.15359744907326522,0.14679918273586437,-1.6410991402661024,-0.9769223961827783
-0.6059618567597248,0.9790784003340759,-0.8770692111416475,0.8737692505228052,1.1430998184251127
1.156331549272589,1.4170759437808866,-0.06356493222333723,-0.28705471333094923,-2.0123387178048087
0.2805538290489641,-0.26972673486747256,-0.2376101747369513,0.9171091143426587,-0.46615963819099493
0.7434970665781518,-1.0590048311263538,1.7910626035786263,1.04769556579565,1.7431853329872216
-1.3581952344280535,0.03325994524475583,0.48916802340252236,-0.5143141737258615,-0.1986037618775857
1.0621291182941834,0.7511409472212601,-0.15455640432315804,-0.398826070036519,-0.6754076442142253
2.358176305589092,3.0401062301022934,0.4287641206581338,-2.545214119897987,0.9764935128097614
-0.02190369223606145,-1.7980433298215446,-1.8305512021606751,0.6194800520418745,0.7189404860966198
0.764488710528995,-0.5280147645118032,1.1043823208724544,0.5330402117024544,0.05512041585022448
-1.3026587087856303,-1.008226872869289,0.5024320466330154,1.124183640976633,-0.5506689502417338
0.5512749799785777,-0.28326212153939595,-1.0215884905638122,0.13102346690789193,-0.5757725272171922
-0.08289696923606811,0.1674457244794219,0.4203558013004646,-0.45075471485156704,1.1975315692648238
-0.037704679159203676,-0.9392692749678778,-0.03404832063617834,1.1661165967339444,0.023245183955456612
0.7773568960376345,-0.7688902613168379,-0.49210114716323067,0.7806617462721107,-0.4973186834488132
-0.48943010511330254,1.3590992490943528,-1.5494919377115743,-0.016679750611124543,-0.24611138646522498
-1.7152934941594353,0.6402100036182727,0.867685911120216,0.4921578228753695,0.7624604634665564
-1.642329821698513,0.4864222069123841,-0.6296784853656753,1.6928730448523555,0.12362805614284882
0.7483665723314695,-1.112061661722327,0.6811708707734406,-0.2778138447772418,1.0113713991802966
0.7101699140116957,1.2995634565578364,-0.6764303692970011,-0.4911492267411036,0.33937155494919125
-0.10363122117257488,-1.2103158565623748,-0.012130098174318147,0.11433737594922357,-1.0268222890800147
-0.9205995054729403,-1.5954567140457994,0.5358318681853004,-0.23529123160569732,0.5650590442153423
-1.7753740726580072,-0.4691809666907879,0.6619115098293648,0.27372803082823516,-0.6246696929704297
-0.8881242313922908,-0.9218026178629674,0.12926155008878668,0.7139155258282072,-0.39742613445330227
-0.6726161208176373,0.22988022236674108,-0.36193395808685586,-0.32546732647109883,1.2872568988687603
-1.1216416455473255,-1.3807617487232438,-0.12084469017097227,0.8257535756958193,0.6406815000538372
1.092762599420425,-0.8872752753918954,2.367514031547247,1.1814131653448345,1.415563254389258
-1.9316928003940896,2.1188785711235782,-1.2144134862220972,-0.5291241649706129,0.5364028281815331
0.1640705425168956,-0.4947806622758638,-1.8017411577990237,-0.6129725275793876,-0.7656911348074731
-1.2198439331014188,0.5916093029933447,-3.890539694326241,-1.4510590769563803,0.19593272332869113
-0.6919114816956505,-0.23580617086732308,0.5494708162906937,0.5656932939920176,-1.3631603463114195
0.7171435553222102,-0.10688739797920842,-0.687331591928385,-0.8961819785622709,-0.5065817704277487
-1.1882426316539434,2.073591521737879,-0.15572223835365034,-1.1838270311222354,-0.5099843893306899
1.4992879987697152,0.43309765969645486,-1.308243610567601,0.48190916660475347,0.8969852852219949
-0.12311803090754601,2.336778541304888,1.1137996043326097,1.448835111947377,0.6636957739083543
-0.5456598784838916,0.3726832302702022,0.06815063478914524,1.8511983687553406,1.1914671983426957
0.09354025164454545,0.37051022609722,-1.653904386775803,0.14533805743913747,-0.7503557788302706
-1.4689136412472417,0.5915319871254444,-0.8718881061200958,-0.8157527682715652,-0.1497180224952541
-0.8406586531341177,-0.11595776451676411,-0.1397059372760541,-1.306254789869727,0.9712922357666917
0.5342581098042056,1.1903094015499966,-0.3441290182293844,1.3153181920898163,-1.3859963680130185
-0.8139883661153176,0.7141744125129676,-0.7220831118954109,1.3212784734067986,-0.33997460529896295
0.8251557112143425,1.653792363962999,-1.5571780002953215,0.7905481959428785,-1.1692910163624652
0.8415611714431771,0.968679698041828,0.17474331135684634,0.31873887169826903,0.67322210700852
0.07558963344662299,0.48050942903273514,0.9546183561044569,2.044338226273955,1.1641212013309912
0.012189868728993506,-0.730966182187975,1.3121697893349769,0.20940959020915245,-0.35433635560565563
-0.4773423099280382,0.5472550163431711,-0.9519276015373377,0.09695457749069641,-0.8257588850782273
-0.058988925443514556,1.1196652412489219,-1.0806003376014348,0.4651432370489972,-0.13825826697594906
-1.732211032291298,0.20709695129098452,2.2864914766794056,1.5183389865098529,-1.9454280058324034
0.8164236082874999,-1.0337916741074509,-0.5292006212289145,-1.6917085072041225,2.311469215421946
-1.075774873259607,0.9474307818797312,-1.402857391903544,-0.5317125256107785,-0.018294728703232618
-0.3502105840215158,0.11061600737059119,-2.0294096642844064,0.552203442973109,1.1778085739152375
-0.8574882465031122,-0.13295595324845663,-1.560788722482881,-1.1162849349355424,0.051322640415327705
0.6787116270165175,-0.8871949808204533,-0.6420265618904047,0.021571514076906842,0.958047493762737
1.1430919400584896,0.9667795737780968,-0.5507683899967426,0.1535485740590125,0.12585341217976118
1.4504647316020345,-0.014772728086410974,0.07202878379749524,0.053937666140387086,0.5049734117161949
-0.2826716438996353,-0.041930628100071754,-0.2972947650994814,-0.24097411229540466,-1.147613410370275
1.22459261005483,-0.4304081143720358,-0.5639217253638509,-0.29524910662651654,-0.9041965591356296
-1.1209376375097115,-0.783071933468162,0.5215828253070802,-1.6628499341352148,-1.5743061354578223
1.148407699361155,0.557202187567133,-2.393237487479934,0.9363930891626204,-0.37367004861932746
0.3958626443109946,-0.3866107515060248,-1.3518992864067436,-0.7566111817454093,-1.0494772068992673
0.5997477240612784,-1.1453765391561754,-0.15869817847677076,-1.5357907452210486,-1.1904541068694243
-0.764324329303874,1.1339207228363455,0.15232629471530007,-0.18852325152630406,1.067043882016295
-0.8823849073556941,0.9624194363130066,0.7453785465756039,1.3751689746107123,-2.4327872612634462
1.3092403698878805,0.8929308985125054,-1.838406908985357,0.9585080521501089,0.7219707897366611
2.3827442818475117,1.886378662978788,-0.6215041169696115,-1.84480588716833,-0.4435959338152224
-0.910614176630623,1.319308323734882,-1.0700711320435237,-0.4831116193780454,-0.9192814111583558
-0.811058534378397,-0.9108042178429927,0.12539803649361642,-1.5637864024936332,0.9932825593588757
0.4514425268923551,0.8448870346297817,-0.46076867551798895,0.7348561227539797,0.2547233947752732
-0.8394300509004881,1.7496309158164614,0.37880563962103103,-0.12664566653451095,1.1637858026222117
-0.9407716910272411,0.49593398353051377,-1.1522366042461427,0.01059064945801544,0.4230227842815107
-0.14137166003100352,0.695723061084938,-0.43114199001833203,0.4289310648566887,-0.6371659991435383
1.258321051454921,-1.7378487801652829,0.3036491102381963,0.2788114503879814,0.3827248678042983
1.4062882523649771,-0.4393132593839476,1.0878163801990277,0.597093887377791,-0.29854237042599696
1.5393197191833385,-0.5813156022473333,0.04688804049422335,1.1361503938601238,0.5379039367495109
-1.5766315433824911,0.923782022743153,-0.9010868583737945,0.48458326354121994,-0.2363548869978174
0.2027965455325807,1.2562543371468136,0.14779354923513205,-0.13592250723586669,-3.3110726612319925
0.9843427045036958,0.5791736037987033,-1.102984701449865,0.6978997371321668,-0.6521027487484328
1.1003745532139435,-0.752806830204745,-0.6960659044885792,-0.4818339037393833,-0.32058303599938265
0.3747111113477304,-0.7163202145829008,-0.6166767460078448,0.9917760323793521,-1.8894268863632748
0.5260859017048003,-0.007802646149173849,0.333317100535896,0.23749988594896618,-0.794322015347886
-0.9966412199359782,1.5384347432970022,-0.35362828314901507,0.4534815610745494,-0.7642531294046409
0.3133640388993907,-0.17027751593858234,0.7388184815352394,-0.7236838687861477,-0.37012442582824057
2.6814827271568893,1.7127407938654906,0.5674152936144221,0.253973722944614,0.4700530065752581
1.0734025251091541,0.5566443711622282,1.0715314944046699,-0.3393932434038447,0.2058078182369143
0.022798795540452093,1.317224064473797,0.7036871067027778,0.7561916474603003,-1.1453784894020218
0.4681095986981606,0.5332646080008808,-0.992645617376397,2.4339648950309156,-0.6578739709873129
-0.07769395731787022,-0.9241228677297287,-1.598564225273637,-0.28468918537445403,-0.3432467902240536
0.019045757507935995,-1.305715255355025,-1.1462477375667046,-0.8464420778605302,0.20344762350306145
-0.9008599639055237,0.3209209935710631,-0.2562789643128108,-1.955563563693625,0.4211370838757602
1.0992211237629763,-0.2629781086563192,0.3782916708994452,-0.5915171449650493,-0.24421424847002562
-1.7644676255797616,1.4911893341544786,1.9007500510050028,-0.33480173012153946,-1.0440003404921867
-0.2067043141980654,-0.15042420416229746,0.2201689477372551,0.7199613294671933,-2.258306432880577
0.560597719569354,-0.7862813772411247,-1.1921597279149252,0.5678428132285462,-1.2004320751510302
-0.8242189336952006,0.177108403850977,-1.1488893676667273,1.19791990607798,1.4933997825376093
0.3977424870503599,-1.6285212383072791,1.6058643768224217,-1.5757562796225455,-0.803287977968461
-0.7728235119614473,0.6986215112590988,0.6831657114444194,-1.2235935794958601,-0.5044741565890765
0.18381273652987937,1.6351165908687837,-1.4021155341643885,0.9269152948020987,1.2412883271125355
-0.36889265342220756,-1.654784218151505,-0.47920742449519926,-0.43296928560680703,0.7083314569198083
-1.3107395015634493,-0.12445584129352492,0.17980231040625003,0.36908966401505655,-0.02820794123629499
1.6811616680515986,1.1885003724078924,-0.5307359580288117,-0.7941306747676866,1.442528260868104
-0.5757262003966203,0.25976335420382124,-0.5174456469483374,-1.2505642248340185,-0.06540821242942157
0.31240765352816824,-0.9529683778656911,-0.15824087987744986,-1.0529340066091288,-1.1490938888775521
0.049563968897664824,0.7107488654478731,0.1407628669524031,-1.2287372043475748,0.8053687398691315
-0.11870307819774828,0.44274678079399166,0.09936512489676483,-0.503010321286225,0.7903548377273869
0.9341858894892038,-0.8299476204187058,2.1893480959639335,0.6113588522079343,0.9888729026084647
0.3372629871321226,-2.0304905886845304,-0.0209767938567346,0.27146069124239663,-1.6052561796382652
-0.7824754360253644,1.2390427284766015,-0.9985759702292092,-0.585147099151827,-0.828990464289032
