0.7038644457247232,-5.028536315580954
1.8854456502717394,4.598687601776407
-0.3877640750467517,6.520409324854631
11.564264673603494,2.274490184618399
-11.223374020855822,-3.3798585891063055
-6.777221522108581,-2.454817582207068
-2.7575229136317656,8.799562712302421
14.793510850434483,14.729752023987075
-2.8125736156669436,-5.273133998558288
-9.891903676555213,5.227191390475385
11.479451354260544,10.394395499898767
-13.045208156694121,-11.78834101782085
9.279792886194155,-4.857375525215771
-9.372362576839778,-26.584355498805554
6.383215457782901,0.67547095614288
2.27320955071206,-9.41240208205919
0.3665394158914199,-9.28192173693066
-5.637386292007005,-9.974114093313162
-9.338575219341369,-7.535954711104357
27.595500820464697,-8.86983023641639
2.382858783847573,11.249037910700194
-1.2376034294190372,-3.5914816731159287
-2.672606348857742,3.89591740050229
-5.723934828173974,-1.792360221811684
-6.397217505520955,-15.535494541433167
-6.718020327043889,-8.163204481613091
9.922050809120307,-7.1858689789591335
3.7928535906992256,-5.182429024599122
10.014087646866404,5.24366426839964
13.964521188389494,15.025371943858872
-10.73054455325391,12.562250718161891
10.793416299509438,-13.09345878659057
16.022587440090074,17.978459372940936
5.493617660919843,20.111747732903893
15.159256848410928,-8.00663739427815
-16.780016043096587,10.252340793965493
9.26177993761927,-1.394701245951536
-8.766671060684283,-5.401008715336815
18.097187252771178,0.8393944279245122
14.243700460201136,-15.633090130249162
4.861496682135414,-3.4485932913859347
-0.38606917438066324,5.752698090631544
-6.582482716679965,-3.66710235485946
-3.684224120515644,-9.369963938308143
6.734019023865272,0.9803882276052232
-0.9738623401336088,9.291243858722357
16.773035279873845,2.774666872614004
-6.437439251341839,0.6584850479042872
15.341346470883037,1.5516410058217858
5.635828929925105,-9.219471650520312
14.76935758977752,-5.311852249745041
12.121026451928092,8.33207388460454
-10.103281727712181,-10.709982994032632
-14.561041598051602,-2.887143942452609
11.983282078500661,-2.0713145714528007
-8.916189996377392,-6.268916431069957
-1.673121009608721,-7.849538961680222
0.6501060592713744,-5.990413724002083
1.9551367496853551,4.11032826110352
-0.302189610753544,-8.398264485304285
-15.425641236170208,10.924107512664115
3.444620490255893,0.536135014387078
-16.268833462846864,-26.413663816986197
11.077427608268913,-0.9608182608721196
-9.201287372933393,5.185484537760345
-3.281501386633856,-9.623054387508587
-4.595045256069132,-9.23263067608584
3.5156348850663504,-7.320767511460239
-3.0175204945268144,-4.1131515130271055
3.092534997931274,-10.390479796164591
-1.8705344779638846,29.022300298630512
0.3634412415001238,-4.771595883478327
-15.169381382822333,-3.344944946591559
7.753175536011557,10.68267756748416
-11.00734440588921,-2.414702110798993
-12.920560249927485,4.964165346617577
3.5308187193969562,13.101461685464425
6.922253843508663,-5.3770610228305245
7.92878043160963,-6.1674890704809044
3.9345208135791387,-11.410308406947024
7.67978367651733,-1.6596711960327264
3.7807885528011242,-13.345145043011552
1.9263736935098486,16.569404282145978
-25.448427554651474,15.586013807670831
16.556767901796896,-5.370519770302719
1.7345361887107078,-19.053746530457207
10.237818542532283,-13.353164970125384
15.766640985071831,6.086481292322997
13.320450069681232,-5.709316581512742
8.706117063467914,2.730556065025123
10.352646182586563,18.116203192440764
-13.429559662834446,10.285530799222405
2.5279958964220786,-10.186008688702561
23.93313391056692,-9.100411099901521
-0.9730797082703586,-7.290186709847147
6.636473962131641,-3.4827178422154033
-0.7475952378249762,22.11713901492461
2.8737165521882924,-2.8677870903682026
-11.3059523248863,15.133916838547187
7.528609734927686,5.976247022026269
