-0.8279537783342783,2.576688122285091
0.7608325900639177,-0.29715462966950223
1.5906474576190692,0.06208629334612514
-0.932028205847686,-0.37101027888289273
0.838638300773961,-0.5089858188446658
-1.2627608423834367,0.49505024183233987
-0.4382511501748225,0.3203882474651116
-0.7534719916706663,-0.9913276591965684
-0.6075894747627835,1.470792683731622
-0.3538569968720197,-1.8206206885072067
-0.19807897833448068,-0.23726754466075486
-2.059346298870703,0.24256998180760575
-0.8567657767197083,-1.06391905767315
0.7453414034645519,0.968894119757554
0.851433901431366,0.6353927459716028
-0.5512592933248446,-0.35806330322913893
0.1149681772158648,1.207727102938717
0.9703227311056062,0.5515925430969862
0.9359152592285992,0.23468598849290584
-0.3424202625619795,-1.1033307885717767
-0.5622639490937003,-0.6475707291669913
0.6507681213264184,0.14621343497465222
-1.7020376132711685,-0.40846071413812723
-0.6883695045415005,0.3467240635507886
1.410091810469627,0.22480448758879581
-0.8377638341899272,0.4604044897475835
0.6003463502045713,0.1061829796691817
-0.34770058227978595,0.4003606992219904
-0.13781751667451148,1.3507213443066113
-0.8516240018515414,0.6348801109862855
-0.39540071001699706,0.8802544951075555
0.586105233855651,-1.0906389185977963
0.8001841712571978,1.3622837257946152
-0.5920040928242708,0.90599069558197
1.4708826712230678,0.7969923211660596
-1.0544067180406007,-0.38597355175675774
-1.7390396898229914,1.072333316028555
-0.31998671512711774,-0.06884806444059341
-0.374958754061697,2.656438359050619
-1.4259310486590786,-0.16008517931736344
-0.7580349109932196,-0.5127341695398273
-0.1709235671164064,-1.3098033625827281
-1.3336565593023948,0.5625977607124344
-0.11215507552412753,-0.5633258121489206
-0.5607958898418745,-0.6715550767836383
-0.6769894920109116,0.5944647508455375
0.17177082657161633,-0.2087558606039363
0.5221054833358848,0.7678935728823667
-0.8171859068990046,1.1580636803476103
-0.31037847722991024,1.2363181336115252
-1.3063702740369227,-0.15928747047521763
-1.469419164723791,0.05143303233502786
1.2236600235153756,0.7840108723194824
0.35674318540125,0.48072973235824884
0.7143245937650973,-0.41278724303139414
-0.871796761282847,1.2448890297131183
0.9077571172018785,-0.6585595809366451
0.6115075125061996,-0.19356055239010764
0.6747662732584622,0.3321548086689034
-0.055149480590433175,-0.023615548705843308
-1.6588214888017392,0.15186720241603918
-0.9135757623053233,0.06494497116872812
-1.6789314893483758,-0.2944205953864397
-0.3236938175862858,1.2035473633093297
-0.07288269654294079,0.8092272036595175
1.461456925551999,1.121734519972193
0.4555708854472579,0.37047826016589164
0.252243738009429,1.5184416900869564
-1.517839249515217,0.2364064031518794
1.3182715094419233,-0.27451958424092765
0.8934069592714272,0.45533866558388253
0.647053605778405,-0.5342821187786586
-0.3144189582558182,1.7734399678528363
-0.005222303402914487,-0.47330175599788216
-0.210144114162929,-0.9378095877223735
0.7773356188944973,-1.5918156864535562
0.24517852058897865,0.5820156485601155
-0.5411354664276269,0.19873258436012806
-0.731149402972118,-2.5664220227423495
-2.238137324714911,0.9763181128569424
-1.4022050030549462,0.6640618088043508
1.4432506155882017,0.19071920149704727
-0.6843101466889592,-1.6501043599307899
-1.0153676338795592,-0.01842763632869195
1.127778347244985,0.8554161360419961
-1.0381246127107107,0.9563699887378534
0.4927837371776956,0.942548711030446
-0.7156864794296185,0.4187797087070606
0.03341368270637492,-1.0351037482081509
-1.308942382204852,-1.3769351939821386
0.5350404529915334,-0.7386076330389029
0.46867971025582184,0.6104668590747415
-0.6195083680775689,2.056251119944907
-1.3902068976869022,0.23523700515437196
-0.8032560221706492,1.1359346948586362
1.262538292862974,0.91697239990266
0.972207643245645,-0.5914973508146
0.9944623181286733,0.6100985993545184
-0.2776106895909619,0.6177971852199585
-1.1782203623671588,0.5463767357374348
-1.7724320211302507,-0.2153830740900694
0.21963359096358398,1.76943002474573
-0.21251475945726278,-1.4014993956954975
-1.0570883970207878,1.4555108192452084
0.2650661400782459,-0.7682204520244981
0.37071107710475204,-0.10321125178731193
0.9660787960836683,-0.35132752261546624
0.19355877359655166,-0.5677506681643798
0.7253671923822542,0.37382556041373205
-0.10746712305627469,0.6417973223168154
0.8665030401789973,1.6761814559321335
0.9004845737614697,0.19442823412215957
0.7714388442509011,-1.9602233747312106
2.314192388541523,0.44303181232958655
0.8986157728557582,0.9651646802725247
1.169957345393761,0.6318838199818428
-0.4216866333913269,-0.6500812622171852
-0.33128598036840246,0.5838227929289018
-0.6747131280030393,-0.7451376210478806
-1.3092571316413846,0.596659333551881
0.38776430811505364,-2.615708689943099
0.2102639533474366,0.05678977129054408
-0.32984708657496,-0.41681283144494335
0.9400505299493177,0.6033350988377428
0.41538864088313265,0.3350185584282056
1.200062718996917,-0.9106803744297388
-0.012554967630183867,1.104120377224383
-0.19514764535590923,0.028884760775871206
-0.7106802104618213,0.21403754371816242
1.4329666655750826,2.3326402025951127
-0.709767541560595,0.41663986947325854
-0.5796573724244896,0.42557521164727175
0.3169138424290021,-0.4297420666762483
1.2529734399016506,0.22344311145141874
-0.19198273788211198,-0.3289446401307721
-0.38857219729230374,0.9027591691066109
1.1285658355463812,-0.4606920694810493
1.332872622362993,-0.45807129488434956
0.4760814588577122,0.1435623063590393
0.005158053329858193,-0.29746467690228356
-0.06243940002337198,1.4791215917661655
1.0073954676696737,-0.09577145363509043
-1.6469860280614625,0.6776217790811849
1.8282544521797188,1.2731145066109737
2.531614606106691,-0.5388546900279296
-0.9115605986009628,0.4863561436164514
-0.9235526354109761,-0.6207722066167403
-0.3309286856227467,0.062242119639916986
0.5138347084509228,-1.511261115291852
-0.1303787346649293,-1.7313375961102246
-1.1337298912290967,0.21219089284421136
0.3304388037289219,0.8291426429838259
0.4461144825018457,0.47014505667511486
0.5484278181170215,1.388974833092413
0.21463613448397137,0.2483308219334137
0.8031736051600551,-1.3366531706623657
-2.0209795103159798,-0.7936825484580645
-0.8518882295346477,1.578752813907256
-1.0077854369643118,0.7847377436818417
-0.20142546421996557,0.13459374355067383
-0.4991761516859975,-0.532436062644647
-0.47237513899651307,-1.8994713015534062
0.9035259069956808,-0.533607888605589
-0.9137113080806518,1.015452871846169
-0.021495534944308562,0.621845403010844
-0.6402416627237388,1.1563387827011309
-0.459200025227652,-1.0781707047605806
1.232778964358454,-1.246111519989757
1.09935602763329,-0.1461459223170313
-0.8777603104979779,0.6436008083092136
-0.31818742535793254,1.9034882467993643
2.1574858825157124,0.4501120619500226
0.27324388422291973,-0.2401214236231568
1.4669722300716923,-0.4484620491119272
-1.2814780376847466,0.26216909375066333
-0.47093361700916647,0.4048198698471425
2.1558334207959686,-1.4670058984737655
-0.18120597842653097,0.4469220022573793
1.2441808776814651,-0.08766167109505256
0.36400263889331097,-0.41997895938263596
1.0466519022830898,0.8907091750045517
0.14364921503203315,-0.1185177656227685
0.9959926849994978,-0.5956387693149544
-0.7614400824889451,0.1320726571256828
-0.26260107495360835,1.1252439629479043
0.5311880528747849,-1.24474875669004
0.12898494287983414,-0.7261509353105771
-1.812066838146478,0.06602387749205252
0.004191817248559484,-1.035657314968141
-1.097131434042523,1.5144437871767136
-0.19260410629110472,-0.7230724784060554
-0.4428539833258823,0.04283719218121258
-0.021887589853311833,-1.860383331934989
0.8925173123335306,0.8875120933046211
1.161516718204554,-1.9390322505277247
1.1439572305413255,1.5530210628242174
-0.4510372446555659,-1.1831114308545987
1.1759073296485205,-0.7038575484075519
0.12984963950948594,0.11205297948351399
-2.4293768690775215,0.4865126048904046
