0.3607921047135463,-2.557573598337985
0.14062497890267694,1.0142736823423935
1.499817408262004,0.008158724513325596
-0.29370341729120986,0.07531434865771379
0.8270337798148107,1.5869244401391405
0.5292679460053529,-0.39421307393832217
-1.9231409126438241,-0.1048695826940199
0.8027912256531113,0.28333673125806214
0.3219949635871598,-0.20718813715833173
-0.12124192168882966,-1.7472217385008622
0.20254350280166653,0.7308675884616682
-0.9648450989942762,1.4609294026387398
0.4296217331546848,-0.2365348712248425
1.1117052147021118,1.043187071691574
-0.8989627588112026,-0.5546327595636379
-0.565005668983873,1.0493418933649297
0.10715229764087907,-1.7304275029610883
-1.5699212958459159,-0.08440598868059926
-1.088653490822793,-0.9046216077325382
-0.3807630885254305,1.7146003653950563
0.10244585815250598,-2.5041778605030345
-0.14592268218274382,-1.2257109450638586
0.004533514684774868,-1.3146349580369863
0.8848466058206423,0.341632510776893
-0.3380530107250835,-1.534928914286659
-0.6926825918138543,1.4390992194851817
-1.5132527670257943,-0.5199805185060655
-0.7032755001374954,-1.6428326548049708
1.7557184838679152,-0.4524595848801601
-1.5574032051405642,-0.5494743333105752
2.5147295260203597,0.4187509300275551
0.212166504995501,-1.7144267947226723
-0.38293509488739197,2.2345668212421494
0.6370216513743326,-0.13354031932623006
0.481435529337069,-0.7271946796276004
-1.2386316534766717,1.2598201466292827
0.5469806421386963,-0.537859116614217
0.4002877236723216,-1.002209699806679
0.3419811825681414,-0.9299567417314959
0.2278171848239536,-0.652881090581515
0.04021235675866008,-0.7022929826630496
-0.43783111048725726,-1.6441847300426102
-1.317263482729225,-0.7539967277484996
1.3991192488416415,1.7022529241613644
-0.30088080181679094,0.1986491239999005
0.528141193661265,-0.9015856452046802
1.2558603117668508,0.9168116078888866
1.0390600804082202,0.544971025221177
1.8382346255232442,-0.04186175652711794
1.6194671336499915,-0.22832345363194045
1.2450473022740016,0.5752929989870484
0.202198088884095,0.4178625066005795
1.3968169969522768,0.1637668591300741
-0.3421397987773372,1.5892136821247689
-3.1012642311206657,0.9349041084897998
-1.9215710106129962,-0.2525070837209306
2.1693747524524913,-0.6157545857267857
-0.30379185842467904,-0.35236816833128476
1.4947881591882466,-1.1292816828552723
-0.47843861416665207,0.6468057464312372
-0.5798355701010148,1.3320269634034
-0.20738043003456483,2.39213547627336
0.24730775598339003,0.8339594262315171
-0.0932431708360191,0.8555042951008255
-1.9176972677807962,1.1011035806939353
0.04699741954419627,0.538276291079183
-0.6202222866104528,1.479079203590614
0.31349861525403633,1.1626023907513612
0.9447025003212763,0.3111022762117655
-0.31033917501712305,-1.2388456012724225
-0.8443607885932257,-0.4171632423334859
-0.10358392726777776,-0.9397752445071561
0.0985232592316165,0.5897417342381379
-0.09269924260114025,1.0392002772320688
0.8339546358492405,-0.6300094093755312
-0.23190022029449697,-1.4160765991301831
0.8268331436122623,0.18496882524053854
-1.3135092493650458,-1.232135467447183
0.7052038007486495,1.7030151857679645
2.762499449148409,1.0510241301152763
0.8464472585889808,-3.0094314429738267
1.2093454837131532,-0.47918089259326335
0.10609436499361681,0.654687704865852
-1.389325611366227,-0.4577505581738596
-0.9190387001884481,1.9929533617310644
1.0510114418866086,0.6559036450452114
0.8891574505355958,-0.09133508219170017
-0.320399807596541,-0.8892748310842732
-2.455555934805384,1.7551047181893131
-1.0410780277866905,-0.8784734387458764
-0.9758343907801823,1.1226710550912566
2.4936339964866305,0.3841848989840891
-0.6045036111559559,-1.3320266606311055
-2.0247701903263997,0.20535836735387697
-0.2662903471198994,1.0874152583875543
-0.2036631529617713,0.9749556303667233
-1.3350387936305887,0.0067088857316883075
0.7810083760080404,-0.22292140499317842
1.539447837356462,-0.7779831465768597
1.7274225466913449,0.011079049116940898
-0.5848554729793686,1.5226095187588127
-0.3374643528103005,-0.9641511841745865
-2.0562109290263235,-0.34561161006834457
-0.06874725677402022,-1.6851059906237484
-0.21974583875915882,-0.26292279481966446
0.7603164974417692,-0.07282871061325842
0.21764511932013514,1.3553495814106808
-0.9455236274059001,1.028175401853706
-0.2885589640379977,0.6521771112045154
0.025222096398891353,0.17330047905678794
-0.6219939348293685,0.8377734001130629
0.2682945323340368,-0.866147171980702
-1.3362235503475997,0.7651188021369972
0.620880819098594,1.195576140153405
0.8830580402428201,-1.9626747275600915
-1.2187652553238375,0.1393895122687511
-0.40828679318894784,-0.6750782206301456
-0.4727068894736123,-0.5749245377762428
-0.24159602356183169,-0.961227922655514
0.5946179937095645,0.12707076415443486
0.6063707511318932,0.07429718029795314
-0.20284281766671108,-0.3552631327175245
-0.21896913129930765,-1.6200950247021086
-0.3234031202978227,0.5003463825078771
-0.12999556675214688,2.592634470151296
-0.27010631396173346,1.4341498031218354
1.9712634534768394,1.6510705156368737
1.6085858745174706,-0.430770937494055
0.5509933593236281,2.2795671555814314
1.1368926684960836,-0.1581370992126495
0.4598857130958267,0.3052430629669861
2.3528693183754235,-1.6553961634358323
-0.45861047675079086,-0.5980648451340338
-0.1970457671624084,-1.3984341097027364
-0.15151088727773177,-0.9648613264410064
0.8265094783188461,0.9244641106451111
-0.24193440268432484,-0.5353389295855702
1.6896022891232951,0.15120569904565215
0.4710135632080864,-0.2536380746840355
-0.4305458215592382,0.9281767706744022
-0.31637016899572074,-0.6844045713428021
1.5307685105880047,-1.1524568592045639
0.7787513661800763,-0.09158411030262453
0.4211957236671388,1.2916246399019586
0.8995587572790943,-0.649765696259309
-1.4356051315921932,0.11749667119574808
0.8676105488629808,0.19557279586144752
-0.3999530496730764,-0.6155504075749942
0.9055669934788053,-0.7556861104816811
0.646971742117251,-1.1335895185713751
-0.696944801310233,0.844690418760269
-0.4749506371441584,2.219477568373971
1.9793231244488285,-0.18618989526598845
1.798998921686521,-2.0608409268936807
1.811797268806365,0.2757009202755855
1.2881917495911204,0.5486180905688783
-0.3344411101124907,0.3674672500475292
-0.2831331236570483,-0.28514264457434935
0.87842719105899,-1.0507948665938136
-0.870841482428117,2.111772917765466
-0.1606574360447452,0.7939650141992056
-0.002079601370886599,-0.4968576674018616
-1.4211916823636044,-0.29493502604385197
0.8557242779939107,1.471912501686222
-1.0062991959409777,1.0980174923585577
0.12567113449405262,1.057779652583664
0.07140637906296479,0.42259413508148286
0.41623834382741964,-0.9953556015120084
-0.34921414896164066,2.152235064694081
0.10139322427295329,0.15750500069457438
0.1392139814620836,0.6364931953221747
-0.5942302370340371,-1.833132546844369
0.1534348187068152,0.8976739943079944
0.4739177117034914,0.7235578956263604
-1.75425385606876,-0.07556310348993596
-0.12895220540770233,1.1586641049070967
-0.7725139943749134,1.2061798455560229
0.18940795034104793,-1.1824097138753524
-0.37431000955944566,0.26999280316951013
-0.426284083726177,0.01599024298287342
0.4182855613920825,-0.5047046809331376
-0.8329223517368121,-0.42742447796057503
-0.33780363023844756,0.16580302786475942
-1.3279143693473212,-0.6802143803383984
1.0479142229630243,0.9507180122730035
0.8919556485273167,0.7989037046719133
-0.717653902269878,-0.4205709958817497
0.019874241375176654,-0.2345288506405713
-1.5223342684981152,-0.7722382897504324
1.3091222805258946,0.06870486579983565
0.22178055620326675,1.1507183389520983
0.7770438377682201,-1.2728399203741398
-1.0492908743484723,-1.3936027479231106
-0.8077461176042702,-0.7802096071327058
0.2661774000264422,0.6469370386333605
-0.2156595984002458,-0.31881568012370326
1.4606060443161875,0.3574274487615635
-1.9038996171527751,-1.0415026541068857
-0.1958023772572722,-1.3248429634705197
-1.2626952745477549,-0.48261307003617326
