0.7061481616956055,0.6466727823669408
-0.49624289605385,-0.5521224271711611
-1.2078195529233415,-0.2616376704082802
0.43532730650356555,-0.7224415574117466
1.4479133552702446,-0.18653853792435185
-2.663761850165038,0.5246998663337094
1.0221938797124464,-1.7435249237839414
1.116730244943341,1.114308055403263
1.2105110119966154,-0.44161044322828324
1.1725147607740127,1.2362935557329064
0.7971534998286615,-0.31808020011334087
-1.3505662620335745,0.8989547108927107
1.8468314462864421,-0.2552025772429945
-0.2686178074278804,-0.6443058975830718
0.02681684363875543,-1.8947338927651944
-1.6117067576924449,-0.34748104973830274
-0.5328379860418331,-0.5462218652758407
1.2272443591049425,1.7108380292237955
-0.5090494162375321,-1.2948920388197513
1.8124488349743286,-1.3136624805566754
2.1216445562326145,0.20764941174723092
-0.6726449120792272,-0.13683234221151763
1.820338818000399,0.12274582641397033
1.3837985990737338,-0.3129756734795763
-1.1548908990109656,-1.6621757548670366
0.8897956597325556,-0.7257911179039125
-0.2553653243898274,-1.0859776523054934
-0.5778441024947546,-0.8882892495893461
-0.14669030099443922,1.9299278817729417
1.9819238662679004,0.05224148218747363
-0.49932752352669946,0.3269600785931788
0.2944893695997511,0.46197427009594666
-0.3437735186768827,0.7367343231773902
-0.5656613029502279,0.5644880966293734
-0.024696899531370033,-1.404482780899957
-0.5894517365335517,1.3948254970997345
-0.09708170275615045,-0.9388875095921227
-0.8972560473775227,0.8743961752501178
-0.4436282903776909,-0.11533333853754293
0.6628033190807693,0.12767785676459315
-0.7000120277893499,-1.2863778409529618
-0.1859575050444846,-0.20480160547563228
0.4251747193394547,-0.08610716815572877
0.6695806665420285,-1.8671688601589063
1.5419078116029887,1.6604310117040677
1.3564281267625462,-0.4324080966898563
-0.44832454721359755,0.2469930792144916
2.31286488209616,0.6912364525343587
0.9742352177507109,-0.10169609370440631
-1.1404765132186843,1.9266134679913942
-1.6419732095735113,-1.8619931067240643
-0.8877925299435055,-0.12174797302744153
-0.059592357663582084,-0.35861285947318405
-0.9107133077686513,2.4409767009826453
-0.758026589026685,-0.6919216097752967
-1.4341427960644033,-0.8200951997788222
0.848713041920559,-0.6430960902818333
0.44734768637651123,0.26874775791086364
-0.6602035723977885,0.1054653227212761
-0.11773281341546186,0.33107728907609235
-2.4527265787319044,0.2756718652776219
1.7017081882137501,0.2769988101147312
1.5815433329777002,2.4451740549354435
0.9088709522400648,2.161544277562671
0.5876505330987937,0.3925207076266828
0.7277196122966679,-0.6514391919290337
-1.2743551470828476,-2.3055701573004193
-0.7153784650680969,0.7730516954320868
0.07831919079433239,-0.3155349027280551
-0.6820133532756878,-0.28310223662170597
0.6006878224412364,0.4348558570802708
0.1915617322569857,-1.353151837880869
-1.039959828163649,1.0549112432755272
0.6262116522543814,-0.038661567309828615
-0.9793581657644288,-0.5156989341356123
-0.45567817459189974,-0.5854759045526626
-0.5507406221526645,0.7697343758529406
0.8037676176741531,-0.7136456263049841
-0.20300252971329477,0.2992823155114844
-1.7032989611901201,0.40220046203875953
-0.5043021103143208,0.5138216013007451
0.3229064091481957,-2.2489261989958127
1.0918476754452893,1.0840967052201995
0.6394769191861607,-0.7691829622466616
-1.5476724888632165,1.2367636894350698
-0.9725059283253636,2.5449373208174944
-0.15105633658618098,0.21526113287315365
-0.6467715849639946,0.02604551756103177
1.2314871088463155,0.4027727923366736
-1.0402303442317578,-0.4182324875538085
0.540702491179822,0.5352355421128422
-0.2551626394257472,-0.8177458676586646
-1.0063351984850866,-0.7810164244545303
0.3954875069239372,-0.7696755023450682
0.11655496164225368,-0.9873508546240571
0.15079201762751893,1.3414824621397203
-0.8919983167448303,0.3278255158528864
1.1068979622846156,1.027049093818075
1.106337291503788,0.377955710665326
0.19575200125836295,0.2642723658735984
-0.6786264718254418,0.7751022578888064
-1.564148897337524,-0.5480809143811374
0.7555073057250162,1.0959712847999143
-1.299742546089128,-0.19266035784423396
-0.7905393858382848,1.3235444819273958
0.30028982643432556,0.015246343560289219
-1.0469201473303495,0.2206259450427704
0.5506770016821826,2.1154611630357376
0.44796422562519517,-1.3865659850095142
0.6136554342980134,0.8791489952756939
-1.2660810789995458,-1.537166648037349
-0.8603864223294081,0.6155201329189209
-0.2818985889608239,0.6390266796088485
0.0021398571353833714,0.23337473919441365
0.011832821414264387,0.5602337380535505
1.413074811469664,0.35215584417447765
0.3934029315828343,0.8125642816495421
0.3239680336580635,-0.7665511890904493
0.54093608966798,0.381785476581944
-0.29818886703406433,2.414641772891103
1.4451516836632239,-1.3265712887359271
1.125914786126121,-1.0288715047531403
-1.3878324448303163,-0.9869709111055439
-1.4249718273818797,2.159516112310929
0.6597101707569651,0.45386266619890003
-1.2207128651691757,1.024758753268131
0.9186564100174284,0.389104994728002
0.27957588281851253,-0.7803553760050068
-1.6044661801571458,-0.19601056546573029
-0.648960147606769,-1.365890468389325
1.1828917573774773,0.25215414296176564
-0.08530839337692411,-2.4595311392704358
1.1972707092563584,-0.015294315948011228
-0.6743647189120925,-1.1284699270351775
-1.5369047799373585,-0.2145506137795852
1.4890881858770335,-0.7289198101064073
0.7371091859774679,-2.0476689208166965
-0.8016579719764707,-0.5319602094341901
0.1583787334467808,0.3757220232831585
-0.38860823043506687,-0.615606485866145
-0.5437858861461919,2.9453761535395353
0.7977524633080564,0.24409019650605013
1.0386830830561775,-0.04937424007534738
0.4105203170625547,1.5799146003662914
-1.4389338333877086,1.2948298291197342
0.051226482968278086,0.0990052074840284
-1.204164050045509,-0.6396929886311482
-0.2502565832047652,1.7643616806743656
0.8513526219612544,-0.38696822488173255
-0.39172348312444133,0.32274317877056097
-0.7539847416349806,0.8901724383604495
-1.429914998556866,-1.3125362025173806
0.1411867885659741,-0.13011876052910226
-0.18994933469020908,0.2535638203644803
-0.4454401839481989,1.2546830421671284
-0.16539709203717842,0.9443122215004575
-1.0020625222019024,-0.12948113555920773
2.4111326659729553,1.1892395017876505
-1.3689962662535986,1.0964459915610523
-1.8250561316392642,0.25615896748437916
-0.6521304467099666,-1.6729909875778446
0.4713140852399235,1.4041093998859917
0.599762185657109,-1.2856715378350376
-1.6097466560371996,-0.2799798306648563
-0.020139897560704972,0.4665022788164052
-0.6159084139881211,0.2528444538991207
0.5235851256851995,0.08406950136663927
0.7274526002926345,1.4843202015267483
-1.2517962256103026,2.3088759528203213
1.2386358949980276,0.5861420068794431
-0.051539646863459965,1.5919725207700082
0.7809666688474838,0.46747746401317625
-1.1162986854389025,-0.41503753482047134
0.4484684351626361,-0.6271533710354876
-0.369715024535733,0.33542795564721894
-0.04212115237078438,-0.9073091644737833
-0.27392478243099605,1.3013412271494564
-1.2025857025352527,-0.18941760667562713
0.6928594738302699,0.7305065663429471
-0.9348661744431015,0.09772946478523495
-0.031002361153604358,-0.11912066281379023
0.5312808860504724,-2.016296275734228
-0.25990864527783664,-0.6520071808581417
0.9324423121950217,1.5318585612056446
-0.5241271533578082,-0.47289793348882636
-0.18068587682999304,-0.8415896889520342
2.333769390603092,0.7902098866335056
-0.6700588844917369,-0.9341120985157344
0.35999771592835794,-1.3136923676682544
-1.0788337652065227,-0.5620587705861453
0.6673189620990443,-1.0171485168209022
0.17275902497855064,0.062403411824513914
0.39454154471650316,0.8691684647164608
-0.7584414024932289,-0.5088391502722751
1.1623453499226135,0.3638680553913452
1.029312904927846,1.0071195660075138
-0.25191030784175916,-1.1125959979905946
2.3447567274313204,-0.11479618071196923
-0.3515087235694029,-1.229108975360117
0.8323655788851275,0.4985477470257149
