11.894890023890548,5.2798073672946115
-2.6272188432996364,28.46593142154586
-9.178957681535007,-1.8057345765660715
6.570849311342044,-22.578338237862855
-9.272268377904261,7.54176914774728
-21.155701988859146,-26.28471723421105
2.8500360087052163,-17.081751017317504
4.214555918232938,24.687510587396314
4.760605831650201,53.92716502340411
-0.5944088135270014,12.12869198417999
25.470718673118295,-3.1425857815785747
17.15682277999694,-3.5149946368248237
-14.297941795193168,33.107204319926716
-1.072289062505372,-16.05908509061614
30.448352292350762,15.450693076174
22.72409829270018,4.624801039448169
-5.2432655459206465,-14.732830278908017
17.512277572581034,22.179600757595843
27.088146445130914,15.94978895325206
-26.82940724504612,12.469148499732206
38.68143291381555,16.874833996280323
-21.53993497015038,-11.839244045681864
-14.47232693482411,-4.687397333323204
-22.48030573736257,4.179478970115048
-18.326686171942573,17.786256367685198
14.922502808982408,12.411240001641389
-11.591607342469487,-11.839978366080397
-8.796663335603874,-1.14712306242731
-13.21386366376033,23.065752118365495
2.946681920709152,14.532827748697123
-44.90951125708713,16.56786807978067
4.215905014767179,-14.519589968240322
-7.65177207491335,-12.048348448632789
2.0547295119722007,-10.819065492256644
1.3955690188064862,0.2675645000357254
17.642270333616686,-6.290271826453018
2.4540871530501267,-0.8549104556680964
16.866823660803107,-0.20682284322155642
25.933103310146347,-27.895856937318847
-9.573511462916215,9.67368344526287
-18.272294353793214,-24.636635230741362
-33.771880449261175,1.7848641190502494
-7.402815746437427,-10.767056460465433
2.3238865784081364,8.936226358553476
5.996748023855247,-7.494894950662022
16.983709622703554,8.456693626234156
-8.547109765839583,-6.609277109601635
12.011169923134222,30.76010385924478
3.652698841066181,-2.3234380744353773
-13.320435618138667,-26.262294223855058
-23.422690497112992,-14.1853588458028
14.477597480400098,-3.7205842653544936
22.219889273005258,-26.733332881959253
-8.967887519812894,7.581025516369464
-6.441052469326534,-23.789330871001276
-20.27031210186644,-25.197527558109517
-16.35112993591594,-11.844896188667459
13.331855184401714,16.90876238280943
28.117093681646086,-2.556574618148456
-3.36786934184868,8.520061160552224
7.792240300844771,15.094941706811362
-7.066510805884347,13.606548160126088
-2.807950425095245,23.25343893662878
-28.327711034782148,-11.613480087376573
4.613256218166896,13.709295441018817
-2.2048089724080224,11.085056175559329
15.883530765307132,27.554633535957144
-19.245808490085746,19.60648024776242
-5.88359595197325,-15.389257972024058
6.936702293910402,16.175186520389275
-4.175290324257557,-9.916101329004338
-37.852777455309166,6.206340855780484
9.111364377134082,-5.672163461014556
11.56313807583466,-6.747576406858768
-36.583866190387816,1.9935615166563494
-13.823505933271994,11.412768766470624
-11.42384041422445,-13.56944042678572
-28.627168880875697,-16.129181996161098
20.746740798351325,25.325152673042254
-9.8755977961098,0.10631779837678312
3.974132766973187,-13.9753555314396
0.39159159154136924,4.8391778655472875
-0.567958138964697,5.027318598419153
8.270219290236586,2.0348963363539996
-7.005270485930344,-0.382805955221742
26.858230943616846,-19.501465695706813
-19.918196500906113,22.37294901342502
0.871846971461725,11.318199712766635
20.63169145388173,21.20140367644167
1.5284374520261603,4.349400775477845
15.663622436234384,-6.938168809204621
-30.755226433925472,-6.345049687232577
-12.083545694358506,-6.245351373259044
2.4689358053797843,-2.8062115983222378
11.64845395179788,1.576715251821712
42.812989630464635,-1.4076649882728516
-5.370857070624471,2.1781105617004606
8.17942410781539,-15.42336132086859
11.971302291703825,-12.53181924819061
2.050060785413443,0.23370652190404506
