-0.1704347833750658,-2.3350908271096085
1.2715189521182038,-0.9295851236185718
-0.7098159041278478,-1.638748748195841
1.3706009920373143,0.23420853251910437
-1.5305202697654963,0.24721366511828438
0.9224582222893146,-0.08749247778432323
0.5599378663507316,-1.8353479197213214
-0.8594144408247499,-1.187766904332325
-0.41654165404212257,-0.42418503492553844
-0.03842153935728803,0.4299812873396347
-0.40214073203866224,0.7453186600918504
-0.04677261038674728,0.05765380340426723
-1.267846965483169,0.11959535926354267
1.0082174735694749,0.6446181598718709
-0.5500732753585512,0.5997458907871211
-0.31117890455108954,0.39704289356281613
-0.597169550251054,-2.021360517748198
-1.3018699599241692,0.16401103172054804
-0.44062499830073076,0.7914879462169915
0.42682464704079337,-1.3608196387787697
0.43910485193983434,0.6870141799210524
0.3188044217083267,0.3048860341143047
2.054663001983232,1.3447725588060482
0.7036365981013211,-0.25298397636638237
-0.0662062791688845,-0.9335793453927836
-1.6687154821845185,-0.7372700550055791
-1.0342257107038608,1.1470249817372349
-1.9920778321617156,2.446462423490696
-2.41081595542074,-0.9493789341256104
0.5653465856455496,-0.2810268317485047
-0.14598865987335477,-1.1715079890622317
1.0731507169228416,-0.38441558308120516
0.4282849540474379,0.3731470473797406
0.8485154015361146,0.10150663241033037
0.7551910724205947,-0.25901060675142396
1.476559721393306,-1.8363996464332382
1.0552859252364675,0.2596823722758097
-0.9992892577419237,-0.3554288383711928
-0.5930174905684353,0.9067201915077646
-0.166549060817378,0.37409136788444824
-0.8157230809911205,-0.15240552015060163
-0.3694561003915038,-0.849169062222064
-0.3277591720145067,0.9837876884029744
-0.23114348539688953,-0.041641803665559224
0.24790601459903647,-1.054516421587576
-1.0312557914349691,-0.6582149360365905
0.29978174886437725,0.17156108677515577
0.3355542876004857,-0.6373273052036329
0.7715404336814973,-0.8303056789111641
-0.5286402077168602,-0.3451196250213002
-1.445363606698912,1.7414492520405915
-1.1021374016212595,0.46920234435689795
-1.531471536301176,0.4150626949393998
0.36627792393735037,0.21472648550575826
0.0026754128572465024,0.24730766334928275
0.69153485210022,0.39380465349244365
-1.0155841313886833,0.3811813482517736
-0.6727122496343019,-0.8607935649179699
0.03579065460868506,-0.1277718735243729
0.8431748855167018,0.9257926436061974
1.164380954065513,-0.0732328029838173
-0.9409934407170932,1.0586818669794877
0.447801468579506,-1.1213644839279926
0.3176103055679898,-1.9296192768095992
0.1345601097741621,0.9646199634436515
1.0484091531100654,0.08193100649236378
1.2891578134863761,-0.7486077986009723
0.6538947784916074,-0.3309020478586169
0.39553603224284695,1.248935700255633
-0.11894347468165796,-2.0692370999181366
0.6336652190750777,-0.4891689413696803
-0.4414667098135671,0.07124961617526433
-0.3036807720355274,0.4188847678437458
0.35367897178347146,-1.0336870727511656
-1.6901952409528593,0.4573779507712511
1.1536961010480664,-1.3960534014307062
0.7644166202379524,0.867252444639516
0.8728438581706491,-0.47024028401519424
0.657051989757757,1.1179390305641712
0.20668494038403445,0.3228985393345805
0.7767628666323547,0.7167165320115064
-1.012748182814516,-0.5159023551254996
0.7134495366779828,1.2382267828926694
2.5629327773474375,0.4200252267857247
0.5395041037604166,-1.2881786932409336
-0.673877551648873,-0.7268999984654686
-1.7159998578586722,-2.1677250000278145
0.1098433218324569,-0.8159348293841074
0.11786690595326006,1.2180759047328984
-0.4739685493411079,0.7154230922175423
-0.7392297880492673,1.5582474951664858
1.1459899694540379,0.6383343209167559
-0.6545068386844608,-0.2732762288668043
0.12931763800809573,-0.2351332789046597
-0.7953761595323217,-0.39866083805138436
1.8257704846720775,0.06363512386589952
-0.5011848268282275,-2.391542235377972
-0.5305672498259757,-1.2167419583013102
0.4377394168113174,-2.2666857550574773
0.348198276455381,-0.5369873862860269
0.48109961298830684,-1.6292515941285786
0.34028277621332514,0.8235730712828192
0.9839022230030908,1.6516002710222517
1.6570720584967524,2.261764667735064
0.02477452558175439,0.45273659554702406
-1.129458562176763,-0.505505201094558
1.2288877288590827,-0.35409429057712577
0.9334821245431966,-1.1757179052386268
-1.0701020205341303,-0.9529860708316717
-0.14502233964141084,0.7877175091300905
1.2624311714279868,1.1147516840609917
-0.6183260951763765,-1.8580773405391133
-0.580447730147067,0.10902161415433927
-0.3013050201073351,-1.457241913647593
0.7904169863132054,1.122530180983555
0.14086431319706663,-1.1104351849016834
0.014516489127298329,-0.5604151443749987
1.3274114088667612,-0.6024597719959188
1.3027571398122615,-0.15263395745790345
-0.22199978828665776,-0.935855561626211
1.5392431420224777,-2.051354823980216
-0.31842602040035434,0.20068750763845927
-0.32877791104862697,0.22542437407479426
-0.40578599787112074,1.1465385350504287
-0.7902986685646838,0.04446548371587924
-1.1514536812700364,0.05798082905428297
1.2839809627276717,-0.658966376304792
-0.5994252450290563,0.9220849043890301
2.3907295262435078,1.1876133070847124
-0.7300492378629148,-0.242592972553631
0.06526919176739887,-0.03136110575529541
-0.8978956699407965,0.2732735833865296
-0.44194832396383527,2.433012577720859
1.5752464741724932,-1.084947175266793
-0.6579785332654065,1.110658873135446
0.08287382374379892,-0.585942168148298
0.45403457733437746,1.448525707724368
-0.4052188051452128,1.7769498281505047
0.6318361861978588,-1.3310430335394214
1.702366001083492,-1.7913407282496874
0.6510397133696012,0.5758984849214843
0.03810055487323596,0.4798597492181683
0.8682189425310629,-0.663617719965949
0.4075575370499835,0.416023725822327
-2.103836299996105,1.7899778542142544
-1.5701004654231459,-1.3293841442447347
-0.23620841349418148,-0.3523899281268602
-0.5808423277293752,0.935626008334349
0.13143040612567708,-1.679800924273071
-2.496425576599953,-0.13569380649953333
-0.17484301110198067,-0.018608997329778817
0.6495236212447509,1.3509143712710128
0.12385193419069455,-0.7216230482549657
0.6142260449103937,0.041925527543882346
2.624281231354191,0.29071307559436443
0.48651634145531164,-0.37207856803658124
-1.987760006147741,-0.2587168609670106
0.7234107371519723,1.3526826485945038
-0.0992852267531835,-0.48766433421563626
0.5035205790778898,1.1989362021391323
1.2043689393871384,0.13354036831485028
0.4856308559781022,-0.15431316291254976
0.21670412492215024,-0.6353822418880157
0.9471421802132663,0.6065172635024374
-2.1735155653052542,1.4132919041514267
-0.38990879786040306,0.6642068051084402
-0.5798675304969189,0.11473000367805779
0.47345428721146066,-1.6302783114472272
-0.3386219272560521,1.6249744389617216
3.076834178844312,-1.0037185172198608
0.23061956886258175,-0.007504527929476593
1.8421439072760075,-0.0849836102988523
1.0455018311657631,0.9456762498518214
-1.0614178739741436,1.3723490470102586
0.6713817444752403,0.824143993989572
1.0899614960386093,0.1722000024434017
-2.0863843563365054,-0.06351068216325269
-1.0092890189953998,0.2928590680329497
-1.113202324967598,0.8567015704393335
-0.45544373231325536,2.867076347355025
1.4339859446262897,0.6998009748418285
-0.22853324178851547,-1.0361054988404312
0.47564250155337395,0.12759098004015304
0.014168903632761005,0.07200909036043193
0.9092572760975466,0.16358912768192696
1.2484733806643151,0.5729582106258421
0.45227727232138615,-0.9635861544039727
0.27859002689673984,-0.29050181203972747
-3.2391272001464713,-0.3848140002177186
-1.1474666326473069,0.468006383548429
0.8386477977514591,0.7308865712799465
-1.3321482681279386,-0.716214088936344
-0.001453188958347532,0.07140843544809655
-1.1427480418645901,0.3747033179783375
0.7948022132625608,0.11503478426976611
-0.964281531157479,0.46733969627509425
0.39367557197997743,0.047378566013548805
-0.15096409627422838,-1.1924951011667235
-0.3628999935682856,-1.81102471307658
0.20088189217662436,1.7082351823092572
