0.8788175397682982,-0.6178896114485828,0.2768262343291108,0.11439683761107168,-0.7799759472825576
-0.03362319475709199,1.0396659750074582,0.24864167196800735,-0.4692239493846824,0.05758237674706373
2.1338680316141163,-0.556481728099466,0.43978347020577235,0.6171463911761835,-1.462747687451233
-1.6309816988703605,-1.1357282947774854,0.9028836761562146,0.05382100889543254,0.05200364840583215
0.384720619616982,-0.05928404636710417,1.016595985717924,-0.5619999185221081,0.7104367267612072
-0.5782800162941167,1.3307786108883537,-0.5208306038624191,0.005802000763968697,1.2540257667762107
-0.5176135558898538,0.5995001674410728,-0.03506408358883967,-1.142463292729296,0.3739127637194504
0.7844057209708373,1.332436110814312,-1.4258066510874314,1.1386976151487365,2.1344678004737356
2.0322717776250556,-0.41275747540684676,0.5238941648586222,1.8810171548716812,-0.05848544771934519
-1.5810863552226524,1.1123960403778326,-0.008923144607931276,1.7592669367024973,0.8746482352971491
0.9102447805506635,0.1347777109380141,1.022563855537983,-1.0861345847813721,-0.31371564658098033
-0.04574097440864036,-0.24155183681226197,-1.0373323858344345,-1.2863145801453262,0.11120976040418593
0.7489774476301921,0.26955122110612606,0.2725937624284928,1.3036472123724498,0.07819976273489915
0.6380928525703127,-1.3259280439332914,-0.6930089179627017,1.2248467101511844,0.5325243276414864
-0.4878160238856778,1.9041550633796864,-0.16130854778892617,-1.0210260208611612,-0.8162676989455173
0.1930544946010664,0.4117096871564036,1.209474516426259,-2.0988340948392197,-0.798328107540838
1.1859098667524428,-0.8471611056970125,1.5745697368110083,-0.12168848803598767,1.3274826184894777
-1.7617133256748985,0.6508515898749079,-0.021002833013471733,1.3502205108052394,-0.11568936370968429
-1.665091897879136,1.675469465403635,2.0313313602379344,-0.6907092728077021,-0.426181130889773
0.5706993317991632,-0.9410493759134848,1.6399485091951191,1.3827590157505345,-1.0936354895306757
1.104516966756118,-1.4032180908663106,-0.41727093980664026,1.8745203044753271,0.008859664581630863
-0.40275543564328614,1.031445651618364,1.3908792595134334,0.33495073521074276,-0.7506722224343452
0.4468512076561925,-2.306735052856103,-1.100750547346011,0.11199797118812378,-0.39516372095934166
-0.7665856994506053,1.0227268815757125,-1.0247961002285135,0.789116698621751,1.1213225260267246
1.718257702740269,1.035515993849922,0.5622158252125022,-0.7101519312715957,0.5929371151203171
-0.4168346016540318,0.46799775773986596,0.7286782499341697,-0.9038876717917955,0.8027406818060273
-0.8865569724853045,0.5084618364848594,-1.1062277204995032,-0.2649782275940895,0.18770554881992677
-0.310160282432004,-0.038711816974701885,-0.051575681627801594,-0.33686141617239446,-0.6354880409448969
2.010495719902202,0.3778816644071341,1.420166730287565,-0.6764955097360902,-0.12149729629659396
-1.149366305618533,0.8665989970856112,-1.4434302508701087,-0.6439359692504845,0.2941969700092527
0.7952107440015743,-0.7797213874243072,-1.94763109412748,0.7495802482647907,-1.478694785275571
-1.7723973401788646,0.799738847025967,0.028547193822509212,0.8090737821328441,0.5644220157798744
0.4035810315039997,-1.0928244215696516,0.044277478245954356,1.0835959510572828,1.717810068779262
0.8467720846705638,-0.2829962007073286,-1.8859949900080628,0.38748759959437007,0.6900266248707145
0.48144745255272514,-0.501293120416423,1.0276548415201985,0.1653282810749335,-0.8816408220898824
1.5383744040309493,0.7559095429732318,-1.2816872988328358,0.476513606183921,1.2381713437766617
2.019785823022613,1.3032252947458822,-0.2104868024326808,-1.0316086466363237,0.6191706693381291
0.6552945061262191,0.2286951122208478,-0.4683729111744416,0.3202585001439387,0.9299235982376652
-0.9148377158632656,0.5957847213329385,0.4660121013111882,0.949896836968119,0.8585297634331542
-0.15071430598508564,-0.48240432777784303,-0.4397836065184529,0.7967197670762768,0.441161205364433
-1.2396817303249315,0.8311801998697477,-1.4811508165800769,0.3609946810547963,-0.2756500484631794
0.09885904683685282,1.002652890377793,0.47490303290057384,0.42195487196533266,-0.6222506242830926
-1.6576034098732033,-0.527549865700381,-1.1617936121413432,0.5699248451351989,0.3810574242407815
0.8709691104678434,1.4871358965765398,1.083716249431566,-0.17557979066108026,-0.8867681963388399
0.21331800934708978,0.12196555179682789,1.1044581815751255,-1.6251164510122915,0.5947595302915373
0.17782776468936884,0.8077824253907518,1.414660508490938,0.7278289348554131,-0.0590948533843202
-1.2614006602320864,1.5709889399409949,-0.5452537610265988,-0.6775343678471993,-0.4182117411115452
-1.4362290222382401,0.25703368187461256,-1.678452402628502,-1.0371913296289597,-1.2180477679487436
-1.191713742987867,-0.45799266737044264,-0.3126545189996462,1.1674255761948649,-0.27375729025180273
-0.5851499720447663,-0.5615900425301199,-1.3798996099138008,-1.866617086994286,-0.63575209657609
-0.572273994286176,0.984324673197882,-0.8727338887063179,-0.11537607574853043,-0.5701395039683009
-1.0304602133724887,1.5559125487244152,-1.1478201669390018,1.9305473545386445,-0.653792950240282
0.3695307580536231,0.08402483632984441,0.25212572672015454,-1.512808995852397,0.8059441768332958
0.4434754519270428,0.3817776228028528,-1.1849450718476977,-0.32106053635706905,-0.5960763518748514
-0.11335926685260486,-1.0679170784954326,0.9220493791584466,-0.18758540697374565,0.2510060092523185
0.30495397516584416,-0.2043189082516628,-0.05122076640165068,2.1453258780055586,-2.040459199270994
0.3500776726596951,-1.0741161316787262,2.2857684002766057,-0.47979393182214347,-1.736356072608808
-0.49085515459782436,-0.07126482446458338,0.3945110748284645,-0.4163126286342697,0.46248897012505275
-0.10303358755295709,0.5528166859195703,0.9785399180429399,-2.077086311765906,-1.7552530144399097
-1.2091556024497319,0.6744803631326101,-0.22951373659518168,-1.9008777419593574,-0.563499474986216
-0.5808926621117673,-1.5550191074465993,0.04706240633127683,0.8855538984472521,-0.4136141540149326
0.6344692667802698,-1.0897694326909488,-0.27232730058751436,-1.3562301306581048,0.9732021959107836
-0.10137857873125099,0.5732669793580547,0.3588948155697984,1.0981273004482492,-0.012604565961634073
0.3385265800092638,1.295202802129828,0.5625319880110585,0.7478052231087459,1.2161851717764205
-0.9878324320962708,0.9027571234238488,0.15728816736848555,-1.3867705064705107,-0.6180353286556142
0.18710394918080694,-0.45991759197403514,0.5913951427120551,1.5497424261836918,0.7982343051794278
-0.7929302481112401,0.22600851246195183,-1.6127316835423173,-0.015628110458733687,0.626372622077804
-1.4033432042133662,-0.31012980080432895,1.0233166083656389,0.7063001284043045,2.8720500114254675
-0.6955503397127152,-0.29264485840409377,-0.49153073483719945,1.365826469395884,0.41967187126606065
-1.140310610572881,-0.14774142551560462,0.7836328426302152,-0.42026978321294334,-0.5316831766483852
0.420143597792943,-0.5414197635743521,-2.2749292722447563,-1.2798976653427079,1.588912754347075
-1.6325273003051772,0.06185310592534667,0.5094135037847518,0.279559072094114,-0.7825506428050846
0.8088176398099852,0.5497533414894985,0.2616611147334731,-1.337951389998296,-0.39020745851098626
-0.2769368058930758,-2.107434998210563,-0.49979779654759476,0.8402572373998878,-1.3366732417072493
-0.08395159741560261,0.9881876836361818,0.8878511802461231,0.050545051631432567,0.719598752571375
0.7991857096518933,-0.6344729712088303,-0.7686451828161048,-2.3792695088251503,-1.3348240165913827
0.12264786172225928,-0.4010580981552962,0.11788336110367874,-0.5421359785546918,0.6921258133634002
1.2724458730079973,0.3869199366659228,-1.408489814489014,-1.2908012596130016,0.6532382649661729
0.7255791193191632,0.5543743265950194,-1.6945783084287183,0.39557083267964305,0.6118760075340091
-1.445555184447675,0.5398203153102528,-1.0635835195232883,-0.5247655216264631,0.3644988493429454
1.026450995293956,0.1300217460360224,0.305676545088649,-0.9464043116017669,-3.304096526351547
0.3859920349238649,-1.992626152130521,0.20254241941583004,-0.9952659958629251,1.449697516647744
-1.2365825131789387,-1.218118765423254,1.0771014659125158,1.3737612192811892,-0.29120745995074415
-2.08075948750172,0.43465325388055354,-0.010073576200426822,-0.01766995109397067,0.47345305380146285
0.34634677423558774,0.732172518285778,0.28507490605640307,-0.3069057633087307,-1.8179851971239867
-0.040814640036955015,-0.2809911926213577,0.48345004205670283,-0.4498467441221511,-0.7874328330436224
-1.4729456708977764,-0.44792664194824694,-0.6498986966823448,-0.15380010304435354,-0.6641011788575498
0.020117299304415043,1.1041652505717177,0.5441079278408552,1.7449271454169828,1.6351308943782863
1.284367951539471,-0.017470005087228218,-0.5033938002357768,0.7530476051091811,-1.0288840576585898
0.27168488180413125,-0.22658515671819984,-1.101623834700606,0.822174608494973,0.12398322690616466
0.1405963096186515,-0.5279590216770634,-1.8580487543588184,-0.3536656848570862,-0.4644574905179642
-0.9226908371176492,0.4529352602611089,0.2892531804575781,-0.8120766553707655,0.5182660345398307
2.1562861316153565,-0.41645867428526545,0.7754501989626214,-0.5384243145066787,0.3478503448686526
-0.4889854224105451,0.579851786571708,1.3916420788177193,0.5593047784209201,0.8001204502153615
-0.41348307741244655,-0.17624383976467384,0.1715760949738201,0.8628649705672367,-1.0462736774295749
-0.3619661797190457,0.9894017577660826,1.943551177672212,0.40834244738872605,-0.5163385449260088
-0.9793390474004439,1.0869755702454904,0.3747926842431985,0.8246823656249703,0.28670507271116336
1.1822826977553025,0.25390972466450684,1.2399752312895993,0.5870116273334159,0.6304676823142095
-1.1153369734503116,-2.354071888493281,1.0215069899823692,1.7365493353946424,-2.5387842467562582
0.33440364671909095,0.38746527731999875,0.39717645832678566,0.43743693223247393,0.0008204490979538914
-0.5043492694452474,2.5531705716111093,-2.0873534742720525,-0.5470961078815644,-0.1153498889255919
1.217721852507624,-0.06687145150755686,-0.8592308333229532,0.2258208964024076,-1.4695700467716475
-0.7499386287123293,0.09710147774751196,-0.22697507896812347,-0.3695317415592211,0.8038545215842154
-0.26449977896741034,-0.306354189395055,-0.1575275033810077,-0.15919278559988748,0.22498984642089
0.6663984201318344,1.4310487352703398,0.1332781120997356,0.35551328971075336,-1.1756458038884052
1.8881279220814418,0.8019923721336275,1.2755314531366804,-0.32084750557490593,2.132362183742222
0.3976345836768713,0.44253873561363727,-1.4735673856331892,-1.8598982420186607,-0.6483241478084253
-1.2559916710468106,1.326487375569873,0.7699231422535074,0.8759697704236342,-0.688993828765912
-0.9229586279095525,-0.8770711272375209,-0.20450590505467464,-0.7356490491479234,0.20926636149739125
0.6360472282848342,-0.6862223896965153,1.3605210030607728,-1.1577901484171917,-0.21349410660901275
1.5300325349746968,-0.07748862648457264,-1.7783917569497762,-0.010939613619333452,-0.4649322696305856
-0.8370089494627574,-0.46947942935484294,-1.3264556745932277,-0.9092199498156568,0.6637182013404761
0.2612434243420917,-2.2691641966757428,-0.9030697057281273,0.6743227369390768,1.0834169258125421
0.20680411237155755,0.631222250106074,-2.090031351159905,0.021385398401171832,0.106611534045893
-1.7665090676570514,-0.4799402249299693,-1.3422304965808407,0.6169532784901884,-0.8264197102951536
0.2656271844954751,-0.6891494412193906,0.44911288020380913,-0.1916974174349007,-1.2660740030778437
-1.221269029224694,0.7862717337046901,1.3623211207206627,0.30437108672398905,0.9537020325337802
1.0993062136057135,1.320856312315086,0.23564309830616142,-0.9707811964129645,0.40825836719933417
0.38045832804431784,-0.9901583829488411,1.3019441695379514,-1.0112249834447422,0.09783341766447991
-0.46247712290051984,0.25163274304908856,-0.9009875256331271,-0.7512786783305668,2.453691840964938
-0.3181371833367322,-1.575210878928847,-0.25544390004764045,-1.4326319632919864,-0.19684084209467273
0.23833809524496422,2.8127371854255565,1.3330841745505007,-1.4757276966510673,0.5372526533952825
0.15143154214992757,-1.5413868344821513,-0.7874335303950069,0.5851705873072549,1.8264173240344799
-0.6363185610162392,0.48745809803076323,0.7739468121864346,1.1741549224720162,-0.45536521484154874
1.610722254053534,-0.953704522957551,1.4577521569969503,-1.947945821886615,0.8165075309033059
0.3947542773090235,0.9601493359069777,0.5266204698279423,-0.4143729099112926,-0.16523055226988453
0.40562720306182437,-0.21611820202627655,-0.8223338366798808,-1.4707298760908822,-0.4916975869630846
0.07241184041456684,0.5265360172639936,0.29490826334050974,-1.1772945382970816,-0.6223592488181686
2.1226743852685956,-0.6973562375693589,-1.3112177567104542,0.7524204410810176,-1.2280367640600207
-0.2221859024143159,0.2436624823873605,0.0733221391652403,-0.3034514127764811,0.8323236335462858
0.6978045224843391,1.406623064405761,0.0459892075049715,0.8691548660442866,0.2313283177160682
1.20898150301136,-0.5917055416488218,-0.8809153414819738,0.8649497689452124,0.2859670823996605
-1.2183329462014576,0.4386227247565071,-1.961406951234984,-0.5427759473206234,-0.22354895690565035
-1.7390054913863688,1.3293302608709834,-1.207317219922467,0.30343546002394806,-0.0679564903053349
-1.1692464443534123,1.3211255954111554,0.4052125675291025,-0.5996441445152453,-2.1353119945027355
-0.1612487107344403,-0.9018727620346552,0.11072565983076818,-1.0630533743316812,1.3040907602870635
-1.5949722957484795,-0.296789350074128,-0.5430564481011574,-0.8434530529937544,-0.2479603147885377
-0.43572100501065864,-1.4374414067387664,-1.779801934438793,-0.836777290358461,1.3805701900799274
-0.29649818677538076,0.6549599512843223,1.259824316357623,-0.5703263233080431,-1.2809113637406337
0.44194210794113875,0.9299389211142293,1.5353808179962365,0.10495144205208255,-1.6465258407049805
1.2273524525632824,0.6503091760151477,0.5194370674841101,0.9798952640956905,-0.42131889654060356
0.30320137334654784,-0.25090731747476297,-0.3146992343948034,1.9204783784707147,-1.7935529502964618
-1.0511083274131818,-2.1114500259859073,-0.3888528777540611,1.3092644464438776,1.9530251370788083
0.9513149011983174,1.7059945388845354,0.08800375013771548,1.1628387406873717,-1.738387390067276
1.4544243661392198,-1.422139680683782,-1.6969566581203042,-1.5486600991232968,0.08490078302873358
-2.392807245755485,0.5962855622846415,2.074130737151803,0.855842779653078,-0.21764252615790208
0.44365016721090733,0.2989920971725961,0.1256347457994756,0.07902279507274326,-2.130391770857884
0.8139793205985275,0.9644820882937956,-0.4113198403799478,-0.7086848580940346,0.8075099334707883
0.697532642459394,0.12743021427825962,0.978685167573958,0.5956786150191287,0.5262475272663801
-0.284990722444844,0.4285904648678272,0.5592844428403073,-0.10668239392030884,0.4954996645267838
-0.2201935073945598,0.40862148331905457,-0.11624365051346336,0.22509342629380102,0.7038224843044324
0.01033109716284694,-0.6747956001858023,0.34647564109136875,-0.684534565481003,-0.5136788788996249
1.0799737587197813,1.5614328054870357,-1.0690037397786156,0.9883126577239452,1.81320661487935
1.1005194283292699,-0.5470835863751309,-0.8794264698474454,0.25343573241739453,-0.1968414033097414
-1.2188037722704177,-1.9883154175331703,-0.19507737704811814,-0.5565799903036379,-0.34723092144005135
-0.15317345885721478,1.615216713084688,0.9012800934661306,-0.6175760873882895,0.018405904940128517
0.8576590794560425,-1.26771175148242,-0.28312813948972826,0.7820185422600758,0.2820367768846456
0.5529968194780953,0.28678815561027926,0.05916661604452486,-0.8511426144336238,-0.4364381506074073
0.07617297153129583,-0.6555971690792212,0.3327948363940838,1.4401224120060314,-0.4785388448486432
1.159701588723542,0.645854745693482,1.5082809592818436,-1.8931173772636574,-0.3083357009728834
-0.40114941797636194,-0.15202780424415643,0.2626788546865258,-0.05524165333388348,1.9095010191631905
-1.7342370020255655,-0.2707348836632478,-0.9243521777354955,0.5099326101040256,-0.17285667020376214
1.4399574870098748,1.1787877192722573,-0.455166188915006,0.2522745870126862,0.06262811022057829
-0.801168546044449,-0.3330465586977016,1.5837911832659404,0.0040620465043960914,-1.8600758641279158
-0.8899681160393345,0.37534095989607863,1.1546582841896433,-1.3225143122834122,1.1371959584082294
1.2189804753820404,0.8737404588623009,-1.9859163323953781,0.3214631160239011,0.2408306593245498
1.0745381751474972,1.1771517195722887,-0.939356125360604,-1.2866778130945409,1.4204232947098225
-1.9971750129629322,-1.3230895468549047,0.6467923769930998,-1.981293861270388,0.7781596897616645
0.02893234668520158,0.439155978489449,-0.10057422096017679,-0.8822481441686876,-2.021671460671027
0.6571367096405425,-0.4156271991873766,0.5254862227182997,-0.6194679326873247,1.534873708482868
0.053139101533434645,0.14063467306985739,-0.38038051854229366,0.35720159755040354,-0.4617028406329033
-0.5176363999474873,1.1654739945668722,0.2682809248729962,-0.08877168052992027,-0.3542012403425365
1.0117664119528964,-0.6950678732431389,-1.143496695926825,0.7277566081210739,-1.043718680453975
-1.6986764905632101,1.557874760690821,-0.44664511196901713,-1.7439742406466119,0.1613813986957883
-0.42109005901852026,-0.8671012455574407,-0.10818603549821627,-0.9892070423313013,0.26030756170934244
-1.118713171465421,1.7901900957597605,-1.7412973506553187,0.613688644053519,-0.5794943731582902
0.47148689000412963,0.8755286131770018,-0.7373887864957516,-1.6693208324727375,-0.8465627192989066
-2.0781979538678517,-0.7447707924288957,-0.5952230513416886,-0.609499368503711,1.2195092567149042
-1.4004029701083556,-0.35251887920993835,-0.7253433375850381,2.4123909592427513,0.8851911372792254
1.4794078724786943,-1.264518944550664,-0.6781127994654121,1.3609847729980953,0.8706479085512742
0.022481911038394004,-0.5133405050204666,-1.5296404535818198,-0.5449586096133624,-1.7735371915224343
0.4162354257413731,-0.6547031073437438,0.6231942153611477,0.6270921045434876,0.30312924344784703
-1.0330199493632861,1.1216618305520252,0.43818122907401685,-0.0484192947543994,-0.34964862696029125
-0.17979509593967485,-1.1396062733011099,1.3912670110242193,0.5592287475927009,0.23660705347362643
-0.8431589643625951,0.6070566280389971,0.7216229771312861,-0.16477844266813724,2.3263741294464473
0.07117284606715729,0.8605125522898318,-0.2935197660604706,-1.1582783506902508,-0.5696444698321602
-0.36555873501364067,-0.7042732170020557,-0.32365150411287325,-1.1183237386934115,-1.1104940893481983
0.9732712032509405,-0.08144014272806861,-0.7740972850551746,-0.7050936837715662,-0.3035766065244418
-0.5938280350470911,0.2945421340505965,0.2930270593685707,2.2907388603320493,-0.9291344631467676
0.030079472912954115,-0.1276573309099362,0.46977102043925384,-1.1445661374233376,0.7354914374212718
-1.8160743866057092,0.44226901824494164,0.9090732832047627,1.542033668995765,-1.2940273546694208
0.6633327979136735,-0.23270323220061856,0.07893923856867728,0.18688545309400006,0.8898565269788794
0.0515380474063129,0.5424861202904608,-2.554706234189085,3.3398988699783505,-1.965074131491293
0.201836636552472,0.24525398940598342,0.7269238455759017,1.0269810435885252,-0.5953496688997233
-0.20471612542215162,-0.33014630296142994,0.15337745406203032,0.6144119025878594,-0.5111152702345904
0.04671571332843514,-0.32828901296125046,-0.5621657526122491,-2.4167884227726533,-0.6389858303366024
-0.7063953666322332,1.1779456837886588,0.017163043206798907,0.07443237791237206,-0.4802822965026553
-0.5269383323468358,1.0597758093218939,0.37143256261225616,-1.954526190895033,0.18698654631240194
-1.350832055764961,-0.5796197199742433,-0.98391948674444,-0.3257725998452602,0.21488060595757197
1.4362965152746563,-0.7452154820218071,0.6468239302028745,1.3989907866643974,-1.1399522634145034
-0.9107050615605813,1.4101230294249525,-1.6272527528045841,1.4602202260128987,0.5187666578762382
1.0830540663877066,0.7618866390999255,-1.3959174032938133,0.006358587488016029,0.16471311584459034
1.4955739759061717,-1.4807305066197245,0.4224651785839644,0.47447957054081663,0.26644774057775383
-1.127096499681154,-0.5350043143924395,0.04696669195592819,-0.956301800629682,0.4487992131029488
-1.919770225118327,-0.8053582227347623,0.653581392023475,-0.41994038489341645,-1.2259360727443382
-2.023007516881992,-2.62999022444145,-1.2314361849418207,1.3414966453445658,-0.5371752249317603
0.7103708158615062,-1.2485187850831592,0.21432399321108458,-0.7406226458623492,1.0530837370807233
-0.551223672458709,-2.06459817850246,0.4718114507165909,-0.2111266636134194,1.6877482137166344
-1.0105674349875144,0.27769040300571285,-0.7234172839700547,0.2136620264576511,-0.22617783213587
0.34778910301981003,-0.3772458666778766,0.5449472936258984,0.24602030209623993,-0.03361802150029071
0.21227374095443446,-0.4932402702766677,2.453608097268509,-2.704676851500689,-0.22791744040596365
-1.304086105691539,-1.06442834802273,0.5313078634939408,-0.696945508465443,0.4855188974751202
-0.5232794961856332,0.8510826145699477,0.9210367997417579,-0.15047802956875622,0.7543256092753907
-0.8891449565289641,1.1424088031801356,1.0865314669788673,0.39984789082573,0.6832516663644636
-1.1279342379464816,-0.17439433911261515,0.7701192467839005,1.7224000607919363,0.11436863816705006
0.1475842573419011,1.7056309552784754,-0.7937908577157429,0.5428052786538405,0.18726251958319026
0.6671193933725336,-0.8338706081189685,-0.03890349474856747,-2.0073649671429084,-0.9328365987362659
0.5570409987402019,-0.32312071577408574,-1.4960732023804382,-0.5648806506204999,0.7353259548480242
2.2733670857924504,-1.0395967496627094,-1.0168480458974634,-0.6767964830355335,-0.6784226734219574
2.55194756899945,0.1705703179286853,1.073154415289932,-0.563565116095198,0.8608807690515954
-0.7468856229075092,1.2754066662459334,1.7530773889002178,0.5658732177664183,0.2499619615865393
0.6421725294632241,-1.3977618679862613,0.04314170028798999,1.618863946620615,1.044272309984433
0.21060939095561873,-0.8305378850037826,-0.25275086832420257,0.3796773084814061,0.2493169792937384
-0.5107863408448736,-0.1792950383648669,0.08597817468770849,0.7181647609440794,0.5439510315997096
2.047486920002816,0.09075237237878632,-0.6076838439160883,-1.4631457338110507,-0.7972459601697788
-0.16623007270346118,1.8586826238764427,-1.1225045135287075,-0.6160052184302154,0.12792313858008436
0.9964318746002614,0.6150793480424829,1.1912410027826925,-0.7317100610665089,0.8625118149182449
0.623814000319751,-0.5997191094675577,0.21655385235371272,0.8835869000608331,0.7443495101769654
-0.43684861495030375,0.34005166786070384,-1.4344318288936,0.9252027879969483,-0.3645149342432143
-0.0757223092017762,-0.8538874796661352,-1.2249366642537411,1.1013125227272154,1.656966360489865
0.02868401862448654,-0.3619367222281159,0.738430671200542,0.27385120648248606,-0.21023174663256125
1.5290661334127418,0.32444861730274893,-1.314877444054209,-1.303097922042739,0.5243962764906136
-0.6528178342381442,0.316962131568721,-0.7697141184694988,-1.4161537905353365,-1.6839287981982618
1.2782143720873007,-0.9345389951413271,-0.08993628116493724,-0.4404335492256445,-0.4293955903808791
0.08927263487561328,-0.8100991007369104,1.2081840301686586,1.0690168363529986,0.2608856646667952
-1.3864665839774948,1.292715139183602,-1.1792562579282553,0.6229928456601752,-0.17947829855995276
0.6661253088907328,-0.6032758760834857,0.4139842543818425,-0.114901609595157,-0.33208138445667706
0.9021645875138169,0.15524294463538021,0.19827281511954692,0.28651003181631757,-0.007438774526741355
0.3298490784244141,-0.35361737030110507,1.1416934232000024,-0.9379231044060253,-1.007565430127672
1.3978533116948066,1.1480704587468211,-1.4435347637461722,1.131682765320096,-0.9074630197308272
-0.12340748921354844,-0.4584189903054183,0.7276574501294505,-0.0029995621344713727,0.48311533304058
1.4722020161604976,0.3688332853142721,0.5224179294507878,2.923559200693117,0.637698866979626
-0.9572944646933924,2.031972781448273,-1.3340435791032794,0.15593928005160915,0.7402828539603574
-1.8200275196240299,0.931076355019184,0.6381889131004161,-0.9336656602083745,0.29318937558282615
0.91646047202922,0.2847706128098378,-0.4515180306641089,-1.376615348928914,1.6544491591851431
0.38887067720351226,0.738740474323498,-0.2978925498142444,-0.9069964828846849,0.7462752938836547
-0.9706491179778767,-0.8797119027891812,-1.8704551972128984,-0.6083720772326551,-0.5321675909697635
1.0391950101272522,1.824222822073352,-1.0191143600218922,-1.500478624264595,-0.10206120639592844
-1.0978499598289355,0.8840349954727007,-0.4091108141128287,0.7495731255867315,2.102595855109107
0.5381670096904233,0.610649149348818,1.6742058936257427,0.09221019371487486,-1.7920556668966061
-0.811883894233575,-0.20285366659153603,0.8232665598947617,0.1421747658523644,-1.9635777635529705
0.790417032166542,0.45383763822242756,-0.5805253751737067,-1.0467030121572802,0.6967251958589633
-0.23941404821605955,0.13738448216458618,-1.0848291695930075,-1.642841919065065,-0.811627922482695
2.468424407775881,-0.020941268545267913,-0.9528186039813238,-0.43728017179784706,-1.066019004347964
0.6462557638946704,0.68359206929515,-1.9186786504574196,0.21325955085067524,-1.4770065539330082
-1.1037013610733957,0.6050925991401268,0.37041352583132436,0.9876945138764989,-1.3719329787594663
-0.16425092226021581,0.6974554406952511,0.5888802344873922,1.0708532621030125,-2.092985206995676
-0.5337510564482136,0.135746992231983,-1.2397048759293592,-1.0207043338697528,2.086522918964999
-0.04697302267930869,-0.9700824799573445,-0.5544174004307195,0.09233580223520503,-0.8161989834583714
-0.8584834072023342,-0.13172214478622463,-1.0959807654844067,-0.5399211799296851,-0.04244781981314833
0.32282380613689515,-1.8655983190803476,-1.4042776756235245,-0.4926761254499063,-0.1747543196531929
-0.15490748080350136,0.09836570831027167,0.29486381533257483,-1.816072017710256,-0.7449862194314314
0.7283284672644817,0.8683638311303832,0.1439008470485972,-0.004560089230272796,0.31022797433961097
-1.408048331627808,-1.0371923655137854,-0.06158455149254812,0.3113850212692037,0.4768671211907036
1.4973076607291516,1.4099791556683123,-2.080114093823656,-0.9750196110147551,-0.6328807759955005
-1.4927231257473055,-1.0153362412880884,2.1970937731661793,0.28377143784224274,-0.640273444263907
1.3324084077837073,0.14373146679969365,-2.6722312589605495,-0.21650169145885226,-0.8767734372253775
0.21445785651900034,-0.06711937959989613,1.4058715120198955,-1.1978851418278076,0.8850783787202646
0.06607013116620673,-1.020285406352345,-0.5052633345959617,-0.8430120357816447,-0.8792456647198165
0.244967722881834,0.16832645312676014,-0.643606747176635,-0.1584426865786406,-0.2174308539869424
-0.5712010291003583,0.22530279268083345,-1.3315801291794813,0.5748493646233311,0.7691746102032532
0.7857660685962847,-1.0122457356358128,1.8123024273279376,0.4620080670797071,-1.8418068070793256
-0.8118097207492053,1.2461646667471105,0.36984009906491144,1.0136601542408712,-0.7594709527396427
-0.22574055618028663,-1.5343816010429612,1.1638819713416455,-0.5418794516307506,-1.7640990543954
-1.2268656217841822,-1.518540321545125,0.7281810593999489,-1.4161586303594085,-0.4026063201469963
-0.926310935230132,-0.6621852534142009,-0.7183502391739716,-1.4768574048272698,0.1687029485752538
0.35160834173563815,-1.0145455359870712,0.11563222593125962,0.8503818370183646,0.857252882521314
0.3795105618602427,-0.207795472070668,-0.467816295596518,-0.15247615227828232,-1.3948792306861713
0.6328170804672456,-0.7788735362963243,-0.6208167492087022,0.37960551671695975,-0.9232185936551429
0.48565351920256383,-0.5854519581181853,1.458148635112059,-0.3832553497108925,-0.30967973933771625
0.8993071187262829,1.0661530363525784,-1.6875473564447239,1.4439960579326347,-0.5410806442816846
-0.26123850062421894,-0.49503025200218614,0.08717566827794432,-1.287849093119514,0.6636502930476059
0.6631029764986568,0.560721392237006,-0.4926142543678572,-0.21697993037674154,-0.277884424923826
0.8786257797159271,-0.1316942378112618,-1.4935454521686078,-0.8738792377848593,0.7708110578569943
1.514486289534647,0.7180830225210715,0.28009039619835174,-1.5156734203695394,-0.1148325015243478
-0.9166335294204275,0.3890613013050771,-0.1171501981455386,0.04715509691291196,-0.2500659180495075
0.7865032585834252,0.2807936506994902,0.22864363631422396,0.5314309190771975,0.9696406187067427
-1.5361469450179517,0.16726378451330326,-0.05700035771609715,1.4134493591744626,0.03076065841305341
-1.5925941807796595,-0.6048394101372463,0.016522678010741358,0.23130117563867322,-1.076677301996247
0.8399556062392246,-0.4492280124668065,1.3642630713293906,-1.3400071629957475,1.3696274885942654
0.2809247601313225,-0.8258167345246338,-0.5547064603626976,-0.7412466400883083,1.095572376199145
-0.04946474471829657,-0.3228215229485897,-2.9062732045450574,1.1966992890924302,-0.9545833234323622
-0.35318872061698814,-0.2054125199431697,0.683347528413287,-2.3338358068082075,0.14322170582284038
0.25739256352783685,-1.181497970976352,-0.5485883710076456,-1.3050544918945712,-0.35515215354852986
-1.2406854670949476,-0.20563110221428826,1.5699693150716059,-0.20751922048699445,-0.8447103784652812
0.42823809675590047,-2.1552900435710884,-0.5481908040379434,-1.431249181430013,-0.45844154939585385
-2.535613840080655,-1.1302067892927299,1.1262169218402793,0.30477805411449926,-0.4604626896360665
-0.07549981978170942,0.591787718492191,0.877782570147701,-1.1952802635428783,0.9915036983759828
0.6789184095861165,-1.8835427088925873,-1.7631451938122034,0.38859562524040997,-0.0069954649287569375
0.36214975082073503,-0.8191870544727632,0.08093997653186674,-1.045540640609217,0.9672908630492931
-0.30367402571685387,-0.36117207843584725,0.565772800662434,-0.03120067042517377,0.4399002703341537
-0.8450651458128235,-1.8552256368285733,-0.6400163091197584,0.538690632826043,0.4134931710945755
-1.1926265430192369,-0.33429904027536006,0.46931109866425674,0.2771702425750269,-0.5483084034169978
0.22916404505963334,-1.4923134152086162,1.326424683544461,0.15700096604866645,1.084513339574917
-1.407722629412874,-0.2072450621832099,-0.349000129592086,-0.1816441821529635,-0.7540328924908293
0.66508615884336,0.748435336883208,-1.0452311300836759,0.3928569914546655,-2.060225161418183
-0.6487691504872959,-0.2387188740469199,-0.2901876610442256,-0.049864720051764407,1.3202058085214472
0.4191244355376989,-0.37179442413799935,-0.27227410824658793,-0.4804186926642684,1.096551276674017
-0.5082995101231469,-0.061257494407924815,0.5647852707694686,0.12208995106034065,-0.29191200905259307
1.0168618154318478,-1.7248146606236483,-1.088052735965136,0.9104334782600874,-1.219398787278813
-0.770825579809972,-1.6555654674121116,-1.7123666407770897,0.20394594519183326,-0.8443506564133042
1.0154432990391749,-0.22092542308134785,-0.3057387991763819,-0.3372711620891131,-0.1865597446772382
-0.0072791950682540765,0.265617105503261,-1.0751044155134166,-0.4040242574673945,0.5550891809529166
-0.10944697279858541,-0.08902900733527037,-2.1779115187521496,-1.6151552352760932,-0.08988986318548191
0.024858857604791465,2.2112799634207088,-0.8824210878691175,-0.5350075789229853,0.11971065029856894
-0.9538028902910101,0.09806477352436281,0.11019193043854372,-0.26613490587930766,-0.23499311791106012
1.325261892907094,-1.0351586214599442,-1.173314259666724,0.03177935415888915,0.18732836313529785
-0.3987787952650927,-0.728497930890136,0.22896745068785287,-0.03653414943442889,0.5078179832412307
2.39504504674656,-0.41686756146959225,0.7032973072235221,-0.96326162987198,-1.2208052978843436
-0.532762225855668,-0.8587881513480837,0.18305584365056238,0.413992805093981,0.3564211404766176
0.9421989591209974,-1.1425823289669994,-1.4228402048156452,-0.4852216902245887,0.3430546218886799
-1.156473004019185,0.18599672053009933,-0.3878546292817503,-1.9491082877542865,0.8009273333252507
0.7103388324054382,-0.1283584247478127,0.23336079121194284,-0.7267812931837447,-0.42112023457304576
-0.15215365054442523,-0.4664480608649403,0.7620992768857279,-1.7289337547982344,1.32308875238176
-1.3548188185960086,0.2065902558911711,0.34327310666260924,-0.7643119886417546,1.6091872690096167
1.955655186411931,-0.5469340799355196,0.33740807021674013,0.7237726226012364,-0.530784986501601
1.5471117427926435,1.0283683207478695,1.7503965155440042,3.028966198335966,0.5458464034792729
-2.5110331801933,0.21031025315674676,-0.33300288257795474,-1.422732094017628,-0.2973862827871075
0.3581031917059133,0.010535948585529616,-0.9902650360679378,-1.78380021264212,1.0659390732132
1.8330455130555916,0.2887813945200572,-0.20313737232598708,-1.3318759456447242,0.7255711549068742
-0.2503417234237312,-1.4177996961444892,0.1377611848182781,2.006369487937247,0.08089912734438402
-0.7107664804087762,0.1469874359584718,0.04459032360625127,-1.0260943661037367,1.1475733994039996
-0.025352479989861555,-0.036171608823418924,1.4072160542018821,0.7732417762654163,0.6667697009536362
-0.38822681232379724,-0.24084959467352396,-1.5053262391588638,0.5412152454971491,-0.1480669065471863
2.197167407862177,0.0035784684964550776,-0.07874169804623304,-0.01327073706691843,-1.4965598445499522
-1.9374426809234313,-0.049698048493187326,-0.20206371958598424,-1.3156649659230386,-0.7687277138749399
1.6105160060335462,0.9566780596977628,-0.39209893360618714,1.0840978668569405,1.1771651578889777
-0.04311847127726704,-0.7126889825538362,0.7421233589340731,0.3082015982359342,-1.2815016171885485
-0.489552135791316,0.6682475442768566,-0.6856522758249871,-0.6078720907793419,-2.0719871095024045
0.2748299448958406,-0.33741698845794044,0.18843883514748375,0.5316385321703043,0.18604342178884004
0.30456699637142937,-0.49968477739396777,-1.4969824012543749,1.1246702581307448,-0.7853084463364669
-0.1383578386883744,0.24961928632230823,-0.7720493741084999,-1.7544744063978122,0.9310939491584407
-0.7668017663269521,-0.26324464111466817,-1.4313850367294505,0.38806434481500873,0.2569051811546141
-0.1436131809304366,-0.9545251503729383,1.5972709871287614,-0.00027201382790624073,0.9330262414486815
-0.2166802534015478,-0.2579222895165041,-1.328040272064454,-1.277624171733237,0.22822257136368956
-0.40885874244637344,0.06686071903725675,-1.354751681145834,0.21722643885247964,0.31557998746254506
0.23690354052251808,0.8394058391337478,-0.38841745499222685,1.3576783364065024,0.8377418766212267
0.632022524338869,-1.6006347577730649,-0.2571943899450549,-1.2819610551718021,2.215150044261822
-0.09641547249072387,0.6574812875458661,-0.46602010266310145,-0.05656070040727464,-0.9770429066883353
1.2149646295813583,-0.6135214750958661,1.14909386495585,1.4248640465690483,0.3185744240152098
0.21060202091620656,0.9942791002552294,-0.013931923287595465,0.9705550991044103,0.15723502682123988
0.7395525277525625,-1.1807284727720952,0.1435530412039709,-1.0988074905178289,0.2813504102683572
-0.665134216517205,0.5228941124335656,1.4251691773897581,1.7086413047393798,0.18319911130985606
0.30093005748067264,0.03771611810450783,0.22154506809867414,0.5297016297741852,-1.4120680280474525
0.465311392949995,1.0559065650745592,1.2733152988261722,1.8304781051982006,-1.3811792864001033
0.6132353919824908,1.4809676109112948,-0.05620500767638849,-0.806336469069153,0.7758642973487795
-0.09683668712273955,-0.49059086391480033,-1.2085304570501818,-1.36899196445674,0.31830940477583725
-1.9832966122429143,0.5332375947264478,1.0744909083486922,0.14423235140733817,0.6704943917933327
-0.022262945184137746,1.3684603256925574,-1.1592345074779988,1.0264660313516392,0.7282782808465506
0.8746125282147204,-0.2408472850160397,1.3738177897109316,-0.7472889441954931,-0.04611908902683597
1.2583938468125926,0.9008129966275246,1.125807313983462,0.25232058182082495,0.7752254205263319
1.5648764266931856,0.17512929982650902,-0.09081274477940121,0.35509567566335043,0.2984316250442924
1.3652634663256025,1.0401509916531089,1.146223532725532,-0.592422552461694,0.8670128745872205
-1.0028150904541762,0.9083367706370553,0.6763729082422242,1.8983408853795651,-0.09490793213820939
0.32544355475068276,-0.004314851544585959,-0.5588169937644656,0.7639503476314224,0.9488914618515641
1.7597738134551784,1.0645754162317533,-1.5513334450529055,1.8113912647760106,-0.240721101138075
0.94463492635897,-0.11494007320401489,-1.4036318533767367,-0.7980866349983449,-0.11479624830755611
0.21768380855506453,-0.24045275603844868,0.4800784353123452,-1.3718430706215339,1.0048238742711235
-0.9864563338031823,-0.1329249642131416,0.3437434891875549,-0.952784011277587,-0.817946609776379
0.3520645114973231,-0.5625687591296477,0.5965977030111254,0.06604645728296785,-0.7365837391378351
0.07184198506743526,1.0569328433855838,-0.3795894292789604,-0.6051733035399215,-0.24156238713621825
-0.6219671398551967,-0.2515535218625568,-0.6315790479444775,-0.33410028399182823,0.35190387892425945
0.8474805061559383,-0.511529542923444,1.6242668299191874,1.3018298591447963,1.158548335154038
-2.111992758540108,0.1350597643705155,0.813542311287479,-1.29285600996598,-1.9373062459218828
-1.5867659189400087,-0.48723424037582297,1.3808586807421188,-0.6596828011326177,-0.6053255300487524
0.7364418460371593,0.47463936927826,0.1588163778901225,2.5861378836465225,2.0188516409140957
0.48401269355643517,-0.09070124873611982,-0.41697015371189156,0.22713418447373923,0.263484201856928
-0.7599677638508359,-1.3293983544706613,2.2069696062490936,0.32181956886716706,-1.1636443097177822
-1.0876544748377523,-1.1092635482257887,-0.7151126590931288,-0.9713189904668751,0.06443088503188252
-0.0009828249077924265,-1.9941158276757143,-1.087554021228006,0.8232894934411346,0.02996122272609618
0.2046897129671803,-0.801951610805919,0.2103158410418723,1.6274076578988645,-1.198604252986351
0.4135288142105641,-0.7841635350529769,0.31594921260500325,0.48088260733871,0.2290674030890172
-0.04288717901880017,-1.9275261263353072,-0.37683437624688737,0.16210090286734843,1.7527900413472919
-0.6903927721424372,0.3916927474795978,0.0138493251415181,-0.7639307635143474,0.7583179256560605
-0.647560514644463,0.2417968333276886,-0.7237783070088847,-0.7958858975055493,1.2808304984654928
-0.33342955022654264,0.44610034798479725,0.2366320384608453,-0.828801114339832,0.7927787715376753
1.4425698120672166,-0.49833824194554877,0.9044821999802894,0.8320597354284672,0.4198807557714086
-0.4018588090363509,-0.7848124417356392,-0.49566986051725265,0.10028430238554531,1.1053408498186037
0.039641331138701344,-1.073101323689294,0.0635265082039835,-0.02581901304739015,0.7224169424367746
0.8061989737902099,2.0406687493323097,-0.6710448993567074,-0.8968158534701075,0.8831400537120169
-1.9519701256906565,0.7336861097753531,0.682563937028749,-0.6431501748453763,0.20503931372362996
-0.9904288423990922,-0.2634139454657887,0.6271131348926134,0.47371394247311555,1.8898948855468887
-1.023603660578813,-2.8256028781330498,0.7934801332952672,-0.489528905673774,-2.171240928947416
0.22856815132984887,-2.297186291688738,0.5406494399240475,2.4624171957264966,0.8546164197380208
-0.12457714954796963,0.5706963819049315,-0.024814563789059316,0.24753153311818757,2.366030381825342
-0.6283989323433095,0.14555394002945435,-0.6546520857715553,0.2632231395165869,-1.1162956486126137
-0.6747380960659125,0.9342068136355554,-1.3894843506009364,-0.34710918662374524,1.1931255717037823
0.20689560076794236,-1.7694746226286355,-0.9292795384322587,-1.6333979744194227,0.692273845154429
-0.699072186482983,-0.371376389791019,-0.386637467243245,-0.23505848809577007,-0.0549289339161496
-0.7537242555377117,-0.8183174708774045,-1.123084446722129,0.32950929617667224,1.8759657670285332
-1.0177186735803352,-0.5940436952377562,-1.5241391378575175,-0.7819830889139209,1.1206143572395784
0.07251645787342256,1.0147902922186574,0.007654245395006675,-0.1772171250261312,-0.07505363874368981
0.4460719817201481,-3.210282115939669,0.9558783244364722,-0.7837583950222242,0.5994721306217107
1.7250565265603597,-0.5559855409901858,-1.1117932807867197,0.3192785001446971,0.06356661379324353
-1.2408948891579576,-0.14574118558354474,-0.5831129785394958,1.5623451302949132,0.9357198859467316
-1.0812642685089178,-0.9561624789464751,-2.0702040807049142,-1.0491999463966053,-0.32472655350010615
-0.567551349398145,-0.6935966131634971,0.7893830004178972,0.5242882338522258,-0.34309670004272336
-0.6055021063503448,0.6467875314684145,0.5175316484735686,-0.23383991798868423,-0.8189666579511439
-1.6069922284489275,0.7810217941930521,-0.6730283752365913,-0.6116167405107794,0.6500743578495135
0.014719984027035072,-0.08029814580877735,-1.0845524178535815,2.8529233991126155,-0.07377090166428903
-2.1219976530524978,-1.384225654311377,0.5421650619969565,-0.6270719109506814,-0.16810223620395137
0.48616836780619216,-0.8416808994000551,0.7176874354199176,0.1508141686029163,0.08907464226787269
-0.8184913813915524,1.1451864784567796,0.594519392245273,0.39921367380462347,0.2736329744864365
0.2601016645055773,-0.32295903130356074,0.9739617081295009,0.5986138944655617,0.44515442625833673
1.161267005888312,1.1461927284057989,-1.6303474032835124,-0.9811944719320344,-0.15035323060074493
0.043292391648515706,0.4976502904978612,-1.5344336904404152,2.238949954092522,-0.9395773995336371
1.8013065117332971,-0.5063207690611875,0.4045659455878825,-0.6246359122615309,-0.19739221405640553
-0.9847097769554198,-0.4933703504935585,1.5826823094696583,-0.8228507299949012,-0.23047822629038245
-0.4168071823055265,1.5746868175211561,0.556050373864385,-0.41405566671476046,1.188806206488769
0.6382090030269651,1.4104065209309842,-1.0773563076422015,0.7270776520570513,0.8309627034181449
-1.0503528448884625,0.47455035224815795,1.45349868523609,-0.16644194661805448,-1.9507196605769979
2.540529637778401,0.41773434429977657,0.5937188528110066,-1.3690667017069662,0.28034944177250337
-0.35844659221219194,0.02039325322509398,-0.8062347548550078,0.6639222120130421,-2.2056924625276717
0.9336499704957146,-1.2609627215249968,-0.798477457867276,0.6450905589485645,-0.40884822052449543
0.7768897003509766,-0.5554651544177878,-0.5907014053768774,-0.259374276674619,1.5475703371101033
0.5684513139310474,-0.44361338853410454,-0.09126289366123967,-1.0920209206651665,-1.8932891553703273
-0.10600726339496948,-2.361757880886211,-0.11491331155753615,0.6643928458576781,-0.2690925118069283
-0.08159813182115608,0.15374975705256055,0.4718803844808245,1.4432586826189273,-1.318655507884427
1.1362827474405852,-0.29736653640923666,1.1693258741189574,-0.48125849527774406,0.525904984814083
-0.23649467413467803,-0.7981784925828785,0.1635556078903652,-1.2353336740787113,0.6136288595315371
0.6490717597041453,1.5402085810500605,0.5566277059216541,0.5401382206853151,0.4218180505802713
0.5729308569166809,-0.4479717189269033,-2.0544745471671555,0.40471917719852196,-1.3439622097599877
-0.450932429574353,-1.0418305367219727,-1.6110131775623153,-1.2624967984777178,-1.5672074700891496
-0.7872352424727481,0.894925104944814,0.2696489209868537,-0.03469339592060354,-0.3809846521652956
-1.3657631704064686,0.8699434208770865,-0.7182189774111841,-0.3351241349507993,0.7683652911036193
0.6292079585106246,-0.036290430609311024,-1.9183835991458777,-0.2878031518437583,1.4588776100078569
-0.7447823187076952,-0.008576315305883143,-0.12603749767352693,0.4724339782044045,2.4352230742547003
-0.8759238035636072,0.980961851821718,-0.6399964487154097,0.7769389311687294,-1.3803546107494873
-0.0897758766448204,-0.4400180885707978,-0.9416814535659176,-1.3613762306093427,0.3671998454279573
-0.432979089976374,-0.573027832606839,-0.8729102754562031,0.9524317231240068,-1.8587901683831212
-1.4913986044669154,0.5899117302455276,1.5036809350230385,-0.08387116026202912,0.7625382848436415
0.23698322758313042,0.24150056798112648,-0.4716448017581209,-0.7921782028926537,-0.15073521515734237
0.3272248445884463,-0.8237639003933577,-1.297496110726453,0.13177577001059904,-0.05412681478730961
-1.1110280568678308,-0.26408792273983894,0.7657203140570011,0.9374119254317411,-0.20531211402279553
-1.3853142894530448,-0.8378358032500192,0.23997115675816977,-1.9732647647301118,0.04598355686047944
0.18097522437356542,0.26501104768448325,-0.828468096444115,-0.7635753038108267,-1.2020174958035617
-0.008092231301651013,0.025010742502314828,0.931418035006089,-0.7171996872648981,-0.3031443645019296
0.8775453599229976,-1.1140717467706742,0.44521209379112925,-0.8448557699121974,-0.6689674629552994
-0.9650743218667772,1.204774282693754,-0.8475779700774404,-0.46229881624607694,-0.7136322452730824
1.3135685462771112,0.2442598399777671,1.2492032179505443,3.402458210412643,-0.05742493307350663
0.5540926582622492,-0.33968758608346,-1.5264234778871308,2.0203099304836014,0.9282932276432193
0.8784964620839517,0.04689205737374965,1.3976170379263035,0.11298226974961631,2.066901886187814
-1.060547788639497,0.1590589114431406,1.0186036301243837,-0.016211482897689106,-0.389083517445517
-0.05100811315976955,-0.09521517713418659,3.125431655460874,0.4171691330944051,-0.3732631142691698
-1.1019593451401724,0.3138423399938995,0.25559979271451133,-0.46847108801931053,-0.40358224834387346
-0.1800250528753917,-1.1760012740750638,-0.48450543848717553,-1.013645374807043,0.32690207312452535
-0.7418353961692481,-1.7743154236029166,0.3172211654615777,1.526325191097202,1.6805756695614003
0.26224568328681186,2.6358511363121373,1.54908382285597,-1.7415669344043732,-1.0264775437171472
0.2768580662892801,0.3533326756641899,-0.7575762144707208,-0.6298810417380009,1.4937688902874182
-1.019459965854692,0.22820709682819743,0.3049505860752537,1.3958376577931577,1.9236985313832309
1.0817091433349009,0.06375190462645941,0.09839343491233009,1.3147558143949725,-0.07495492916708045
-0.7963240024052464,0.03561681358337071,-1.0215945333846288,-2.832304257095874,1.7551864015534266
-0.11249190680969927,1.459989124540309,2.1336229002118023,0.4775796942855055,0.6995894347270488
-1.8243086990521515,0.48304408742049987,1.127805783429983,0.8958519882877799,-1.6943663598197993
2.6112158202640243,0.2355007355352588,0.9776606198230855,-2.386570136809246,1.2829059994029868
-0.4269730169244023,0.2791566588841159,-0.07139067318580855,-0.18168564960622957,2.060543817889346
0.6693973804516117,-1.2905629280630884,1.166231040472592,-0.46703193642082125,0.3940745752852351
-0.04099175532253354,-0.9561598627035335,0.9440049069802519,0.5664530616803201,0.02508193805639811
-0.41786776050078267,-0.15843467025762525,-1.3489878896437837,-0.6114129038249256,0.11590410922596424
0.9253900425930818,-0.4621642603671117,1.2444451345396337,-0.7691843552937666,-0.2073617263304652
-0.4465725978660378,-0.5495659954324378,-0.7256768967398227,-1.7635292610601765,0.5514428207230938
0.8354639524015867,0.7853476010428027,-2.645980102981846,0.32972373423288937,-0.936465638867378
-1.2462893618625528,0.024752377974019794,-1.3021877717599029,0.35723695230499647,-0.8556544967890132
-0.2578398534453184,0.9109122019427194,0.00798998539786744,-1.6029282591874203,0.7062272079288785
-0.10987064807594053,-1.46909512043019,0.21509765546152085,-2.228177525557923,-0.892166551766726
-1.32127245852416,0.30664719781702315,-0.1139251636297448,-2.341301563735937,0.38853736098047303
-1.0331104386300936,1.76451223579232,-0.8502680246480296,-0.9066051787463356,0.7194286619163638
-0.5043557660177848,1.244941529699128,1.0515905097493665,0.4400717441351878,-0.14179172580649743
-1.0801966438868797,0.6784191702918952,2.014220635311742,-1.0865286718382212,-0.12231361865192568
1.1967154255700883,-0.7417047121159075,0.2137982774170709,-0.9343259611504549,1.0384748283588199
0.8445130566580088,1.1119120106996185,-1.3946331710439934,-0.013384316191499934,-0.5682696991342192
0.39965805967808166,0.12541181248187966,-1.5710091242207689,-0.7397693318247912,-0.6223916225384195
0.23631483221751443,-1.5245137980524994,-0.7935601413811084,0.6550587344608633,0.8054605965544881
0.0035943482412892475,-0.10312343315725149,0.4735381757979796,-2.270309846804698,0.9788503836972147
0.2816224902954023,-1.1842052614036687,1.1469003969230114,-1.3276095368811551,-0.2804400331398779
0.27134424098786886,-0.806625478339025,0.23373205836232858,0.25072302150715414,0.9618076125324035
0.3202953440748167,-0.9177390330013664,0.03843878526977416,0.07840465131275075,1.5806562420545778
0.38218724069265436,-1.198241291873948,-1.2013711932725024,0.10716946735722212,0.1526618427983776
-1.8211380601755682,0.15555034056298894,0.33654125872097446,-0.9090976790794821,-0.46406973990860956
-0.9116544916776412,1.0965028056376804,-0.05055596875861133,1.190180661604803,0.8030262172679253
-0.4567399881193777,-0.831738823862649,0.3854099877207628,-0.23970598995725773,-1.5700454848604561
-1.0033447870456929,1.486392827802577,0.10978052804647834,-0.3394179128408795,0.5278803846084291
-0.7107809205939347,-0.1561100672187223,2.0129591409862506,1.0292301406874123,-0.2675345456388273
0.8606594467547115,0.4659280564317491,-0.5723826537055834,-0.8246772394249203,-0.00825658953864516
1.2083360075672642,-0.5431052471899891,0.13075364425681216,-0.7093608881456674,0.8927550145820533
-0.4322155293867957,0.584109405090861,0.42431754263169136,-1.6643641569434977,-0.22696923420855877
0.3671032369143969,0.020490752209797253,0.4189749839305923,-0.374484652180917,0.17745032803236802
-1.0202982575201025,1.490560420633469,-1.9495986354057366,0.44519262777857926,0.6877860174703121
0.15526354804400397,1.2538926427471804,1.7267209558261927,0.018110185422146232,1.1437430948426006
-3.2826092384825496,-1.38325651023765,0.8363237769766956,-0.3826715326936252,0.06780307549266318
0.327520344855266,0.2576352626471026,0.22277710503030673,1.3021725966772386,-0.7856549153433368
0.003684601804888542,1.118082262994666,-1.0017743731507358,1.2119810847193908,1.6991613805530101
-2.9710140469831066,-0.26821602089457414,0.4114468867340505,0.000755945020971732,1.7706613524452786
0.9530465207488836,1.9090272519289158,1.0696979596878178,0.8763987762475725,-2.035003861705692
0.5937830480435831,1.8925698265714306,0.4419654069061584,-1.2372602874178023,0.4547612620598629
-0.9047532706164234,-1.2180981518571803,-0.2789891969230833,0.4386833766792948,-0.9586512819046227
-0.09752448304820047,0.7011127705480044,0.5953442794850137,-1.3489003599710792,-0.0013092036701937465
0.20333739035345227,-0.018157537928499452,-0.3726749052597658,1.13143439726293,-0.8250600286297348
-1.922940009387779,0.6616687528589853,2.0655900890025767,-0.441843377531371,-1.2066181219846723
1.457492474082441,0.5320875827557687,0.15347826058314654,0.6246058164269032,0.3381519726152112
-0.5210341088180089,-0.15474363294143034,0.0606014133906833,1.7449650541184993,0.5632629704595277
0.22915830404247578,-0.4647266547199937,-0.9558201160896721,-0.5360592038446366,-0.30081550000217033
-1.480167034675523,0.7284407247645405,-1.8500809728470573,1.2216976105767765,1.0074529643296686
0.6198706598000945,-0.8383343067193849,1.2857660186057027,0.22509851600494085,-0.8801449587663605
-0.22706583884903755,-1.4552165825421561,0.7041096245618224,-1.3130363398853828,0.7442632293000058
0.5734805175860395,0.033626920686324405,-2.107157222649973,-0.8121696934608141,-0.15491858451639012
-2.001491230081831,-1.3532492234951408,1.1135589761141214,-1.8392778012484736,-2.192093946308233
-1.3272512212285796,-0.317046146600287,-1.388386470085497,0.1584131069130658,2.4831497354788006
0.6825595599730107,0.4607875250872781,-1.481531204186029,-0.020415169628730544,0.8021027214637776
-1.0985118227969553,1.034121738899704,0.4524996979308206,0.3502979591441618,0.5117724322639828
1.8388323364052677,0.05789704425553937,0.9808394773803852,-0.25456028469249864,-0.5337580142872772
1.341347474563545,-0.6308198003738221,0.760385753976195,0.4556150944598085,-0.2571393740942629
0.07521885120151624,-1.0805070728832378,0.3851024025109827,-0.9074117019209499,-0.5857003080609305
0.2402539659542297,-1.0830425263754606,0.2128936727418111,1.0540641203022458,0.27303232228674673
1.5337682733041569,-1.916171259931271,0.19801617750320452,1.0111937932083441,1.5720080304339181
2.1639724969887273,0.12050486710331572,-0.9857481153926472,1.774059417929651,0.41559184030011276
-0.39017230213334914,0.7253063741612925,-0.8679709725165033,-0.10035032801942395,-0.6302657599330772
0.2731491252250409,-1.26735728433137,1.0530561718938227,-2.0793850337145594,1.0335097760637169
0.09347010017637078,1.4868065445788041,-0.520578248025089,0.011952497372877735,-0.11553555734059591
2.2999330506195643,-0.16235102539786214,1.8585689328456054,-0.7942600154768937,-0.48654539292628307
-0.9826619315884326,1.0373383994344456,-2.0489599552239044,1.6268142013946603,-0.3602446178516652
1.8905064834708751,-1.6061390153369561,-0.13606708685706684,-0.21976205306378405,-0.2545058037423768
-0.55287090109811,-0.4728655610453589,-0.2512032836826619,0.7575293720207221,-0.7705939793725537
-0.8838616264957397,2.002414855057233,1.2170338620625367,0.6564958719992744,-1.1023453443488724
-0.28889222838931444,0.683435449877652,1.0076516909479658,-0.6391081349255466,-0.7726598786219316
0.19813529606258515,1.3637603659983901,0.9978141327562864,-0.5761753799949745,-1.1952233311876714
-0.16179016663429852,1.4944563862188727,-0.8674072993661157,0.07660093258936458,-1.5826396364778557
-0.31024292200000114,1.1247890927420652,-0.26666120806744703,1.1535354267438078,-0.2613905734605596
-0.0513408744368836,1.3614281039083114,0.44096133664761894,-0.03681768023474429,0.10238509156707887
0.1752628398261437,0.3174613488408027,0.19608721200852264,-0.4077488582193504,0.1552455824571534
-1.5238734908589853,-0.855602330721413,-0.9295957279058753,-0.07079699439858314,-0.6360568068607307
-0.02862412664270969,1.477609319506428,0.5277625124565178,-0.9616746769475416,-0.942106003987714
-0.03511243287025543,-2.087681005960488,0.8612589602070253,-0.482739130779589,1.4796004397515858
-0.6033354352751519,-0.9451500117684197,-0.6145242418765974,0.48365982355580384,-1.5076089686263567
0.033847000352810484,-0.15944123212766784,-0.04320145450453767,-0.8790292044630639,-0.2866910607315741
0.23233699769831864,0.18584035582466207,-0.09515382040922239,-0.1061842185461731,-0.09261043103548197
0.010619422139865395,-0.33210683936723034,0.9233954025112753,0.7770916106854916,-0.5873558213102721
0.31950372160585677,0.11567482670593283,-0.2323678023745667,-1.6039738386370446,0.6678889115976735
0.8460712661241433,-0.16021418446056637,0.020830359100471426,0.6195291154399003,-0.8422378951508703
-0.42360998976543723,0.08094563873692821,-0.1296127987090824,-1.0771219720990521,-0.7721712429160931
-1.2593173757943243,-0.8457460443817172,-0.7745533864622295,0.19787820442927279,-1.960741580223766
-0.47515007857060265,-2.191695929176102,0.05802984235313484,-1.3441715519490463,0.9254821741424148
0.26301741940326695,1.201347717261922,-0.163184876489202,-0.7160323280351863,-1.0128463881793301
0.592630896651502,1.5223510485186595,-0.32126019370322056,0.659885396175705,-0.04554813817996962
-1.0306242295701193,0.03192740856868771,-0.006347372890881494,1.285718454548313,-0.019922607215141146
0.227918913056441,-0.4947592587920328,0.08090251679859246,0.15366102379655563,-0.19865492716560137
0.27109850273678326,-0.13703980565796411,0.8659830370056042,-1.6943937068858326,-2.309869695002422
0.23306040277861415,0.12093838370890705,0.16828018655126292,1.1161931998980803,0.10332834611273224
-1.3239953041741777,-0.49126628768724667,-0.82456843544932,0.6865348490822791,-0.26424443629968614
0.5967827005651094,1.6145174697696385,0.01302861802249631,-0.9058280369758104,-1.246525065106139
-1.3542897831214793,-1.3310526050123992,1.3164443396660668,-1.8969727149201272,0.2740539264766124
0.8006253265211809,0.6436162948065767,0.15059172783134142,1.2142890729323892,-0.04046069866779368
0.40170064593242016,-0.04789623694168931,-1.6321993459921758,0.7098103142549935,-0.19591691648875384
-0.5964520941462887,1.6162628052105128,1.9497770210629983,-0.7002197640371332,-1.9638360810825688
2.2898598815279354,0.22163721462596173,-0.4683053295822467,-0.07460161904471765,0.05949947097669448
0.6715266302459769,-1.1106854644363897,0.11721566120587025,0.5615512255759874,-1.5954071366079638
0.7282868754553814,-1.0461065193312835,-0.37250854900560587,1.5056342375869665,-1.8762053840345032
0.2706938525133431,-0.2936040171878336,-1.8010786426514338,0.31681089052445094,-0.11579216607123596
-0.8629119117037188,0.7730202137930838,0.384358169069742,-0.020568900263058472,0.8656152643472461
2.4947022361631586,0.3630980317392222,0.5584682117750999,-0.40376344502196326,-0.4125706436725084
-0.34427354634710833,0.35729764294644933,1.2336355237729622,-0.5189337447161398,-1.1989093551316519
1.3886326402911682,-1.2523556019084068,-0.3733556275190356,-0.08649155058451291,-1.5624841881765767
0.067754228995609,-0.5001006774455704,-0.17818107392169089,0.04696166931487249,-1.6382540594076784
-1.519538116161813,1.1119589795144547,-0.24462860947960074,-0.3610437051506794,-1.9631919145018806
-0.0017194581004989652,-0.013062138896063231,-1.6152121755643505,0.531457542098528,-0.788558408411036
-0.8710946433719206,-1.6099768378008386,-1.4555800193217374,0.35911098039965733,2.955709138022598
-0.5977237359036931,0.3729130559973,-0.7458216189659768,-0.9031340653661811,-0.15639020373707294
-0.2352724273986984,0.8788559916468808,0.17566081537666234,0.8630628242650891,2.6924815518231218
-0.3197583607076601,0.48890686794810095,-1.6482712565474649,0.6064875646736069,0.45931690437898487
0.29168946281768454,0.43470201695562216,1.0731564644702327,-0.26892695316755116,-0.5604669141016175
-0.9049861058674771,-0.9841015576172877,0.5773625418221564,-0.9626552137395414,1.16572774981492
-0.43387140329194424,2.137045185085962,-0.5652535314985739,-0.13363210465203862,-1.1543750984836465
-0.9557834861464647,1.0659345305379984,-0.2321662801794301,-1.817455763384591,-0.16979454493099935
-0.45501370376059375,0.9987398796670023,0.3871970550403124,-1.3980026309037317,-0.5428063176287296
0.09906090023531565,0.5137903407674275,0.24713574749011788,-0.008643493855981038,-1.0418615820103045
-0.8667568331585733,-0.8087347302776685,-0.4063241446392496,-0.5263109940669282,-0.6630780452678632
-0.5470172510050799,-0.40350487187631023,0.5535584571745814,-0.4920843938881259,-0.8257994884053577
-0.7115990010285278,0.14222877875443074,0.4563898399515118,0.9073256183183096,0.2923186172210811
-1.4575152368460726,1.3049637594740975,0.3588826984075429,-0.6767551756053929,-0.5175360880384223
0.6718550358746493,0.10460108079909443,0.4490969295271613,-0.06017598623137416,1.0891909067002965
-0.6261550516160261,-0.06183565075145055,1.4545108493099084,-0.5458931946577288,0.6871392571771374
-0.11861754078807799,-0.05893418335351448,0.011695036649944425,-0.09580757984499474,-0.4979674296806285
-0.9723180275035493,-1.2683100065250053,-0.6942180425660415,0.49976653626426804,0.49937397074542705
0.6614605871783982,-1.2161254916067326,-1.063945646565739,0.2541078469414484,-0.14976200221165317
0.5055294575107186,-0.5944734866160764,0.579629032283703,0.06668135286890631,1.3627885494929193
-0.09302608397020713,1.6878211453404133,0.10187944272210693,1.3398922342531416,-0.32971511939105164
0.1735555951871392,-0.9568369954390213,1.1173694095950686,-0.14469015005171743,0.11533115792591321
-0.38324237837208863,-0.36738281526628386,-0.9060416323439677,-0.5886586011715875,0.16560438500196376
0.5123097298488853,1.22341700860919,-0.6982245232443802,-0.9639751376308063,-1.8512530305088546
0.2609448933855353,0.6568170286880303,0.5008678354685981,0.20204927386721072,-0.06831484470812603
