0.737135427844187,-0.4456410679140186
-0.964240116190252,1.7407927889213617
-0.6716071586122134,0.17379431378229393
-0.9485598522648458,-0.12578757198001167
-1.45143520871064,0.41350626645270955
1.581122309833362,-0.18756167420473266
-0.7216538971146307,0.46954003989902293
1.6520456719652836,0.6978645546049108
1.60944194257472,-0.5594785816445951
0.7246804357617688,-0.6777544378035995
-1.0873189812052209,-1.715788008633055
1.2981992760609316,-1.5332484265855395
1.1039252080919606,0.8509044402159569
1.1098543772919358,-0.5061510796486126
-0.4185699409788931,0.3315510694190417
0.6022310540220133,0.5503671454076958
0.24367571575007302,0.6664443140447392
-0.21131170146363906,2.0490129390522567
-0.22678556123788038,0.4057378861515118
0.20471788268360783,-1.0519648018300054
-0.5392708471061156,1.0709418421122017
-1.1305713675036875,0.555366548813227
-0.031390685770530585,0.16166350568964577
-0.08206141958466293,0.08279241859737585
0.6683330105440962,0.6610427277164161
-1.7565046645847406,-0.9208040422689608
0.25603694639729896,-0.7908264355009311
-0.22497767631287832,0.06327717981629444
0.7106746716474931,-0.09112610365807566
1.1656309507490794,1.6822240258677346
1.3895070576792985,0.018919554430138742
-2.0970472353118854,-0.11261892225212372
1.9799486663220893,-2.5274133823144056
0.14235650353832768,0.2183410945550174
2.1206578358544497,-0.5181887797220334
-0.14914138993772486,0.6446505314853865
-0.19732151910159876,-0.7515994372667296
-0.278446034889794,-0.8064743677150736
-0.8459645605271402,-1.335067414190084
-0.2898212253467385,-0.5585009102339331
-0.6563375368588118,1.0075204370262314
-0.6453190978543301,2.0873435503812425
-1.7880213251292238,-0.9523172406524606
-0.0821017054236071,0.7682113290567855
-0.7073830487995668,1.607993588264331
-0.06981548921368762,1.284890989636432
0.8307369474054951,0.24721880002860552
0.1603909934798013,-0.42455044232764283
0.7000680264968211,0.16758155192488258
0.4375649882454932,0.9158037622472517
-0.1386994468926288,0.9837534767861785
1.4138456207776904,-0.24139697445738623
-2.0073754697512656,0.21322665235138893
-0.30093822672633574,0.4625012308748693
1.675045041371705,0.23227529365467298
0.19683885973175932,0.26098249606248786
1.4595277454136595,0.8593167982622859
-0.8486133830535934,-1.301091527337277
-1.0270436302302595,-0.496737767271195
0.05010590411405265,-0.8072270462780764
-0.9776608758378418,-0.4890612096575132
-1.1428122247408614,1.7853079665148108
1.3186857272462205,-1.6540179479040114
1.0264146283871107,-0.3306075770146741
-0.7295448403245162,-0.726740667665359
-2.264650987299957,1.1566925066568965
-0.8193711984204445,-0.45538882989880347
-0.16269946262201365,0.6156733803052512
1.6896769714125546,1.4070121419387573
-0.3483461713420012,-0.19059599454775344
1.7729316378783804,0.5134364213886731
-0.3602167242192054,0.39207002392473705
-0.4608105153141878,0.593598258730405
-1.1060557384934573,1.5595169563701392
-0.49042525736586723,0.26857072258689496
0.5625759035225748,-0.5187428879736439
0.1321484351366264,0.054951301827324335
0.45657982552563886,-0.09757731987757694
0.16250475662494568,0.9343205052376825
1.3328246427979626,-0.4885915809639679
0.6635201592304547,0.8699135184606536
0.4060842161103115,0.2928423362956224
-0.561976859185837,-0.26140748499831595
0.2865297811154649,1.1987762543887652
0.7709180131747698,0.8668337421079259
0.5260121585107574,0.5122594937659345
1.0949837106981348,0.7595098464409303
0.5241057324920777,-2.9183314004650183
0.4360376556719796,-0.5237101103345319
-1.2131442704901574,0.7997949759036844
0.2073551363345132,-1.602274997767331
-0.830300996053529,-0.4928486414391411
1.0562512447486236,0.5034868635837433
1.399403004097114,0.729974158744559
1.7757328954672396,-1.120372155817166
1.9709389567352789,0.29486085885580626
-1.5627675759952402,-0.2343221736696916
-0.10688595332655394,0.003881245303078229
-0.7012697149803001,-0.5608733588255712
0.9627577950932077,-0.2521960683166609
0.8099991563569653,0.19339104885031663
1.6827553480195345,0.26898904278001123
-1.1918751039296005,-2.0089418382756135
0.3541999406444159,-0.19532896744312742
0.5468101881422391,1.1652584075762662
-0.20172128184690488,-0.13167107316136661
0.24897172177648033,-1.4056553840296424
0.23751046947820123,2.293818942723397
0.8557417201730589,-0.4194716609437262
-0.5650834854308798,0.29069104031261583
0.13272088798564255,0.20386335279846726
1.4132379969460993,-0.825169619443315
0.6954110334567821,1.4614618480485553
0.6927419550599191,-0.7836173441685224
1.3078700919615645,-0.10846814639922901
0.6919916543204083,-1.9950202955435936
-0.5060673891318216,-0.6645386606657476
-0.2097368887691844,0.22185577102837264
-0.38752474342193943,2.4358656342459537
0.7885960891188549,1.2184989561254327
0.3751439533333683,-0.31631160734527913
-0.09437190757267308,1.3622484136287918
-0.6942239986551918,-0.041374869763577564
1.3108009193126355,1.315743831420777
0.011379487718029248,-0.04466066953240293
-1.996715165646834,-1.70920885599081
-0.853210349138678,0.7991116094446964
0.36719827663785004,0.7974496158479069
0.09187402743073042,0.24631862630548315
0.4393695312648466,-0.9639082558041153
-1.0654412990023836,-0.48813120739731375
0.43701148668034867,0.06538381712556968
-1.7097288909983983,-0.3670343968283243
-1.006478016223994,-1.5309670167236578
-4.541103521049623,-0.28528683890636486
-0.4880733178090688,-0.6448518247114389
0.3101443842255915,-0.5542954697906746
-0.18874949081067552,0.5573356847123904
0.24280842429525498,-0.7058722070010163
2.2767266729660123,-0.2805003832294759
1.437985473570931,0.31328101801126357
0.37644246247618113,-0.4093138139730102
-0.16028072080124106,-0.06929236910618725
-0.39291160715255075,1.8876134352133054
0.046858176283066155,0.7930043916070455
0.5105570304345406,0.8916858499757
-0.5191693324904325,0.06848029907318241
1.3984393937440853,-0.7220799490366431
0.29748131525896915,-0.42919408489317384
-0.002971656953052282,-1.0290828855837968
0.8045407808025729,0.7666054636011842
0.6659910013885811,-1.2802974414831962
-0.0023394700347893834,-0.7752620984014016
0.4234765998914584,-0.2233782755941008
0.26718868755389646,0.44076593736597236
-0.2961788736442832,-0.5606955619250364
0.04431875250127607,-3.42906376010004
1.445072415386873,-0.25971377412792745
-0.31095521921917935,-1.5814964457676213
0.2001549087520904,0.8316653676319451
0.7121256270682573,0.12098487843367015
-1.013667425991386,-0.3953809227048834
-0.4441943472889036,1.3308529754463834
1.1003836286618187,2.1574081835947556
-0.5853386436117383,0.12806114584829792
-0.19376791411847816,1.5613879660869112
2.419015738325172,-0.471745131184221
0.8713020308095019,-0.25596729402189633
-0.7521077020958292,-1.1344903419573833
0.301011831658046,0.5435322720480597
-0.6268146716484834,-0.0873781984753274
-0.5014325274520636,-0.8234084441266328
-2.47300160255687,-0.25531777959068996
1.44186626089931,-2.4401282380040827
1.0751917658008638,1.2188727330125488
0.3869722912054617,-0.4537507506959982
1.5204553564734309,0.7221612804139749
1.9110850506979542,0.2541073197479802
0.06129089987654555,0.20082340570782153
0.7636024543934394,-0.01839395918846825
0.12837232860796133,1.7657144196290075
-1.4731783269109577,0.5134783770987432
0.24246723025027503,-1.0997899494208583
1.0371417160767948,-0.6896397132671325
-0.5152192295841982,1.0118129469163772
-0.15518047667447799,-0.5927790417230138
-0.5749435668723756,1.1883145866241223
1.6880867479751411,-1.6001444777725358
1.2791179463983178,0.7361234119130969
-0.19669251275260036,-0.17320067004439973
-0.1998054983333915,1.0782269094934047
2.2455830533321515,1.3757189125747589
1.308289766480552,-0.01497818151838467
0.6381729552088969,0.92575891945094
0.1384502955375856,0.759056195298807
-1.835714279366842,0.1366806143684689
-0.5171964293720891,-0.353389843755593
1.3438268889097,-0.15289812810071093
-0.2376646895129992,-0.6382874178343695
0.8119344290782878,-0.6999711570368952
