-2.946491752018709,-0.7186514256624627,-0.7320529145460506,-0.8350243996111343,0.28690025067505887
-0.03066485837709034,-0.15681305104237933,0.8969067464843125,-0.7882399414842067,-0.3988940118796119
1.123909971421239,-0.22901587009429145,-0.8620649771829766,0.16181016174151966,-0.3932753842241103
-0.23576017727057477,1.610644294009212,-1.0041543674149767,0.4719683309738009,-0.4253061451212353
-0.09671775238978987,0.35261175109867,-0.36634156594681516,1.2436656536662367,0.01550129040816767
1.2676937460727475,-0.45551190758082644,-1.0484539833405464,-0.9719456596990923,-0.5129734089299032
1.2360659862938672,1.111828144507779,-0.6487307019811103,0.5936702091034632,-0.6251893909212773
1.3584034677487347,1.5211842475936537,-1.5787416141222586,0.9329523569304664,-0.3164794584367607
-0.4115450203798917,-0.6126762125578877,0.5043685425351212,-0.8945605992683906,-0.5669967533723044
0.09230416526855822,1.0976151645772116,1.3316799620184812,0.4956486247255413,-0.12175409727705927
-0.5273861284772617,0.5671583619968227,1.0035735268923425,-0.2890381376060794,-0.7710169409283494
-0.7049180072199024,-0.11499673552309772,0.5206274965857974,-0.01843090256107227,0.32016692269081676
-0.6427369460284035,-0.8142649283721743,0.3314919020355801,-1.8298300889560275,0.3055850221628486
0.9178563516002147,1.369235885664712,-0.01629792562798907,1.1920226290316913,0.024691768733327915
1.0633633208638558,-0.1111524183736418,1.6076440331956026,-1.301386522374231,0.7294109381753541
1.9766877381543093,-0.06405633978624503,-0.34561525257780384,-1.2054329975914428,-1.7034810285764692
-0.147655942176688,0.13635605514290236,0.395358213874052,-0.3545895745135078,-0.2939966640314631
1.2940708190735941,-1.041623806128016,-0.3861627504189426,0.8906017723693771,-1.011952486981197
0.9944031920408613,-1.995857323467388,-0.41642518147451113,-1.0682690391229328,1.4698464056930676
1.2439554264334909,-0.8436318429067788,-0.4996656343539452,-0.48727341569359783,0.15248888214565728
2.1929231091188672,-0.35739263851175007,0.42223219341389423,1.2105031137883864,-1.1314975528089426
-1.1242936180892873,0.0343206085456249,-2.0335015936311867,2.122899140576327,-0.5536348778046551
0.9243158206718503,-0.2562208739493935,0.38867994746334894,-0.5577620752208757,-0.43409393548973274
0.05906967154180407,1.8453708480545237,-0.5329229793914708,-1.6508265633965524,1.0640111906520198
-0.30667093229209164,-0.19636059899605213,-0.9044334185946472,1.1259124369781734,1.3210669265823334
-0.5351873318391467,-0.11355166763961856,-0.2107395045578747,1.7457476700260026,-0.06454085889218776
-0.3954922718347636,1.680426135635667,-1.264198713376451,-0.1983360238905538,-0.3448743211008471
-0.02683092734592756,0.9965926312285891,-0.39675894600584594,0.8151917137123581,0.0498982250731807
0.7646086868940722,-0.5153287091586559,0.27421285763269604,2.452023134284607,-0.2933878461765269
-1.6972954471843555,0.5289204315207492,0.538525339641854,1.2202903124348046,0.8835784161638354
-0.8388652079958256,-0.5589739816935302,-1.1656046185389806,-0.33053905875358197,2.44184124205506
0.353344721480968,-2.3088210708168133,0.05322762660673579,-1.386447393106635,-1.0745703947968979
-1.1468657377531242,0.8994047793147724,-0.4677759857894841,0.09654707554615491,-0.34898300620253464
0.36366846523238305,0.9967335968743821,1.4754299888990428,0.5307292840506956,-1.1198738608893117
0.519283502072631,-2.2911041812299024,0.23462282981341218,0.1484909094720141,0.4407371671900312
-1.6859202159229671,-0.3291779450883054,-0.384948447748047,-0.128985345365244,-0.8730980794624852
1.2726188680683064,1.9831461702759994,1.3651586007939,-1.4309939834372722,0.5136978940030955
-0.22133946073669403,0.7459849311396902,1.1674801370272128,1.4349687217934946,0.05476533634726727
0.24590483010335154,0.1403114563409905,-1.318100581493025,1.67839521311317,0.7634439348855504
-1.688273339415683,0.1833256549337465,1.690443201627196,-0.309573809747769,-0.2512902273813108
0.8136054071572009,1.3327975713279883,-0.8953960584856127,1.4607198250225124,-1.78971202925785
-1.2545886779840263,-0.17660867119137025,-0.5005368014424408,0.6238931276806033,-1.1045867800536469
-0.4012594849553375,-0.5303952658069533,1.2712758294778883,1.2846415357044567,-0.6306894409386173
0.4219025957020197,0.17943474313020907,-0.7574224885445081,1.5441517506042088,-0.1859421888330367
0.016077563214392045,1.147428326061275,0.09003942176123932,-0.22848942741925693,-1.2896651535986303
0.07734784946092844,0.6269454265495773,-0.27774261630951363,1.4598783135067122,1.2179302249512243
-1.2807269853523495,-0.481455825055007,1.203502330801069,-1.3814027639906095,-0.5930527030312694
0.4999426418469887,0.13837394350742543,1.0677938007467231,-0.45877328503612674,-0.44084283703020877
0.28219967798369683,0.029259250174977942,-0.9768180019174517,0.3028917272548731,-0.9728488513218144
0.10765504912785274,-0.4510852034585341,0.24882551933367467,0.9037280758449137,-0.35726604870817696
-0.2953891287683004,-1.6213267563552616,0.9183785130657218,0.6316254321553333,-1.5881596219774878
0.598510957681871,1.166642501330661,0.5257890991957025,-0.2401287474233035,-0.06244610881690065
0.5940614640411505,-0.08567426694344614,1.1355919835781825,-0.15472978805457155,0.31797898559899895
-0.4593314266046314,0.7596559025181692,0.2249435949429215,-0.3328277028478436,-0.44811520979593816
0.02693799918167614,-1.5644033077409107,0.3635264379898449,1.1244983852364994,0.7999334721377228
0.4451959642299121,-0.07473684751397797,-0.015309735030541083,0.1566961608528267,-0.5611449444881589
-0.0056581126883266716,0.09859036395419973,0.9449870064956332,0.1951613936081076,2.335747606376123
0.07672203089474958,-0.3530109209019261,-0.9944595825104884,-0.7601676638320672,0.06859422250999951
-1.1734641685604645,-2.3820912575367776,-0.32360762134273613,0.5991211478831396,0.057277939108808754
-0.10630294413124079,0.5198822738899501,0.09768308525150171,-2.117733000714331,-0.3052730988529757
-0.6091970014355385,-0.41754679071373485,0.23977261576123557,-0.10522759919780501,-0.11152477001532575
-1.2380935365375638,0.3791847477063897,0.8248491941826177,1.5191556017761456,1.1712933746400496
1.343659845108491,2.6800001625610275,0.6082633750637263,-1.6096796623737943,-1.2151294110504034
-0.465477019376299,0.6308861887731931,-0.23826334680575992,0.9524608207428404,0.55610443821363
0.7576456932805816,0.3256967676431521,-0.9635948725534782,-0.889563568506773,0.5721541326652441
1.0110074024946303,-0.8526671173477318,0.8500650490383902,-1.2487149484141191,0.3909527299966776
-0.2516372220331167,-0.725540719147051,-1.0800864759025313,-0.7246578293725511,0.5299771322159683
-1.0945621345650665,0.11392640217068391,0.8716971473705704,-0.6260258828073294,-0.22020833961410355
0.0494283608244989,-0.053340767755093055,0.736902760078241,-1.4444444584509635,0.38638001146970885
-2.3382037719315742,0.9279683929455007,0.4090379710576087,-0.791393905535271,-0.2264668763164672
1.704164035676302,0.5021967107522458,0.080911014491465,-1.9922611754899295,0.26519753212381575
1.0139944413408861,2.349569625294511,-1.3366744254999978,-1.813918923950169,0.18997687115288944
0.199850049333405,0.27954579570181115,-1.3942423048680193,-0.37097930129720685,-0.7679940853142891
-0.2657028435467857,0.5433452486285841,1.011713884744996,-0.04231642933229447,0.4835014868533129
0.922433350679356,0.9048415327911827,2.3264802089233836,-0.6240489446164525,0.7504525284785643
-0.16051588565156677,-0.7927587367393734,-0.5381947748574996,-0.027377881382653683,1.1472908433360463
1.0045344552019353,-0.5114945196112154,0.3415777477528504,-0.9464632175422301,0.19232846369358939
-1.523439311719051,-1.0007748290662355,-0.5403396990945016,1.6837667185281529,-0.3617703323755099
-1.1387347851702054,-0.39542591426828994,-0.40652231053440435,-1.4480676246529587,0.37743742782713197
1.200063870201468,-0.5990002213704753,1.4090429466549208,-0.5865659982681904,1.3936789175869562
1.3629804895422024,-1.0111465595273872,1.6789046384766448,0.938055912339779,-0.8487351182434244
-0.7224112613583394,-0.9203312847641621,0.8201212990328053,-1.1195145424849,0.4153318557747299
2.1968458361557834,0.8250924941060193,0.16434243723405412,-0.8292427942302618,0.2572812528346721
0.5601591930040065,-2.2082521832430366,-1.5905163357727252,-1.6736859499352517,-0.47261529358254417
0.8082444213130987,1.0611448302536013,0.3993672281954873,-1.38720213081102,0.35225919101013276
0.3850482974602692,0.5565866545246685,0.09181475286078233,0.6250887003117215,1.8263852947346475
1.0060426652071601,-0.7494803309675976,-1.3339597607337985,0.36823603154580803,-1.9691015187644052
1.2290276047248592,-1.0147234197160206,0.7501745008371821,-1.0007477349855445,0.9120176505761374
1.9299087712120278,1.338033315153545,0.4742372068175287,-2.0891466752779637,-0.9914958418092055
0.43760541283910065,0.8316470431057597,-1.1046384228120025,0.7533877937488708,-0.16700366518204932
-0.3490777478398376,-0.9926375818381643,1.0851085133286076,-0.8493117508909439,0.6306704523110512
-0.04647091329934645,-0.2518176593873703,-1.809741703353447,1.003948738830095,0.5734749694188774
0.76473771271412,1.252398934480555,-1.0294306153725297,-0.8613436609171699,-0.9964985143286392
-0.2925582330659929,1.0546623116352878,0.25156037455910324,0.8906756701724063,1.2201662996284595
0.5603999223314576,-0.2492353382582283,0.14035704077458952,0.4309458851785186,-0.1835174827375152
0.6519183666514201,0.7533144864556467,-1.28848788309298,-0.08011324825959154,-0.05616796322189338
-0.6705911146480666,1.356899155209586,-0.37588425967562533,0.20063131581106036,-0.9430809838168357
1.5338250517485148,-1.2740568434368345,-0.7630667939591899,-0.4070167393008268,-0.4546446036853219
0.8126135272680385,0.04135200598546254,-0.13338407786948417,0.27373854015821225,-0.5657967627596948
-1.0213053874879938,0.2769098222708261,-0.027684078860071546,0.8118053645583938,-0.39935825558418225
-2.2382157832317344,0.32908496146020544,-0.6411124077066843,0.9313934051093357,-0.6690078280956868
0.9918908958411027,-0.9064745265594361,-1.695104005918198,0.24949720346860188,-0.1110573708369462
-0.7833794624767952,0.49175953895658686,0.9178882025131907,0.019049182772698122,1.0407176928336441
0.1173207670674834,0.25575166638039604,2.021026728590622,-0.5815115540914103,-0.1955472802977447
0.1746110947730526,0.4660171193584281,-0.45832439892408455,0.15822403243083247,1.0287126177542494
0.22193560820929709,-0.5395131147498257,1.7671414288666447,0.7191027360186439,1.9292877813700708
0.2724711145319256,1.5617270343252905,0.12049369911857995,-1.4530768411267174,-1.4144655058042592
1.230625810795265,-0.3452762704165346,0.1962639136903705,-0.8940329952406526,1.50917502716543
-1.2793578770288687,-0.6457811664629103,-1.3049557170712127,-0.10077467376035057,0.498380471392108
0.10810239891212872,1.8636907101019082,-0.23450924478825125,-0.4084351566541946,0.8164129566018796
0.7935015018575937,0.5526606559568696,-0.37774716246231416,-0.47292971039701,1.0069867616264438
-1.3935565396498417,-0.22347393419549277,-0.14399083663713672,-1.5222706342644567,1.0039027515199126
-0.3120641261202649,0.8745194445085008,-2.4719196982630445,-0.08019724651070181,1.7712229688194143
-0.34248381638253494,-1.6285773256117568,-0.34534772656561674,-0.8642591027630412,-0.680791827632044
0.2587398448545936,0.07654676809679092,0.3753416510741322,-0.30620541534733253,0.5132436307843642
-1.9301210708183605,0.14955783765991829,-0.5928765059663641,0.7565472442086089,-0.9252129173724858
-0.5037002918912667,-1.0537873162269054,0.6506904509201049,1.5157377218564294,0.6051601840648733
-0.20044549114239732,-1.4549169656547098,-0.18811479074473247,-0.014271586816612059,0.2661271098916907
1.4468278550483273,-1.4698271568590884,-1.1858061697848237,1.3989755776288573,1.583282111474285
-1.5893525543908114,-0.36713170559489433,2.218212385853893,1.723291483068043,0.17411341663868082
-1.0602044838743605,-0.7113899078042821,-0.4724365638688808,-1.7013295628916356,-0.7702059433503998
-0.6216333885646813,0.5407414313026762,-1.1666511871789507,0.13976461055690242,0.17241234968450656
-1.2655108722261268,-0.1580417934040176,-0.7648380289165029,-0.3814376108756481,0.3502056480757922
-0.6867822845084863,-0.12510065230722817,-1.5908649416006149,-1.618703006849268,-0.9449427266183387
-0.24647684738415912,-0.6091947779731922,-0.4147957012597132,0.06984906744281431,-1.0249767218944859
1.83907773762155,1.9410829755298316,-0.12025896551277315,0.9048482934264537,0.019214284542047207
-0.48297782765067604,0.5751040571065983,-0.9458332062545476,0.99853643611395,0.8107402120914439
1.3738323493069513,-0.42255937959789086,-0.12580229168534432,-1.6378960926254424,-0.006717146797359945
-0.7702783549069665,0.3256378963378878,0.9411016683417552,0.9958119139523421,-0.656538768662261
-0.8565086306404218,0.7816976627082706,-0.06979453114289495,1.101525416256614,0.3976661109857617
0.9408644812958394,-0.7954966822865616,-1.0331241495551031,0.9800423647973965,0.17556201758108853
0.6349537149489484,-0.1288278912419285,1.3007180356696277,0.5769530006402801,1.1169825545842207
1.0627955317268922,-1.7071344834195572,0.48956061317917055,1.328588646876777,-0.4716946457405303
0.08524765321693624,-1.5737136537587337,-2.5147733227998303,0.9622582808618759,2.1899453204035897
1.3917936587288604,0.6796697151528899,0.2938160853288709,1.6923232864552495,2.0477118708197155
0.4225639176909266,-2.7398682418589497,1.1311429393195431,1.5200282334065296,0.47997977016493015
-0.7163358265996209,-0.2490301794598345,-0.48963070131630265,-1.0292676784477206,0.09819734694968
0.3393942735670141,-2.0959940324714688,1.654311533789121,0.010156459360136528,0.18683077501579964
0.32936468612525954,1.0609899125326643,0.8894387960650662,0.6848499769349206,-1.3630561292237904
1.2905132402005821,0.75802731000763,0.7686270814657458,1.874562581151459,0.5632046078900635
-0.996520175564616,-0.4692473484016859,0.8530466386793578,0.3269700167234855,0.03667649686875398
1.1562589226173987,-1.1899677623467328,-1.2888880655763988,1.0538770409988407,0.938923161137954
0.5223466250608395,1.3504944902439389,0.3476522150785099,0.288649333517178,-1.8160817008795942
-0.2924314881863627,-0.5100138637790933,0.09060087342607782,-0.5921616277783299,-2.59534121378824
-0.21337276209444753,1.8748121350826865,1.5885404150342524,1.106492204809946,-0.20637223395039941
0.6978992042151784,-0.10267567746410425,0.6115005522509773,-1.1046199678203592,-0.21383213434068726
-1.4089300210858742,0.46890185685486785,0.2507737808407604,-0.313813072163344,1.0303525148818553
0.13051788368008477,-1.1128525450512452,-0.6744627488772513,0.4189358946995414,0.0711194697831535
0.588640852748097,-0.468620688004488,0.658769395811567,-1.615610424280746,-0.10008905760439162
0.28775916105873356,-1.700049080913733,-0.6764409192943105,-0.07346527600622056,-0.8938245865590977
-0.6441304772823374,-0.12176727167443083,0.861752730928951,-0.24279850758453123,-2.276910591111118
0.4507180882534654,0.3208498426702401,-1.176476810420351,-0.984478062892326,0.3589353529173938
0.48284374627857096,1.0386851316165842,0.14192032705289326,-1.3740915421770694,0.39713881862894984
-0.7885384561325433,-1.02286804265105,-1.0746356852446357,-2.3763593527385876,1.019828565697032
-0.43066337183520864,-0.5638521717098905,1.474961320876181,1.2591698797128783,-0.21536509340877488
0.5705917594552399,0.5104717505428537,1.4763961976296989,0.10809534020575359,-1.4198370191132743
0.9849306260525165,0.8445514201286624,-1.8740208929641229,-2.0548739086966266,-0.23338815711912658
0.9910067291293887,-0.31866412063106414,-0.8950882921791864,-0.1778474281796666,0.019863191994745892
-0.6378535790931107,-1.8933715612846225,-1.0609613295108495,-0.12775497307552688,1.2048271591767152
-1.034742616802509,-0.11660572273901097,1.6535450393839406,0.11185069119143429,-0.05277900767941061
0.8986534503066335,1.2022011871333913,-0.32683982348311447,-1.2668049315001508,0.8568925698749331
-0.15042791228909516,-0.16283974468117177,-0.056730990785957114,1.6891386959361645,-0.43138815368823685
-1.2501969527723085,-0.5802442943818333,-0.8092975428951549,-0.09127467358384006,-1.4508277101128617
-0.16503247207754312,1.093064019210664,-0.3796483051927968,-2.202814265696169,0.18406005757505195
-0.8874831959457417,-0.7985390711373045,-0.24807387623437088,0.2609177002864354,0.2602057582858098
0.894411863699165,0.10493625429887993,2.5062399728297415,0.12682762518950355,1.625262796058001
-0.2855391276586889,-0.07991524802244786,0.04088437018653188,1.0902465755999353,-0.7702560532247851
-1.7212780665665417,-1.321486823585383,-1.6207886943986283,-0.4541881638859228,0.5930590259061198
-0.533448110259931,-0.40197576570756455,-0.13956449133373144,0.6507795891133318,-0.5870968208097957
1.128930904212439,0.7421574265286256,-1.4433464604566366,-1.9012666157791374,-0.3693786193447102
0.1728711857268257,0.9750915456030393,1.4632084030158927,0.5979813706548923,0.8702785226382835
1.4344715769613692,-1.1097558398508598,-2.3433116822817137,0.6924099683436319,0.6813536629741388
0.1448214665463175,2.1943975896810586,-1.231200074782782,0.704751796926972,1.8735050241700852
0.8616627363653326,-0.789052244566309,0.10401326630736978,-0.13334094492152135,0.15299012550014976
-0.2969586788307772,-0.6302433181471518,-0.7247034011643173,-0.8163158261821524,0.7846327843043304
1.4541983405829506,1.1505429863769447,-1.2614204347950229,-1.259826241498448,0.7633943410402841
0.07210363507890492,0.16153111739229364,0.26641178046510766,-1.1836159030394182,-1.0535420142065162
1.8648357905089625,-0.36860549191422914,-0.3664857811387608,-0.23480300224836867,-0.5803011159385895
0.007156491424325831,0.25580992183808776,1.113226699881192,0.6691894598839138,2.433277912177832
0.4265454060634702,0.360904141394482,-2.079956613914237,0.8256937840095043,0.7083011167590847
0.31275172153015557,2.066706792427514,0.16525833762808137,-0.296409398369285,0.17631744431477908
-1.495946175772361,0.3983239665755638,0.5167665474031821,-1.4552986994093802,-0.7351473550630532
-0.40422542805241135,-0.054647765205056056,-0.004083533102015418,1.118377188828035,-1.8972035777578022
0.15179500940459378,1.3720462055911362,-0.7564090675799368,1.4006034430372125,1.147373490181869
0.12696478432212346,-0.5175667033435689,-1.6257159778590144,-0.1581936196045984,-0.08757238332348827
0.023387284533704967,0.16320808965745412,-0.822130408838074,1.3998261239038778,-0.8301349708033117
-0.5010091919040335,1.1379969736859805,0.42310452901592416,-0.4620847667820952,1.1378098334837807
-1.1188948305476973,-1.5927942201821652,-0.23780876644851529,0.9914185347251504,1.2169528370041913
-1.6274728571330703,-0.6520932190776232,-0.9890878989911027,-1.500478428225807,0.1541939818502271
-0.838194418565623,0.5251212811332266,-1.4044222183299373,1.1166355499589895,-2.2251833166352926
-0.6223126065018075,0.5206470864416681,1.5606997633398096,2.12486548124341,0.6852011388991013
-0.28446417030195315,0.03522454630341412,0.3813656113032296,0.12733416295184985,-0.007125723071778464
0.7284151266566729,2.962775425343779,-0.8734458404447526,0.7595650703821749,0.7168222540637302
-0.7707652885072788,2.055350281979313,0.7238436995385314,0.5767669441746854,-0.7109021354089892
-1.2449851538941483,-0.3965207467433679,-1.5456249424294393,0.329665460955747,-0.6731031493665519
0.4504168967127683,0.18413565162931203,-0.9634914848302896,0.6217891747118421,-1.4968085654380823
-0.048931437012478665,-0.742020495227356,1.396960946374085,1.0088725964802927,-0.4501040625868921
-0.27791398476154455,-0.31750331429004414,-1.5944075092265146,0.9829102877769494,-0.334035672290217
0.7111874720012414,1.050587211451205,0.7176130943903911,0.48653761843781246,0.15971557698646696
1.3621805777407423,-0.3902252495457188,-0.5494364760065468,2.5918942512844882,0.3101906511681419
1.4839654121467059,-1.2096563160413083,-0.08284374764986707,0.8788327832272252,-0.5278452674991055
-0.6809605107124186,-0.10391096750586885,-0.4535153483554146,-0.38179824941494894,-0.6165411432933121
-1.04779511972302,-0.16469475838169986,-0.2672717300395293,-0.5235982044080526,1.1037442770592998
-0.3830890021651019,1.3704803810136659,0.3510461987007905,-0.3100273503513278,1.0655413874162045
-1.2727274400534643,0.540280240357834,2.0030104876721087,1.1175394343213167,-0.843795866507561
1.0051721782369338,-1.070064549975175,0.39443178379381905,-0.06765527290376623,0.2298316040514164
1.098501967320615,-0.20020292380081056,0.46312478502792276,-0.6725880212070715,1.03152418655137
0.2661537967527301,0.031585528277735676,0.23597187964992666,0.07096715956765201,-0.6579150625388142
-0.12668464697639975,-0.37367818574411027,-0.2798898472000621,-0.4891811868654771,-0.5104399600516364
2.078351527042204,-0.029094895487326845,1.9561990542798915,0.24129246491980158,0.7841624126313452
0.10207451879432863,-0.4174793541216531,-1.5460080461635894,-0.7735983612982401,-0.35417364279357727
0.2698930961740763,0.10993015919612914,0.3734348902912048,-1.056544246406736,-0.20544226394111526
-1.1076300994071795,-1.7306693043576127,0.05639687086020336,-0.01317126609106257,-0.015446803934356058
0.5623570257954877,0.7901056546739744,-1.3554222086525782,-0.7068646396480377,-0.10243496134071094
-0.6962061279787988,-0.5127228169939628,0.07499225320621745,-0.7985454383492745,-1.2480872095917246
1.0414150380432463,-0.3586885941340908,-0.9088766127113037,0.1915976001086631,-0.08696487644172733
0.5699835866431084,2.0887719873169877,1.1450721179285508,2.0505519719816623,-0.7654714499898613
1.080535495875484,0.17163617088914185,0.4874446976117151,0.4902193783132294,0.1604562770589411
-0.42076663465916503,1.9525079549803481,0.519094607461067,-0.8288603413386568,-0.18084375579245443
-0.9018287944231942,-1.262442551647754,0.38787977931501,-0.8196239799650713,-1.6535311479003967
-0.9436829180120007,-0.4770783233254155,0.6749295473991724,-0.1685130230816799,0.4536514165464542
-1.4906288010186552,-0.7147237273008862,-0.020218275461053155,0.18264131856464938,-1.3491358277508656
0.8522446486802687,1.3042297706001569,1.1744374820234014,0.08150414345757592,-1.3362134841262245
0.9300843563284593,2.1821000312935017,-2.177296646648914,-1.1153795327829843,0.4073357243705117
-0.3038725767803157,-0.6191643793542961,0.6867946748361028,-0.09442329522738302,-0.14944174216698014
1.4758427688862106,0.16974709190546705,-0.22260651915044888,-0.664066265643339,0.28474409229073544
-0.5660225692585497,-0.30791336963472155,-0.8651745616332912,-0.13530079728090125,0.9457952308670019
-0.9751753007862647,-0.5416762651327276,-0.7220477685277011,0.8432487070226352,-0.0708391550529328
0.6423829665653933,0.31199394353959775,2.0888552802011593,-1.2586330629617586,-0.3046651773362601
-0.5371263351714329,0.5189866718587974,0.2436028383657899,-0.06043104381241684,2.3905712786969717
1.2514431353669393,0.35223603320444846,-0.8440114949078401,2.4748836403883048,-1.4037028647681575
-0.37686048578205483,1.0478868121845244,-0.9109913217802301,0.7772885124896484,-0.7938249450624818
1.0942004548665887,0.6335957500785199,0.89035286348666,-0.7927818237312192,0.3794981872149201
1.3880768053491361,-0.004613686041113101,0.6460525275783419,0.3883906607767283,2.3908854285033887
-0.5073379744860922,-0.012654150204248529,0.23292110645794584,-0.4489862093040822,-0.4177379588163654
0.15843059051589053,-2.4697345919427183,-0.5966850875096277,0.5655468583088369,-0.3693696403217565
-2.5605112402661274,0.22032188882645468,-0.1127085320647218,-0.0430905804803725,1.0023282262805349
1.1768929149270737,0.29611513872128875,-1.735307984906176,-0.11259361356342291,0.679352994642254
-2.0716980886974317,0.7450973915155555,0.847742553085152,-0.08169226255082032,0.3614890842569663
1.2588101296869392,-0.809111937923735,-0.8036445466618385,-1.3517051706517942,2.8583067675992813
-0.49156751647934,0.04559030051903438,1.3229087202357812,1.5044299893760837,1.0691741469156786
0.35617333910528975,-0.29687751407297464,-0.9545600059026723,-0.45019237276430246,0.17875018129126596
-0.8396844688839584,-0.22358522125123853,0.5165360828191763,0.4015033682943059,-0.4834388720398058
-0.9460447362524197,-1.3995405259343938,0.2858194818910111,-0.7625864460341115,-0.2934279784336586
0.06141908515003198,0.8726355874087096,-1.691293079730727,-0.2846761386946227,0.42961131840383693
-0.3580819925632505,-1.112491560975139,1.238222466246499,2.020845820821304,-0.7319705656232888
-0.34242195820803706,0.9749484580191583,0.4401258477114199,-0.943346650104667,-0.06632756163613189
1.7765131516780093,-0.29836331010058015,-1.3066815247331944,0.7022373862771067,-0.003316010705191955
-1.467045202370924,-0.8712453493053882,-0.05252456526649045,-0.1932600571884858,-1.06688152391649
-0.4526423467268096,1.4053298243817742,-0.06548954241980744,-0.26245763264331157,0.13992933859653858
-1.0164498902847785,0.4069207513942132,0.18168636176992214,1.5490132571482413,-1.3997444890448691
-0.4566029909448274,-1.7088801088122694,1.1145791617452467,1.1310812788154163,1.0176009437413431
-1.1455683983724982,-1.3138343734312585,2.1707602302414757,-2.0890498923680543,0.9045311243778406
-0.22560359139447747,0.5904939410723776,-1.1905245309569827,-0.9818084124332528,-0.8966697084397343
-0.9082818872449135,0.14245532096429325,-0.5260134904774953,0.2264846438363846,1.8009868179230355
-0.13388005202654668,-0.42766409981091513,-1.6741708951572056,-1.0505624997080574,-0.18507442695817944
-0.7698522661090852,-1.225641096021986,1.3556299300682995,-0.14512935872407212,0.09907339359920121
-0.7439135689377435,0.3371706025090463,0.6443756958974809,-0.27710271692671967,-0.1762169127195264
0.6514722181863477,0.005852718323338512,1.0021014225342488,-1.0972656775231582,-1.1742336317241346
0.3921056164020548,-0.2553302775944145,0.7614315063318199,-0.38571460301889726,1.247487367964262
-1.2546998185329148,0.45310167074695284,-0.1059813433602393,-0.22159934819966462,0.24998596094479095
-1.0713232365649739,0.7340148804758921,-1.0613527823899949,0.845611634563908,-0.1483933980471481
1.525413374599135,-0.35458565168800993,-0.6509818173354852,-1.722689464267638,0.09953345037264984
1.4707539350095453,1.7027753592986246,-1.4495255492143801,-1.0804235926458998,-0.1606625459738081
1.0789877072751077,-1.2072285418772346,-0.12223619806638199,-1.9048719292063439,-0.08462650920012839
0.24235470465496795,0.7766557921731913,-0.24383101665521573,-1.022265923774329,-0.43180646742780626
0.4636795716285604,1.682369880796786,-0.4564594441314992,-0.9064102577692573,-0.4393190822802604
0.0983369614833995,0.1298442539430456,-1.1072449173432304,-0.27496101687378355,0.9592671779416299
0.05557138956262622,-0.8877284096822723,1.0793805818514253,-0.49255272478826245,-1.0562458940494284
-1.700255590690483,0.8414170252348715,-0.634875312766125,-0.18724079597779567,-1.1397071396111196
0.6841366240801506,-0.40862898335702386,-0.1545903035738621,0.171717147277153,0.8287108324919804
1.5816739192114329,-0.7590138937377897,-0.16182545638987741,-0.3909834105786044,0.4127356882077696
-0.9358895363094545,-0.13745778685246188,0.08331677267089155,1.2660756323127134,-0.4115303810504613
-1.3671366983914208,0.9851259840855185,1.6296853929251274,-0.6991356305193963,0.11533294884360232
-1.1991459629274708,-0.5478108884292386,1.0969103779303269,-1.532652358743257,-0.3449430466496293
0.8106864279858641,-1.0543227286762822,1.384457008612074,-0.47244543423404434,2.075575276221543
1.2058839254126743,1.546436841622147,-1.2728388535874053,-0.4681531764036005,-0.8755895559435576
1.0166497200847469,0.6431004914932739,1.5690347308016999,-2.1258981465620894,-0.3627629871304376
1.1631892297887383,-1.9616899468598388,0.37615403227606936,0.505557100362327,-0.2611828125559081
0.14128901699472393,1.0531128270431784,0.10488084387356524,-2.457180773461268,-0.5209672370534725
0.8392172541956108,-0.11420700245721414,-0.4283432835926996,-0.16750621552295275,-0.9408773795053829
0.10668349615996371,1.130918454399861,-0.14244322348342714,0.8807055863105671,-0.8420898887586606
-0.5243704026392584,-0.530094056455766,0.4718496456156989,-0.18272838434671584,-0.4091856335968502
-0.6926883037018451,-0.14569059954580144,-1.5072270554821088,-1.6257631176006087,-0.7356645336875229
0.41684161996816443,0.02304151926462153,0.5404112751951001,-0.5274759921632864,-0.6061362015981107
0.3310852288810639,-0.3310710508798738,-0.5870288760520316,0.7658515883880544,-0.25044645704060525
0.8056174138088339,0.14758608043056795,0.19772048408470935,1.0869852270035454,-1.126028648407472
-2.171091518074088,0.13811340677449352,-0.45195116309680394,1.2797062092385185,1.8840405634162891
0.30168215881426297,-0.7916506191012163,-0.09089082744443246,0.48650609151016566,-0.6840630196748523
-0.7917820964537472,0.3068619179104761,-0.40951025862252416,-0.4627182518265301,-0.6537016163091619
-0.7507231228591278,-0.42664519926927874,-0.49069522780444685,0.9763634032262629,-0.1709974883556332
-0.7258955179998406,0.9000201071311058,1.5719889655329466,0.6653153172080435,0.5588875305714366
1.7918020118728486,-0.7269366049047921,1.2466056733651565,-1.183521367752968,0.6635745706122861
-1.596075536671082,-1.1975174053329705,1.9451728546277554,0.90363886330992,-1.3120652761902856
0.4706264968599662,-0.9567181799232665,1.103081257106741,0.46636200201755396,0.5030048575457942
1.1736333703857333,-0.14288120554756312,1.6294927336977398,0.3737395069576519,-1.5982622549145318
1.580057321642348,-1.1179903151943285,-0.13472550950698292,-0.3243911350695559,0.2599360473916829
1.4811445438453636,0.02158125216928691,0.38422929834666236,0.7809558104202831,1.1153137665142094
0.04113133940186997,-0.11537118095610746,1.0802942093765127,0.43237490933255174,-0.9477537041276406
-0.9098965079175745,-1.653168589024243,1.272679208717184,-0.6467380629117424,1.3729523741728156
-0.04167994497812337,0.5966432265358703,0.02875276788414484,-0.4104384078432827,1.1506760344221343
-1.7022558317178615,0.13215200305281252,-0.01447993218564954,0.1713268260747242,-0.15382873358121393
1.8978986889146527,-0.8056754615960829,-0.13081395077209604,-0.028291646412453075,0.3621333928439145
0.9361098387163003,-0.20727931411960163,0.2075314236175718,0.7569877988448752,-1.2483933157482965
-0.8894010066216237,0.7371786193929533,-0.7317999870138738,0.1889062134236916,-0.7059561642035587
0.35532708798813406,-0.7749937787964976,0.6323527055990661,-0.24327406831340334,1.071164380559296
-0.9721359919237058,0.3269510900016889,-2.086964539753856,-0.35083107150335074,2.5293706119476296
-1.1449217791289934,0.057483319988107406,1.42784735066547,0.9969642546819304,-0.658415262784284
0.9213633295052545,0.16218073111247722,-0.4253456288135307,0.9504213517203286,1.7774751290175281
-0.7294970218535267,-0.21110027208866836,1.1577872310605144,0.837323625863227,0.8436245543881111
-1.5932191899308634,0.7106634999534115,0.8414747379286773,-0.4716462333800059,-0.48112803019153166
-0.10886381239727633,1.251152664988804,-1.055709067959062,-1.1683162238838933,-0.3363253780032238
0.11498639542641952,1.586445187439194,1.2461833775310196,0.9479507020684609,1.3671485759491717
0.5069679402878996,0.13997365368885478,0.35056250097480685,0.13153124238046002,-0.09627774275810447
-0.7230445926164175,-0.9352720066595854,-1.9238462659581417,-0.5298840214233345,0.6584539892144611
0.06727598386695514,1.749844297226699,0.5056787698889923,-0.8587437447882779,0.28164833917474735
1.0227708996265232,0.578735553819328,-0.341145624871498,-1.0979792642361006,2.4667104326510016
-0.6722385887088411,1.643775577621439,1.5243911117750812,0.5130385901029154,0.7836245708713363
-0.5045643847153677,1.0449229418661294,2.107564940512003,-0.49989433684510115,0.16195706247900235
1.8772319989206012,0.6596485444722969,1.359280347054267,0.028436272571450587,0.08350608474394894
0.30732788876354333,-1.3411456549699254,-0.6061646876396757,0.049292860557945344,1.4368607284714392
0.9745535207170065,-1.0516303776460418,1.4292691630551666,0.30384818255512647,0.6665449879443623
0.5124149879517756,1.3955169547161403,-0.7639998619681158,1.1843924767682066,-0.7309375967840992
1.0971695317229193,0.06512936643537699,-2.565896732108927,-0.7698173547850208,-0.13202956919029435
-0.4188712380738941,0.24332272345462808,-0.3807589198807792,-0.5602138089086814,1.3839240957582108
-1.0315018275561758,-0.5458991194090229,1.5715158478663147,1.0475610687036934,-0.08448457441286068
-2.0275062815762515,-0.5039438353908651,0.5448623545210515,-0.6117185780656982,-0.051058380247879696
-0.13501880166934968,1.1253088250922028,-0.19950473907902838,-1.423881887556552,-1.0544954908940316
-0.9736022963102045,0.9261406093406576,0.6586909760846407,0.4237705176544564,-1.7824328556820654
-0.35540364442174155,-0.5337300751765915,-1.321431232732518,0.08248577117785552,-0.33393791601521666
1.0241861425391237,-0.9785530943617465,-0.7994998402870256,-0.09925619221356709,-0.16447188820294945
-0.10230618550130698,1.7367742301344806,-0.573437791513112,-0.7087884095786016,-1.2751284038596167
0.0026119224887039285,-0.7815621804797002,0.053801875544955455,1.8368491168438197,-0.5782030868623611
0.23705993268382725,2.048836476462171,-0.6922923990918414,-0.18958820940197374,0.8354172868804945
-0.8774999627087933,-1.0103885336000837,1.769250483877883,-0.8308128439490399,-0.432592275593222
-0.03892491535183427,-1.0131007901501154,0.1714130236246498,0.36202330456617426,-0.14087808532722348
0.18854231594754514,-0.09046654862556093,-0.09660435502330307,1.4576983474757246,0.7189671713172523
-0.08634883039866235,-0.15480454810729627,1.1933874540845035,0.656887821944809,-0.36458193194179744
1.0039696789660704,0.9382087528972192,1.4781656670016776,0.7482630149707629,-0.757152174903318
-0.5031754953007094,0.8413203370860834,-0.9395654882941199,-1.007222462637823,1.6922668743068614
1.4775316541429908,0.4306471334871479,3.6208288525989505,-2.813765903162939,0.5983348887347748
2.3064017961223175,-1.4071876461917614,1.1186230889799504,2.711698192112173,-0.9326851914819216
0.010088532182324798,-0.02247548351716804,-1.8226856387409733,1.1105991617421522,1.1342553216315432
0.03171917611769774,-1.4645566678580393,-0.849298803802029,-2.3043933108842882,-2.015128165514627
-2.0705634543749154,0.10459730298448476,0.4728043086446625,-1.6791600346231133,0.5404483959608963
-1.6430234902183223,0.6164944966525965,-1.2753008306126776,1.5502807852605152,0.48348580593469315
1.4265156334981441,-1.691507820153078,0.20026349879808453,-0.1948890558600073,0.6801328482727744
-0.5466398963151233,-0.7256425029941236,-0.768868207630143,0.5478580949662091,0.4646516160471702
-0.24902499365051148,-0.9357236635137259,-1.5258480330891058,0.24070793235023663,-1.3684042330550552
0.16146238568133245,-0.02886288737048804,0.24602756542118792,-0.27119477837585676,0.42781779520633295
0.33531332563616256,1.187045563186669,1.4209769591409565,0.056608232612805884,-1.1730799290154683
-0.4005373208899347,-0.5545157615585793,-0.8271355151134545,1.092346416457403,-1.2099379365484229
-1.2353820667228694,-0.02141873020098633,0.9117364649032867,0.7811422760970339,0.28661012307231043
0.29605848935910983,1.2483434506622304,0.9577051235824642,-0.619483597454548,-0.7924489840256415
0.35854838131401084,-0.27596036903486193,0.1454409137770957,2.034533299918395,1.1393236870871573
1.5654139651983525,-0.8311826870488509,-0.5165150642666947,-0.4808757767701089,0.5464295552361574
1.0985456576278712,1.3927086939363462,-0.5022952267689592,-0.3953457212590993,2.0857809410755688
-0.6522005504603835,-0.9216621038776244,-0.9747356940655153,0.217719944514113,0.6149324406773177
-1.2968837233356856,-0.0034809949482448184,-0.8142728840568279,-0.5589162597365472,-0.3679611994263344
1.3981348416948869,-1.27416513902309,-1.0808350111952305,0.36762953768134393,1.0631814749260966
0.13282128485768224,0.31081528259674845,-0.2597051089605712,0.8406311595119007,-1.7423138374344977
0.7519485530649944,0.2652614816891266,0.48833307245481616,-0.8175735066791823,0.05823857590866171
1.2819192650439222,1.0062895545940977,-0.19719055727913498,1.4032759934805936,-0.8928354768246167
-0.9380841473327955,0.8038700883593233,0.3839247495433571,-1.5504319337106836,-1.8948620014482367
0.7078792034287552,0.9868366196507644,0.34541390397768207,0.708448392060271,0.7675017127046881
1.597709074566022,0.09721428426266827,0.5420691534307901,-1.0307064316887122,0.03110205434768233
-1.5648179334846664,-0.620082557553754,1.0303176634160138,-0.9376860349354477,0.8761813699023618
-0.6243764745473451,-1.0495317969691174,0.011213842115458427,-0.9672366272551469,0.8869675196844476
-1.3435967594963234,0.6264116359454711,0.21776739646472684,1.5779197682608084,-0.20600662733382916
-1.20066220072284,-0.38842648418139253,0.3882924018994913,-0.14125013143230664,-0.7960866716491196
-0.8912832134266376,-0.0870904137054859,0.5899540199894582,0.33133693047595664,-1.5180019503003659
-1.661929840651126,-0.20238147426951647,1.4078864659255446,-0.15867722891055244,-0.4217914787730949
-0.04598014868911562,-0.14130860475632093,1.1567724158920278,-1.7278176651245287,-1.7203379124571434
-1.1287007774239608,-1.5952742494064,0.665238999360416,-1.0717717964025397,-0.3998003701007221
0.6053204323853153,0.7720654567681596,1.8018871795532512,1.0847490859787425,-0.8147712169841186
0.9204456458200685,0.14601173497137732,-0.08459076126133738,-0.2818102930131014,-0.2570679326689532
-1.0816810118528004,-0.7692877182043927,-0.07572305545827127,-2.360981155557139,-3.0534561985211854
1.0667777281906385,0.08400364132682168,-0.13257054499984358,-0.4652383448243045,1.0867626808279476
2.2445784814138414,-0.1682202794057989,0.23804153199144285,0.4429845818055397,-1.2904600107732302
-0.716436514447957,-0.6027667846275282,-0.8552522073706582,-1.4947551425315506,1.7684173618808567
-0.5992816597618851,0.3146597867791553,1.2110562469157615,0.7251517039816641,1.3297455072967257
1.1765160481524326,-0.7293342230988276,-0.43907620660403307,-1.8507519262205956,0.9281735934541875
0.34970268920816117,1.3840177095053314,-0.25971265856748116,-0.5768443191631892,-0.5298047150736765
0.40509424946595646,-1.1106280571301788,0.505762303070209,-1.011884249485885,1.1114014087491126
-0.2983161737804538,-0.02760568522431743,-0.9462605116382273,-0.9917150551173983,-0.6443224015921364
0.44133914691848997,-0.4966596247101259,0.3093296223914356,-0.592193459280575,-0.34199100974923824
0.7596762025601935,-0.9901945600770723,1.5926936612520082,0.7331408992845435,-0.08980634146156409
-0.32794112509767354,-0.24461483579537402,0.15901393300059305,-0.027933690169086957,0.6889917016503487
-0.6253473106558075,-1.9006991717341146,-0.2762803613721797,-0.39384957405561916,1.028444263236815
-0.2859362492541363,-1.4979621796048286,1.3087085413616988,0.5898551749619921,-0.9999234071332361
-0.6031569506713542,-2.0216019470074107,-0.7503987839904076,0.8738439617775106,-0.6741615475094166
-1.1432582580664932,-0.8223922664918728,-0.5419367576668882,-0.7856974409891797,0.4202723806846081
1.3016213554664777,0.04386084490289343,0.04602520279747695,0.45747808912178867,-1.4798806477159236
-0.29227349161742705,-0.773594869056607,0.4712431526285487,-2.463758128203654,0.26239524082589966
-0.518588287064674,-0.14078248182967673,-1.0478392608735734,0.7690333553482546,0.47861641472058997
-0.8137215389718461,-0.5068053952141194,0.006384151888515205,0.6148406427629752,-0.15704859861353504
-0.3522037809819921,-0.3660693818027775,2.1024202393640143,0.32427441528954165,0.16379430159432415
0.6747660932855679,-1.1752883285072977,1.566739394754128,0.1993412748400589,0.16548291486025052
0.0403200814710063,1.1548776387786808,-0.05544666414735994,-0.04682593808777233,0.3301990675494647
0.4289163929705536,0.9323389508500542,1.055571170414787,-0.046948918786213295,2.347298080452115
-0.7745444928557803,0.296705627007849,0.9274743840549518,-1.540520251233622,-0.037226344444317584
-1.0488552919468201,1.1791544060481391,-0.8648434838071895,0.366932371341264,-0.15838292678868243
-0.20372582313663698,0.7351047511902221,-1.217571188515735,0.04173051800482692,1.516205973927178
-0.28759261727258556,-0.6128874435676396,0.299188750191526,0.6281297315068838,1.3378224099928635
1.172977415095813,-1.8008814482852276,-0.2713086208513,1.6759998570098882,-0.6258207077426079
-0.3907281288580479,-0.6451073536005466,0.22066325974663029,-0.4981882212746736,0.7187947731719345
0.7322468516553543,-1.2744706818639235,0.23533783179512863,0.3606657858937129,0.11970390509927743
0.39498369447007436,-0.9442201397428129,2.258240638543708,-0.37310973134841646,-0.6193421267044481
1.3413831676993615,-0.8375531802954966,-0.8040055527334538,0.2506501685213026,1.3522466609992492
-0.706579195868637,0.2152084470234239,-1.9481509494987568,-0.9843108365195912,-1.125128493922825
-0.7206038408729745,-0.3981279727722957,0.23428899763540134,-0.305124697909539,-0.007982883792077969
-0.29489207247107985,0.2886891577467894,-0.5534165814420636,0.1476481466714619,-0.8409814349969355
-1.0175000144336117,0.3983750466334964,0.9834118472235563,-0.8040087166075903,0.07723117244723815
-0.3326920152004608,0.6495841263628686,-0.5963311755248267,0.9429665708470889,-1.6027303127240493
-0.44081505378169367,-0.506537418901868,0.00308413867265026,-1.0191108042367583,-0.14403718584214026
0.9669469116673097,0.14663964065109336,-0.38149548482152806,-1.5204074945747459,-0.5849255955428211
-0.7697340922619119,-0.04488581169411778,0.8032746345312054,-1.1306156824802518,-1.194657578083121
1.0835879754771047,-0.40238189803606345,1.7880554373817004,0.13499361115603903,0.5532733420034075
-0.9741089561307458,-0.2727741626230672,1.2019826776698337,-0.9997777790684192,-1.8510211889534753
-0.44080604115596217,-0.9988525342961657,-0.07120938195333759,1.463669705201381,-0.404961131209849
0.3735690973228248,0.2837872075006856,0.2974723768990756,1.0190852780885773,-0.3616514067329146
-0.11079068789167572,0.5459060154462979,-0.30961438515972595,-0.2278748055317481,0.12969830149342645
-0.47496303590169897,1.2933579720950257,0.46737960670174544,-1.012247593130761,0.2978507209703446
-1.4413412261199108,1.2740249120127947,-1.4960924414806211,0.27056175950501576,2.2005366104213895
0.7329396351092,-0.8087887090263187,0.14399814156163285,-0.6519927099205238,0.25232373192613583
-0.2579154776274534,0.8205203350282162,1.497637180645229,1.7570504853915243,-1.1166892972085865
-0.570048767896861,1.4660402344789634,-0.07971126493474734,-1.1000077587809656,-0.9475398347151769
0.9612688130468251,-0.16525650517642643,-0.8405688438729165,-0.2784634751284776,-0.5065268480976062
-0.711268656763371,0.5321473479740985,-0.23079340654174316,-0.6020080249023346,-1.00258689209229
-0.8120230259313505,-0.04136988595772737,-0.06664430949671807,0.7491486914516443,-1.3857486190279085
1.6215110823408336,-0.4829157422323159,0.14850327122326165,-1.539563652673017,-0.46931329994977794
0.24636638176283437,1.1044333175061105,-0.539134511650859,-0.1963776166803827,-1.1113779511800832
1.4938400129306053,-0.2579968272679599,0.16736426418414876,1.078641369371674,-0.8869590798217095
2.116670143601806,-0.5943449425688151,-1.9129411467481678,0.9452718285682323,1.1536788365541528
0.03507181269762757,-1.0991238328066824,0.24858705070531045,0.19170555795772995,-0.5587136983204447
-1.1984383211171958,0.012670748555627317,0.8119930488601423,0.7357321590470228,0.8798281966808934
-1.6002849621161683,-0.5658576025056842,-0.2922095999222758,0.3701815279301404,-0.22275134055349813
1.1757105596057438,-0.8505688544371985,-2.4912817602455104,0.6107628081448186,0.5546757351425455
0.02045798311754633,0.2500370516832931,0.48571294636242424,-0.7872437107722775,1.2206557862709555
-0.7433025996553454,1.973378482423427,-0.07752646304332085,-0.5935445775001786,1.2628041079365948
-0.24550405246041565,1.1111080481086435,0.6726070080769703,-0.5069135669688477,-0.7982123406615962
-1.1309227057555162,-0.6094859503481996,-0.8244166299216122,-0.4094385169865799,0.583378862323729
-0.7647967187882747,-0.4392670072840346,1.4425888162891072,0.037008061638000994,-0.2648702680686824
0.6988769924888828,1.8487270465175938,1.0830974927019033,-0.21472200007012782,0.7638130650778336
0.28658649557190785,-1.3316802643378285,-2.112813139161572,0.7348577416509017,-0.6332762584671079
0.00705994342898372,0.08225976007714539,0.22041422974808528,-0.37123162626066003,-1.3088014868077
-1.1662774076008906,-0.7698433952088529,0.8556485597004807,1.2791586978086755,2.0143767257272196
-0.5345428353880936,-1.7586050757896567,-0.6365379260529261,-0.12486930813823713,-1.5414438538553734
0.1992101720459095,1.9625458578347834,0.4415076278567431,-0.7555575461167265,0.582099625285643
0.6161921618834063,-0.0490518557195626,-0.08776977403916304,-0.24956454091350994,0.5885023170448249
1.5776559586473866,0.4690803779112096,-0.18631548089594152,-0.18103517251553547,0.49243931212489794
-1.1233229106678109,-1.365937804338038,0.04884836547209089,0.33950355116882375,2.0576765915521835
0.37127528292846795,0.854058615060361,-0.04588288150899384,-0.8791248322042188,0.3585801940863559
0.30326519876391644,-1.5201306293491317,0.18424513254447095,-0.6151743922861378,0.4529781721707826
1.3256830465013656,-0.5494445698648112,0.22259577251051132,-0.6362800441879927,-0.4120816475269172
0.6225890268215514,0.06318765368242037,-0.2528275413477617,0.34489911641524046,-1.0415384437604562
0.7203814766792304,1.3664801613373452,1.0317315557910864,-0.41398993843089726,-0.07428370735437041
0.17403939434984086,-0.1341421439526697,1.0214159858608078,-0.7780080546597121,0.8821298294282344
-0.3457466989896738,-0.903384814947133,0.4275462427376705,-0.9241569373068652,0.2432608046887306
0.33329007615502,0.17387745960601136,0.14722815343495543,0.5865184249884208,-0.7768243333568469
-0.5485157277981797,-0.4113687634114323,0.996084773219576,-0.3167906615859124,0.7008954598687935
0.5764364808569017,0.6608073604144141,-0.46417511955807883,0.5723129905954577,0.4142998552983513
-0.6829827665642514,-0.3673423053826124,-0.16817044864172848,1.0710543958296905,-1.1490577656344163
0.6636923184035856,-0.4923979379490611,-1.2810349609868332,-0.31315934087198016,0.45142854094219453
-0.6328245935558604,1.1639976210107599,-0.49253041624530874,0.43591146557356847,-1.0121258631923098
-0.864793063347859,1.07480999938409,1.9138270270456716,-2.02209888056648,0.8259873933788485
0.8028392674732534,-0.5246774649733029,-0.5390162240141999,0.4542561007638205,-0.771849022896095
0.24585534634061074,-1.625889200856388,-1.2423463471402638,0.27327699331381844,-0.7420418701795436
0.499464521982065,1.7604569237666055,-0.007269242502879497,-0.897492566606626,-0.9591576353525287
-0.8776133581527876,-1.9986009934235025,-1.1849393448635401,-0.5430048056897705,-0.9127487133252762
-0.5251091512274273,0.6209669267479236,-0.23355230438278402,-0.9814084796237347,-2.3477640987459947
0.1312361757627916,-1.2545730669808282,-0.9629324228366805,-1.0850329766527502,0.2344821998922585
-0.5749868906976271,-0.6585402070074227,0.9750609533966542,1.1262117330464378,0.1575338623412072
-0.5463020035788487,-0.9856493509477389,0.14550061792671257,-0.3564913301366216,-0.9532143201819507
0.5538949987384014,-0.5067223393406132,-0.15767304063837806,1.545091955016892,-1.2969866675291428
1.5952004740944403,0.5980093173005336,-0.19939370448929122,0.1459387698084658,-1.5766546672360133
-0.3317634304538334,0.23677343621107824,-0.12388625770057694,-0.9560825373260575,0.01442530441684119
1.0792548164635094,-0.6499970540636563,0.4619178351342165,1.4676480988662026,0.8912058677551067
0.7070404750091017,-0.7934707867143798,-1.416942033183509,-1.0329673656038534,-0.34917281958517266
0.10097879606056319,1.0313006995833744,-1.3798637816319788,0.31915611413118106,1.5888469733752448
0.9231637908136249,-1.8209060889729132,-0.14415634624408008,0.7204732574249296,0.4474316610927149
1.0927220180462207,-0.07333252318001494,-2.151977885669573,0.956733998254972,1.610982630798037
-0.004308348018402379,0.439119452422264,0.4404331512688338,-0.23256676631513093,-1.1960653276924966
0.42982641679860817,-0.09434629710990858,-0.32738842555637215,-0.03204159008255629,0.4850653667505427
0.6933482512213329,-0.3132846779382201,-0.049650386654338456,0.5272645378833027,0.6000124967471016
-0.5493308001400026,1.2559469616688204,0.3504200460081278,-0.7277073523399151,-0.39061788004879816
1.9289844065476736,-0.6904288640029894,-0.9099037587620444,0.5521206465697879,-0.3113942487512511
1.8710564088892256,0.16068204478909937,-1.7324850818118585,-0.16836505990747988,0.2710656376785476
0.7161353337659307,0.5805048447038309,-0.34164351574273194,-0.1799916379352893,0.6658722096017257
0.41204835553289554,-0.6758999742259207,0.6181407927220771,-1.433915152190607,0.48786409989167606
1.3337419223629932,1.6264879249491346,-0.19798984470007105,0.025080480748440208,1.902862751662447
-0.8303522214162098,0.503755090062773,1.129583589266603,-0.09509763100537504,0.7104403331337585
0.2780314753201695,-0.881969282518869,0.6068952129839318,1.1537816094399238,1.2495141730699697
-1.5225009960884586,0.14024558808701176,-2.2952300428043886,0.35444834871907355,-0.8023958906065439
1.0863792707429896,0.26420550984752267,-0.7372168364516332,1.367312997274659,-1.4034433599812108
0.20166584326169268,0.1251628433259003,0.17480596291491518,0.01660366414978986,-0.2999248895893143
0.4972529442829151,-0.6868043048725415,-1.73609053767141,1.3259120921149623,-0.5329126562221762
0.15382864934173957,-0.892112405756358,0.48832640433008645,0.3741426310394883,-0.36691854799578716
-0.848226250026471,0.4214863735421934,-1.3781733769416165,0.4630504894094239,0.03935796239611369
-2.029324619175614,0.6961556542652849,-0.5791013529881311,-0.9140516377908203,-0.4149818765365274
0.15480877984165597,0.7610656096585079,0.25923017652529384,-0.7167755272896322,0.3078089218888745
-0.0375927754751306,-0.6855113248961119,0.9894796881686032,-0.8419877320079457,-0.7178523282290625
-0.2739136972659089,0.18118825824875584,1.6577784467889098,0.21375276079119115,-0.2221123405282651
0.8090549949565788,-0.027853226912642148,-1.7888432176903184,-1.6822753697076689,1.3927268493214724
-0.7760240964326716,0.24808386455782325,-0.8301781061185244,-0.5547220051817615,-0.6631688753387603
-1.808838345727017,0.9084251966154425,0.11445709611196435,-0.44171039173729343,-1.3798565362586275
-0.8118475833705079,0.11111033163838234,-1.3427701201146662,0.167949315946626,0.7240162698850903
-0.11847069373642735,1.6643291905366264,0.17044347811118538,-0.6824868205434996,-0.20854391439630451
0.5973915079556872,-0.5674503361936978,1.9006217926976419,-0.32879005701077907,-1.411211214115246
0.12170362928064372,0.14757655859290064,-1.3530404849185078,1.430120396102321,-0.13830935007412556
2.1494587038171495,-0.5438575252855073,0.3286646515927289,0.5265995514789137,0.07817477876636125
-0.13969290900097867,0.6266567936845965,0.3346991926157873,1.5706994030711077,0.48639531851128315
0.1936121990685378,-0.6010386181106251,0.22219910833376108,-0.3685478780319615,0.5827235079409462
-1.6920368519658204,0.7044448790796918,-0.5480949081795279,0.5742114832179296,-0.7042402361328511
1.3393763643697463,-0.4146328835866065,0.5766001453191992,1.649295457883079,-0.43923433991353655
-0.4540529307269281,-1.8672205032411575,0.11367014186078198,-0.845492663595884,0.5085677332222657
-1.0837197445235334,-1.8591752458616717,-0.11237902417720042,0.4978450731361151,-0.8879717514116272
-2.1396336208927105,-2.2598743091815576,-0.5465855191860143,-0.28206431941358107,0.9567325395207273
-0.559544138142625,-0.11577881215959349,-0.029059785142858386,0.19005991843560202,-0.1450916075986217
1.7384892598312565,0.3605855190322175,-0.5242189437779747,0.32371821372161114,-1.1714854883917645
1.8774320033340435,1.893662384518996,0.39196146500465956,0.355235585483313,1.5054660964280115
0.549502781840746,1.5354814358091988,-0.09589790744761231,0.48503114365457073,-0.25526091681151325
-0.8123090499761854,-0.24638756168903125,-0.29123654738666327,-0.5879095684746056,0.5611883375488346
0.9334463634516845,1.1087228474665984,-1.2298179853891622,-0.5991483907103373,0.058673241717366896
0.747170242406304,1.181509948154786,-0.0067909443395746715,-0.07345894911875149,0.6675882645431427
-1.414224288941965,0.6767908967637863,0.024743090298544296,0.16947764865373538,-0.8245960813095999
0.15664835437792618,0.3547001440934202,-0.8335472575773545,1.7635422479203777,-1.7940595421233765
-0.47867603433337336,-0.634892022819748,-0.6690548390611769,0.4913168948445945,0.9039643242861881
0.3038414934840007,0.10910418542812275,0.4104688954466101,0.715866264003196,-0.7046881463551762
-1.8277681242238872,-0.7799143635513317,-0.2365124599988017,1.2220483028745117,0.6849775360225557
-1.1401340792267785,-0.7605048687462411,1.7251822453235992,2.1890713676679217,0.040946447439575165
0.39858675408170596,-0.7588390519100929,-0.18537359655874594,-1.9757806843618626,0.047762495936794165
-0.010209468634834915,-0.2444917498095664,-0.10194663454064941,1.5456043055101143,-0.4349104139701817
1.7915628886716846,-2.087469932908721,0.646749063916537,-2.483273048935968,1.4997426315678513
-0.9966644870510256,-1.2015444495179113,1.246997671940778,1.3422642614232232,0.10856320300877426
-0.919710389064802,-1.7946004724871312,-0.35886597019062744,1.3384093259157206,0.24916159236384783
-0.214066087672014,-0.2783375584137084,-1.6335142683652772,-0.5050240624200865,-0.7169652061982236
1.1114086131549858,-0.7957928862571968,0.2793071598747418,0.7114643515287887,1.7242505710019829
-0.7789315508273912,-0.2490787670872702,0.7398658149942791,-1.2170509074196458,-1.5786296343310158
-0.5932451122548649,-0.49352106533290885,-0.995470968439195,-2.8904920058140804,-0.9673024402729091
0.02536652761950457,-0.08255608213062662,-0.4265753894664933,1.0687503878048428,0.755352745631867
0.36341354604744136,0.3025648070913183,0.22739195026907869,0.28032342175962677,1.6712300446344546
0.7307867771333126,-1.3149887812655237,-2.450307411086577,-0.7323577134015751,1.1582167935248229
0.09578121787649811,-0.7973901396269351,-0.5075318683793639,0.10321494857333283,0.6742371244366651
0.5364737442583584,0.14056291637456542,2.9773248632426044,1.097811421997377,-1.4344896755105272
2.0146607109443977,-1.0897855884780274,-0.7680093499496966,0.4713240662677815,0.8711467305885257
-0.7094011498620636,-1.4735575641840262,0.3349192017859576,0.0995280494822543,-0.9252064548483621
0.07651556964007289,0.12446826811976051,0.5069965731368469,-0.44909125533407596,-0.3928498072416746
-0.1944101754606821,0.07824231723706139,0.6347799406164766,-0.19152365168380758,0.8778058788474461
1.0717990670278925,1.0659382050783404,-0.5903907219078124,1.2483039899052866,0.003117767003777357
-0.28056854211072285,-0.43430924503496415,-1.1341366055162405,-1.6289201316999637,0.9307578965732822
-0.10135355398665365,0.2380043758155495,-0.2303946655674572,-0.17009914326517814,0.3941542747643876
-0.9763303131115793,-0.1766447946943119,0.5291370132174165,-0.7761582202684982,0.7660914073267377
-0.08755578827485203,-0.9415872678585379,0.6712521120181197,0.9635872116568442,-1.7013812624833797
-2.1336756049530883,-1.205087269633349,0.43279612189837063,-1.0115627203565305,-0.09841852505423923
-0.6732165875828043,-0.2041015243670244,1.6138252881589705,0.11609144345810685,-0.779562461054951
0.11026615080228883,-1.1225806683668664,0.5830379215266596,-2.2476369852088105,-0.859626529190035
-0.8720701862697681,1.0708311418014982,0.8665859294097524,-2.5519369947444517,-1.054016578256005
-0.8538878024348895,-0.6298607542511119,-0.02852567250552539,-0.668044447492187,-0.058882501930355914
0.21350065164993895,-0.08190469809465434,-1.002243065551871,1.037442067632104,-0.212499168433415
0.923631276930714,-2.0713913425437696,0.6285455980766638,-0.6265839208601128,-0.13140820823655244
0.6699081672576218,0.31918425657798816,0.23816060699603323,0.9724459209019216,0.5478636069184454
-1.7750563468399772,0.5872490327986042,0.01905502369268466,1.6289117363574548,2.3651302418382767
-1.562102112697828,-0.3619779463004208,1.1903553334228496,1.6780889275912894,-0.7660581229791731
-1.5224233091218466,0.8617595363470234,-1.1093300361372074,-0.09098166224711102,3.6505111125699305
-0.233968773710484,0.22182238535628965,1.0123008354589773,-0.31528590080215807,1.4190236055604508
-1.8693500663313074,-0.4775033647828095,2.5816558610467286,0.3075197805125617,1.2903136730645832
-0.10259460483280426,-0.9292661079028676,-0.28320236965520373,-1.0696884293295985,-0.37911509431247525
-0.6612886883726894,1.0935271924426584,3.691175821839611,-1.4960994815114277,-2.6339183306916882
-0.6026016979973468,-0.12919722032263958,0.30884096489588364,-0.37359297332201774,-0.5831726115571343
-0.3130526392065377,-0.5056303143869244,-0.401419203194383,-0.6046615382895614,-1.8014314554320683
0.5382964729230818,-0.28789802508452494,-0.7922088992212174,2.4660427060265167,-0.06914551361556281
0.3016385208323867,-0.8590179473606914,0.5190946098730601,0.08813782133759938,1.3137549387671639
0.4134116974148973,-1.837594753699197,0.7530027647098919,-0.4662252169007677,-0.8377234825364979
0.3636864846845334,0.06270820272236396,1.3464810314224076,0.012492746421564003,-2.0084287206340314
-0.4188201882389908,1.3493941641664688,-1.048010255551634,-0.6798949969532084,1.1219730110948285
-0.3856768798358721,0.8180925467403216,-0.4020880980644291,-0.8724834415293524,0.5955181160299899
-1.3592140311195282,1.9979405390131675,-0.8193574563367639,0.42308641851632056,0.611298245523457
0.22405827795047495,-0.40788806249624904,0.7355389105036171,-0.5008112882218428,0.12991618103480937
-0.9438391948837578,-0.41030977969127275,0.45920995981616886,0.45574617969236647,-0.32366858130779713
-2.2756714798574773,-1.3162769179343707,0.7737710215119121,-1.7979490123302675,-0.35786691427681694
1.0073449187517445,-0.5563429106873122,-1.242314255206337,-1.093491940400239,-0.4662549210818729
0.6197291047341202,-0.6923992767738354,1.620991442080522,-0.12662179353565287,0.7135847658331123
0.21267456773840104,1.020051572159755,0.9274721008838502,0.8942813428015048,-0.13048233379099297
-0.35365134259087544,-0.6689311390051949,1.2925887270610694,0.17672614909421544,-1.0217941698006854
1.2796159116427241,0.7443628172285103,-0.16981944169386032,0.04973382425930613,0.34862990007272093
-0.14312604679284335,-0.759878985615495,-1.2547840115037725,1.1230004710075003,-0.2581617917400053
1.3067356040186149,0.7651075391832015,0.1559638222469557,0.42460126370779405,-0.21846128216102545
-0.16657382026706577,2.530624615781551,-1.1714748565342874,-1.464879649174986,-0.07650939099296118
-0.3315894206176644,-0.34581343398964387,0.2576282855790371,0.18524151968795455,1.5506132011781906
0.28960508292338716,-0.07651482311469164,-0.7488503744536898,0.5503844295322569,0.037800570601416415
0.9402108997772745,0.7273580738285611,1.4630427603097147,-0.08870009389778018,-0.5376833896069521
-0.5158234706876256,1.179085987905637,-0.07514441439011238,-1.1272626421956031,-0.7816396226627476
0.3893197763379529,-0.3618239088158579,0.48248056926847444,0.06878097506452405,-1.2419923034554579
-1.246519960769351,0.498205044131355,0.6114936181097544,-0.5957972603034896,0.31619091922076853
-0.10649736894395996,-0.04755376025812589,-1.1885279232071537,-0.38823712683843187,1.234506140545304
-1.3227479703296692,1.6205965016589379,1.1173220954605934,-1.013730377635356,-0.814394676529929
0.16141858665962705,-0.07715865900749933,1.9322626799031095,0.576408226640866,0.23175904174536519
-0.26383545720591006,-0.943095239986044,0.6621831833400629,0.5265195354574026,0.3668572971652724
-0.6674065660388386,-0.8707568791455657,-0.14577522003297277,1.1772297833122336,0.3790354208012179
