0.3056337128340022,-0.9340371785278093,-1.3768256664169296,-0.534878843091573,-1.0252190522925013
-0.37852019637930323,-1.5900000749404222,0.5175782893338473,-1.1728452500676452,1.0764261181169918
0.8090101186886038,0.07703481224696329,0.5080862904973837,0.9814534951507705,0.7417884208900296
1.1769925851442715,-0.2029895372633484,0.279303757084205,-0.6511313804341626,-0.8951953002446852
-1.8087752161053783,-0.531506792599317,-0.9702303354070732,0.3138149649999832,-0.49608691441202735
1.1742515573533474,-1.735802721349116,-1.063314926067967,-0.8629953518872431,1.875825817727666
0.03778985624782385,-0.8715444949426666,0.9712315944340986,0.7159768112447005,-0.20037049186156008
0.7831050969600133,0.8838120582599975,2.0646078024901873,-1.670607966552267,-1.9033179170224452
-1.6714115671589684,-0.19341392368168553,0.8138470223003391,-0.16364071497320928,-0.9864298321942577
1.7860421371635837,0.12194529067330444,-0.30914264810792697,-0.5827937561008731,0.8242599255045011
-0.6190594183387678,-0.40366567529140207,0.17360341458349815,0.36424843795967365,-0.2470534152452856
1.237254933323487,0.15063113985386928,-1.383261630306066,-0.048643424961408985,-1.0348744972818027
-0.18444759375280778,-0.3977363925489914,0.6809292151978088,0.073038525966523,0.5753529741259306
0.03156518625358182,-1.3964443528906552,0.8998656256857268,-0.3554172323797269,-0.9534874041867593
0.3079302713466997,0.6958123685320916,0.84590944278244,-0.672749383149694,-0.3678768394374697
-0.8926218545123817,-1.490880381363961,1.952313532175221,-0.41239778357532947,0.9337070525608456
1.2218325971243003,0.9400176626331721,0.7301797492275854,-0.45776148320018356,-1.2986485431935333
0.3192060261081504,1.2999188377060436,1.0307916866030187,0.45984960370327943,-0.11762861928017061
1.5806736959146888,1.376799257492613,0.6264672847875913,-0.5510756409727425,1.520776591537114
-0.5839727163863714,-1.3459631804414396,-0.3656973868245012,-1.2044295542452415,1.1903464479037837
-1.0422323837200913,1.962881938511825,0.46266820554645083,1.009485373655955,0.0921120716946358
-0.8914204980021979,1.0819830636731835,0.6663986374544261,-0.1835759301139801,1.4370249542410058
-1.5076578902493045,-0.07446721812626934,-0.45937764859416647,-0.9805446481505037,0.7836282472223985
-0.006224126170266461,0.062381511053735066,-1.0184551717261405,-0.20498657962620517,0.27197126805944977
0.08833384109598531,0.7004439268180008,-0.2331988973609745,0.060353467510334616,-0.41738371155481174
0.025574064489805367,0.4323527873846877,-0.35923610606525735,-0.4620195040533345,0.5510767440313092
-1.6755054498935131,-1.9118377070515458,1.301029753562577,-0.6089848550072847,0.5667868359773426
2.836262895728825,-1.7280828543574087,0.7826909899954848,-1.026776053349631,0.9765279090378703
-0.9438460712810843,1.2759191916568713,-0.45077931737669014,0.39251199365789136,1.8032615382302923
-0.19025828560608196,1.5919434676635844,-0.5319767493307054,0.8799462849200529,1.2058652169604231
-0.8745659692890652,0.6569328120680119,-0.1828490888497691,-1.5011437464952555,-0.3800742326793011
-0.14562721536896048,-0.10891124099235014,-1.2831943527459497,0.5386735126432842,0.36878698257238857
0.5518989209726683,1.213335785443751,0.21093269194112815,0.4221764694599762,0.7586267338643626
1.0719885879468134,0.4083450151613473,-0.38715297530314513,0.012979911952749966,1.5322945928679021
-0.985004770304085,-1.4000200508795067,0.8376336143482771,1.853857547655081,0.16544388879295685
-1.1760200827964205,1.0557513801975087,-0.6811388872594056,0.1690544740392551,-1.08964336552287
-0.6556168111399504,1.8818927547873057,-0.8081365130168687,-1.1503180631041456,-0.34162739771787065
0.6871845337030309,0.1064209919515986,1.6088965674497673,-1.3684387117016261,1.348079963727102
-1.165541573574566,1.2991836300955013,-0.39174596016886803,-0.69101655077377,0.4716493297263377
0.1581270085311706,1.5901495520973865,0.8494515477932509,0.3515600334710059,0.4241957719183271
1.3681471149473279,-0.6598008320447731,-0.4767724965121555,0.9419159941554014,-0.10599808543550615
-1.0125125731709128,0.8228533551816118,-0.17822564434887486,0.3534692991922006,1.058261890968037
-0.1263385417777634,0.7987007822192016,-1.20837655732437,0.12277897924957121,1.752538214507943
0.14378057713189937,-1.1327268244040172,1.3177488705365283,2.3333305219911455,0.7903732943562011
-0.41260881907021646,-0.9595170318438133,0.5476382332781977,0.3356902232096001,-1.2909970884947313
1.3180888377689643,0.4071568174155994,-0.5496978077148609,1.085771471444884,1.5912390537192238
0.7341091852560436,-0.11894416844651783,1.6090681508716977,-0.5112428590948669,-0.29196063829956626
-1.1765095229162368,-1.512512219508159,-0.7067720334554549,-0.8633260230538149,0.43482849173344057
-1.8761454254898826,1.663852681086238,-1.0966270515547538,1.0489497573280149,-1.704293628533701
1.1162992908577267,0.9454728906506167,-0.4445139604667634,-1.4763937572721184,0.7439443567642532
-0.18014621310007503,1.4068144665638698,0.5870047185691442,0.7358618701645131,0.6057081743556202
0.9012231423527796,-0.21128123087784717,1.2679808147437226,0.7057118513781657,-0.11402320528769333
-0.7934604229018444,-0.12045080307932807,-1.1153196095844191,-0.5531548648462322,-0.193494741495998
-1.0871274040292527,-0.5738495731829826,-0.017385763755086783,0.6002942834191144,-0.7728071558662216
0.721904541438027,-0.20877782380110557,-1.1207509729154266,-0.25354686975309604,-0.6526100511010264
1.021471810221828,0.9800564986143891,0.5911387653663762,-0.36179675339801876,-1.9339263428870217
0.0181061247460212,-0.48531650090412365,-0.7059660017607966,0.6169852212791038,-0.04563441312693749
-0.2950769215797499,0.15379549638114418,0.1518552997308089,0.8904866838627635,0.5450673165628666
-0.1357053670941247,-0.12900783426090384,0.10372830378876285,0.4314703433233476,1.267836073069787
-0.16842009051091775,0.46634159560123906,0.3339837800434692,-0.8045823278508848,-1.0976068580746192
0.7347689352419348,-0.37438654084192774,0.5125008447206905,0.7750886135597453,0.2577404437627792
-1.1466715518188466,0.4756874105841911,0.531685185456147,0.5965183273148416,-0.6197989799040486
-0.6130536231922028,-0.4726761373480302,-1.8489227586727357,1.1354040167507005,1.079570199482358
0.6859281374280398,-0.8854142222004244,-0.2645485873390189,2.0116484053836436,0.24695622985202562
0.7526348072580837,0.5977541848577551,1.057680301255367,-0.07925453765789613,-1.2740399986140758
-1.0129697260486652,-0.2201420919497118,0.9093431840322604,2.351398401754857,0.8102071569962347
0.7148027899128413,1.123508664670319,-0.8097819741802624,-0.19651731640305994,-0.6148479272628395
0.14035405546197924,-0.9863076940056249,-0.012255674727592841,-0.19039821998492523,1.8223187062341832
0.22081297259865157,-0.14430610590016665,0.2436285160935243,0.09132929552614856,1.504261835645988
0.9984704430480186,0.19632057384851606,1.1601453518766613,0.579144489203597,0.2209063174604464
-1.9244779825979044,2.0425051513673513,-0.982643007346408,-2.274984930631882,-0.03176412063858521
0.30002644813394247,0.4275437067377394,-0.8342787225806434,-0.5255711003317449,1.7039449620465474
0.1461417121358231,-0.27423430453288206,-1.9074427563090195,0.26013631873996296,1.5856718519034778
1.9048281220971117,0.4834597122187134,-0.6623469214935154,0.5874987136397732,-0.18230438723965253
-0.30747676241342564,0.5016113924409696,-0.7776182492906925,1.5155521122301032,-0.9950573263204999
0.514083640921908,-0.550659077101871,1.464963397414289,-1.512868188554315,1.197310177448552
0.1340821466001262,0.2743967312796606,1.9704549559460882,0.7049829329262712,0.3668231300679797
-0.04322566057755394,-0.7178052362808403,-0.635306067263952,-0.34236255180599473,-0.9323495350810344
-0.4547463796271374,-1.2792060422644427,-0.2510915281233617,1.1222381727023654,1.1429164454439151
-0.026669617298750805,-0.6504437345341167,-0.7317861495465592,-0.5554075607262401,0.09437767602455413
-0.19261976368678255,0.7190671750952942,0.7987011403995226,-1.2229797038612213,1.135948574889998
0.008979220617948992,1.9229171972375718,0.34516092427366085,-0.012486896320071345,1.6484152766788442
1.0146111235789683,0.15272591026147786,0.7475676635890903,-0.16262344610834567,0.4097980438625816
0.5835584344896221,0.49075872999262593,-1.1449621483251329,0.017152095520265823,-1.3451651245741647
-1.8088941981810212,1.4313256848420215,2.1069781716389313,-0.34730269212791764,-0.8609643170073145
0.3864039278457785,1.5500822691537792,-0.8476514103849232,0.3222832494949633,1.106661440052356
0.8578109214918128,-1.7829111501179808,1.9592885134422233,-1.1164100135040838,-1.5032026024310257
1.2903707264299515,0.15642707206881148,0.4264565838402239,0.7934077293954213,-0.9923325943004826
-0.9959133336419955,0.5216177253105856,0.06949218527801766,-0.7475020186340172,0.21967141819879737
0.5505659207842233,-0.4716834646919266,0.48174667649106573,0.8404722944583662,-0.40532131552720874
-1.4908908955826006,1.3321354955767137,0.033349985640806074,1.754240166882801,-0.06952352198359515
-1.578265840140375,-1.786333377575652,0.27742157902384434,-1.0784321368017484,-0.3693603085452126
-0.777402707552482,-1.2133988896840884,-0.08647241040766601,-0.8474978702854803,-0.6249436752695002
-0.33283314317156626,-1.022122744026008,0.5201752201797902,0.4045486067444147,-0.29315215365107566
-0.007119413405933606,0.5002610054469224,0.32337097541717824,0.13010260940422516,0.8475938959242653
-0.8395352599278558,-0.3532045237294182,2.0565399361764722,-0.12291639589929114,0.009585996100868932
1.2262635205654222,0.674988838837143,-0.08173609761241156,1.3443090497308932,-0.025389363924077653
-0.6729828357974883,0.7811392166893207,0.5466148520346357,-0.6161017000615934,0.37550271363236937
0.45012299678102397,-0.05085667877054156,0.26623679786181714,-0.9649415934186905,-0.5060314679508038
0.11745122953995564,0.9386878752096883,-1.280874423454664,-1.7173943319343774,0.9575110764744174
-0.48599705151201994,-0.428104498597729,-0.21163428990467992,0.4119334854494737,-1.9243891249927867
1.0218768440973929,-0.15023631427843853,1.5398495290607648,-0.11907573568956833,-0.019231124079781007
-0.18113478770654384,1.1056516946927435,-0.9315144198441305,-0.4204816234323269,-2.0189397333868775
-0.055572516069254126,-0.24540768957626555,-0.8265033447441517,-0.2237255978351224,1.0162154046726088
-0.08089625569145882,1.12479612312443,-0.7612570902802684,-0.40649823935466123,1.4229054472316913
0.9158260582096249,1.0494216848580311,0.8657833939436258,-0.8903175648062401,-0.7837594841315253
-0.4874807380705497,-0.9651405030352055,-0.20685833277674343,-1.2939087148454904,0.9865023337824103
1.3137925939664823,-0.5309877493077066,-0.8391993792517766,-0.27345584014701446,1.0839620674318278
0.7723680893868353,-0.9633504374919143,-1.8435291100597253,1.4623100531549644,-0.5914073430775453
-1.5047120216697059,-0.4057326893605403,-0.6440893616737035,-0.003974786080016641,0.29217205086666104
-1.8345401278370377,-1.4029974794515447,0.28572600560990086,-0.2269655329531914,1.6861495746964368
-1.114091177121874,0.1586710838122362,-0.053193781846068336,0.96729728206801,-0.4155033540670981
0.3178846291199925,0.3395326459251684,-0.850863934894015,0.9271347308932673,-1.0335687525820154
1.7608950234697587,0.21168260475857253,-0.5512807692905555,0.08101745293069926,0.9375403847162949
1.162985532857919,-0.49733315501487463,0.24982467118108623,-0.9861274570700217,0.564434918915679
0.5931163002280174,-0.43230582153387764,0.15041999228062058,1.4621902577440868,0.8562329943502685
1.2360636831103844,-1.62050417695952,-0.13726702618193673,-0.0028450374222898753,0.2882625606528481
0.18831565322982288,0.2543548455909735,0.03338168440859533,-1.1475496142256059,-0.17563174333074458
1.6829731512467945,1.3768288805573763,1.673513448815718,-0.8624925206001095,0.8298336175052594
-1.2647459620914983,-0.9883023857779956,0.6122974109092036,-0.6167549364839642,-0.648252985308726
-0.9591823685901549,0.7774768117059595,-1.419741796268848,-0.5764574282166633,0.22937082925952837
2.0840567250675788,0.6795887520510743,0.42877966756272407,1.1293765524921044,-2.3454035772604422
-0.9050588268827576,-0.1686461609151077,0.33836349671943206,-0.02838956939436828,-0.6410620523053057
-0.5107314009331273,1.412323495143328,-1.3368210576499688,0.5254799259501128,0.288894307264841
-1.036151376550908,-0.3979789643998417,0.1047992455150974,0.9468822701230535,-0.1543219176942368
0.9066353475856981,0.4096523180791798,-0.48696497461514593,-1.186840103243572,0.4414776289162632
-0.0708688398220976,-0.044380674356121676,1.33779378283077,1.6758538515688925,-0.3529822078430935
2.9906163030728568,2.047139673259996,0.3880498003863979,-0.4803460299184069,-2.179209079930576
0.2024340916159204,0.14928703607173213,2.360871764969862,-2.3281178479994638,0.5827281885164922
-0.3729454817085116,-0.948948160270649,1.1727008246690769,-0.243149926286933,-2.137934772628916
0.5996929079431974,-0.9894712351954147,-0.27437624378216424,-0.3005599665766509,0.4820524775861827
0.03951062896498206,-1.0539845199628415,-0.3379409068141263,1.4732318390643102,0.9536658205919467
-0.968208290137678,0.29728339893255695,1.087749391055132,-0.8128900737616939,-0.29267007358987945
0.7566804125041382,-1.389756450955452,-0.8154081601182885,-0.32001449392323994,1.0151000549450107
-0.12443357472482701,0.5841993154180196,-0.3949779189712199,-0.23097526872467902,2.383122896623021
-0.6064372144909671,1.1690095317348788,-0.01243464446876204,0.1331871168796082,1.7903066930288036
-0.9995217381352651,-0.5554906708937023,-0.29977788464372485,-0.03175787740838886,0.16222624683334166
0.3434858948288051,-0.41250349383026846,1.2090847408046017,-1.529498048097876,-1.7589809482470402
-0.14174483977021887,0.0708946764664121,0.5861645033962324,1.3343913191534766,-0.6123427921611715
0.39292241068548683,-0.08426137235183687,0.770174043807499,-1.2966479057571336,1.252727455528282
2.0954108243779435,-0.18307092322104296,-0.7473110165820828,0.6947077562367299,0.368063690594435
0.3870090396885183,0.7281921881641166,1.1129643593478675,0.4582845254286355,0.7604923690189286
0.8131500776878937,-0.5357293613889476,-0.009468285562617746,-0.9746386067047917,0.9107397562607494
-1.9106696530965908,-0.9913908330408074,-0.06345967208633164,0.37372528271783023,0.1731227421571466
1.5739250176599857,0.06595253556830272,-0.9514227175218984,1.149004772896395,-0.4095332401644916
-0.05645374343570611,0.2666993446201657,-1.2165868672316307,1.128298460783705,1.4259674618608693
0.20075925088553956,2.642369763327395,-1.1523162527952453,0.658072105797664,-0.8614854333165923
0.23929923145153573,0.5811169321479165,0.042402684831952774,0.41570687075793594,-0.23718640752385206
0.9394483366294113,0.7019820272591017,0.9945236489518371,-0.030032378004982322,0.08488959760122072
1.1225246114939216,0.8760219758660612,0.24772732582393076,2.111642540659094,2.2871974658950873
0.157715740076532,0.5973681735246279,-0.8922781250235571,0.5648959328260805,-0.4428938640621963
0.30319143399038145,2.0212927706092283,-1.3150648580571052,-1.8315687966284584,1.5630135763320507
0.6307221167871144,0.8385598049531685,1.5702366304041806,-1.7615935445078603,-0.22063298214028407
2.881900736522888,-0.13669647986013694,0.6769784679310071,0.35714609294669336,-0.29387981578369105
-0.39347699634220795,-0.48840828322242935,-1.0070003027801224,-1.2999730190306966,0.576039476975187
-0.8000974802092445,-1.885004832592863,0.20325579172479613,-1.7929739278688495,0.8996562341664841
-0.2664903186434669,0.6247408546203781,0.49949422762608386,0.17461801689977408,0.8744598628789554
-0.3079689867523435,-1.5073424376536706,-0.04862277235581399,0.2444260551243145,-1.0756569590537686
-1.2738041741209498,0.8265849371059306,1.196192588317235,-0.5118472307267853,-0.9328687659159424
0.12038541343137972,0.5942801530212554,0.114459154673824,-0.9358297859602971,0.2510922651897878
-0.4986254688484634,0.7456465873636845,1.3675015754411475,-2.899578483887002,0.3005429226855302
-0.2115045966569518,-1.9020578854179306,-0.2653448641605444,-0.05036785027962242,-0.16431148352642996
-2.25203835800795,0.04289383838326043,-0.10496856735942023,1.1925733173759772,-0.13043895146481846
-0.3674151071875243,-0.9004391042206068,1.256480948260673,-0.9429165169025818,0.5552881855779195
-1.1446202900794877,0.11462463904212543,0.7416898057757727,1.2445423672629847,-0.18499307430984993
-0.1127997779196253,-0.5973938031102095,1.1107231262983586,0.29920102095680584,0.033217250966976454
0.09103703757979129,-0.663434549807433,-0.13928249144002933,-0.4900893906810011,1.1060668430437774
-0.8335732282074688,-0.3098278816503061,-0.3930238128228343,-0.36946607071901666,0.19060277139261944
-0.043033458301899766,-0.21692994921964642,1.3260668222804164,-0.5081329223757015,0.6084874935061386
-0.8859508333835361,-0.34818551190972136,0.05466292329622069,1.1426624815563644,-2.942147430770293
-0.8144734937197532,0.11975087172205102,1.8480992161749137,-0.418928772060216,1.5157122289735883
2.230660769911624,-0.9841726058122976,-2.284553294948143,-0.22841564853169982,-0.46623600854905667
-0.3323263267556852,0.9093625763026573,0.8049913097356571,0.8533100912020323,0.5203238239929817
0.17304810507376592,-1.722516181665402,-0.5885491843859001,-0.12153203582948496,1.2463502594788565
-0.17320512490668552,-0.8419876446570808,0.38221886525673016,-1.7037465363335882,-0.3016288787356987
0.09022277645484061,-0.8070259183943308,1.0718213723575152,1.2461479566595928,-0.07580535982680056
0.3292052697065736,0.906950638050975,2.981551620601836,-0.6280563371336711,1.1747862934064697
1.669143353795429,1.4349573777089948,-1.1934453998750352,-2.4461279437274475,1.1184530995478112
0.6858638391804858,2.4612652942246203,0.42530635475455353,-0.5178304700420225,-0.5451736447420064
-0.6966049151046434,0.2548038293391828,-0.47617585742912744,1.5917365620960497,-1.2310834201038794
-0.7678470619891793,-0.5703283932110891,-0.5611988323026986,-0.18356323983187073,-0.42948520299525605
1.6296826115466811,0.4376560118217376,-0.91438241647906,1.1568688304073929,-0.5490795881075977
0.9025052676946138,-0.19658317442215653,0.017774067745169615,1.6143295511095006,0.4631753823305081
0.09235070895283684,0.3173462202785096,-0.3951655585276328,-1.1601427025328594,1.5439368208304136
0.5936593748645357,0.6316600950901912,0.7854593651081716,0.20987074614655077,0.7260252984954623
-0.7897679570962747,-0.37097614541090235,1.4787207125727848,0.8487589521437234,-0.10347131589126556
0.025931314132999917,1.8078211597718177,1.1426372494672357,0.5974448503509555,1.4180336815428367
0.7482688258558716,-0.0973720923928991,0.2521880944950381,0.243467776554785,-1.466437311733126
1.5380213964097498,0.7040208177136955,0.4085403540648655,1.271407759982482,-2.7847354764668384
-0.5295957318135954,0.07181757675517256,0.527687834820613,0.2892733637741637,0.5963268867832632
-0.36817614218849376,0.8010655074978199,0.5214825655099711,1.09449356946686,-0.2551502228099584
0.33573535452818404,0.12337993600286219,-0.4860739919346983,-0.006746413391046904,-0.6674978725683982
-0.13621421636893627,0.7759710958788324,-0.6622699087034778,-0.38257590497574917,-0.46073325114683755
-0.3199718574949956,0.1124060458126328,1.9310452554919015,0.5266111764354658,-0.8217186008260796
0.9412545895898011,0.12343862250215748,0.13035307594976359,0.741710281584304,-1.1040134488119862
-0.34195694885090094,1.1445711939499248,-0.5569211654210784,0.48249962938682667,0.914727603913233
0.27114806625059296,-1.0375999259333966,-0.06266518818073995,-0.9046582558536589,1.342352043419773
-0.45615395429073136,1.1820132695451009,-1.8062456408337284,-1.5435072415529352,-0.9145185856314312
-0.3424243110967573,0.22194514144616959,0.27688143242611907,0.16361189050024977,1.1930144996731848
-1.3182487587370608,2.047964843106575,-1.23259710685666,0.11356629914201298,-1.153415122793207
-0.9997568325287481,0.5736116352053263,-1.2694843423945876,0.5805337862134217,-0.33259493858258965
-0.5776060449778868,0.19638155878982044,0.8215445010856218,-0.02452638474965003,0.575292498897608
0.20625887134947912,1.3366689115143757,-0.08875970814522065,0.7987054955511197,-1.0180347945188442
0.5963524679037492,-0.6743438091165245,-0.7482925331035071,-1.6872469731937088,-0.16791941811590252
-0.848057044286081,1.4205465565562891,-2.2763641475262815,-0.876180182316433,0.04398004067391936
0.3980329528262988,-0.35778167974873326,-0.8668308912605797,-1.7448267376666093,-0.80732019402365
2.028700664734319,-0.6776718819085861,-0.5605753434265496,0.15478897043622347,0.15701975936823517
-0.8633421887027759,-0.5719690320280898,-0.316143432559535,-0.8582663626940292,0.7421725352842716
-0.8789581816073827,0.8840080190009507,-0.2639647073086287,-0.8482370488706634,-1.9860872153460576
-0.28601294482597667,1.3467672105534054,0.5159065051565309,-0.19061897173907053,-0.20728083047864246
1.5072651116775309,1.0097061795530924,0.7604497526827493,-0.9518919255613731,0.20362503819857838
0.3488779923096354,-0.8230863554354501,0.43256962572786123,-0.49604542715037653,0.45724075673776626
0.21261652809425927,-0.7669207846496869,1.8877567909466433,-0.3895084192822523,0.08980026453490296
1.4342023186629766,-0.8343264851794125,-1.288453997153877,-0.4990068041038077,-1.8319065343967682
-0.39590236377373317,0.20657298158066875,0.745718008677728,0.40533349205999114,-0.2855323625284751
-0.4251778056059821,-2.2585926513312753,-0.06114044542471874,-0.8115921494516328,1.6091932184283195
2.2950808250982906,0.35632422324512536,1.4004725747694486,0.754254720220215,1.703680524433503
-0.18770251779478242,0.12206606081054373,-0.7432434686296167,-0.02792072990275193,-0.3465872611731603
-0.4685976974675189,1.9178778636482545,-0.33505520883408874,0.6679460253927184,0.3906618756963229
0.45536504518093984,1.3876021601336563,-1.1791725165301403,-1.909185683316126,-0.8759435576529357
1.8235004267108685,-0.14320982975924348,-0.11077439523165175,-0.5569582533211805,0.06642842026833892
0.36520295846436596,-0.424605158091473,0.8142027503413668,1.9904517904268104,1.4732826842595237
-0.3283854627924602,0.08522142920140711,0.6840182379542427,0.3401172334155488,0.9966784133781712
-0.8455260622470151,-0.07533354692283069,-0.924323642421471,-0.6102442304886275,0.5112313887172892
-0.5505399057129208,1.813435252594288,-0.1142092161122176,0.0746160734870114,0.3958325340008103
-0.32543240716045274,0.935269446721682,-0.271490049413564,0.40843637342930955,0.5045220767179768
2.2134404273043033,-0.40496953841947975,-0.14333580942419755,0.7373118137976873,0.22350905916077266
-0.7097971131149574,-0.2734212346744758,-2.1234334088342637,0.5418854775215665,0.24484713782723172
0.6992346336988219,-0.45919064491748296,-0.7107290202455098,-0.6531648237684742,-0.005446190706786508
-0.10295401190420306,0.24509680311794424,-0.09018583992917237,0.8496948275415559,-0.5965690316134455
-0.48983699863923935,1.1816287370779146,-0.1602766281736538,0.2978719111161364,1.6398542508836274
0.8033699542244523,0.10971232617336489,-0.8130655907466434,0.5286256467652101,0.35475954843021035
-1.598258332315494,-1.4703355729026673,-2.112229519486113,-0.570942205873357,1.641459223947188
-0.21006607070914815,1.9226730806240582,-0.529259912457454,0.7954065950634549,0.7278731324843534
-1.2332692760433188,0.4226023953623909,1.2531359265458057,1.2560996955452477,2.2570732144217973
-0.7125645460709578,-0.7863633195332935,0.9282581027174092,1.9411100274922324,1.3095287273825946
0.9151194169854401,-2.901393515663097,-0.009559599566638688,-0.47400198550905454,1.2727382274918515
0.6496993491331576,-0.3880838158663245,-0.5949742195593135,0.62588182353569,-0.33633375549821076
-1.0481205872705235,-1.8828057766364463,0.6812998825960346,-1.5637763287789603,0.3709054959093178
0.4923970371782144,0.20574114362583243,0.8009866589000013,0.7040683917271301,0.22364885122022363
-0.9672847302338702,-1.2658663092097016,-0.9786540791082787,-0.5296745179010633,0.7361359077834697
1.4047850530044084,-0.7424914443621632,0.7047371142148187,-1.6517431154710605,0.3673680730678445
0.03877494996766362,-1.3953941780184342,-1.0592362143495,0.39064779194720173,1.2292654627899264
-0.707231522984789,0.39451082012115335,0.38854182695466727,-1.309337590863304,-0.5983592470560148
-1.287668053886017,1.1430794332226186,-0.8995064450263237,-0.41529177865596667,0.5515079908565605
-2.3585268514632096,1.0501297504243419,-0.5458228053129613,0.010565837104597802,-0.6990499162038163
0.9197533916923947,1.0002193145485125,-0.8687399568687708,-0.9931800556955811,-1.2163048881504097
0.3871087160578654,-0.6381837490309004,-0.05168001038501251,-0.038096453178648085,-0.44748909269957143
2.11356463389031,0.0380524737084336,-0.8359809307085695,-0.3510616399497504,0.60059476665305
0.26710132007265147,0.30940317295900277,-0.4666434164036899,0.5177265065306462,-0.5375046668028041
1.095766590390771,-0.7825808565180641,-0.27203147713878056,0.2872345752640334,0.3074668250703958
-1.172214011624601,-0.0293381692374276,-0.26869125828969415,0.3133509976011985,0.3749612094377421
-0.3567187708100772,-0.41140231875943445,-0.7213709159716377,1.1132952156153297,-0.7147861122815168
-0.5704575401464453,1.8230780898475272,0.27994802055483164,0.07907139078735588,-0.3954999969484247
-0.009751774409153497,-1.5486305445816924,-0.3229342508130981,-1.8429186722812871,0.7242875867578465
0.5486345180397353,-1.1567729230167545,0.08321709655007084,0.8657158328317507,1.139144690950537
-1.2006251761565052,-0.3975448475781371,-1.1721679517158097,-0.03404899025442752,-0.7223693632829341
-0.09689838602827794,0.31449014823916654,-1.0498832420993844,2.178251982201763,0.5977034229113395
-1.183100740218058,-0.3678599407554591,1.040151407649643,1.046528156027429,-0.09414964095384645
0.4200143731754368,-0.4361359005258706,0.29512534023993475,-0.10481542691553818,-2.375387771045249
-0.3356682067345338,0.2886274032228037,-0.9084600650730571,-0.29021155095195306,0.9171843490856656
1.9504360053356948,-0.09928745554513825,0.5459239819975824,0.5420988813234023,-0.1852456449144298
0.3794199096124082,-0.5530391433125341,-0.4767915199308101,-0.016251662159268366,0.5564230950473954
1.9023198702863664,-2.6713727698359855,-1.5419611131794198,-2.0299253090894593,0.6193197532935597
-0.36172500860506496,-1.044591353547518,-0.35687705207877,0.5490214531953915,-1.7755230600940635
0.303029456249724,-0.4280795946195793,0.841362991061807,-0.7850811934958409,-0.36661866070287075
-0.5920612055513664,-0.5052048935685983,-1.2595796536210095,0.6823199132771548,-0.761060412422683
0.991916697661718,0.6868369375020994,0.8941519335212063,-1.3403124312881252,-0.32672047736832116
0.46878963417775826,1.6013842478380065,-1.3394144947133881,-1.53368920262443,0.11173823671244826
-0.26726527354093504,0.8844893688974573,-1.530922708259026,-0.43434989586632855,0.035079311327859734
-0.2845512822728889,-0.4125844359918651,-1.1332026044741283,-0.008331889115065768,-2.091732888696208
-0.49631723206455575,0.02598439905566389,0.4338632981432594,0.8384599243177708,1.552160256946112
0.879864806143408,0.05955964478107606,0.6058422493902772,-1.8046857637809888,1.8262626099928962
1.198077135103662,-1.4248206724420671,0.8271036327819151,0.001957476006517165,0.3026983777501971
0.8771546207808557,0.44392790258112413,-2.120079411447995,-1.0627483875885295,0.9115190356958741
-0.604300357302566,-0.5643468080033034,1.4352957430957933,0.1300860862253413,1.3372025222352464
0.16014928794676825,1.4486402335546946,0.541660054012157,1.3973783888311961,-0.8175055852840748
-1.0811497710851985,-0.6175620528588739,-2.125136529421978,0.4694599850342934,-0.3420549023541633
-0.4699474784804964,1.274447269232976,0.5710195974067561,0.7951438093292917,-0.43381089325046623
0.14008352773855332,0.10177638353670718,-0.3721508746541676,-0.582443352600369,0.3142041127059686
-0.011308689553751465,0.4202102011183455,1.2821534648959128,1.3349847395831858,0.5056689596919579
-2.7146879298781452,-0.620849021186408,0.9340839074882988,0.21226915996611184,1.5778939358878699
-1.1614506206691748,-0.41737690670926036,1.4311720904366614,0.7291998354733932,0.7342762176959057
0.5780019810353856,0.7187278221225503,-0.2542111206126273,-0.20679026317980084,0.7641128311231485
0.1270742390869555,-0.23555244465328337,-0.6146897843738723,0.18997486530300384,0.3734753095579363
-1.007021379431286,-1.1191361258671715,1.227038356385957,-0.6987526007960485,-0.578620725938986
-1.3359188236198063,-0.6227083269835926,-0.6082821029228741,-1.4763146651914598,-0.266856978085688
1.2879968252375846,-2.9233091985354287,-1.1902245205662283,-1.219393124174419,0.06912645215824816
0.5304471198444297,-0.39773859747540125,0.8993925961754398,-1.3918091687330076,1.3470042056486298
-2.030253433151062,-1.0099345944004319,1.0214518971549083,-1.635402750694075,-2.647632401367158
0.8405616793160741,0.4144814422889556,1.1998642464773046,-0.3833650391675496,0.8325320150225116
0.1284638428675693,-0.8554549199954868,-0.42073138385716763,0.1420231294944259,-0.4116713938431179
0.9544434677118366,0.5319959570089283,0.8641424607563026,1.2370186115879764,1.4344407349935675
-0.8868437572934271,0.6197523192976047,-0.8388596555295764,0.5388077739968212,-1.9492375781116469
1.3845840499224387,-1.3452380780066755,0.7629677727733943,-0.7312282473851514,1.0583541275366652
-0.7964517747400685,1.0636035991128479,-0.7229585711965675,-0.4167920964050663,-0.14930056144531587
-0.5635387849089779,-0.8008729573554999,0.8701688554536511,-0.44768455441296073,-1.8584573298618556
0.3356527356056066,0.26644073897510323,0.6087554460641221,-0.2916154447734722,-0.1446167386960388
-0.6349517268224074,-0.008941086356823358,1.3318132300972993,-0.2753012619480638,0.03842072641755803
0.5447656943366272,0.5460185996624879,0.3810367000815391,0.9631685007540914,1.4106039726533006
0.11684574773431668,-0.26394722314386426,-0.5657691533906523,0.6861972043319157,-0.2738916771733882
-0.42683265372280343,-1.1111298713260804,-1.5070941403168021,-1.359235488144182,-0.9076924287577334
-0.8736192571126119,0.38182706598637883,-1.7291665911364846,1.8496715247592965,0.6004221036857593
1.086880043009243,1.4588587413091447,-1.6414408658200348,1.1163037064824546,-1.6483636596553783
-0.24831925749897737,0.181846829048824,-0.6954803276427595,0.5062687150360792,-2.4915617599042155
0.7611347763360751,-0.6849552239607877,-1.9458347080967602,-1.9098670526963566,1.0670236321422646
0.6111121753893283,-1.3728902985902336,-0.6832226069304704,1.7613922056448392,-0.5957394407135315
-0.17559214668631046,-0.9268249003333535,0.04638570746833203,-0.8282825860230091,0.9826001711915034
0.7486679670969439,1.9915403734865649,0.837480359611506,1.0993252390445434,0.18899672710180832
0.7897242730396538,0.9943372089180461,-0.49661559312025166,0.8935633565422816,1.8680931095965336
-0.3092526020336306,-0.5032887013911234,0.7340886889646719,-2.6186089605574216,0.35042531637138363
-1.8399222692103439,1.18637441600324,1.2351904509478242,0.4241044777193011,-0.3092732557289099
-1.2147970101506547,-0.3661734415211176,-1.2451895339853882,1.0829437197891882,0.0578279902319718
-0.4547671121287478,0.3625273988983662,2.5404578923413466,-0.4919261367790775,-0.833952142935462
-1.3688706311142982,1.0526815027204754,1.0455858615120464,2.555943054233263,-0.8750870890913814
0.8278972664520476,-0.09444207429241076,0.025053089524113534,0.7153515962283559,-0.17499364192305503
1.402162548831036,-0.16720687188277744,1.0131868272431397,-1.6554210255342185,0.611533379635511
1.4868127806013718,1.193274308564017,1.237974016844413,-1.0960480664830623,0.6688712980081918
1.765827639699686,0.42142182019452096,0.41074351355485317,0.3600609395312378,0.1491120052669967
-0.7742560762724403,1.286777446437655,-0.5805091297815524,0.6832514214896673,0.16815588851149912
0.6062596752463952,-0.47909425962218205,1.0903507210736667,0.33936116854333204,0.8039802709137893
0.5506585880920263,-0.9629615712645619,-0.2644191619509951,-0.0016250008480398618,1.1821708213071245
0.18110493616440815,-0.7279307266806179,-0.3497990409548398,-0.4101054323918633,-0.34087994541066796
0.14676486193813754,-0.10515214455951927,-2.1501121894148185,0.12938879436483822,-0.8344905607404898
-1.5564444484513713,-0.9818097084451483,-0.17861183477893997,-0.46880008775366494,-0.42153555801920223
2.4451966239442715,0.7746358641534015,-0.012385972781813736,0.6004826740899964,0.6196752159820837
-1.2234490482126263,0.5717825326677917,-1.2602242744305132,0.9824761820931573,-2.0049377829931796
-1.34168437170946,-0.84171859805111,0.21989235402578705,-1.2022302312237956,1.7389474789210606
-0.3611376613611358,-0.030031841408430602,0.9710464155198741,0.4067082321152613,0.16790948343901296
-0.41071920188508787,0.18544563012695175,0.6257811343989809,-0.019580136763614864,0.5551488846593298
0.3958101498802387,-0.15662176847375275,-1.0881732141888913,-1.9374790148414347,0.8901118853880895
-0.724208065697709,-0.1240612544377756,1.3059121859578282,-2.1699334114217086,0.7493957735851001
-0.07195623668649917,-1.5458884777654416,0.5900759632839904,-0.5928089441006419,-1.0470048588132765
0.9095411465772953,0.8334534188170142,-1.4978966934079871,0.527624692906318,0.8717096649073123
0.5392357803156844,0.37362739067952244,0.310811209875846,0.18682115251627326,0.4934795661318954
-0.38560547856456073,1.5654222085364866,0.28402702744833824,0.15750577913147615,0.7712758634869028
-0.7822162128789439,1.9955410369727795,0.3790591001447757,1.2900986646207482,-1.2206639028755555
-0.34169896279371403,0.7814716030473783,1.8633660909060326,-0.9615710916705603,-0.012457004109700224
-0.36860734384891863,0.7793881159713939,-1.4905590403551134,1.5213419883177937,0.9614849119254126
0.40827527427506155,-0.01805458957667156,-0.9620551489495739,-1.4833989947880184,-1.4735631186271978
0.7646015937144055,-0.3677944358896805,-0.061877352457246695,-1.136309362284166,0.5862211001239451
1.9327618588953799,-0.7038228330103514,0.4736087736648517,0.5118472608994784,0.0004073291887907132
-0.038272730350823236,-1.429807208392571,0.140788332644855,-0.34750598464074156,-0.49799017931143696
0.43396253717805544,-0.32141769719922497,0.5885795933666697,-1.373759953482479,0.2232267111473951
-1.0841321873327716,0.11275991954001181,-1.217970382154217,1.4372571464444377,-0.11659892491613034
-1.3487830401041994,0.42636905583257384,0.06664144365574595,-1.8997768370483692,-0.8416935557147003
1.4102499197769147,0.34731925852591977,-0.17381542321605145,0.70789860805776,2.388845576406053
-0.34099073215327047,-0.4324968935370651,0.24309151289730935,-0.3459086520114294,0.1687578475500796
-0.05352613179224044,1.4471804472480345,1.9918114109176266,-1.1773858142397287,0.1336416043861863
-0.8801852897763339,-0.19086185312095702,1.2883760654376477,1.1080986161455275,-0.8747620770123458
-0.134911674067913,-1.8779257164648082,-0.08767045144565797,1.8674364412852464,-1.013570950702668
1.7683221214001752,-1.0281538934301084,0.9824953797370519,0.5040801918851272,0.3411855747430741
-0.20219018056366855,-0.5118344450187737,-0.5701570171922574,-1.0320885490546778,1.2352747527007302
-0.21117745928419296,0.6304736939195394,-0.7798040723233968,-0.31515954815493996,0.0630115481304385
-0.7274698393725821,-1.1128967396482847,0.2919811157441302,2.1087537066633875,1.0032450068936631
-0.7200143395051946,-0.2701180699992797,0.5674420893729513,-0.7511266890717702,1.0591373934929884
-0.3964161061898182,-0.8781007270759896,0.3010771407944177,-1.0038973787611947,0.26142890098340915
0.6118589246595624,-0.4725761804429465,-1.541564890414417,1.362997750012352,-0.35003687887019097
-1.0365165628872928,1.160947529950171,-0.9280927895960418,0.024103183997820472,-0.2107122655096691
0.8343040504367354,0.03243430153581285,0.2924991458531434,0.6738117182692769,0.17849642431071133
-1.3584192979087606,-1.295478657184637,1.2512822177034768,-0.06362851910396693,0.20511047539839053
-0.031529791660842216,-1.960371001191887,-1.406640739840077,2.921764690997116,-0.5955192464092065
1.2233453610326754,0.8999488504988874,-0.09948660437524143,-0.7325267084264231,0.1023336854905624
0.2615219260669965,-0.5657402410752399,2.0052770133900117,1.8346725137886404,0.547553216322291
-0.07972698050884436,0.07559542796292949,-1.6127031413819044,-0.4824317748492753,-0.7626833055437697
-0.7740388754215891,-0.7475285672800535,-1.5184526890392784,1.5824007815506886,-0.05032276995484461
-0.8044544922414981,0.9189849780406035,-0.36426415616742885,1.1376657350778314,0.24122874264885635
0.3262121907320223,-0.10690481894013595,-0.1922844808415457,-0.06479218744237758,0.42193946069999827
0.6864215734459348,-0.7227007734192334,0.4528559350323105,-0.4016077793536879,-0.9516074829905107
0.807345748164989,-1.0546847630333656,1.5455332949037761,0.09419003168271298,0.5361698376146341
0.9389955380029956,1.6249878579155315,-1.2793577606249409,-0.3038293490766631,1.6763625497355115
-2.389300700529612,3.2262762421997917,-0.14906966422147358,-0.568398297060857,0.3568229284406962
-1.0072061206689724,1.0869787135852376,0.08241655675391396,-0.16132576251318181,0.5921485035222809
-0.12870175457165436,0.9143252304123862,0.7553451239379767,0.433604250992079,0.02182569598700024
0.32113426163765213,0.1566048935522985,-1.0884250980363464,-0.29241276425190915,-0.06353892504843958
1.4230797137369233,0.9990365410165113,-0.5301277098997623,0.2819449416800002,1.284955195340082
-0.6679444688155401,-0.2038334271892062,0.19316320001886406,0.31605210399161593,-2.0880884955839347
-0.9004002178943895,-1.5856426169792865,-0.31711277803814675,0.38589243057036987,1.589037061421855
-1.0586111853878217,0.8133903099946864,1.8097566510654717,1.7316948790236941,0.35792974056144444
-0.013503052828045307,1.503806331512612,0.5646532329168664,0.5683116653221156,-0.9324202873812375
-1.0020749861409453,0.016621342511655156,2.0351682839748735,0.275241240839498,-0.2076195596524886
-0.5135523413482195,-0.471912649662432,-1.6036835627260213,-0.2703451947308437,-0.4643452631975805
0.21548613253891985,0.8905125466174083,0.027853930334083697,-1.1061457870712545,-0.3166693889660936
-0.57061617918723,-0.8063592085812236,-0.49115009639188756,1.5314000929770766,0.3087633227851643
1.345868723597289,-0.13324664290301036,-0.37908359646478756,0.2903433746600662,0.3639363565694209
0.6260848089320079,-1.1082971131835069,0.48695966863658763,-0.35328788882978185,0.7728958392138262
-1.204689451016733,-1.3194310965608709,-0.010444362283581261,1.2112864688906402,-1.3105781684126985
-0.004855429225851149,-0.6346849350112634,-0.10587560504946657,-0.541563733294339,-2.009946287645714
-1.383529060511563,0.4555958829289875,1.1278266791052305,0.6040715682321842,-0.12753990115938071
1.8755246186022432,0.3526637466253163,-0.9681360157789768,0.1295027388179331,0.549196371948144
-0.3616176700058035,1.3549753704346856,-1.2001762480610951,-0.30108265593843814,1.4195776070873314
-0.21562084452232747,0.22625468313785577,-0.7410037295328736,0.560300284813698,-0.7046008143967206
-0.5226135336164671,0.31720215873031926,-0.5549743852679936,-1.1379458866848293,0.9380417752220966
0.6710267370078097,0.7068168361543969,1.2198842613129008,-0.2417809317715856,0.12430938935196129
0.12442451522691791,2.227705978931428,-2.563133841349928,-2.552341287843405,-0.8905594716595558
1.1209250221231977,-0.3858428710432022,0.3075713539009693,0.6820340793851466,-1.0086371251282793
-0.6486279907257695,-0.3552107198553607,-0.49711383455488145,-0.9411376647177521,1.4790625363309942
1.474825322272929,-0.8093794444324416,0.3893211615946567,0.5954800901593333,-1.3080681476333416
0.561458738476592,0.15934597925835853,0.683029735817698,-0.24380473142240042,-0.6615176231919758
0.8284742797644505,0.8883943202294231,0.16138582961523165,-0.7093831206201486,2.529751041259291
1.0394608433298982,-0.3719423318697369,-0.8971489276768541,-0.03561021573341274,-1.1049151151549537
1.7511560185208872,-0.495726174910791,-0.9153852834237189,-0.7937796513003448,-0.5776259277081505
-1.2711390647763277,-0.748977341679427,-0.5416947449640788,1.9332553802159427,-1.0917915499739617
0.212518939949381,-1.6380677543821915,0.7405505563817377,0.9111948429288472,0.4750713973383697
0.07927896500759601,-0.6999427107512831,1.02379076389249,-0.10003664213727904,-0.3626181983385406
-0.23320925024349082,-1.570508750571045,-0.26767266614273816,0.09698255796790661,0.9044599452396003
-2.73577732414901,-0.48367745677673324,0.28695302057114624,1.103606955048653,-0.13128156496913349
-0.3666372286796279,-0.8320419716469989,-1.2123062424888782,-0.005279509088511902,-1.7496349395351063
-0.32999796571852585,0.340091724122618,-0.3370978508855952,0.9317179580939653,0.2264289656768457
2.100882317781542,-1.0799311566963137,0.9039788704847411,1.3139848955598903,0.5446621955167701
-0.4898303739379126,-0.9052213549372253,-1.414235891261426,2.4793073549221045,1.0823710416595327
0.7505061799304085,-1.980852829082611,1.5496730368020775,-0.5797269467691639,-0.3017659877307506
-0.5062582126451692,-0.29893147890688987,1.3590205020684056,-0.449152730643094,0.5528403338694484
1.7573619521979067,0.6211753276146437,-0.5603595559346013,-0.8072972155931102,-1.1590468337975153
-1.314987118546501,0.8130342648240046,2.693406307079163,-0.36682008783940123,0.005463343107040023
-0.5882274020285538,-0.19209901549184866,0.5394394676687515,0.349556880875626,1.8190489155220508
0.7740690308979622,-0.16287893088261593,-0.6132995349100381,-2.1064289792273985,-0.7183694616935482
-0.2174006672471659,1.3153403149918883,0.18304130034783303,0.6380253993455907,-0.36653990258872143
0.16852744528801725,-1.1279907766245083,-1.9372051731674906,-0.9613132028193738,0.52242984176338
-0.5938002383468979,0.875428034395862,2.251781071334058,0.3468384015178403,-1.0328480218783798
1.2679300894331607,-0.03129091477480388,-0.1193999824096562,0.9482138901122305,0.8564554841134087
-2.014812485316133,-0.06000784333752337,0.8779424055557559,-1.1947919724067437,1.1582352112165941
-1.130342529576163,0.6834405443892081,-0.15369776566471494,2.728070745341499,-0.6218576497906037
-0.5048145102573529,0.08006564959261987,-1.0780024273803634,0.47078557333263416,-0.23531805157412708
0.38634486759255215,0.4097122435236156,2.001541132501785,-0.9576136815432247,-0.5526877057159044
-0.7866842717537387,0.2810708125386309,0.6840568677897049,-0.17366754597821618,0.37427877663958037
1.075068306713845,-0.42960604798334906,-1.813025917993816,0.4890960152375715,1.340705701398504
-0.6889135864781628,0.536639774153561,0.059284812884625865,-0.3638125043478389,-0.18723762006236033
0.8342902809039555,0.9423855714281102,-1.5397324039166376,-0.3730764724774713,0.7024416286869751
3.1325358631454123,0.17249996216947505,-1.3563914424093588,-0.4291682924280375,0.11565534724261811
0.39889756234289236,-0.7963016026026046,-0.9192886065934786,0.9260957744675616,-1.3306417866541653
0.9032413705903936,0.8937859963538994,-0.894804350933277,-0.2771003995171342,0.92839945396591
-1.1523445360425215,1.9009342357429029,1.746403535991086,-0.34269378297740377,0.08878329454460686
-1.1898979267600016,-0.3652250097609134,0.5000001737031149,0.8945313300071116,-1.7685640215745106
-1.0772728351826093,-0.7351318651455547,-0.6213045737238806,-1.6505325176631138,0.5104964644203328
-0.9071244700747642,0.8850971264537277,-1.2940329917250721,-0.24562609821949094,-0.9748731757677688
-0.5065974872011011,-2.0228239112125705,1.3473332471899624,-0.7690339477425366,-0.4197058939255916
0.9770935504881233,0.7336287020245355,-1.875701338114214,0.2509223412554626,0.2530233879061338
-0.1587145719632386,0.7296115586052536,1.9777668717408488,-0.343281902970868,0.41224362774770545
0.016081863455533536,1.0292260707465293,-0.09081984802768453,-0.5787776925786964,-0.6601045842870404
0.0804168171672174,-0.7692115767691634,-0.2794050404514063,-0.07386358937507306,0.7318417680016912
-0.33274150458457585,-0.6926563053276895,-0.27594937209223847,0.08960662631443585,-0.621229002783402
0.3510835425123546,0.10927786984379832,0.6006482354522024,0.4614267877022432,-1.786553623814863
0.7576705865779131,-0.5322140114015069,0.6347286813846386,-0.692777197527049,-0.17458320007079578
0.0878334776383908,2.072882405525309,-1.1474137186045734,0.8503696919637116,1.41402057638977
0.34214782303469415,0.3930785045718264,-1.1724300642940255,-0.6315579134314797,-1.0204910018569426
1.1775063597873023,0.5208972231821835,1.2529841005605609,0.8612993830133875,-1.5261423970607022
0.5440730949964283,-1.7711836694240206,-0.2900850970983624,-1.3449497937944734,0.3250291324035735
-1.1283450336489766,-0.5016505963859113,0.12323215952948281,-1.0782652737659215,0.19245166268178585
0.8101851968896294,-1.2795098610295177,-1.0814263651661002,-0.2570562258112968,-1.317099460623625
0.03230832738811742,0.813037884372147,-1.584723036407938,0.16048159183486346,0.2596810271655643
-0.19804282266474438,0.7713401461771028,0.33134481224745344,-1.3169497900704579,0.22876598745904436
-1.065201893191156,-0.8431137882949328,-0.06246185352614478,-1.3083051343814305,-0.011513903822063543
-0.7313585234922085,1.622654467892984,0.25533035697729695,0.852830662759395,0.27210494128294027
-0.26220284617826395,1.5894961212220513,0.9265409703969929,0.19257451475301607,1.1260039277322422
0.520348094308085,-0.5783256961621721,-0.18652798420030775,-1.0639197953291437,-0.7372974824608876
0.08833340253503111,-1.1446204958991282,-0.004481295493841461,0.9708522047926004,0.1552720611222051
-0.19500129603228938,0.9176047317317196,-0.45568127624781973,-0.1752681539077051,0.533907309058603
0.5754087029198373,-0.4096341901745219,-0.8528376608546934,-0.7560073384972917,0.6390367068649122
-0.8659830125716373,-0.11555409805805165,-1.0771552523649037,-0.5007132685842586,-0.8649016072024934
-0.882193590835096,1.25079968455859,-0.5216619729984296,0.9226095316351418,0.2064655810131098
-1.2177056044311334,-0.48453589604756014,-2.086480905073491,0.09985987092741345,1.1517761309540233
0.9784410888838401,0.13620417373908275,-1.748583105687282,0.6861979173506331,0.1523504968262443
1.5111587595406437,-0.19331066069578667,-0.1261030225619522,1.5229429660687077,0.4487140610062856
0.34902664407039635,-0.9132965667134748,0.18593310756289824,0.8439696858760682,2.114648373718739
-0.9945121353339934,0.8188349334073747,1.4034663776543597,0.016544389542471345,-0.35058337628196795
0.2099353207481284,-0.5424204436316585,-0.10224422213688178,1.4917441897569486,-2.1371725458568034
-0.8369408563572754,0.4113563014413651,-0.23217872249019378,0.11204651980532214,-0.40482081423065713
-1.3757323202609308,1.0746485840859088,-0.31458446530158085,-0.7312235661670001,0.02908022773650302
-1.4511825592109229,0.42024738655859656,-0.9005974977065009,0.14153162739465405,-1.1597602750864735
-1.196213201215472,0.792765306241774,0.6498667640262609,0.11634727059742082,-0.40248083485156805
0.13282442156070243,0.6956541866708168,2.0097158180125896,-2.067977786923292,-0.8248141176135829
-0.4901854731562204,0.23956109455708985,1.4983011106912616,0.3231688168817611,0.2991051936999948
-1.2390860722798822,-0.2828575740528602,-0.12935097609535376,-0.6797439510319678,-0.9319423287883927
-0.2387029117336685,-1.6933366791997555,-1.4340037303370106,1.292842691328094,-1.1622304515668809
1.4138098309141838,0.06410398716455615,0.9494012900370835,1.604993720899287,-1.3015189092127637
0.7454520888142543,0.13766923473057002,1.1469116533233292,-0.08636426407136646,-0.6475609446398458
-1.1393433226251477,1.0295333803931175,-0.4352382562452384,0.2747004382111677,-0.6590007494248777
0.040122737417934755,-0.9378469614549186,-0.0023119420300607573,2.066379148631418,0.46960975816919337
0.21790227632638776,1.141827491543682,-0.04407450667101125,0.5506541108710271,0.657395362272684
-0.9181146881129486,1.4033080467304404,0.046886516568084985,1.5050207684360697,-0.4204500091137186
1.5830714493259246,0.6825827027708415,0.24508211777037142,-0.89707484086135,-0.6944991933120255
0.7341452534255818,-1.013816793888786,1.2855846530131005,0.08394085819751604,-0.981628755592063
-0.22496180087590997,0.3178658368481084,1.8287295955419356,-1.633717139888267,0.3607334206814336
0.2899493305051384,-1.0675075135415206,1.5111762515719356,-1.1494183252352386,-1.6331613862953946
0.8273424576857935,-0.5319203964460072,-1.0195681525150881,1.018917661562528,0.5651410220120628
-0.08788617408030393,-0.615773068039371,-0.5296256802228845,0.3331834111493051,-1.2907099422398587
0.8428400051876557,-1.5036531933041763,0.4475628514592187,0.7872775255046544,-1.0381486206094366
0.049385381116713346,-1.5846211141517592,-0.31140453418236597,0.9322826217102652,0.45020507049197395
0.5779610024075216,1.6029136115398175,1.0339480833096053,1.231264195980429,0.39106368994019136
-2.318219082883595,0.13688058219001695,0.473158065669334,1.072578969858773,0.05421717071926068
-0.14769815450023918,-0.6903147747872062,0.16232056210029192,-1.2614495766469278,-0.06047073634777458
-1.1560365609321224,-0.8041927727875221,1.1749858718289732,-0.4065491052407203,-0.1679200892686097
1.0641501708957912,0.13568124527738204,-1.527848114137533,-0.5125227937662867,-0.6483717392302261
-0.039828724692713584,-1.708054241141053,1.6953102250975962,-0.7806539399646513,-0.29116863153240197
0.4015233164711769,-1.9738211325462702,-0.9677162625593939,0.9186499059173879,1.3408586837951286
1.5764642737162227,0.09165485228252294,0.0655142824019463,1.3456198226053768,0.5820648358886422
0.7589668006386417,0.15001461647635048,-1.5136936426834438,0.22112086237339587,1.0039332281035216
0.38843484421494334,0.6314026164890565,0.19719486121077234,0.44711069601646775,1.041083323295762
0.8409681499260735,-0.6302488323586564,0.31852925115667086,-0.5288723850455429,-1.220145200823337
0.23008158118070574,0.8407615417670837,0.4965618970090227,-1.2220057439712506,0.10728543295444103
-1.1035638346908225,-1.3043808608628877,0.48521765306730147,0.2800689214426834,1.7945733111984619
0.6899168556249282,-0.04683544972318168,-0.799734954611023,0.015793038759440253,0.9986776516511131
0.6550347626779827,0.7109868621732843,-2.0026955124449106,-1.135894373317763,0.613869659884513
0.13596598968742793,-0.729660201439544,-0.32211537734682505,-1.601502134603702,-0.17949483540777944
0.7604758149932667,-0.6483963499084116,-2.046682523926407,0.19784332416623837,-0.7372746733547108
1.144594329910906,0.04378493195027849,-0.37126875357904676,0.5243472632094471,-0.5102491708990037
1.21477956701463,1.7415727918587645,-0.8516161671230599,1.4551249169960785,-0.12775962399250532
-1.9993809757453458,-0.11891771661423108,-0.48144154829111213,-1.0494077785408036,-0.07219841408150869
0.5650066689182432,-0.7727986270212606,0.22730795198458775,-0.004538894326786815,-0.9590006477531875
-0.988485205042273,0.6752631344097325,-1.4582506350180617,0.06618671515921609,-0.40023084646091395
-1.3239330475718145,2.103745687723343,0.1280618423429276,0.7202133485124658,-0.05981192693408647
1.4535611857130164,0.36077102660512556,0.5144832426568595,-1.922306789190567,-0.27448689264383597
0.5633049691512138,1.536006492347636,-0.22883246807288027,0.10431097302116983,-2.1573858436939783
-0.8163064846857286,-1.058347849449003,-0.410307954087755,-0.30125479130852545,1.428749095860016
1.4847752999939812,-2.0470360072414615,0.38263399939711684,0.3220122012065329,-3.0870749291984527
0.09590885840488841,0.12014188661188047,-0.9404949021532062,0.3227076988500576,0.32130473882470545
-0.017192016992321868,-1.1958778934451897,-0.17319261227580499,1.4501698639076064,0.9155259652680366
-0.07982077183727274,-0.6223927083393308,1.0979586816561897,-0.5053412700179959,1.0274468913021433
-2.0223020227669584,0.6416868183948086,1.4376052788273015,0.5191875929179754,0.13482955216078935
1.5654487698500166,0.08832912347763316,-1.6630848299745835,0.1996921785226549,0.37908788868928867
0.47507669400126024,-0.1914025377755332,0.30753557184567865,-0.6204499667306533,-0.26604387935493884
2.0111631125925316,-0.26129635107572546,0.41592380929808387,-0.7625551645461517,-0.33599543067481674
0.704274962902866,-0.23539131964878982,-1.1683373361933023,0.4422325653926236,0.4101268202350866
-1.3381495657117042,-2.7330414527390228,0.15137712949062493,-1.1495447704543962,0.5685019114053672
0.28819360172316816,-1.1910548418382898,-0.3396024470945034,-1.0712474822201736,0.10111340230137238
1.4101086566117913,-0.3053695125417548,-0.8498025951905995,-0.9927255285898381,0.45344683784590334
0.5755065521073197,1.606689229323033,1.3387332219717873,0.10541863160724917,-0.4223268506534613
-0.13282391610527342,-0.48127764826624625,-0.20446438287416052,0.33549788743431536,1.5532314249598869
-1.5499148570211203,0.4000460507383425,1.362056634865179,-0.21343284888924072,1.1636262095369556
-0.015436821113445548,-0.8831565908276352,-1.3443747968167048,0.06140081328414223,1.0383549686252305
-0.2313699125008676,-0.09062061418904378,0.8869837589275461,0.04658482854159187,-0.043072074712273235
-1.442652876712662,2.173219948401026,0.6809642800129115,-1.7018890193678498,-0.9179566511370821
-0.17402938281598856,-0.5628782396144199,0.3261932821864937,0.7023288207476883,0.10830066059501048
-0.9665509457887757,-0.3531522757970362,-0.309247353764994,-1.66830839409166,0.9345250676662216
-0.9430099399505855,-0.5274455159365853,-1.5068748137438503,-0.2344391708759967,-0.7422554580570822
-1.5843509434876641,0.6425188274530113,-1.505821052915466,-1.1649836808112135,-1.756573346944139
-1.228717734564867,0.5169093836946985,1.017550456167844,0.6096747726694305,-1.4979880530000174
1.7645944580927426,0.6563113096368755,-0.14476639019209403,0.6599600966673221,0.736249431181284
-1.8962836726584005,0.6683307705310481,2.051591033649913,-0.7517106737863924,-0.5948865499582852
0.42206505742123546,-0.357909542979072,-0.09613990234749216,-0.7467488318822678,0.542080953759339
-0.04638330036682414,-0.1357388054751839,0.8306410273904492,-0.5316071905319459,0.31845070050250146
0.26289585219500317,0.13083916836927192,-0.9434174373605345,-1.4218707162380237,-0.7041534285131872
0.22766278067365642,0.1589045007458305,-1.829600903247053,-0.5211193650706007,-0.25630775907757675
0.6814373371873544,-0.6055862502740569,-0.6421474523658285,0.36533177614946594,0.7412337779426657
0.5121313514206977,0.03466769482875281,-0.02347517820479593,-1.4824395674312096,-2.0536331548005435
1.2697734293579261,-0.47202121595195945,2.1770728583835695,-0.5356816357447206,0.7685695521153902
-0.9829889423293776,-0.020828727667073225,0.4071272110776271,1.0150737829590648,0.411469814885724
0.7879319148231327,-0.233643692364384,0.26774851217312823,1.0810001947108714,-0.1225572791619143
0.1503247888803778,0.08311598582096992,0.2534820756797425,0.18879791204962787,-0.14184930006046823
-0.16734381825407155,-1.0286889073050767,-1.4051689681412305,0.4095540785708758,0.5591319081129771
-0.006948455683570073,-0.5746473436844063,0.42332928842605433,-1.1992217588625447,0.4222124883043095
0.16652037800914107,1.2650419617036508,-1.0502544225603796,0.9500872966135465,-0.1118640197066471
-0.9311839479267963,-0.11727793276950967,1.724483229788081,-1.0562182976559316,-0.6548586034565009
2.3471763737536824,0.20036778719729004,0.10296152688736947,0.7246710399571701,-2.2038935925193424
2.6127077389841307,0.6790266524256051,0.830403181813691,-1.475485654851011,-0.3302250160886361
1.3317532575094155,0.8082641758209606,-1.1514174102257393,1.0680552618890848,-0.3982809054553127
-0.46505332907777647,1.5534086651754304,-1.3264617055737096,1.6267009080283963,1.0972909853054624
0.6148803644499112,0.8431498174951655,-0.04348073831151279,-1.6016207451153157,0.7862003433683475
-0.5447029132508094,-0.49209020469280373,-0.8030504391352214,-0.2724127424817273,0.11665152375322012
-1.005479208455354,-1.05949646611245,-1.09364552550079,0.4489309039676103,-0.18211343203349034
-0.4930058287310287,-0.5147744439973765,-1.326668990211146,-0.05546292767904671,0.07446761287512921
0.5829254972272262,0.28837662946288284,0.17138856645323347,1.9875017849647736,0.1858695714095055
-0.43692710693418474,0.07873451565476387,0.5580789402918453,-1.5437250507497964,1.0325508271423234
0.20011786815002047,-0.9224113433938902,-0.8188275856023023,-1.2729665209461045,0.5323646668472822
0.8422816760130263,-0.8244722743830378,0.4747851703817895,0.033080894670137265,0.8160756405622508
0.1571397357083542,-1.5357490197988386,1.1650611546688967,-0.7921754242254995,-1.8589894616450555
0.19544320566245438,-1.7299860897960473,-0.5372279684192267,-0.23373983306874924,-0.13895565160281131
-0.752109966652805,0.7961672438390703,0.6789855101653608,1.0658454034400333,0.5200297053426464
0.13652871898299482,-2.399614916644539,-1.1357363547433919,-0.940047595087062,-0.05316104637327768
-1.3228497622641786,-0.46347798998312173,0.6738954847127817,1.06071166496152,0.20128377365398978
-0.4813934443978548,-0.8062614325070632,0.7112126883501311,-1.1656514799067548,0.3760911794805556
-0.9699407611658585,-0.16640901561859495,-1.1946861052133166,-0.9205653450884732,-1.9875428923481917
-0.15927056741128676,0.5718055167628507,0.48913434768332875,0.423219538664547,0.33339181823775976
-0.410444303463703,-0.21494704550632945,-0.7091609821603639,-0.793436005955029,0.6096285727997754
0.029146822537734193,-0.05234118453913451,-0.8152436618838045,0.5978681588115701,0.4868619348386254
0.6804611726475104,-0.5486749895824395,-0.4486717518725577,1.077733146503834,-0.4799269912398505
-0.9558624556691871,-0.07435385934520586,-0.9215452223726641,0.41569576872701014,-0.2291805968736258
0.12779487505160425,0.8483553500261453,1.597781331272369,0.9553548241847698,-2.508925070665407
-1.0936418229822453,-1.3152374120677683,-0.990549239233261,-0.018791546808112007,1.1142494795748863
0.5402259453430202,0.27463664770022483,0.8642369715186569,0.21087045086524506,-1.3360427413105596
-0.21554128232116157,-0.6637950331606594,-2.9277627923947263,0.10535228078263388,0.6603964661808694
-0.011395818130842167,-1.2747568659568087,1.5605303272589581,-0.04596114376988471,-0.4651969908909938
0.762879897785591,-0.8319584829101324,0.4105851970415738,1.6434776141331768,0.879705715394124
-0.19934702299838525,-0.4509886605650095,-0.3225871280277203,0.5918647148097562,-1.1868627946245378
-0.9731622439829325,-0.09865782507579127,0.7917940300904796,1.256683353241924,1.4359047998054808
1.3127399660716406,0.7598456708944803,0.5444639446314127,-0.4742848221992424,-0.23495173025385224
-0.5567951696269081,-0.7006033603711225,-0.976796819632356,1.0988429894539822,-1.7261948670097331
0.052587987122682124,-0.912569385013891,0.5618411144080548,2.1154360539991264,0.5279081828175237
1.3749398761672051,0.6229372425861391,0.47336746246786066,0.5991709089212147,-0.04384784266695705
-1.8638573191948962,-0.5807468665644172,0.38399249842156485,-0.06287371781792891,-0.017760933695028232
-0.7270247244967883,0.5631049061569693,-0.6327058437119509,-1.3942484403288407,-0.1468386802345312
-0.21474126178775427,0.9115394450658556,-0.38363720661496015,0.914381551422286,-2.002068748105544
-0.020970774030164206,-0.03244812561317684,0.7145251679314496,0.5949510275824292,-1.647592554138485
1.2134101649832971,-1.3654510074347728,1.5059634927341867,-1.3312685161419777,-0.22247059095383634
0.028247654166787275,-1.1494176116605932,-0.17567055503557827,-0.29101153522245904,-0.03245852877177472
-0.45531465283689193,0.5548969877775453,0.746682421045714,1.0096873166923714,0.3889261455628884
-0.2360393310658924,-1.5016591378419584,-0.45296934622064866,0.7395433156817807,-0.8820410423176405
0.39861413936186046,1.2461645220158801,-0.7665761360016147,2.302572589082797,-0.2033802364635379
0.3280859166691129,-1.517934787605114,-1.0243483275850012,-0.6221248159124408,1.1593479489663159
