-1.9517358556084137,-3.1141200806171865
-15.851186519687298,-3.4279669737046103
25.136071324387856,-8.872793906348049
8.69376131290028,-27.798822270511685
-14.627039563448157,-14.815268529927994
3.273232057042751,-12.529255819583593
-0.863030432875429,-3.142371505720776
-15.807581174394613,3.520855879798061
-9.832351162480323,-11.447618110916034
-1.7747712207339967,3.3507164797892037
18.273182971859942,-8.419030274023685
-4.532308264569018,-0.47752644238473074
1.380714658450135,10.823000830406073
8.956329302038714,6.480346650670167
4.068533993868215,0.24905521276996367
12.566994019655798,-8.75527721394304
17.702617751242443,2.58465242716831
4.021441280144556,-11.518873521056573
16.773374824268522,12.11684585505828
-15.388317502814461,-3.92934003214575
5.394247919538447,-22.096051988425153
-29.24356299817719,-20.68583291977416
-13.899235852435975,11.70019246983953
9.166547549956432,21.325858347109442
7.411921221068264,-12.70902869965455
2.0832502144813767,-31.824891741581247
-13.53820021569306,-11.344593049919084
9.223962518247424,5.141214590687525
14.008120150836696,-15.242468989781582
-9.273470105888109,4.532229786556299
-6.8000584569387925,-0.5302747487279067
-16.274599671418905,-20.12999102457208
10.095673351714149,-0.19167921719958425
11.880594536926983,20.6880661242207
19.48226733565811,-0.6172283346776251
9.88278402407197,-7.787196491839485
2.501467830680717,-1.4456737118446528
-3.5859591793277805,1.6076827773169953
-19.429980213088303,-2.8596498814931604
11.941877061735205,-5.96958137406164
-5.822602779513574,8.344823780174202
-20.908633901462764,7.905303123631697
12.917846559666703,-3.942870466119693
-4.090499911066317,11.976958992161492
5.280493625991319,-16.41509769332773
1.1446534685278622,-8.478505806311045
-28.333952709940807,-4.131107015527073
11.125323751163107,11.415817931159562
6.350057023046087,-15.86420632914389
-14.968011512593455,-17.93178671888909
-6.307892552743345,20.085264711629158
-2.6109234241003016,-0.1764764758107611
18.731893024446947,3.8301176726279227
-11.426836986988937,12.704649692728792
-8.814408595784421,-13.135383001776505
-12.514723002162812,4.3933352288871
-3.58314336100356,-16.048106478060802
2.150732272989316,5.3718909260136725
-12.809891364888907,-2.398635277627725
8.769915502223304,6.286417843273304
1.3468788451403286,-4.781343131208766
-3.650330456057816,9.669217035929869
-7.278614272816196,12.257335885332543
-0.7871927506265117,1.3598814459117603
11.650101701082557,-6.734593366895686
-30.469455420291016,-2.835784685025766
4.862273785393865,16.204540818029784
14.550205412797773,12.55378868122502
-5.568425535294889,19.82439117500305
-17.953230844827562,-4.684477557575704
-5.818731669429178,-3.7390634342788456
-12.89641700505302,-6.611043677893022
-3.7161050321023374,-4.699895052923058
-19.113647814255355,21.771870849262594
20.19187499047795,-6.62306247551218
11.328609568295272,4.117025054192887
25.583463458656244,14.050967663778662
-7.110711625447827,6.036452416505975
16.645357538314748,2.42118652775926
-8.911782723364377,2.1567292216048095
3.9388016267222117,6.733570512658536
-25.618090325598885,-2.1555916035988636
1.6925575910600203,-7.100839840890122
-0.16891973771222046,3.5918043572650635
4.345318618097952,-14.914980970771017
-1.724472572537531,-8.750059510511822
-16.12236966240721,13.608682079340475
-17.187352942851547,1.6854397622053812
3.4014212400097943,5.024208393375686
3.489522552930792,-1.8373371274971237
3.457844824083325,7.701026562901487
-12.697088851896094,11.509216508440693
22.368891889201,28.012284221767967
22.930995834107687,8.351759137848981
1.323453870449427,-6.641134667773561
-2.533136381756154,5.463140068448343
14.867174069975736,15.576011438669973
-4.037661538977522,-1.4928555926715386
10.37705807957181,14.860319612356989
-1.3604633613214165,25.205687870325466
