-1.3934927305340146,-1.9764059639069766,-0.9413504265597135,0.39453347063099115,-0.501083450349126
-0.29720294497240834,-0.18922900851013924,-0.14699718947786225,0.4632976583725695,0.439461989220307
-0.0212011943657971,1.5900088126677567,0.44951659960749574,1.1343696439411317,-0.8875459914856079
-0.09308014372314487,-0.4120031663163339,-0.6330291384416113,1.1919967471908772,-0.2507504898716905
1.7054712194485968,0.6851254434016527,0.4936593800055965,1.7648110405484327,1.7259470527519856
0.1921084563586235,0.07467765119934433,-0.5586358293334847,-0.5151975326472049,-1.4870826348489885
1.065361884154036,-0.7119636903760739,-0.7904125805490473,-1.126349622835779,0.32295451170716416
-0.06623929704448375,-0.07979595495436305,0.32360555311736944,0.5373401970654054,1.9577754545870465
-1.0754818995343334,-2.3982670686728293,1.2123726512177615,-0.5861549731314576,2.0572045314526415
-0.6628812421970549,1.276925562252239,-0.21244384068512145,0.0734137123761551,-1.504761627978295
-0.6938067218458029,0.6270755641603406,0.30340999380431677,0.0575877327995652,-1.0077159994735794
0.5415778733734574,-1.277551850975941,-0.8037603078708505,0.9005383646356716,-0.6724429262837904
-0.4089736415757326,0.004825871341300927,0.008619791001898698,-1.9307184853857324,1.0652195189696894
0.021022648292130845,0.20423549302744895,-0.8952684590047519,-0.9530463945897552,0.3350724935074133
-2.4268303572053846,-2.547817094442056,-2.09197177945656,-0.16599417327308855,1.196902713223964
-1.3350921950617567,1.5287773582535138,-0.6782855488247251,-0.22279967239705933,1.800615273605633
-0.5623234916256531,-0.6137884287792937,0.33752366319764726,-0.07615411509091446,-0.28675975282373
-1.1316218807833482,-0.1316445546023931,-0.6577205845812809,-0.52900574287464,-0.7693690636314895
-0.992816242915599,-0.8319887374513298,-0.05084856047404316,0.17713962197738262,-0.8520341574726046
-1.0879911226929821,-1.422189731292666,0.5128070681898912,0.7410755741578537,0.10766533444920899
-1.424544662015605,0.3899695558897238,1.1757228710322425,-0.2070773345479227,0.9732973426160184
-1.4636579093615616,0.02873513838053721,-0.13489843600898113,0.3687087728387646,0.6582042212654751
-0.16284381969889394,0.10359386825915877,0.03062229601953188,0.5535083328233422,-1.1192799527195545
-0.9748910110134055,-0.304828525169058,-0.9952284022986314,1.8369268834830497,0.4545664297172811
-0.3490355951907596,0.882653831037562,1.8563910547003057,-0.2658103392811947,0.8915902860998371
-0.014781123362574077,-0.43141520786915,-0.5955940778169431,-0.0035688316124817617,-0.13154255103484358
-0.053655551231801296,0.1465307663628496,0.035820188911915546,1.1054459571309583,-0.9833385741675502
2.169010030227104,-0.14345366885389868,0.14230918280402094,1.4571859877475624,-0.2576426927415399
0.9166960849927057,0.017707320752878977,0.2692244196132366,0.277899928732745,-0.5415035092194515
-0.8085208013476494,0.4659015007336875,0.3745875524282456,0.9786466418360087,-0.11406574062771657
-1.308368517300644,0.06114163321337417,0.13095438522333838,-0.6081800987478915,0.7593615904681488
-1.4083140045261158,-1.1486752743299535,0.7332773148662006,-0.48252745359323684,0.9863266200647032
-1.5815352398608702,0.22823361458524039,0.37930015694308095,-0.42199158665692704,-1.1733872695326861
0.37062272585064754,1.6479609315264592,0.6535373572341769,-0.9248336413013957,-0.8731215251203571
-0.7030922239312148,1.2642232427796425,-0.19822451116639642,0.530172968437907,-0.8269576671643409
0.8681068593370169,-1.2642169421092506,1.3342402437708933,-0.9996826044133722,2.0248160614775004
1.6598251317677304,1.8386159564697682,0.05480624087565381,-0.31875052998561076,-0.517146965901763
0.5749509137368444,0.32914249443406773,0.4333263795261037,-0.6663237577145014,0.5147079068836082
-0.17894208098593056,-0.18129614045312034,-0.923424421541609,0.8214312284336306,-0.35741685462223854
0.7901198139870685,0.8030177506888739,1.0821611753452696,0.04952968560491825,-1.662182872009667
-0.6825439626860954,-1.7183192129193647,0.5356006940789305,1.016198655053051,-0.42200710330488717
1.1063512187583462,-0.4743298273771266,-0.5263649959943013,-0.02252936880012837,-0.7053125035969684
-1.9336195653459813,-1.4328800238700943,0.4060656114630687,0.3418631224795485,0.9018357820497093
0.9702321721765937,-0.1786637720040644,-0.6787696115812765,-0.34603266831709595,-1.7345677693290482
0.4176056563174088,1.4079456973569844,-0.5553978068002491,-0.6968501464293135,-1.4360214614249973
-1.1935762656463538,0.040569502354110436,-0.8898243715094107,0.667694691847605,-1.781571139361744
-1.0167407174670249,-1.8267457397208147,0.5422114311327896,-0.6134193988035376,-1.397239775908777
1.4149938422492583,-1.0566728191412942,0.1837740873914762,0.28522523643194386,1.4794792241736983
-0.333019856132987,0.08665537695469613,-0.41450096165135386,-0.6818520033696106,0.13607207935073717
-1.2583296546690461,0.6879960694144043,-0.17675251977103318,0.7711566188479652,0.9218171701115492
-0.5576461462907798,-0.3531169625561013,-0.20130214440432181,-0.06550446921064117,1.1500590447676358
0.02664481126989372,-1.4118381287233226,0.6012042916420617,-0.580389629831024,-0.9373117146596744
0.4894451754732248,-0.3282737003783751,0.26952301595430306,-0.6967358230743657,-0.9711510907780017
2.248881741378091,0.243007997714987,-0.11182834565436012,1.243154366817903,0.23923507870166882
1.1813064552182262,1.248956411854408,-0.2051024651953652,-0.6364227618761481,-0.8947735472943078
-1.1785977160039358,0.5737076206311861,1.0913480243716596,-1.0647904278646365,1.655303081783713
-0.5198464376487385,1.7011120976289484,0.5792523767743619,0.3883605478098838,1.1896414488045224
-0.8779071037545414,1.6839577432656667,-0.7804213283614249,3.474385742837536,0.7779825190347203
1.8065041021024542,-0.8565372469800009,-1.045930107322675,0.644243760057342,-0.8779364613704616
0.3645621283625394,0.036938016015107974,-0.10060787249701496,-0.10858162265437246,-0.47683953304399884
-2.3039799697059107,-0.8464930496137326,0.8227548287716848,0.6445117392111765,-0.6807054364394103
0.850115593828803,0.08191878326105835,-0.9263558801330924,0.18019815282041732,-0.32378415147104883
0.8339050128837314,0.4206321142092556,0.14913703594914995,0.2606153722070939,2.2174797541517606
-0.7174831929162037,0.708145614720385,-0.9853070223048883,1.1637955597357539,-0.382983990076316
-1.8129712539568539,-0.9664281075248083,-1.1703232062154856,1.3658997160551443,-0.7993327497477559
-0.27184003779508054,0.05799667452432849,0.48779775362084066,1.5648652463627286,-1.0217349857691524
1.226334015347179,-0.43967855837240216,-2.525110417549863,0.5009905013389877,0.21397596674755828
0.6413788294379179,-0.2433467360471831,0.5086353681532463,-0.37683362819893923,-1.422943228005686
0.8657976444158639,0.3437979246904134,-1.3443317175313754,0.19869952117051987,0.14508719062614678
-0.07378047334291184,2.6491478498709644,0.4758442653552062,-0.23609133944791802,0.27933907000775016
-0.476947838575603,0.5962526474775448,1.1850242515540859,0.013615761083860053,0.7702381504007442
0.5035652869841917,0.8224515891118404,-0.5981201027521804,-1.7942664058680282,0.054785689676608164
0.7911219702177127,-1.2131766464282503,-1.1039671024526114,-0.3229950586771283,-0.4338972772802861
-0.6334408278773255,1.1497476436655927,-0.9840191327056899,1.196134014103735,0.019678439316416566
0.2801083045195387,0.7430111250343827,-1.4264507147196148,-0.578142541711654,-0.30599608757305713
1.3423810179635498,-0.1988035006146405,-0.2803771806682355,-0.834143120614567,0.8467694915949634
1.157876160543666,-1.555541553347353,-1.3353450835424208,-0.847773860649968,0.6517815718845092
0.3354174840388193,0.8672024032495714,-0.5674234708550134,1.9517691715296988,0.038885184170349085
1.137201364682399,0.4474826498070478,1.28029545677101,0.7456822441682771,0.5164832189119266
-1.1271561622549868,-0.07560570252988776,-0.030526400147901138,0.22141567051584707,1.6961733115663964
-2.339215045996045,0.26721197333971347,-1.4262150665146653,0.6966899145266517,0.45280356501168184
-0.36787416124281463,0.39243930776052954,-1.5986471557428281,-0.7021262664744807,-0.1794416925817341
0.3488267124608045,-0.8807237816183928,1.2327735872289483,-0.8305706819313009,-0.3120921456273097
-0.2208481535448588,0.6302045526374719,1.3582182065243702,1.0577521163286838,2.1827731454211787
-0.586404758319684,0.39989031029176547,0.9942133569113428,0.15190401968572684,-1.3723061051677605
-1.2249058810745093,-1.4229469435785183,-0.3774124291238934,-1.3629991802007797,1.1842739236991218
-0.9858300925777926,-0.41530298349069045,0.25078220107010496,-1.866024899268263,-2.5874877771899434
1.2642667838103674,0.2118623160950652,-0.14125180841511725,1.3186721270750572,-0.5403625409316414
-1.158629026791788,-1.2621092746493137,-1.6630482177386086,0.2570264316636963,1.470973799346528
0.19648790910992067,0.33899138422417363,0.06959704734600156,-0.014906336987420624,0.5986516943918138
-0.5927975349445574,-0.5327323488170882,0.22920918961484887,0.1386112667757583,0.9725451733301629
-1.9674590759195922,0.036853973644075694,0.1089727234618657,0.3628126032818867,-0.4916954060248721
-1.1837029608612104,-0.35389001033914413,0.7564094997821478,0.09105587292742262,0.0525864292988965
1.0298770880340649,0.3030892555580311,0.595107892300211,1.4197475825961963,-0.9681712245281915
-0.125310793288535,1.6808581440130517,-0.37645210492884473,0.7741583602151683,0.8121379283471908
-1.046160761175973,1.0350109971449566,-0.12070457258814804,-0.07005624603838516,0.8912176695741698
0.6754673777336527,0.5317800537808417,-0.02999826940890071,0.404369034387071,-0.2918644054631046
0.7618712413704237,2.5275855057471155,0.4231392360518295,-0.140649402066266,2.0024374912858534
0.9613077580275307,-0.6717250271296327,1.220125365760047,-0.843417421120108,-1.2022979628067145
0.6997991890522433,-0.7842745991385164,-0.25031175537604144,-0.3207791714401326,1.3750432695003316
-0.4078670082014256,-1.0212558209305427,0.3134467622439508,-0.08200800599672221,-0.426221290392869
-0.739217342318264,-0.0678321774515153,-0.6993315653188651,-1.1679970115064089,0.38848375349167363
1.561962504326083,-0.6974745702235775,0.563248244364616,1.3167146344956164,0.4899864267990292
-1.7621175798352409,-0.8567717771093867,-1.5579556682892934,-0.09398501820019106,1.449233535696695
1.320644426388899,0.072546468537989,0.7537792018486131,-0.7646375102476053,-0.6045054243333823
-1.0499828296604328,0.14462840197499416,-0.1691674171330113,-0.7617652224516658,-1.3734278098534536
0.4603515286779289,2.012953974366748,-1.6824157325473101,-2.6042167029113394,0.8694613842587455
1.5094843059305953,-2.676535993140083,-0.07557661932964034,-1.9412428402307522,-1.0614020901194976
-0.7015838117533842,-0.36279882327870067,-0.6118444120037559,-0.28136142134960657,0.7528798491677373
-0.4810497509445624,-0.2549847188978637,-0.06322417956144126,-0.39441194668471563,-0.23166908711522607
0.10818020707795815,-2.630274861600868,-0.7665614038855069,1.3921847642358076,-0.3686159531723305
0.7284976501322576,0.502114010096657,-1.6192021656816704,0.0654377151306013,0.33813886363042506
1.623525890143957,-0.14180215260180293,-0.37091047268337385,0.6904821301182175,0.36498319335036444
1.373866839057479,1.247612722852769,-1.001182320632246,-0.7136428319901434,1.0302291781084534
-0.1782398713131822,-1.2515618643882642,0.16825051685741366,-0.0511404258273706,2.0444073424384093
-1.3165587669114196,-0.38858687466044134,-1.485849769693873,0.26801311410294604,-1.3552681565755829
-0.49392122723203497,1.4286875559140104,-0.9697276492355063,-0.9358780643587997,-1.8010481198373922
-0.1497872452549286,1.0581418507915887,3.194038231298705,0.9151736772270737,1.2912764402296808
-1.4511003193842902,-0.4623895576987925,-0.8761884583369944,-0.868076022027302,0.37560990978284087
-1.4969119613854116,0.6415515364962453,-0.25324126171114175,0.6735083475208449,-0.9420307687425193
0.9379543893396659,-0.11198126718633239,-0.12244064319838198,1.2519009726107373,-0.3158722920899015
0.7161859763995513,0.9561800309879069,0.5323501503402472,-0.8055256961868213,1.4586910011974423
-0.1788999922120191,-1.1655018919029507,0.0754546237860597,1.1698000987281254,0.142079865773154
0.11265451850565157,0.7162557528529754,-2.021809159308534,-0.9476093047810882,0.06542631885651987
-1.5614039950282255,-0.9325375468362348,0.826027313858134,0.26960222100880016,-0.5605576076425881
0.482672211488159,0.44372048385209906,0.07949631316439743,0.4605581928949181,-0.6630435520657282
-1.3039515677340423,-0.5686201819066066,0.4387037051486537,-0.29244765967968883,0.3989728761566002
0.526319957139333,1.7226275203612456,-0.3077409946311596,-0.6122407567909879,-1.1701771086971358
0.791928008693577,0.5429434326247498,0.17610033872112202,-0.10154916017997785,-0.44255822283724433
0.3716951008991601,0.7204309281148206,-0.6969799372351742,-0.7458027037972815,0.8382099567477372
-0.0641179011505641,0.18801947669332586,-0.28987980773564276,1.3540494407271826,0.9214288172733123
0.6746997847770586,-1.3545308356696673,0.31733672007018454,0.07834100152547964,-1.0422422311118025
0.516210040710034,-1.35057566799516,-1.3674964325600305,0.6855689819276943,-0.6837264284225433
-2.071276979652044,0.6663564720033512,-0.07744175864666758,-1.955343489732619,-1.7183412362327664
-0.9514101994522267,1.0153788441553937,1.9370072268248417,-1.4715861914034694,-0.5254765421633717
0.28543864003923325,-0.2139009237663355,-0.8114736124701417,-0.41463021595764016,-0.6533813639318227
-0.5034480083617882,-0.529474646453093,0.2061269230122332,-0.46176295287827135,1.169208124943115
2.4386764618400045,1.046609490757017,-1.0058614216404904,-0.47731539331384887,0.8867557728893742
-0.17745514100718443,0.13186387040542755,-0.2617411951633131,1.481087712954037,0.2245336001715823
-0.5312899390812698,-0.9634418109668221,-0.5622750867059771,-0.5035480502080268,0.5457673642795985
0.004810289235126495,1.1028169432046433,-1.6148440212526167,-0.16037922649480882,-1.9059542645980465
1.2605612169265117,0.8084396039291889,-0.07653685086925476,-1.3720506566178872,1.112567656943377
0.552914161568418,0.385120159998765,-2.5742339158195886,-0.7265761732694637,0.457662050519871
0.7029235022123833,0.8941277217612894,0.23943810422056905,0.03974215978454586,1.381848490598353
1.8280769047903287,1.2699941733278146,0.6949870684865745,1.347534867224306,-1.9864411657565606
0.43259313920935466,0.7244580919114834,0.11980333872156898,0.9613465047350724,-1.2285129008705633
-1.1313077782316092,-1.3332236545156944,-1.3627834168366648,0.7546047894352935,-1.6236563278689868
0.46526772979926334,0.3192736943529938,-1.2877741080328802,0.21047824593974387,1.4236754697732392
-0.38005191655080184,-1.401629356247336,-0.7208555631360106,-0.7886073016313165,0.9229651380399748
1.2678125243585938,1.5003969183154373,-0.8686473894110345,1.2972862175798194,0.6132410918982379
-0.9713519291056825,0.11447402070356168,0.7705211561421551,-1.3419134762897762,0.09293375180396209
-0.15069131778815645,-0.44578539893775915,-0.7292819943129231,-1.0970144191275415,0.5133687048385364
0.31469836994258216,-0.4697358056064818,0.2519164788134925,1.2845832101939305,-1.667136191349653
-1.274542844092283,-0.6686352055488348,-0.032728613740145865,-0.4531183352140466,-0.3746638430185945
0.9922639326598887,0.6697551643725184,0.10437336589330476,0.41919513320084256,-0.5426224825243511
1.1260833549206593,0.854605084552055,-1.4648236824540606,0.7954653174017288,-0.1277288095004118
0.5065299520723314,1.0258563814916817,0.874141913228626,1.5373915614320823,-0.34563976364238014
0.42024600536587414,-0.18285795227699053,1.0238459322276536,-0.08712508655206223,-0.07352625614893636
-0.08551341536389936,0.031051411983869834,0.19382195743698988,1.03138793177069,0.8161773456084125
-0.38668953009194984,-0.33262615915547306,-1.799226147435913,-1.1844454756918037,-1.3480370790903817
0.09269412218842968,1.3945212376768241,0.7483910625452358,-0.21214963412451507,1.8201903835678852
-0.11936994805098002,-0.41244214280014246,-0.42108900335235694,0.5142836543000793,-0.6036576740336937
-0.5855496403715466,0.5857424670530056,0.5668167873439772,-0.2897686162473326,-0.6639602017206574
-0.6015349113528042,-0.3337192783118711,0.6412760022041943,-1.5192087442194828,-0.723316418852259
-0.5460235110975149,-0.7654296324830299,-0.5659423477451705,0.4056900098826406,1.2566104943171619
-0.8547385838523102,1.2442775427940003,1.2097496687340568,0.36858707302168703,0.6938785414254809
0.3803492519096112,-1.6769398692599269,0.8291287643064801,1.0248244279922627,-0.8900705069584343
-0.5930229670442454,0.8594513841614134,1.6414475463619178,0.3574575754879772,-0.42752132083088695
-0.6976507190929464,-1.266057978248122,-1.1383570121864255,-0.21255808940029672,0.28822545100995145
1.0388571372113327,-2.3885553649649265,-0.8365017266162197,0.8961408398472596,1.1975508144671239
0.6408339796983235,0.3517345527434884,-0.09502894031767926,1.6574810697811386,-2.0930957736401083
-0.6179617236704674,2.2244448902778444,0.83846973508921,1.2589339472385088,0.5480157271166662
-1.0115139715636947,-0.3056242212951065,0.6367537382974903,-1.7759924686883515,-0.30543128756277355
-0.1316618702500726,-0.17985832200244747,2.287628077217918,-1.1351041659281034,-0.03629382227233609
-2.5020744295147277,-0.441769499483549,3.4881854548455355,-0.21886915252096042,0.4989990744966781
-2.3845179939025654,-2.4071370647688624,1.4090633619255548,-1.0507619903725587,-0.6446179345880957
0.5923629079370087,-1.3452761018889108,-0.6964280968472574,-0.49593838326899636,-0.621641076888843
-0.06055946403303744,0.8285962615983786,-1.3319694571130583,1.1995314480570345,-0.24419640835441886
-0.8015953919168362,0.49582021784196645,1.9653118712035342,-0.8374783128575555,1.2696547998822123
1.39646940714825,1.5790584461974668,-1.3842239077986327,0.5471908281104041,1.1049072403584805
-1.1129470672956812,0.12069831877215291,-0.41420171827095276,0.8177375459516402,-0.5289377207271241
-0.33726384032789475,0.15290690685089178,-0.9905304505117462,0.16824516056202882,-0.02016364838127889
-1.6281021580144412,2.5026763519683706,-1.148211361293682,0.06543909165332323,0.2921840263862296
-1.3458066812425147,-0.5614240743517426,-0.21220270840397523,-0.6938987123137823,-0.6986390942838865
1.3748840219594376,-0.10865134556770799,-0.6612338780051793,-0.010959708351892134,1.8460813655354267
-1.3411070909185756,0.6502311060525842,0.9258191249189472,-0.44414090011617047,0.5422877316339918
2.0652568484283704,-0.31116167018327123,-0.1374915348038952,-1.1833435469386937,-1.5586352883843064
-0.6139354474031301,0.3550716525352927,0.6772320672620112,0.10362070245543824,-0.0077039407862206435
-0.14099882296029634,0.7460496190418353,-0.18907069922320385,0.6483949223799069,-1.1936554921314635
2.0757617344591903,0.5548105171305661,-0.05255366634260249,1.388114593574119,-0.38735278732690953
0.12529931453363816,-0.62718852177232,1.7472281027506011,-0.6913826434216017,-1.4214329329993252
0.3459978581777601,1.1005774520650269,-0.3178518636770887,-0.3095614281652571,-0.3939365281423725
1.1098827934469668,1.3794952141658468,0.3563523572330145,0.41075377388412365,0.9608499403351957
0.8774979507036892,-1.4214895681268807,0.0690433741096224,-0.7427817434193188,0.7687372511605406
1.6349062244824033,-0.12699011839344373,0.9448529622070904,0.953780179948589,1.735220163519633
0.12715696068890986,0.7159344026511003,-0.1813029192649803,-1.0748072162686761,0.264535634175983
0.19635141716157575,0.8500157507244689,-0.5495438175117815,0.3877533512377257,-0.22828088633883198
-0.40027217041227714,-0.027309531751370388,-0.7472683064535178,-0.269646968504352,0.9841028007848017
-0.1549044448554889,-0.6351856053997885,0.06287989424688831,1.8342910477249816,-1.0202710106613113
-0.6671316625724484,1.7985763467772382,-0.7580901042071109,-1.5394789516870822,0.6350127261499573
-1.5725698004951387,0.6410049915544974,2.127047798665671,0.4175126072414248,-0.29623146523001687
-2.0377131086519444,0.6613337484002034,0.35617637577529493,0.17982905790066547,-0.06562691031707704
-0.8314687112618501,0.9747976975650138,0.2230610150255078,-0.6272310711374647,-0.5799422269751411
-0.6558522247793721,-0.08897911260205038,-0.4753125545541054,0.35281981141065416,-0.9780182707817406
-0.0886931670382057,1.24020018946761,-0.05400770347610455,-0.6790869374071004,-0.587259315868783
1.2669447087219077,-1.7135702768403271,-0.7251956876403093,-0.6374153149627148,1.038131511930226
-1.9904785266487153,1.1438022249334752,2.3747986891774207,-0.9550435472995215,0.3565570323679559
2.400598417295485,0.5982782224296576,-0.17132666015648262,1.1210674128231486,0.657640937414971
-2.5775895058401095,0.7148874453496965,-0.8903068632229235,-0.6870156065369392,0.8841869826400733
0.43079066449945974,1.0657779860787338,1.143760478009176,-1.1208113889843399,1.5946634736334073
0.17094061310796954,-1.154871394181781,-0.6081269910838782,-0.26689126740646907,0.15190117452574428
-0.6027776806828418,-0.42900146805397654,-0.5258764238149349,0.8682557186078356,0.9361830733327038
-0.04337669235735037,-0.6374471421362554,-0.6849062173184596,0.7022132479590687,2.7325366948624055
0.506408298689702,1.4920096314810607,0.2587722081585654,0.08735603892493597,-0.19685178008354845
1.0676915638675997,0.7012056220725346,1.1783218215481688,-1.2196424702830369,0.6827251973087746
1.073256587598107,-0.33488590703692644,-0.9344768109151522,-0.21073276087351306,-1.1220422703027024
-1.7474849527496197,-0.1495122470543967,0.0543183571252815,0.13634653942666633,-0.841434100768395
-0.41262047677693736,-1.3796003935413064,-0.19162392324317018,1.998583243309077,0.12720031006730373
-0.9880681640461574,0.1451021322565074,0.425520360504952,0.19373165506458256,-0.8333398755265384
1.0686958755130245,2.049518396449197,-0.13145114930766352,-0.14203817533076998,-1.1710825997764462
0.06379694712497778,0.7985755641234474,0.3484366840081212,-0.5541830257366428,1.6925484244566624
0.6742117793495657,-2.3009042111858067,1.5213305082428452,-0.4312724100270522,-0.9222768235129393
-0.1508581861706961,0.9845422257640403,0.06044971348919663,0.3471060174360503,0.9162834464861835
1.0908997534743734,1.3880772530915415,-0.12157669092595619,0.0027176873681006046,-0.3033478392960807
-0.46793633769965004,-0.43999738971127056,-1.9785793416040838,-0.5690177769850946,-0.5292638281065899
-0.15288142958564835,-1.6087364485722364,-0.07463244949187313,0.34626484179137923,-0.38230202872328833
-1.0247916794047105,0.4234264304974424,-0.5450261708982274,0.6804427644190036,0.621836418320457
-0.727593885249304,0.2727579241348662,1.0007676990445415,-1.3711186868242864,-0.7451997103764484
-0.4747137402034089,1.6468550251122294,-0.6677502260950227,1.4251191895274733,1.1903429115255024
1.2674538127902129,0.3049787583428844,-1.637733291891597,-0.3806105304313016,-0.9235048924908187
0.18506333947143455,0.050571015726192686,-0.32630513415906565,-1.063534860125354,1.2096591135667587
-0.5310733431216328,1.5876105962077758,-1.0181826120780761,0.6168111993318095,0.2759361360356668
2.123532601771108,-1.1790433348916223,-0.7885334438110692,-0.8232644829530404,-0.270067627917678
-0.3054638662417975,1.1679701642231153,0.0743929968166953,-1.304946513642835,0.5247188630414975
1.2236328037221893,-0.6736395353292715,-1.6913111796131501,-1.0893488552831165,1.1549424941446342
0.19346432525778565,-0.9722373801293895,-0.41540560795653697,0.40981790126273804,-1.8876430391322236
-0.5821194871584048,-0.6703130916450721,1.2134771099708919,1.8038451948195418,-0.4519439929638561
-0.49872776448959333,0.7687039886499016,0.4900808564392358,0.12010889442856101,1.3398735502555223
1.823468512486609,0.8481876929406771,-0.3368747749452796,1.5104058842128734,1.4167747387225342
-1.2438048323783477,-0.7352382585840751,-0.23814686206506008,0.9825304108984488,-1.0972151175404634
-0.3182181176141977,0.9392192296322986,0.5099307142375271,1.6129447688522163,0.45631586317234507
-0.8357369232725985,-0.5088937643341149,-1.2142710426440997,0.11238735556294165,0.5363825848173972
0.7052340805435219,-0.9169423757843391,0.8151476981925885,-0.586392331023173,-0.5587039475225656
0.6120209576122613,0.42074028490632415,-0.0528293188131292,-0.320571163218688,-0.6275066896633877
0.16375024851300476,0.7852727598654308,1.047658095344788,1.5552152296930801,-0.47138703141853866
1.3621744914232259,0.5144555991249258,-0.382828877365056,-0.836876347064783,0.65946819171935
0.7085252609875866,-1.4767436091313038,-1.028430984535081,0.9066071644891458,0.8875442780463463
0.2879521976849228,-1.1659514505806543,0.854888965685279,1.527140256983018,0.27376281464198166
-1.6188587290501832,-0.9761616057937071,-0.4978486187223856,1.250238225009796,1.3212660189226657
0.6442357889912983,-0.7968772896054561,0.44245474534582513,1.236461957914742,1.3389520241160653
0.6950507873065063,0.29244895285347183,0.45857644727551633,0.042926227425915384,-0.0401038590528921
1.1235121882890065,-0.24506647113272045,-0.9687795758342131,-0.881655838550363,0.6805625668315388
0.6992556072683223,-0.6608689406380516,0.3399467526327754,0.12176204968848726,-0.6543456436348734
-0.9038313938568926,0.5464464983461527,-1.4302474445944944,1.0322550867952571,-0.36187381358586823
-1.9353247305849253,-0.45260771300156943,0.1441395218274652,-0.45601632358795896,0.19806293729353758
2.0843255786372747,0.128463902400729,1.1006515122489016,0.5098845813398187,-0.18511305308854714
1.1663409904295048,0.747554705807646,0.13898949132586208,1.27911407317089,0.04225522473504085
0.6301213916137348,-0.5099495261777197,0.10965328908764618,1.4063478041851496,-0.780448825088873
-1.251895669344762,-0.22599410350354132,0.09825730673756748,-0.04336050280321372,1.0537789246296783
-0.10905560308744376,0.5551473427852002,-1.5684469252454016,0.16798223427346404,1.9013270587745403
0.08398070337016313,0.26158962171227046,-0.3905184587169625,0.7896997801259548,-0.7730608427546444
1.9095205517527534,-0.8347376799664019,0.7580668655071121,2.9064216836402585,-0.0927965681169154
-0.5852792046595068,0.07840926435416345,1.2146298708151835,-0.49663789433805106,1.9138450060487886
2.6106216328729217,1.8301116163867008,-0.6047808546890531,0.03823922804628912,-0.3464047162820446
0.26586757819135803,-2.0975092596238705,-1.4654438853460732,1.1035088410056766,-1.834063795310271
-0.012337934048602388,0.0872335256123201,-1.3762551841080402,-1.2401634629024945,-0.3844660580379115
0.4839943921666483,0.3064381760648499,-1.6972530708232292,-0.9569100458939949,1.2991530319304114
0.33496219990058557,0.31149974656743845,-0.8701448449310795,-0.7548752053824139,0.038739974987290454
-0.293738480756758,1.8774881798218805,-1.5046171427835924,-0.20566125753685235,1.0913397818346866
-0.2841432272463881,0.3544341303349282,0.062044956499678984,1.0210876104994713,-1.1231328343452391
-0.6752910294610517,-0.306639205233901,0.40938986621418766,-1.5918575006138314,-0.9450816128706286
0.4037720074631229,-0.12343697388487904,0.3286055913183074,-0.3174449187136389,1.5559105433228402
0.09607320224886515,-1.1213883064338845,-0.10472386052708313,0.6215232742175348,1.8656616226229874
2.1612964991130337,-0.5351047775893542,1.4882281575604348,-0.9249742335801096,1.0994282524664034
-0.15246818827079991,0.24525858316001115,0.1968118548789648,-0.41158439156383736,-0.8811677781374379
-0.8008110622970867,1.3660296559235499,0.21046661254038992,0.033842763958129934,-1.382007523669274
0.10329897085548975,-0.3388643648046747,0.7632994108170775,0.9185289840875557,-0.0002850163933282683
2.2180396934581745,0.6423634687760723,0.3711890095821247,-0.6016077736718142,0.001502841426362658
-1.1316293211586823,-0.21728211917858428,-0.8320921299740972,-0.0442317835891089,-1.0895676953453297
-1.5745794441985104,-1.2605988087550277,-0.11077538796739067,-0.3999468157988552,-0.09967675094755844
-0.9616338444398386,0.8223558178221978,0.07448873466102211,0.803071497495132,-0.5629586677584995
-0.5943637500494369,-1.1867855597839543,1.198759225991027,-0.26367889014524526,-0.6294772125635516
0.10168497988468214,-0.4067601639299001,1.0867308531511546,-1.3359187256367897,0.16961280549505756
0.31042083577641166,-0.9010789209052298,1.9936467764186216,0.9610406716062815,-1.75442808093584
-1.0865156063039783,-0.47882303066587006,-0.624973424247846,-1.960698366208065,1.8668391830543014
0.3552127518367089,0.30377697289375305,1.9207936383951172,1.7042296327652688,0.13258381916675352
-2.3868069642824192,-0.547403311076203,-0.6973585423200866,-0.3147775325651756,1.0034536467035449
-0.636652257710027,-0.6034747576555787,0.6131654070533648,1.3156854454015985,-0.05081126631262314
0.0023380472614872552,-0.3280017926252651,-0.462930537848184,0.5613067499414215,0.025354121605493486
0.5952076946250847,0.16672945421155277,0.07176012454087376,-1.253663558482229,0.8958646338707391
0.26040326054667856,-0.3256452463095459,-1.4496886998884364,-0.25563719882827907,-0.19852084684201268
-0.65229532614493,0.9510116428167965,1.230670692016735,-0.11497532644814465,1.5959480573319182
-0.09534828995009874,0.6654935666439118,0.8436187350373059,1.0417531058569205,0.6869707120089201
-2.0839815272349425,-1.6021401950061223,-0.03435208056087385,-0.1400117456444151,0.03321751662475565
1.9341437931091205,-0.8362601602155819,0.44518227962962065,-0.3233883636889437,0.5417626329129954
-0.7385283385623659,-1.123771103115946,0.6938348600884956,-0.010971405585368967,0.24255848483826062
-0.9414360127206346,-1.8566599741431513,-1.840352833623029,-0.5414237665683697,1.069347431831721
-0.08180197522624048,0.3417816641954075,0.17509791661946192,0.3500273011156768,1.8068721217245278
0.630633627511742,-0.5440861520051536,1.0526630051874346,-0.008713799067714828,-1.074143270597006
-1.2973129013184974,0.5943365718732379,1.2594969736480004,-1.2497353182489228,0.8763390451392784
-1.1308211929629595,-0.054039274055956724,-0.6889797030534885,-0.34733725967879225,-1.023898891718334
-0.03160665790242517,0.9934288173543993,-0.6766555106288726,0.2453245921209244,-0.2010108757512819
0.07301909444694653,-1.58209098161875,-2.2556694605611116,0.7662674725746705,-0.784685848885674
-0.35056794472882946,1.1496360270252337,0.27705291495525736,0.4538075438539751,-0.4782703259365333
-1.539941955387428,-0.7059016302627311,0.07525696320248118,-0.1381287240807626,-0.34300192330056306
-1.0548162601077429,-0.011704015181515853,0.13429908108255123,1.258446879445916,-0.40747299286504546
-1.269817466602293,-1.793716503021896,0.23556846670067877,-0.6945792996390324,-2.261868879927658
-1.0988657500777121,1.2063936806642028,0.6046532379383553,0.06564501855175024,-0.47883247512042376
0.031582857098283755,0.4871772391385002,-0.024381219331747042,1.1951606690770922,-0.7099114617655994
1.5622247602902075,-0.6417436451892318,0.495309620396934,-1.3584246011311691,-2.967099312790971
0.10776675620753687,0.32268544646124186,1.3816141853635564,-0.11727834914602295,1.4209814837891308
0.24067704578619237,-0.613316481006244,0.32590648247375675,-0.3019030767762185,-1.0348280999866089
-0.23863946812312845,1.4540971937964617,-0.5327794141536013,-1.05942724562932,1.5599645010220888
-1.344157435533821,1.1952179311899225,0.8143130493238838,0.12178203623105602,-1.124121393729767
-0.17431311981896466,-0.014597906200171002,-2.915792941826401,-0.2801116142204786,-0.3105185664433087
0.40134354496464375,1.5106555229529584,0.037416273778879336,0.2960676001446071,-0.9802308266717511
0.044640534425104406,0.45320266805251974,0.28022557665583697,-0.7308509508821479,-0.4896381739991364
0.7981690147010954,0.3793209486548761,0.9869224124437789,-2.3432707079683794,-0.30201722280893256
-0.27585682917194093,-1.1710132384669034,0.8691003845491528,-0.225283400942056,-0.10320637670649732
0.7465171607988198,0.945397866890424,-0.28096771809748317,-2.1665561721836126,-1.1293703316954167
1.2890697734607885,-0.4180627747427671,-0.7045043479930052,-0.32827388135977564,-0.0014263590204521735
-0.5391811040288721,-1.7143432265183236,-0.3796797656728338,1.069463535056217,-0.1334709416500404
-0.8048325934407875,0.22409372384156526,-0.6934990791600458,-0.6520131656153161,-0.4393363551529888
0.18426210741114887,-0.8153624779540191,0.33147034484137056,0.17349787992247817,2.0552061642250616
-0.5941837524734922,0.09325185755776642,0.6136547556666627,-1.8619267138012658,0.11690845160911742
0.2216132761916456,-1.9704402629982634,-0.8512289470183977,-0.052297788510408505,0.03770361525283626
0.0028106749651699557,1.2134054920190815,0.02965291672478108,0.6699124896850099,1.2313540933354319
-0.32296689534102807,-1.1511949664737742,-0.6584491831951367,1.7551546286142663,-0.7604167120833757
1.7819231274026097,0.9514317407909562,0.31777811449398286,-1.7340214394248095,-1.2081570864897644
-0.7345870604987681,1.4749904464876333,-2.105431530916041,-0.801229791103096,-2.0902467923643395
-1.118728167048157,-1.6863524744700633,-1.0890744125818617,-1.8844870885231182,-0.4621101333117817
0.7857679006295741,0.10496584357045177,0.5066637526204256,-0.9396257345167056,1.0119488952962605
-0.28953080845916324,0.7632491922938454,0.3574139884506656,-1.2781731611918872,0.30099355986013204
1.5589380201798446,-0.7004956556650981,-0.9285335744547792,-0.884909154094696,-1.0673284763946516
-0.10291406024766865,-0.20000943579645455,-0.007915746703647452,-1.3519381994014767,1.5921105492038212
0.017365803538783982,0.5656549013860583,-0.40784808891815644,0.2947042529511173,-1.0732592194671222
-2.492892915254531,-0.6315883074363408,0.598706647383429,-0.4684918900801207,-1.0050251015335911
0.3294383463426884,0.4045003937848648,1.1073250950750089,1.121300817626486,1.0149701244527902
0.7106163143894759,0.4627601746824958,-0.8333717354041394,2.374927164555713,0.176807352116069
-0.3061783369079476,-0.9508917441198368,-0.9290493451862077,1.3778760660183036,-1.1079021502749065
-0.541402437766787,-0.8658240437109201,0.09036047236393831,-0.7862841969688747,-2.3376187842800116
2.592117575949749,-0.7508360815162459,-0.39889844884045167,-0.24732418375616474,1.7958976694301358
-0.26467519850529864,-0.8334409754219825,-1.5448215059352686,1.4592298051172055,-0.46436444501788987
0.7169160977281437,-1.0552446342954007,-1.2223291471087696,1.3198435432613032,1.8644908498450485
-1.956520235906633,-1.0422187819210347,1.3591369183019153,-1.036222167556447,-0.877879402466193
0.7880956269513874,-1.1628451617400781,1.2252831642791495,0.3380451391173821,1.028630704331905
1.1450976910296935,-0.36606003899317496,-0.16535030442273127,-0.6416816270539667,-0.16616214663936504
-0.4639364216986504,0.21483081133713317,0.24756451442276628,0.8385411137840068,-0.5939507363360933
0.5268869000031894,0.8411564423147376,0.4671193297327319,-0.40976058180469094,0.2930605809803179
0.9004268871264641,2.2770752495000677,1.1121917112451767,1.319140543399364,0.027519479086938397
-0.8255195474013012,-0.13137585229568768,-1.021899370532043,0.49178695192540806,-0.6614138569761864
1.688025046530158,-1.7849396594402145,0.13818902779206316,-0.5472859350951451,-0.07080746992667925
1.6512561565137063,-0.343282699089969,-0.38636981158014616,-1.3244157533854448,-0.17753151266122316
0.652579865223014,-0.6179797761768696,1.9280793865494223,2.2107590955103613,0.707357706677218
1.6158327737779,-0.5522260253940734,1.0879210082549964,0.16932862993733142,-0.08634982273356856
1.0717447124941355,-0.41762421730176336,-0.9214294167041654,1.6564456948782298,-1.2024118905044996
0.015811457832032656,0.839143166168932,-1.7651185559996785,2.401755477205358,0.017117064737914137
1.0734785780275364,-0.14758321116760673,-0.7392886783429918,-0.897988653999287,-0.7191529292139284
0.557467350193856,-1.5128260583370596,0.17759537869333095,0.06621509582069847,0.14563317629115105
0.08032675675516522,0.8934993973815167,0.834669429917393,0.8031296332760091,-0.16216358462140856
-0.7101950282983168,0.1305023540831855,-0.4282094754654531,-0.4298707187673789,-0.6193369465383639
0.4845901215046199,-1.1746899712363827,-1.6206230678717592,0.7489795226079149,-1.0709321177798172
0.3401847199232433,1.255657582446993,-0.09357058385641948,-0.5377296510361254,0.836782057737396
0.7068023158463892,-0.8917500250460676,-1.4094299592310289,-0.23330597588339425,-0.06344260189556172
-2.4987277549972435,-0.76340152134482,-0.8597910732272966,-0.254475780184374,0.6228229284283905
-1.211717881512716,-2.180732550709026,-1.0747933446008129,-0.24094351592187774,0.5770818011350027
0.1293859143766539,-0.48702693929385804,0.4205320290223993,-0.5879128026105891,0.4155484168627644
1.9389666772536527,-0.674743818669254,1.3118515392695376,0.16907691278812356,1.58672975425809
-1.4537503279799138,-0.0009979750335457488,0.6854694977476697,-0.8458953688390217,-0.3240559801798928
-1.3206317108090455,0.21843204430449417,-0.6387101684251884,1.073719357194807,0.5910560178457545
0.5173513835506359,0.3156905818581675,-0.038475764508332205,0.35693627750224377,-0.6779710275106328
0.5505837172427216,0.4163105192200543,-1.064295235463966,-0.9450478469559026,-0.6303708066456444
-1.382831648213369,0.2574130678775588,1.0217543789471533,-1.5275711562365997,-0.41346919540640586
0.5508304895251693,1.7701887841984787,-0.741573956313523,-0.8437946560348549,2.0449448005477997
-0.028305477572608467,-0.3769922313257214,0.2779474504956328,1.8174030254364157,0.1643013879199391
0.37242026260818467,-1.0504634316461845,0.7284056762825923,0.8320067784346643,0.44224817706048114
0.09925794600018793,-0.11997712504771936,-0.2031836198678756,-0.21361869171494183,0.29621382089244563
0.3223148608013644,-0.8821421389733168,-0.20212044755599626,-1.419557514065972,0.03512955855859315
2.1328267799696166,-0.0789128545135808,0.5919738936429942,0.9386284758404232,0.34877970574200756
0.3315667794562574,-0.00017085900425813547,0.13055857290529604,1.291218354305742,-0.3311752413119389
-1.5972332309266866,-0.06369550629193038,-0.8752573200607481,0.9075231002178463,-1.8522008223528414
-0.3784507547962878,-1.4300166781623878,-1.0052357263661416,1.7723773609905598,1.1137381837674203
0.32313698842577576,-0.7284391216633886,0.9426163142295043,0.7770463968654053,-1.9341272956161826
0.9013873476742041,0.23004327055266305,-0.39087664691274143,-1.2035631834491145,2.2700243390476897
2.2418023441306962,0.2681885888567205,1.0283119116200332,-0.107486753727843,-0.8041238402312112
0.22281004071748517,-0.42874145283026194,0.5099767921758973,-0.1813668926349715,0.5487501847491394
-1.9626757244996282,-0.12616582449646635,-0.5390917275550661,-0.12393042070213038,-0.23028281998294095
0.24109249826542517,-0.6891159626221053,1.3436244369711405,-0.4201049086425386,0.2930522237046184
1.2386625285090376,0.21985364949141972,0.788531103527406,1.1966036331581154,0.3999099785687346
1.6900585211889734,0.17804790226451878,-1.3611036855911873,-0.28197184841050354,-1.0606098784929192
0.5695868049754439,-1.1837304797535901,-2.414036154269715,0.09709275745503625,1.4347016754158644
1.287019022383727,0.5821147367367172,-1.30203751983159,1.5664438365602205,2.1960064611851644
0.2064087142350798,0.4237509385374067,-0.7485985673419465,0.276210453096097,-0.21093483076022493
0.20041989224303897,-0.02387458448881696,0.660038429239852,-0.1693154211719421,-1.0912070624992116
0.4811526776630251,-0.6507215018823318,-0.11929818270600251,-1.2246034047278025,0.6558990619423269
-1.2659551838388374,-1.0383400209657967,-1.0644359759318622,-0.19204839267232596,-0.43499542818889364
1.1719176847004793,1.4335441571077858,1.1275451186719672,0.17605473768767388,0.7522078599245765
-0.6453029219033095,-1.3062311111647067,-0.49185301555909,0.07293635976355932,-1.4537919914388253
0.8042543276521151,-1.8865014330212275,1.662521462310097,0.2975079897663742,0.546069136300564
2.6354552991163964,0.0685063622226853,-1.3637284447425528,0.12548207209643003,-0.3141631569263588
0.910337196916485,0.4315309388070871,-0.35593771148474035,-0.004963007812348939,-0.2691123226453166
0.01960908798637839,0.810528743538428,0.9591025160987492,1.6586553613475727,-1.178686348398899
1.3994606190243324,0.3613927080940837,0.26112313416810057,-0.943159370718635,0.03469510202529599
0.3213141452585345,-0.2665777062641752,0.9472556406106075,-0.33163746001388056,0.1663893787658384
0.1591836030169365,0.9009276192984658,0.3468764263610351,-0.17816082963930518,-0.42087716960142024
-0.9191306861542947,-1.964727230535602,1.4143313328784377,-0.8528736492356769,2.116927365646945
-0.35177459861959515,-1.2001235501846554,0.07328155099023902,1.0053443802435575,-0.6725921597477706
-2.98662325930378,-0.5459640697288637,-1.858156117778378,1.8405883209716822,0.8814612690877848
1.4482391509492574,0.7105223326298474,-0.0343942697826178,-2.1703402487415313,0.023141342339567227
0.4872710070910682,-1.1152530454189906,0.8493791388985563,2.254971211077355,-0.314485027251765
0.14673813039747097,-0.32130959567200146,-1.3372273209137397,1.0301153954664046,1.229696790495185
-0.9757667603129004,1.3464806979398776,-0.28477377557758593,-1.302537037826162,-0.5700948230013229
0.1825752809704142,-1.826597765479018,-0.7625626278246658,-0.9738880748748286,-0.6975500187760203
-2.4238852839991716,-2.0410456395972587,-0.9401451466197023,0.9591464319628284,-0.46870930598337185
-0.557155961495871,-0.47640299107341544,-1.5036430564213277,-1.020975342293858,0.822962019991627
-0.9691268727601555,-1.352359322237228,-0.8053616748113872,0.2780808849470931,-0.3025462540426064
0.07122238603037606,-1.69314895046622,0.31520747569434326,-0.04732689733074376,0.07217077674856372
0.1986696876677981,1.0122762428060137,-0.283816409014302,0.5283623553922072,0.728052178328556
-1.238389645450173,0.027366762153299647,-1.5927464892388035,-0.2803212070625561,0.10022615280738774
0.8199737606323002,1.3778921108073663,1.5234376885786824,0.738537658212318,-0.5331407908299328
0.006994865261730644,1.8034573532358689,-0.04308596258300013,-1.2287035211458661,1.8215464695417467
0.4973494917571845,0.05038115094272989,-0.10722861116675779,0.9748750612669731,0.3114689238918798
-0.5031845007238781,0.0666795195959237,0.06580914478458283,-0.6102161261086837,-1.8671038895853862
-1.3801827773500763,-0.5843176606753714,-0.7325574829962715,-0.8009227591634168,1.1544035951496436
-0.32467386292400713,-1.1731039044084364,0.5744542371244977,0.29406842263027333,0.6759912392279674
0.12945379947024294,1.1476435134921599,-1.5319388907899079,0.3807707350776222,1.424310341384816
0.47506081759287644,-0.4506731912695793,-0.8687783217515398,-0.3742401990130143,-0.2224989765700996
1.2703583660100357,1.8756893032690427,0.7458087149464155,1.007499481694764,1.9358699800166381
-0.08508912988097339,-0.029994693007065774,0.6866943586479322,-0.5560823187950171,-2.4779129337350025
-0.23196126083763335,0.4728344620807993,0.5213275716508949,2.210944132324276,0.17284330258512245
-0.8206140441525899,-1.4618141123848039,-0.3405325131105618,-2.0140919135473903,-0.5989319661932381
2.6246809142842897,1.6919754526142885,-1.8775124939931704,0.15873667825824708,-0.20441706830175815
0.8541692991664485,0.9634044225456093,-0.5511365557105026,-0.5543094619785068,1.2149493370888595
-1.1905879815673488,0.722518885038586,2.4792156866378092,0.19251005699604978,0.09836059428284048
-0.4204372246266108,-1.7402945515195107,-1.0605279662661926,1.919197161699991,1.5425393192086134
-0.29927330401985336,1.094244218668713,-0.8446528463060536,0.8080305407122168,-0.8136035715686385
1.9099096100020105,-0.3395490793917693,0.8720537271285398,0.34497565347884923,0.8265606200085444
-0.2291146477911816,0.13189135864657336,0.4444600569231562,0.813693037353236,0.9780988302087771
0.7523558134829684,0.5400262513615754,-0.763128093526903,1.851228349884529,0.27248293799259077
0.030129048644685505,-0.7978075757858673,0.42240668411571486,0.17520420706842268,-0.677218246647462
1.0488269280462366,1.6523780687284935,0.5347217934022908,-0.7547278226315289,0.42821393184544465
0.962480872093353,-1.5613244644115454,-0.5334856074501494,0.19110689364553884,-0.18737649796680605
1.0789563763981966,0.17335647856210015,-0.09420339665594957,0.8261145470756001,-1.3649601953644062
-1.164345615819053,-0.07577018437484566,2.0700159332061596,0.14001673820205104,-0.696877317292183
0.033174424940503315,-0.7114860200743033,0.1069986534982991,1.3378147574580137,-0.1410556799977825
0.6041591114581482,0.28558356314618283,2.105752298445899,0.0656003204941523,1.4277246632887086
1.5616055145923435,0.8930597408318857,-1.640889529148864,-0.32577678477882144,0.8984269369688098
-1.0000419628881732,-1.5233445615175916,-0.4898002758915203,-0.4800750905712113,-0.5188845381567321
0.4532312145043709,-2.2228848803509753,0.42985438401545,-1.0768614677712847,1.0213217624127082
-1.1826019448420966,-0.015826794161214842,-0.7865987596662317,1.245129257173109,-0.17847372487067756
0.2527268089711106,-2.362646081733477,0.4332912465030742,-0.628833423509128,-0.0829578118475767
-0.21229390559716935,0.13755317890113952,-1.1270258225248682,-0.03243532830746558,-1.4492806388938648
-0.12020009053661512,-1.3068289215729412,1.8251698213699035,-1.4656751239846482,-1.4206627597580055
1.4393663224305913,0.8047325062414314,-1.5196291205902008,0.046728330493131964,-0.6936204731834543
-0.28349933189916,-0.33748401425268293,1.7321903513518553,1.2663693241988707,-1.2838486480830766
-1.1783649334186597,0.8709145814121988,0.10924356730589131,0.5121553243660217,-0.20136710043962028
-0.5161591266675412,-1.278292125345887,2.049574213045972,0.5059963626643423,-0.7773281769165216
0.7336070922297727,0.8168995718731276,-0.28090066731801044,-0.026081124040953328,-0.6849047000496393
-0.7043450379947902,-0.11680881631655167,0.12913195342457093,1.0671200718598721,0.15951462005939185
0.3184717499734157,0.07243976606815562,0.902909071188109,0.34350494345629023,0.24950812623180266
-0.2089643834462847,-0.44087060217406254,-1.7361577664879972,-0.2905839040388478,1.5153367959609538
0.2720682187580296,0.04969861582582774,-0.7827695064696816,1.4720827471814646,-0.2132878172801103
0.4498210239482437,0.997451623893731,0.007316459294672107,0.6455855059941848,0.4559184375939245
-0.1632562829772092,0.6230566752912498,1.4329271249244406,0.6228533404090197,0.7790731834390423
0.4153297820286917,1.0150117997519765,-0.42132547421976085,-0.8871454395376532,-0.6108604073868054
-0.33485401970187706,-0.5941194250434682,-1.156388838463711,-0.0487010101605125,1.1577799207488175
-0.33555981445001737,-0.4632859963663999,-0.37104695765476325,1.8330512977225055,-0.9550427287586506
-1.1399489675441477,1.0011190924180382,-0.6913630502845222,0.43246166884797776,-2.4641267350447595
-1.010393829385438,1.3982260374230429,-0.47197764272201054,0.41177150679730046,-1.4073090322543687
-1.2996379600141403,0.1761348878352719,1.7473111010462574,0.32342469555985076,0.6310527377719932
0.6635673403689547,-1.0074841327540807,1.3911953432099788,2.117451833964712,0.5561510840746184
0.7442441221055587,0.16038349742492533,-1.2284384035051297,-1.0634874006537482,0.2409206344556123
-0.3112741451600889,0.13534736189926597,-1.0139756312626214,-0.3150099684686031,-0.7955423663445905
0.6067097047669011,-1.3809587180868588,0.3482573719265921,1.8131310601719297,-1.1378788584525272
0.5258706527705361,-0.6576333062543287,0.04672176582459755,-0.5772325125490713,-0.5081666237642752
-0.07705936549647663,-0.7264741084826154,2.5534524544860173,-0.4543935234581677,-0.3231261996007708
-1.1483809947220427,-0.8843538253529523,-0.5519937730628367,-0.05959487974804218,1.199893758076532
-0.9459036162569502,-1.2193278969650168,2.3101523622659483,-0.3021518352967804,0.1926619747061134
0.874786823587697,-1.131244528724358,-0.04939187699454551,0.00480947455680083,0.09327736558570457
-0.5895977524977585,1.655780193521668,-0.4442335180032878,0.7869634274779826,-0.04150636254094193
0.37600521198397485,1.223081200791793,0.8934781319124159,-1.311362335290197,-0.3335364046200934
-0.4987638692622687,0.028163333176432263,-0.30161809009324336,-1.0064484427209048,-0.07810021246419183
-0.2622294502708701,-0.35756146923773174,-0.5148134099488361,-0.324286561777505,-0.40674675622659384
-1.9386484954395447,-0.42551265532804455,1.197330138000642,1.70278359968684,-1.0840889069955846
0.7504508858281383,1.3564811385520075,-0.7317074962061819,0.25953674201971794,-0.500497500880677
-0.9087488850780657,-0.2019500934478019,-0.5494203254909139,-0.015482022002387519,-1.0534374884177733
-0.720797529754658,-0.21891692078973385,-0.20136487689180343,0.43688216450941,-0.0066321384632380305
-1.7286335095360525,-1.0225415935112359,-1.6875684884125755,1.4251052743886465,0.21488231598668925
0.1976621354866405,-1.0560709619925617,0.017764678484709483,-1.3999096898022003,1.8478531893568515
0.6855257711157093,-0.4540379193425801,-0.1368215567019713,-0.22148494708080904,0.08516508257424976
0.25045459851808666,0.9182180011177798,-0.6445873635747709,1.8454962461464661,0.30013585684948335
-1.58349540394396,-0.348816185315733,-1.0208604516692,0.03456104673600556,1.511277888879443
0.022527989561480777,-0.14664351190629363,0.2242719878268522,-1.408423336307744,-0.5669322008945097
-1.952769672622973,-1.0508382592671102,0.9584349448073626,1.304263795758199,-1.5832608512764061
0.27207766848749854,1.185698465130715,-1.969628796907499,-1.4202592233326192,-1.3023098149262602
1.118000393462039,0.4248412045219799,0.7835017559385722,-1.075611794412403,0.5052915710175477
-0.1564582940702382,0.4670664764074123,-1.1316071852624248,-2.0587734601166487,-0.021587039600816343
2.2533992282818485,-0.5697674329332238,-1.8808967549949993,0.25989081907861755,0.29396535370955573
-0.9368072787886468,0.9086084527169116,-1.4823160668926725,-1.8537427354929106,-0.06515928948731144
0.3051776855085265,1.5069723916291329,-0.4883843405772356,-0.9012160706152372,0.9228733465632027
1.631998205660854,0.9378446578100246,-0.6774748641172854,-0.6391335186681094,-0.49721379029746815
0.3294523428188508,-0.48232041965292394,0.7018658704301338,1.0350424916410044,0.9328596376587056
0.9109739948376259,0.7297105310293578,-1.6947953684188997,0.5289881998516159,-0.33533747045510315
-0.1840590992057343,-1.2942967318316003,1.15483997334194,1.3250969327399267,0.49043958896587236
0.1205078210116698,1.5981668588557718,0.19528477590517926,1.1144010874961683,-0.8018389117561465
0.3815229327974236,1.421998899609655,2.5188987414965793,-0.04502764970897753,0.4918944664165664
-0.3092017684417883,0.8742561336359012,1.8752894519544039,0.09252192580018284,-0.006508206201015452
-0.19828064389552635,-0.9082265703906047,-0.22928886310350907,-0.6786054440748163,1.1612657899762748
-0.28896853144531115,1.4469193669561462,1.6981529412887577,-1.0777135674915386,1.0828509275959024
1.0941484761222051,-0.610994876864427,0.47981967554618693,-1.002102832401498,1.9924573683175155
-0.35045145315754817,-0.3659248883567995,0.6134583093419669,-0.03772750753815832,-1.5562533792921658
1.1451048211815769,1.4954743083728095,1.161850616489932,-0.3598468097040954,0.532934882397598
-2.8772108645474943,-1.0291556624873235,-0.1847604878792469,-0.1026349449191961,0.0046671157393322225
1.5038288771143657,0.5241660009166501,1.943100023671101,-1.1710745536548999,0.6522735838115642
-0.4207885615271013,0.33453948643764236,-0.46939542484079533,-2.695692149748149,0.6109166095137861
0.6090162131820395,-0.22711986796979414,-0.6351826541936558,-0.9959647658415468,0.7709681643015733
2.1844387087511232,-2.2010216762828754,-0.5856934842506007,-0.8460498270869141,-0.9185639063743739
0.650232036724355,2.145802946350203,-2.4933348854348263,-0.04284863137836225,0.36990924138443554
-1.6263283158475836,0.135309195000874,1.6495064571604403,1.9441334874575487,2.087624903541625
0.008517785970709504,-0.6251341357462717,-0.8779945312524775,-0.14494121468293863,0.5811717231755845
-0.6685997914645445,-0.8038447618820055,0.7080274573280424,-0.0508789151703896,-1.4023047432946638
0.008439548364157612,-0.05067033105727851,0.6136358459368096,-0.508991664037062,0.20979119698303633
0.5756709327515406,0.7833312524882667,-0.18333736295533887,1.9557930146705886,-0.03602018979386587
-1.1989488197374727,-0.14256016799993398,1.7793243642143668,-0.37865083354522344,-0.42603548842774913
-0.734325859323691,0.5684418817755817,0.4814403624443519,0.6916295145118957,0.872743201497911
0.8897181383259003,-0.2002309550056199,1.1185878686132729,0.802021667677912,1.2282286667854339
-1.503075843959253,1.1481575960120887,-1.444054061880693,-1.4071218106543535,0.27651980962313183
-0.21808694644966684,-0.5022062702805989,-0.755398788242171,-0.34173029290131296,-1.1457024261180029
0.5720807308793404,0.211322405362399,0.4001859037948081,-0.536637329323678,-1.1121186141549615
-0.6901193897918786,1.9607770680987369,0.8791838310728556,0.5125498923559493,-0.7787246409959745
0.5339819730665843,-0.11460568285477586,0.6126215600030793,0.5376560129305109,1.3561274570648338
-0.33155711699916784,-0.12557628472326984,-1.7306164944770515,0.7640544173459165,0.2580381833221412
1.7812061817294293,-0.37207988295661054,-0.26093600529442174,-0.17240638179216414,-0.7126300574106036
-1.646704178666349,0.6861641263296931,-0.3101609922463304,-1.3216751698518414,-0.44555357684630537
-1.2330443000814775,-0.9689449841445001,1.884901911205292,-0.590202522513286,1.712986790850998
-0.10915269028303719,-0.3587696138806052,0.7318588172471701,-1.23925702433487,-1.111235672631273
1.066645264549342,-0.5839330122764661,1.917740884960573,-0.4910527797562646,0.9643889049392709
0.8168458314966719,-1.483084393840815,-0.922824365686614,-1.4976135566191306,-0.6314446918367873
0.9101384566608,-0.15303944062713415,0.827169671735019,0.024377830351566147,2.5067668355210473
0.4452702614260637,0.33957762646966083,0.2621970136009451,0.5966205445411623,0.4265218059145577
0.5135391423787589,0.06274536706789732,1.524496800705304,1.4723002247508383,-0.24124805705951807
-1.893219227575571,-0.6804741370095198,-0.5273723436663356,-0.04360048628486307,0.013894161553946594
0.21008635333212508,0.2423980203903259,0.056998147651557,0.32413162289411096,-1.4843957823743592
1.693304965307,-0.9325551854375066,0.3226926859557668,1.6950377405970094,0.15471383917254192
1.0821176646134998,-1.0763000369770737,0.948202916934927,0.5617973619159381,0.603727033438559
0.07641395285950775,1.1953749078059692,0.6679203237949447,-0.029779511866295447,-0.008163529714375303
-0.07605130810886183,0.7500540231217777,-1.3572921405621543,-2.1502407064515454,1.8440483248733954
0.48304555702708113,0.5331365088625226,-1.0376018211871145,-0.2625964788872702,-0.31210297819505756
-0.05469341705732727,-0.0033505660378153677,1.3365401928913572,0.7898612819785349,0.11793386533354376
0.4396751331058765,-0.6573686008053797,0.6448198429257164,0.04768303325625366,1.1531456285858812
0.7105876178457815,1.2969075074535341,-1.8004616794011143,1.0797772546479913,0.746226751804614
1.1256194354987643,0.9378084250728967,-0.8917698155583855,0.6599858180530322,0.4936445311548494
0.12289469179131518,0.11075525486140869,0.4758225602236606,0.20755778244681844,0.5389505896921697
-0.8393385924559714,-1.0586666420140582,0.6684939984711102,0.7813602744429797,1.6038074185755147
0.12035744696262983,-1.20618774123183,-1.9761383238155545,-0.38372716268316226,-1.2205475532375745
0.41700666417940063,-0.3558380821275596,-0.028539620454952105,-0.49496358647599725,-0.11391250789249512
-0.33681139983182895,-2.536422634034287,-0.07095810945608741,-0.11785693698999442,2.67652387444717
0.3748010195155528,0.18896115698219926,0.33518298585671613,-0.06176865323657563,1.1585559019791902
2.503246540054305,2.3886491549527666,0.07234322051422151,0.41592064820844044,-2.0771522842833154
-0.659017877213015,-2.4930664598132335,-0.635085914244309,0.27104351122341674,-0.808046989631517
-0.4616957685923329,1.5124183475342223,1.344316715807572,0.9911243838491972,-0.6618668765608445
-0.14727157822435574,-0.2007646075256988,1.5659460705820512,2.28776594809171,0.7820745758486635
-0.4219130615647067,-0.08638727970730004,1.3255891961575978,-0.5148056036788105,-0.22546509358733569
2.028073660906468,-1.6984839635394868,-0.32839354443145014,1.5011687295181833,-0.21903811718245877
1.3533703725395956,1.2317769123540079,-0.4456869230331886,-1.906321926972941,0.12176424396192173
2.0743856257517654,0.17091219533914717,0.32135833600708863,0.4465408225986137,-0.2898804585855231
-0.026847077128017545,-0.26417512488143663,0.6048277069718133,0.05243564379818214,-1.7191453816889208
0.010823151524020386,-0.11727303469428088,-0.6755652842249737,0.7347005202828455,-1.247806094736845
-1.6308670655266673,1.0195886017652998,-1.9315016040924984,-0.5541488845349605,-2.1699757836480305
-0.5154315680127841,-0.4711154568677141,0.20751323871444935,-0.02737362711592679,-1.9358442323981742
0.20648528380882714,0.5690871039267176,-0.31373893174266254,2.1451812701528543,-0.40228712466988414
0.028375794760440224,1.4155537332488286,1.2203609779985085,1.5931742819521217,-0.5699229997628836
1.3301396753806902,1.2998451997183114,-0.013312852868927305,0.03169847531077013,0.14731536803274395
-0.6028064429492223,-0.3207438795705636,0.7854489345797843,1.0887644239053023,-0.4399197950396581
-0.5294888614123627,-0.9104734628629639,-1.7965993407891259,-1.2790258544957465,-0.29438670611564643
-0.22687632447024836,-1.9831222657536491,-1.0484467637893535,0.9909800185618409,-0.5994926556319129
-1.896078114814626,0.03762364494235035,0.42360734509362835,-0.11641886516631578,-1.6287176214227002
-0.12775753853622207,-0.1290482493287577,-0.19754652478083778,-0.20601813243553846,2.5249037041846663
0.8935041447452912,0.7150991282749359,1.823950451328825,0.09265243159950035,1.089786330281472
-1.1800930088621002,-1.2791388707427331,0.07629742904056294,0.3439857817833995,-0.09446911875257942
2.142009470011243,-0.19868920560454167,-0.1468520502985293,0.6097040924109597,-0.026384584006999466
-0.10663876423897461,0.16059962155697138,-0.4392413415528588,0.5227097311563116,-1.9217638975017954
-1.0674245673137452,2.0809050932692634,0.9744994081680289,-0.6306383859413451,1.4671216808268095
-0.2318731688094768,0.27636679081404114,-0.25681750518500074,-1.6174712347941742,1.5285522863952337
-0.4116449991370363,-0.7996021761801595,-0.27002651105588454,0.0892788833894318,-0.2766830887138044
0.6580801238777738,0.2609570057761783,0.6919016772924739,-0.2733710728927484,-0.08124428591080823
0.388434367680917,1.171624553368618,-0.6502334171026063,0.26967144930522624,0.2698013321352
0.6224253403144675,-0.22816822436238737,-0.46992838790793484,0.9697235578327443,0.11240739016884681
-1.6216421580939375,-0.8511321390516452,0.17112747232980108,0.2886920684443074,-0.09354070306077798
-0.9948464078996537,0.7044222321491821,-0.34529128098235096,-0.2733747084989471,-0.25800666742159095
-0.9065711819711852,-0.6617282270257693,-1.2623180318990714,-0.02684022027975857,0.5132303515526141
0.533391214890207,0.6751185594307115,-1.145053814790531,-1.4842517102453598,0.746911397312583
-2.183994410300812,-0.7047924577831256,-0.5441182183054593,0.1247846505659091,-0.07811703775126459
0.8107103316864911,-1.0913186460553566,-1.3838124580754647,0.15824845422179415,-0.28569784101762885
-1.8827312417626536,-0.1610035839560243,0.03999940948306098,0.8454988509276572,-0.5651248834488234
0.25715303229207825,1.0356663964805126,-0.9267621655052088,0.4370610228324826,-0.0005478651313248833
-0.44939636727716925,0.32540415997822336,-0.5258117138819332,-1.1267723684399764,0.19566439226472673
0.5020732089304722,0.22141468219561025,0.21263538633486675,0.336788851452224,1.4097573748958294
0.5462397485976946,1.2823920773500266,0.5508634780799728,-1.4593568233256315,-2.196964639902562
-0.1016388278777461,-0.8273833086699766,-0.405798302784991,-0.5124284210321045,-0.8109196202568429
