-1.6791058314564777,-0.2105296995133091,0.6385897718279385,0.471800807983337,-1.3288068161603368
0.0004375259936120943,-0.8833039860705778,-0.7339397409462374,0.4022934983649267,-0.3951616811990075
0.2636455606576021,-0.07755554141370462,-0.40167211877193704,1.3680678731939282,-0.4332896628974026
-0.9869789812312402,0.7177264026103347,0.5330480023390146,0.08195779041798404,0.021351725129933302
0.3044484428425526,-0.8159669081461908,1.8892786123349536,0.6794858634068706,0.7518305262849407
0.9873620078939666,0.6358135503792565,-0.584686853753258,1.50472844762281,-0.30417282250026395
1.259530257249566,0.2751796284015927,-0.9088200176904384,1.7315422890092116,0.4835027049612195
0.3496538238513807,-0.1702083062356397,-2.5838111397903627,-0.5145304143147726,-1.8221730697637513
0.32627800291937725,0.9361139694569662,-1.8133249496077175,-0.14150242645697378,-0.1254836853964372
1.8045000970732512,-0.9127932614978909,0.31093114012262074,0.21770090248017837,-0.971479590191318
-0.15366465301319748,-0.5323311946268775,-1.302703778999949,-0.20993904773502597,-0.20422539408089235
-0.46308649140044555,0.5357687086920482,0.40594818751440503,-0.4756727091946148,-0.13155405027134523
-0.28104931373069525,0.29923463620659113,-0.36610753985723216,1.0251802089736837,0.0075558452841613605
0.6149262748386224,0.5437742776456532,1.6142585591628025,-0.605376476490512,-0.21191981053066045
1.5151845235858499,-0.38716410407770024,-1.0296145241128354,-1.0071849893867206,0.812499910071605
1.694220309672735,0.4641662635560363,1.4990973614642842,0.8708484862069934,0.5758345735384974
-2.1746655263648624,-1.1112339671083862,-1.5086544366805368,0.5210073556161164,-0.6424017492889094
-1.124513972710386,0.3808947920128709,-0.37344252699121566,-0.6803816830263916,-0.5792667335886631
0.6378066331677098,-0.805104156662472,-0.18877320168746187,0.7110575304249136,-1.8235853649862286
-0.692391265188109,-0.8122055241148709,0.43102332330345416,-0.29014932868292975,0.6961579894083629
-1.4627348942499792,2.2848648478584375,-1.5863127671912112,0.029534671867290068,0.34379373171221905
0.5795586522107429,1.0198246885880025,0.02970501760008532,-0.6366364820748748,-0.783461573480187
0.7263059840969811,-1.0424734430506621,1.0258288556467734,-0.28173631811616273,0.5897985370726935
-0.2533890904194863,1.4592008420240703,0.41847089533052384,-0.05932992273883518,-2.6646170675639476
-0.5692625814647259,1.51749640534548,1.4366031377966233,-0.3323842526497662,0.5115804342331367
-2.451542274631297,-0.4948900077526584,0.870995152823267,-0.7330005717353604,0.08855748914623852
-0.8164490298920722,-0.5714359157716219,-1.356366761217745,-0.060121220311617145,-1.1284738528231741
0.5047598556329096,1.444765622478255,-0.658979654852767,1.6059080599325002,0.9304129908278893
-1.952584552505529,0.12016621677228173,0.11368550374162657,-0.8583452131296093,-0.5623236669350171
0.81914107201717,-0.9511307260269914,-0.30517815606825516,1.0519145275842576,-1.6811824230744508
-0.7612714430174619,1.0012033114561836,0.004694528408280851,-1.539217521940307,-0.8416667369050022
-0.8567899716201124,0.4533448276604374,0.16157258877305566,-0.08033383162887177,-0.11858462498216517
-1.0468841719837545,-0.16264380747115384,0.7464960305847473,-0.8250929054293669,0.27141072785635273
-0.199709246411355,-0.14275545258282535,-0.24064053241034844,-0.1231535767263639,0.36597233756934316
0.994731598770615,-0.3829643753770795,1.221808153977637,-0.7214787206378898,-0.6147505884457576
0.7458380006334161,0.95421030504119,-0.28029615589378554,-0.39091515319190057,1.3875251717205122
1.044850465900055,-1.6638011920975744,-1.2163963804361446,1.5743132827841417,-0.08628469266923432
-0.048345172325641665,-0.14681356640526577,-0.20526646156905629,1.1716169526770719,-0.9524564785029819
-1.2358095448578554,0.07520221459700957,-0.5501355004670796,0.07081947441618056,0.27255898314890786
-0.6321947282507306,0.857334565443388,1.1308426612888456,-0.1409172130274462,-0.2543430016262435
-0.6533660262693015,-0.9514995507514626,-1.3022583002798223,-0.19855249417431142,0.42958152547520934
-0.5889049478578222,-0.12187102954255272,2.0704244039995396,0.8370991650660596,0.1228389048064155
-0.7987245400606361,-0.4292190454716089,0.5330790649991064,0.30981489815835783,0.845673720915848
-0.1972738347211391,0.949044931140334,1.0817502686210636,0.4064602727097976,-0.7140955781066392
0.03764196497690422,0.030023893919714394,-0.5681025054314093,-0.9901668995670432,0.6059382197025235
0.25828304909178257,0.6076481297009684,-1.243671392425408,-0.4736070817947645,-1.2343000062041651
-0.2863015855641173,-0.5885938493996796,0.26184785384129317,0.1987241552300515,-0.1308250669733941
0.46760888734912287,0.45309547313808624,1.0807089942492052,-0.7497408918299409,-0.6952349419446758
1.4473308264999245,0.133443348963154,1.05434105466644,0.40611385799819155,-0.8764129594663662
0.5714411821913224,1.7101290577787962,0.22645230506795164,0.029703039690177957,0.41516293737006066
-0.1136783635351467,0.8943078686105729,-0.5276605588187576,2.3090790009528623,1.3993370945494081
0.6984398534300763,0.13418968871375023,0.24107072871921723,0.8419189489030814,1.082746941832503
0.4152983384156989,0.5787242094956284,-0.8179453535468626,-0.40216037948992167,0.4280666613582947
0.8834695134557694,-0.2678393358227839,-0.05706834564385098,0.5991212126854357,-1.2824611177130858
0.11686722598064951,-0.4413643072257876,1.4565945144869297,-1.416220396433905,-1.8223659657315332
1.6165555751867977,-0.29521882162143886,0.8093744568288337,-0.6994726557979617,-0.33593624950704926
1.0812330137682427,1.1902419277731893,-0.38060751189541886,-0.8469663837543625,1.9032104320928442
0.47779564644745265,0.16600488850631961,-0.6061704266219605,0.737180814134949,-0.6102464374380809
1.869467760614631,1.1940244088294114,-0.5812311609834118,-0.10851558626091913,-0.6724261672416987
-0.7671199022465701,2.0681177871863703,-1.6028141320742895,2.6468647383529795,1.0596146931145407
0.24838240626386673,0.12594241667074568,-0.4048197601189762,1.4808003901955777,1.1179574577574816
-0.2092264889710994,0.22748747778767678,-0.1686214635050837,-2.3429857291136766,-1.635171828270766
-0.01578817039366563,-0.8384563253193739,-1.1941606874970845,-0.4212291066242445,-1.0900632634473686
2.531943434421434,-0.2526591917598984,1.031148176881792,0.6596027287453652,-0.5171953127300631
0.06334601703684456,0.15540225422280182,-0.29610591027579963,-0.5964081230346314,0.11781718340374599
0.5936978313999134,0.780079789628534,-0.26928802309804406,0.8414088471953258,-0.8885526885628072
-0.09694344585240747,-0.7519833910964071,-0.3443165731798816,-0.2583350327076733,0.6899702879152539
-3.5034394156661945,0.1132342131219804,-0.7937935881551822,-0.8334202358920251,-2.181228099705864
-0.9603261724141666,1.6495676303581972,0.7666007581289389,-2.0207763767254465,-0.8357224352999967
-0.6901683118417831,-2.480540903508208,1.746214469816075,0.32882126136207096,0.10342558217122681
0.8476033606458698,0.17845535457094377,-0.44040476868671663,-1.3153151860401873,0.7759330448291952
0.5932627044023983,-0.4496813990632262,1.0308592790947129,1.5762594213091496,-0.32064422142221527
-1.2428009105515523,-0.27184160055435336,-1.3946822949276203,-0.6209949304005781,-0.7729140402781925
-0.6871920429939833,-1.4441986168422953,-1.5213374648596891,-0.6620702133067051,-0.6832294719793417
1.1666485533407025,-0.4705633759437415,-1.0074585712653266,-1.7343863378885895,-0.025440941256013924
0.48206140329990216,0.557133293664232,-0.6283584087233621,-1.411125902100712,-1.238611066946949
0.5212658383363643,0.12029686419686142,0.06344969444480135,0.4764163182559907,-1.4590869019678325
1.2603941646815457,-0.7672398649720606,0.05645861903135717,-0.7768252646710503,1.864641570400953
-1.6636325664108476,0.16044961503320765,-0.5807010856605747,0.058858862857212944,3.281533134781681
1.8414829119268037,0.9300541821821148,1.2118725681070401,0.7023478591567025,-0.782307613467936
-1.4854981423559024,-1.4392711227092065,-1.5283646707454062,-1.09269538613156,0.2766771704986879
0.32645968662833263,0.36819254959539954,0.5390344213192169,-0.14344514626512625,0.970368144688561
1.395783108637482,1.0387170094372946,0.0806032315038636,-1.1231221375665268,-1.4250781368521377
0.3648664999382991,0.7821219117151325,0.3575088861689012,0.3083520880571862,0.2872240355462708
1.484433850172543,-0.258986050982679,-0.06303475108605507,0.740454082685404,1.5991018929935865
-1.243533812331203,0.01754378241467201,-1.0737478519247359,-0.9907362714821604,1.5331397717425246
0.3284855528703534,0.28324448854658163,0.15267528375754122,0.37682989588338206,-0.44214186889915863
0.23092315146256054,-0.3759691205407132,0.706846072026412,1.575789471798176,1.3116641753429037
-0.5580669557976664,-0.0789677175471231,0.3351607534165623,-1.7333306307529737,-1.6463397880221946
1.1738357623537665,0.6425752138117913,0.4511798733046348,-0.6952577973231718,-2.100426791074636
-0.8586192135247243,0.5103997737863892,0.8754606273460952,1.3679070775415854,1.265841308264565
0.09422603542748306,-1.027762455563451,-0.6704739586934743,1.2260688347974553,-0.746268523100066
-1.320802883909657,1.5838129459368184,-0.7001007502547621,-0.193331755718785,-1.4596843241304673
-0.7665250387701812,1.6142479194262087,0.8700104281561428,-0.2868776057548818,-0.875375508456545
-0.9959368901573734,1.2998873879192347,0.511259429323469,-0.48065550389858996,1.6387745734109587
-0.18511302873430893,-0.9139188431055874,-1.6255742298509381,-0.06736729171456197,0.585164668817583
0.6216968516058826,-0.8191927642707697,0.5050013740419985,-1.215028850699639,-0.6803603007290908
1.2583912217611304,0.7899728527412645,1.258613468866293,1.1775140140605578,0.953075207802521
0.7708577166517124,-0.24975130598743409,0.1693039655769877,0.4576980646579302,-1.627255173075913
-0.5396725310410568,0.3357133245183159,0.614074919426727,-0.27781925753414854,0.99811886494225
0.06548234071598645,0.7069389804918682,1.0188063629960717,1.2286476298500904,0.6221329513604289
0.7707114758951779,2.390449252822008,0.5347550443595028,0.46977386121214315,1.3549571555409954
0.36383897507858093,-1.4707488353308558,0.8173167408911749,0.40876221943692304,1.2594211416543628
-0.23881564572852892,-0.7420237697375976,-3.281370880604774,0.45580620483889484,0.760342240918425
0.39380618552500546,0.22610375086035384,-0.7396431197211387,-1.5562586357415114,-0.0734446590356923
0.045398568432121804,-0.8598795110833606,-0.9020511956341095,-3.223108190272793,0.857074866177916
-0.5658828996668198,-1.3241490472734652,0.21334833989307794,-0.37903187025749585,-0.001520290936060951
-1.5937276589937104,0.48322479916410604,0.33419248142456054,-0.3056544483172744,1.1070524604123022
0.6005653120785839,-0.6212102847216718,1.3816369276139082,0.06153089659310662,-1.4198108618335363
0.22847164783863122,-0.5317235012902177,-0.04580163850412208,0.9814077500084384,1.2618001454420957
1.8114948943746565,0.7460715710676726,0.1781243385249414,0.3319707443033071,0.496091874177705
0.7679615574302526,0.1920971179115139,-0.9332077471186283,-1.6833422939171723,0.33745555410503864
1.123632750855533,1.5492984781076233,-1.5145878996524875,0.7354530917741403,-0.5581332968135736
0.27830131516869727,0.38352611500836054,0.4026512132739275,0.2272644238984355,2.733247490777065
1.387110030841739,-0.41589522957129427,0.48324982406402694,1.0567778258682239,2.6062500517889426
-0.04792107427943674,0.9429476615391654,-0.5430582723849351,0.4110506410958124,0.4706664270913014
-0.5335694487206936,-0.49151223813016875,-1.2207676197302313,-0.14383844533139714,-1.7426814106052888
0.18184720992072767,0.9995966647401586,0.4233967510940289,-1.0124223576084663,-1.191836438525169
-0.7500515702032388,0.33758169013961664,-0.6638498691313558,2.6543291797547086,2.0318916423958107
-2.0428118031506557,-0.1801853024180031,0.08998889312826375,2.630490407697852,-0.7509622376227917
-0.769719126561529,0.3448852816079423,0.3719753700629221,-2.2830312485619104,0.21378380609083236
0.18408004063471647,-1.5821777142414377,-0.8915060577627487,-1.010761201821723,-0.7927533910217223
0.2766497586307031,-1.861064920705923,-0.09223568366632036,-0.29814886689010067,-0.7282672008737177
-0.21588020153424017,-0.7539983788575929,-1.7699878704299987,-0.8925019304668278,1.6658230350305245
-0.5018175943120013,1.1676270253948373,0.28518507255876263,-0.6414280180147375,1.0486261587193544
-3.196750704247102,2.715600161142531,-1.5967719974905865,-1.0379508668169284,-0.8569282095729684
-1.2456410425190005,1.2663717325985688,1.5055288691705415,1.5927791707119658,-1.2401787488119167
0.3515255612052665,0.31162505451767236,0.8455442245401436,1.8519539445301854,-0.6103252512110828
1.5628219522304794,-0.513320150553768,-1.0769971983790672,0.4413355446279333,-0.37283932056509433
-0.6025389334188783,0.901127270659811,-1.282234783088563,-0.5418469861616524,0.8766248982010628
-0.8502105180475705,1.0624127262439929,0.218951459724317,0.17982754530044,0.13251261526839206
-2.0790778054845434,-0.8366128514549697,1.1076089927792307,0.07674928292746216,-0.6172249407960031
-1.4174720736850692,0.5955554318599515,0.3257667799216733,0.5749873447735393,0.25176533481389984
-0.9458504274956563,1.7698559531999287,0.3306422469813968,1.6371099035471222,0.2452144035594877
-0.23777435949577638,-1.0226656607675304,-0.7082968517493823,-0.3985336870926152,1.4691614160037514
1.1242355846196872,1.1370136949283978,-0.2602499084757964,-0.21398674441801302,-0.39363071220837165
-0.8694043465557415,0.6248229467994572,-0.7251925394614561,1.8714027661045045,-1.9026363039142735
-2.179178479699009,-0.6795044782590791,-0.5382032090530025,0.08438534212959647,0.08371346918230228
2.0185297240215028,-0.3388429910323342,-0.2812125180127754,-0.9057636401111854,-1.645970821497929
-0.11944305792980393,-0.7416664993218797,-0.9978017700781812,1.6625863396379081,-0.6973690742058557
-0.5973466859046088,-0.15016599576092515,-0.6086096642997286,0.7961667231291094,-2.1687194684370747
-0.07916259489694409,0.9066894273826569,-0.416145147668673,-0.4807486844173404,-0.759920851072124
-0.9626986581882888,-3.034474452058745,-1.48519247728958,-0.15835819452958405,-0.1078591244239692
0.25255280956304893,1.9466085723701656,-0.2797588999946425,-0.6431543178983119,0.4457057949344433
-2.3352462212587213,0.6766500164228553,-0.7935039838232785,-0.4635324262183629,-1.1341306982514654
-2.955371060451838,-0.08725007657003984,-0.9006961066009688,0.2831511480552457,2.1196270683674316
-1.0776406754319063,-1.1353651474980597,-0.39989640975212143,-2.286690100285148,-0.05009506599138761
-0.9609452991623251,1.9504880368963453,0.1058343090288403,0.21245550283183764,-0.49414543523402715
-1.076240227982458,-1.3698090509750422,1.2876312044778244,-0.009916068428934376,-0.6631360007118045
-2.538207949403796,-0.8972303219909074,0.3479117496538761,2.1179379850669573,-0.7884228550024635
0.5902688485839162,0.2761145053926794,-0.5372829241553879,1.2549124578356259,-0.2243731746307756
0.7972611732785215,-1.3391481828718803,0.0714289706810196,0.38938319569605634,-0.14771950779934742
0.8303478368229554,-0.4385561208617866,-0.18316965261140386,-0.4255322641064622,1.1071309351674319
0.8040761041228006,1.0234477673217572,0.755221561926404,-1.3379542311030586,-0.6887274532292255
0.5481261073856952,2.6351291475272554,0.25245787563139105,-0.4140214129039072,-0.319766764941315
-0.8123519641496454,1.1308325474433634,-0.3164865574004824,-0.7972000624849626,2.6868758491575693
-0.3729805516365571,0.2388086399177507,0.604721385810943,0.9032834174641254,-0.9416058215245493
0.5989629962566317,0.08853849274211154,-0.6566197091287633,0.571033243331722,-1.3972396850578035
2.0577555571713515,0.5469674823396116,1.277093331062667,0.19417324498186708,-0.028637788741753465
-1.3026799136371288,1.1884075539278338,-0.22380452605411352,0.9400011760830181,0.10190668343145827
2.1755224599154324,-0.15687206102970977,0.035835285931234556,-0.5908369845729233,0.8114255805619521
-0.897078299755814,0.12875489859797745,-0.7497469891817753,-0.9114442229418508,0.5913495814095266
0.016430711579714916,-1.2636071972366738,0.9596244697033648,-1.255177643752197,-1.4002728935928197
1.7963553697885157,0.7045074727285631,0.5002723874694238,0.3686764037928058,1.496710118462775
0.8417416796976942,1.1445548428855783,0.728724911115311,-1.0406817105367356,-0.07248835640220151
-0.11937538579249558,-0.4258410320916987,-0.3348536557034825,1.4888303497023747,1.0020560225722364
-0.44666753415659716,-0.10296710646757888,0.2951799655506977,-0.17177396278723817,-1.4675807663581335
0.3998095815074749,-0.3070733093163557,0.35854171640663346,-0.8221240036096686,0.22814023127023533
0.35860848770128617,-0.0730998059920343,0.746479994071498,0.8299095920490338,-0.36205199477264055
0.6240744999660778,1.073195921774426,-1.212043161510767,-0.30919663254908847,-0.2584879385175851
0.05536145287852431,-0.9543805156735946,-0.8711791761784236,0.41955771962120697,-0.8996828191377253
-0.5163267856240735,-1.016475375391515,1.1768027097821225,-2.5432632423184987,0.4858916294770799
1.5978509233065163,0.7402091719662904,0.2701389403603077,0.3239340054998712,-0.7058923810132647
0.8516021834698795,-0.10570105006511378,1.8136569741859656,0.7371780012828268,1.35885304646617
1.3050689685433328,-0.5712689011234439,0.6002475200123549,-1.208228634563925,-1.032892323240289
-1.5367136601469644,0.19503374872714166,1.8518711258704421,-0.09771571010765356,-1.3203346271695944
1.1006309010760462,1.988113224316396,0.5240399541428709,-0.28916476564441385,-0.34654073411593395
-0.021642286793339044,0.3030760411195692,-0.5111069246609525,0.7784211221979738,0.15515438999614997
-2.347578341151006,-0.4452408198054573,-1.0846479458722493,-0.38580645438039674,-0.20925055838930107
-1.8105671399708172,0.38258540467711993,0.45842638244458145,0.08679201933742525,2.062257014404682
-0.8759577029255791,-0.19071835808844417,1.2905559826058404,-0.04143387378551126,0.2104507499852846
-0.18134740617516895,-0.34336906841311315,1.653393792084141,1.356532218370359,0.2703615842193208
-0.2706737412518123,-1.1840458494918742,2.1707068858784586,0.6846838186143215,0.564146812547646
-0.7336962105299312,0.607660414686426,1.0101191066532431,0.6105124450681214,0.6305515900294093
0.012709897810018215,-0.31344315783891136,0.9415055105290755,-2.4834606045284,-0.6154306065845023
0.6070419652500445,-0.8002819220166792,-0.04660300815728841,-0.8519561758393782,2.166929472737069
-0.19892581363698222,1.3006753212713753,0.29135632502102526,-0.12206446217864995,-0.7009976714503385
0.09312111349595058,0.7596010721325225,0.12479518092834252,1.6985248593715419,-0.6624513587700295
0.4573594124003731,-0.3852834105216477,-0.7052181090719527,0.44150301198356817,-1.2365693202621375
-1.7239853143888249,0.4330998343911998,0.3703303692185912,-0.980760744267384,-1.273331641598517
1.0636645618768077,-0.1527060509802723,-0.17500556641305276,0.36128153740152574,0.5855961916031056
0.5294173713680992,0.033782225170917515,0.07564637092010906,0.08533448814046751,0.15496278433151003
1.8770509273601181,-0.07693581862402922,0.7712671002812365,-0.3312773525748793,-0.5965240854667418
1.0026981585176589,-0.5019612416455789,-1.1553198363076473,0.4227070226696171,1.2930811492327763
0.07698008707315422,-0.16263005632609845,-0.4011374831759979,0.3029977276812827,0.7221332573794303
0.14275636494644844,0.7260963891036779,-1.5612984602814965,1.0989744810936903,0.12737981627582476
1.6158014920136035,-0.2703653960439391,0.15742298417979136,-0.24997984008432333,-0.8850690417653835
2.3800473660992387,-0.34748457343900496,-1.6036719774263581,-0.8277180153163783,0.959689012730153
0.6863491029121385,-0.0665577244485813,0.0023772842982310613,-1.2329127501900554,-1.3216502789628184
-0.7641597863619912,0.9920609029699261,0.411104719320881,-1.0737288823628162,1.4153125646195364
0.00601220310143272,1.2547929140255853,0.15496735927446073,0.5881851132874047,1.136565071808013
1.4814391767518842,1.8900251435636415,0.3986564936109694,0.9973833986071207,-1.0965245987918575
0.29811034168441725,-0.8475238686310761,-1.8468955306703783,-0.5375525172776882,0.6722614910531103
-1.5261057274816312,0.520509895393361,-0.11824874976116176,0.8144167037001598,1.3293135630387536
-0.6135350388469576,0.8808484661034107,-0.45546439427908125,0.026573297728814553,0.593710388982549
-1.1173546504562637,0.40937554450421615,0.49503971661606155,1.1626644664081975,-0.41111484287318006
0.32988587198500013,1.8278216985262614,0.3994056249118506,1.5350476715759045,-0.5267680055846797
-0.18487040303704008,-0.597020832312526,1.5993397422383624,-1.0232441103829708,-0.17499934539143744
-1.3232243044651872,-0.0901800637504897,-0.03196340100813798,0.7224161501854836,0.34157786812548274
-0.12936654212472604,0.6332553272035059,0.842061731746625,-0.3360801903489298,-0.11239682097513527
1.9271670622119303,-1.2490594842178977,-0.6219266456002794,-0.1929648206100048,-0.5362530146903494
0.19265451873626196,-0.8138144908436887,0.17817168341629816,1.4759973340952266,-0.9602162076058589
-0.6332096224834998,-2.3624016560506282,0.0850133650567645,0.5622735853178489,0.43034879372653234
1.9277953596982644,0.18699744648724378,-0.6138357738085651,-0.7358275965371955,0.42273504805673495
0.2777587996900748,-0.4196905779472186,0.3672335016878554,-1.7162830595007084,1.2637998294752903
-0.16581706810833055,0.7198033824413932,0.6259811825079464,-0.3669349082601863,-0.7521029474025027
1.083816415795489,0.3356740217489457,-1.432900903937292,0.6861306123833042,-0.16606619797399094
-1.966475600898563,-0.761805806847793,-0.5395182731723788,-1.2235471027586071,0.9584603328384652
1.2110666906116363,-1.7573645727881806,0.10382122005182032,0.14618742751165884,-0.25549888077988964
2.776045748190225,-0.10984504923769246,-1.478895656243612,-1.0199174712461279,-3.2015791454767006
-0.8379790164017191,-1.1237589679457505,2.5449878307911917,0.5402838429093458,0.27092298714554885
-1.1558522924820918,-0.8889763848709957,-1.0500166374297657,-0.689804087705457,-1.715797837077534
-0.49393160430411587,-0.06107762608706323,-0.17832015750884586,-0.6993876999706421,-1.5261325522624658
-0.8747624238377613,-0.34806741920618,-1.096511107470066,-0.6794493272327149,0.29954232431076766
-0.769100567193634,-0.8949751595641443,-0.6372270623824213,0.008315380121720974,-1.741749652903528
-0.03492153852187556,-0.6497713607346584,0.27047315350026924,-0.5456902658756816,-0.24422710159464153
-0.058937612548889136,-0.029173020952943992,-0.23054316034084962,0.26307156847125823,-1.1588698012708971
-1.4725216028501253,-1.4152158007726632,1.1614911295568164,0.8295172609587395,-0.9799742173981393
-0.9210258188592847,-0.9208993472135271,0.47743268660119087,0.08340955196086768,-0.9754677488849972
0.04725808065078476,0.41518135874770484,-0.6138279824190052,-0.6848765456647526,0.4795798357520941
-0.9848305453031654,1.2806023986977668,-1.1172221197954346,0.04433157253190461,-0.6627090736082661
-0.2757455047895394,0.08565619202186112,-0.9524884215521737,1.2710245655335481,-0.40682023080600105
0.17907776753051216,1.5681174757268093,-0.4888020160641442,1.2809469168972223,2.336194213731414
1.769042903358024,-1.2155625355956743,0.40820644673658224,-0.052059504147161435,0.43486580062980346
-1.1688443738457335,-0.7580357783995939,-1.5574323423327021,0.7159656268281898,0.3962663731143505
-2.3266720367873046,-0.03762891335304298,-1.2502268299941994,0.0433031142808361,-0.26629364776479697
-1.4524853112843723,-0.15998252519768522,-0.5989635605793783,-0.16943380750251555,-0.11295056183686764
0.0848329929791927,-2.647494088711662,-0.5333406285280806,1.026251389280785,0.05311211339325207
-0.665940830552703,1.3879988416255489,-0.3944395405841709,-0.04766085480885566,-1.2850512828011784
0.3301245403592811,0.6190301256594072,0.08894568009778134,-1.39384075703636,-1.4875580194281894
-0.5191474701410311,0.008188917680038627,-1.0361254162019333,0.4804865032231004,-1.1456996504992598
0.013665629001042658,-1.8309597381161578,-0.018235356386733632,-1.5467797773895986,0.05203218339462575
0.18178431959946192,-2.0028129326158544,-0.7149292524054619,-0.960157659225869,0.1132296869346639
-0.22500210355044867,-0.1995409634861736,0.09029968721459196,1.2587634066855384,-0.8992038721096164
0.8000018965583993,1.7241869256188764,0.11070899936803749,1.1020208007037446,0.5849334439991197
0.8736211200091167,-1.984690816908539,0.3560068619892315,1.357311838849264,0.1353412634633949
0.2522355698944345,1.1961885400119912,-0.6002957370824189,0.8840089715029917,-0.37974357389273045
-0.22011137122568974,2.2015734225965824,-1.5888218899204452,0.06774682977725913,-0.15477477293058597
1.2339911880178005,0.7433412611470892,0.41640949580391595,1.1663766785753578,2.6454400614984444
0.40101997275292667,-0.6614663808549445,0.3939586008276341,0.06456499136235253,-0.6008550941557163
-0.49574158748530994,0.005886673228957843,0.20539526644702585,1.0952657035987807,-0.7079973125441344
0.12411128831397165,1.7133954355399241,-0.10659161053408168,-0.5743879278790829,-0.02796375609848662
0.656925640865739,0.9412834982023323,0.31157773241724324,-0.27319231225053375,-0.5257799598150454
-0.7365219766502973,-0.7546614949625965,-1.2057214018462126,0.8620468975878705,-0.65977603999317
-1.405916602389421,-0.19694404016367828,1.9665943478258694,0.032868900695850974,1.0936812861493717
0.6055011381976151,0.11535388741485124,-1.7959973570582348,-1.9055642052985478,-0.8717071615910379
-0.43502270673765386,-0.5745502683484156,-1.6673246724113298,0.10325380199248109,0.7898073476995493
0.9651643598782302,-1.0302589475768955,-0.3999738472062878,-1.8969134491988413,-0.6255800667316406
-0.11719589777241794,1.2626840325384456,-0.38387441618506585,2.791621215554087,0.016982051689794275
-0.130213213494664,-1.1540770381856749,-0.09165793292286942,0.9621058807449329,1.1173500841702027
-0.7656171106588824,0.5907740455396698,-0.3436779712913806,0.9776267346864979,1.20642303485718
0.6075121985754541,0.1745790386532598,-1.3612508326176702,-0.12150102675223656,0.39602749849251795
-0.3541929228135137,-0.9178191344577228,-0.5912419175986866,-0.6015091527628126,-1.0144513963878772
0.918733524957518,-1.4420004211082844,-1.3828465272944201,-1.5932648588724245,-1.561527412238709
-0.009511417604918956,0.6003604352478303,0.8174959751295915,0.2947721759653303,-0.01480378477600747
-0.18556912857020078,0.2771583921405744,1.0304715084947795,-0.10674736078913276,1.1703792486124722
-0.21303890916125443,-0.7246019577191865,-0.8494817166746814,-0.06214633999197423,-0.17190461333214682
0.0141283047687088,0.15776008491656318,-0.1861054594614437,0.7902436950742666,0.9449517883472921
0.4091157573688421,-0.9705654492319759,-0.6032562678275514,0.20328115548643888,0.11130109968343661
-0.6026315716545375,0.49806312873265535,0.2507770019612086,1.3243883568886277,-0.8502925770892366
-0.4852476547763457,-1.0873287002317358,-0.200830255240782,-1.3595751604105106,-0.29651735684937874
2.242383033507127,-0.6515789899884653,-0.9458891737590511,0.46991066280830057,-0.9373200528094939
-0.4834576716536375,0.43937493393914057,-0.10711928658664469,0.46990666803949294,1.2994697942337812
0.6321046087325082,0.2698598325531784,-0.43985899581203747,0.39302048540542606,-1.7604139839285533
0.1252142619883264,-0.23507337102402717,0.9749460436052892,2.3876431134844567,-0.9917041971032579
-0.5871130778340106,0.2916862969565673,-0.7460631962147802,0.4277186844628511,-0.6319173707092278
-0.8742820003113835,0.11581976609526132,0.16565078330226857,-0.5842211536737071,-0.1503269205220225
-0.902002043723185,-1.839831041312394,-0.43753945446012993,-0.40089062088977306,0.9722294826167824
-1.1985878677251958,0.05632262308916268,-1.3290847312445164,1.3751884159481587,1.3259072230988445
-0.5564638920043872,-0.3831031519700606,-1.3149918099538203,0.3560195291606876,0.43920679070469937
-0.0764954510852338,0.8163190052854318,0.20179082145949617,0.5133056307204177,-1.7800834719795808
-0.0072710279821925515,-1.0788903534580485,0.748323512452428,-2.0827197438291374,-0.502778983312265
-0.6535844404882223,-1.5533416869430945,0.6981296383059985,-0.6447303711192859,0.5634736619787836
0.731953380789815,1.1489216696975022,0.6380759219163663,-1.6266522457761043,0.8320097274135229
-1.6184144132562095,0.32574053848213835,0.46246220587424497,1.4318163975960772,1.9179355378654537
1.0432444483602228,1.1108818699199647,1.6209503965989305,0.22966717233729222,-1.1809734772742058
-0.7460142514591422,-0.709368860312135,-0.47352620274347224,-0.06525720643811732,1.0964681003774432
-0.24153507199162713,1.3613172925274333,0.1589957440072131,0.21455246721119886,-0.524358300712634
-0.540443636728452,0.17142559915746358,-1.563063232559832,-0.029114336201235443,0.970283123854136
1.8007671086234267,1.216445263113968,-1.4185948678739808,-0.48091363509476764,0.30849536284399026
1.843520576773642,1.2659268229386837,0.16993736782393615,-0.23161163724897707,2.998825277815581
0.2546326468746016,-0.207838311577515,-1.8172699118287492,-0.27067999933368286,0.6283574746288286
1.796328518537202,0.5337046016260732,0.592905297359345,0.3535969649853207,0.7990943900858819
0.40764256171239394,-0.3161731192132656,-0.12522714837176033,-1.1950567489148356,1.7279823024278889
0.01084033783660197,0.18885358932473703,-0.8295571717001455,0.7654186612205086,0.8541227189812826
1.0000153665568423,-0.12420364345431924,1.8245449646309002,-0.39567309524823147,0.6062061421021351
3.1142156052040475,1.0141646319122297,1.1255253605067084,0.7652608873411795,0.04886641758261046
-0.7766132340754195,-0.12555765453719048,-1.4665535349333831,0.5578745496812442,0.37546193066536443
-0.24585710557019416,0.4252709185760402,1.066767419671395,1.205798495297582,-0.11803635626830539
0.8797104724761392,0.6660122760443536,-0.9210934187129285,0.6761799095865146,0.551146792714611
0.7306578501090268,0.18858529873414498,-0.13058378168186416,1.6867284627810277,-0.43918228777412865
-0.12241187821568893,-0.6554901875792386,-0.2986616009099936,0.5957361282632071,-0.05862745697003539
-0.21195896691174068,1.1945022899393154,-0.3023085852313302,-1.5500671214709225,-0.4762635908213657
1.2734382861494824,-0.5306068096511317,0.06454861788843103,1.1513083358618061,0.6338884648199362
-2.114763463059198,-0.1660141915103501,0.9941398161695295,1.4211892405190947,-1.7502916144932799
-1.4586142925948002,0.9546257610176403,-1.1614787656452654,-1.0510300823394296,-1.2750067055224068
0.6109802461272633,1.8103455760074911,-0.0428524023810417,-0.11291698027640813,0.9566031554283347
-0.7998857995317825,-0.18294963034858172,1.3971319291085684,-0.04524296064050351,-0.03569251497909097
-0.6675702464568398,-0.7198797821232229,-0.8909582888804097,-2.1513306823361917,0.839705324798476
-0.3817075904044145,-2.263001756358638,-0.9119572866492086,0.03306691231054978,-1.028304402998873
-1.1179075436488362,-1.1321981791589828,0.20228999496174663,-0.9481610637853477,0.004998070459459477
-1.7104414709048195,-1.6738837597711194,-2.4306029718030873,-0.7502931355051728,0.4727884487916939
1.0621134969115729,0.20807079251801525,1.8874577441188993,-2.5873905417337615,-0.4789245206427482
-0.361521590223357,1.3808845507774357,1.300117702011541,-0.08614142927119152,-0.1409584016901319
-1.8225529528435875,0.15667587800452343,1.520157614010546,0.7384724243815219,-1.1507711368466509
-0.5272592624776373,0.2118030600999262,1.0175650682507695,0.22904680389733445,-0.3007899300751221
-1.0508679994098407,-0.107823276130159,0.32502766265949173,-1.2308451679864094,-0.3237165625061485
-0.9028595204356681,-0.12351194662677775,-0.5936320559833164,0.1389758463531445,-0.3368418917293216
-1.6565457894863136,1.0614741080584826,-0.15129838455930872,1.5029634656042945,-1.8649374595777408
1.511374149407763,-0.16515451555544516,-0.003801622553798235,-0.9519334176134207,0.1617786243386167
-1.0769639812368776,0.16498155473764525,0.3115996134634969,-0.8419560764476695,1.082340257142704
-0.13191394613741078,0.9062058904330463,-1.8589997532029903,-0.34899254385807643,-0.6473855663614081
1.0855824816287756,1.7480507376234513,0.8830212564362702,0.909648644778708,1.5190329349789906
0.050099333347249794,-0.299852736551609,-1.09477144723732,1.608188956640652,-1.8298637969691667
1.6035316307042475,-1.1333979671885224,-0.5022149452348202,1.2146218434731986,-0.11946885061354
-0.4445755978462726,-2.0594050665446373,0.04708371949931175,0.4122000278246713,-0.4782472668829153
0.17792566201386156,-0.61026313184252,-0.6334418194864084,0.4797063611193269,0.3684754406311729
-0.5076778837782258,-0.7141026413878852,0.8413690894518921,-0.8190067760376071,0.5646618097240598
-0.1947832304797853,2.013623945736367,-0.25808419773295743,0.4931917131670823,0.36375917447061623
0.5701870085217348,-0.27345345709886665,-0.4840599708684338,0.7049795581642181,1.0361192264814811
2.264216404488243,0.3182848912957529,-0.03397809416434546,-0.6593701245037851,-1.1667774286841006
-0.32910388539057417,-2.307378673927499,-0.9634798254804133,-0.9637675006212405,-0.3540544114987743
-1.2031888123337933,0.3821879968315358,-1.1590993162625216,0.6177291127706893,-0.3795061846107528
0.15682847730777252,0.2196589143882169,1.6946721004387266,-0.7667516752226833,-0.49278293827721426
1.703133209000135,0.43428019820702296,1.9739161405501555,-0.008844630816803369,0.9539947919278237
-0.5588862191839129,-1.214707813130489,1.0925315285516042,0.3073622406606517,0.21079890920884092
-2.6771891312278906,-0.3050330000614226,1.0064339530926794,0.0995580941559837,0.801662723631575
0.336568387842899,0.6758645383834334,0.04987389312929804,-1.9566694968492981,0.6808702008203592
-2.090452449592314,2.034857516588185,1.2460581718843111,0.752809084857684,-1.6617710343336822
-0.2322986810987907,0.45155573747021877,-1.2045221910070056,0.912711470379436,0.4440354138757895
-0.001482566615899185,0.7551462363909005,-0.8491388781216789,0.8258891283874952,-0.0828101869317243
-0.5972237723674703,-0.6420274741629626,-1.502990933504299,-1.0892244607288137,-0.09474261482848663
-0.9518270161420914,-0.029860208189977963,0.25713575381527265,-0.9436454188177086,-0.7858350006748793
0.8536471655198967,-0.24006505043102913,-0.6729407643503531,-0.07739220590850644,-2.355662955405305
0.9449841116803137,0.41548873121186713,0.537862290189128,-0.4523761188002239,-1.3565764931623545
0.5343243895616384,2.3340582209780294,-2.8823106779841545,1.5930793886357155,0.1479170401414273
0.7972484087061337,2.421861849490728,0.18731708314488654,-1.206501999853156,-2.238207965256171
-1.1748045944697891,0.4453196410562146,0.3914102507374455,0.5378390129104268,0.3769221214235847
0.08767875206646371,0.03833135209823533,-0.8186526882089343,0.8322775400235733,-1.8545510871806143
-1.093428201200784,0.8437756765633204,0.8193231593622561,1.8837136616473842,-1.4480769340985666
0.5997325583304797,1.700826376704941,0.8097643226316048,1.2969230590733953,-0.13972033030630793
0.25705976628525423,-0.7062832736278065,-1.4051409833924586,-0.6379399000652288,-1.086542213999456
1.9790062946322415,-1.922282598354262,0.3272032846851318,1.003949756189746,-0.10968812669918424
-1.2878017094842436,1.7242980376316301,-0.18337804461872642,0.38693173068413245,0.9253722623203227
0.5447958738415669,0.39260944942410625,1.3946865188853248,-0.9837343986361758,-0.4521148376455592
0.22655282443656957,0.6800831885994446,-0.7989149568027939,-0.11904201773852839,0.27126958607745005
0.7484065440447036,0.47291937948948776,-1.6148316401072214,0.8346922471873072,-0.4534294906195291
-1.6466051024920167,0.5027319526443568,-0.7304045047831541,0.41278851543985146,-0.1584428412482225
-0.0286289520189334,0.39908883655957367,-0.11522939289035891,-0.4450381730144647,1.147232340002156
0.16569399228685483,-0.8315643926945022,-0.9758665608597759,0.44616280386931806,0.36396360137871153
-0.9569225947257195,0.4643465420061364,0.6143974355659556,-0.7860520285979066,-0.5320767019833531
-0.5920896657483867,1.3571139653301236,1.3378971286212964,1.244120053612029,-1.1402621142211946
0.4653034709537331,0.20379980408136603,0.2576494547517149,0.9204962049538562,-1.4140766193206689
-0.8601044303077775,-0.7877975476510807,0.055532148062100294,0.25476107498214856,0.5318322820060541
0.5683948127882961,-1.188549061161797,-1.2348291919165675,-0.061329905583072025,-1.261329598019788
-1.3980239754024824,1.7274703179856963,-0.475543461930629,-0.27767048899284985,2.0584536633974255
0.7946708022114258,1.7961811733139363,0.9686803946896917,0.29403020036642913,-0.545474578885008
0.5991138889173842,-1.5091604838708306,-0.23054827410009698,-0.9218308565165629,0.6540174779463889
1.776350051131125,0.46315137881747426,0.22301995055591414,-0.3712777939329418,-0.5783870542730732
-0.8102909673794827,0.33703414565238193,1.7838542404107096,0.5974948888765963,0.08656181685644249
-0.8965274858438235,-1.2227329432893594,1.8260640978783624,1.1386871460769497,-0.04282546017541482
-1.008283374207887,-0.08688830238398904,2.475359966535944,-0.38170075996440955,0.2092998985625963
0.03838966333101501,0.26237988375346016,0.5063729333209277,2.375788360718534,-0.4763282905343412
0.005846982605688563,0.5951815902850562,0.6718791152881517,-0.46485445574832823,-0.6854023833676492
-0.19525181292401672,-1.2295779891400727,1.136704019913603,0.5013071398293111,0.5572430766682576
1.574192397370728,1.176815227134863,-0.2775485605567033,1.193047036708505,-0.6759176510897066
0.3264084481666174,1.2618628839937154,-3.171337195229858,-0.30965485060475345,-1.4726902214557025
-0.43253943548957735,0.10452209211062737,0.24786147500116865,-0.1667899634774299,-0.5846977868936649
-1.0440771100790867,0.5952020173253689,-0.7952516174388905,-0.6002502970086959,1.7335737760402543
0.2056698498222649,1.2352022719056996,-0.1951376830136924,0.8939867159842189,-0.46083058506007696
-0.341343087440667,0.5517191359980953,1.2406904741495612,1.2702800077941183,1.6771416460974875
1.97836642247289,0.5255711961911903,0.5171869972883222,-0.2424720498109605,0.09217127287075483
-0.2880739417270923,0.1270978562646537,0.4013788517274662,0.24776918664656614,1.5463235223476381
0.777707090936604,0.07163276251121825,-0.837660314055112,0.45375387926171584,-0.6069705157932835
-2.003960383156479,1.460968110726803,0.2695892947776237,0.027303839904118093,-0.9082027675802904
1.1519321902020712,-0.2547256242572287,-0.7012259786677261,0.7285238793661037,-0.5821488715198458
-0.08798102334454207,1.8968763168773441,-0.15553420105814716,-0.6882045477692824,-0.24425437910078407
0.9494575308226384,-0.05632159447378421,0.3770883318923764,1.3934150759562474,1.357541878227921
1.0409713358437627,-2.016152969565485,0.6853591034381803,-0.6621552284647115,1.2319370514785848
0.9514770731300041,0.9566447033513297,1.138799773774825,-0.36642615160956904,-1.1556586926398624
-1.2384486662734608,0.3206509969979192,1.922861051569204,-0.5178771310469177,0.8163942590906604
0.1737269626710775,-1.6551017203262215,-0.9569169891416958,1.1015562080446664,-0.8527336613455887
-0.8413876710938578,0.22368019843463088,1.4276914384767632,1.0214998194058131,0.9955154968851959
0.46107409742196215,1.1303729161879708,-0.8119496134467096,1.6672727075909308,-2.337965335049784
0.11271882184279187,-0.9598509683340296,-1.2965619394260284,-0.5244773426927145,-2.665535052262521
-1.379486025779112,0.6008441521232035,1.4334593530682205,-0.8123944461434249,-0.022682485688929444
-0.6420045375585541,0.3457139210047359,-1.0294603217073544,1.589901809545517,-0.23185660017722565
-1.0558165504030421,-0.23174133723436302,1.1312736681887914,0.24304608750421788,-0.173756468680313
0.6291823700646967,0.2524237070021229,0.7150734587499658,-1.68839828748488,1.1628803565333166
-0.5131300878322147,0.3073397607201385,-1.4381816087602395,1.6935244885987124,0.16254504895639904
0.3367468784853622,2.014448218089854,-0.35796305140506723,-1.238389955791663,0.1852637185519182
2.439985104521634,0.08695535493184811,-0.5023321452312546,0.17178739435293622,2.2585727367688917
1.280528269690967,-0.40314806481291326,0.4013679679415431,1.461155502725887,-0.7636096038025035
0.32217713292655586,-1.0675143833430192,0.7136965861048082,2.0789811114528014,-2.0197640792461353
2.660760242774173,0.8820644055056271,0.8961052939840747,0.9493746232782735,-1.337813036912066
1.3763447327475622,0.191591304158063,0.7809788014876481,2.1739553488775925,0.19273833714314245
-0.8487542568819614,-2.61977613720785,0.2736885146988592,-0.8632912539119758,0.30556280430565014
0.9062441921604956,-1.4270230799730137,-0.0973964521212454,0.758630231130464,-1.304664381190405
-1.1425779974717816,-0.6260507417317845,0.09049080550238153,-2.4271488997202035,-0.3572246565051029
0.9249567371516924,1.7055228983593518,0.3902370890894573,0.4236278731064157,0.17352509404948888
-0.4296447503206187,0.7746273162828653,-0.13228099351435813,2.0378627528224587,0.09284137162934389
1.0033062302346667,-0.6385204432241984,0.33466634994985645,1.1444291133899709,-0.409075279653818
-0.24532496419482425,-1.119260938754029,-0.45070701137157243,1.2148831792402457,-0.1751904396125836
0.0008732131546423192,-0.5441214156703255,-0.06906866983135594,-1.6750619693878341,1.2598177386812073
0.9083816054245225,-0.13342488356942095,1.4283378217355105,0.7699245439423729,0.8264691536134513
1.2956578985541496,0.005844411735749919,-1.4773854448843358,-0.9290702612330053,0.7239449337976092
-1.2838458519963496,0.9689186738792291,0.7844951463700713,-0.9056389956631333,-1.255887747962724
0.2806553713836766,0.047565578498777614,0.10687975101009237,0.10736617742523231,-0.1086614262047077
1.6813373800404559,0.12744393088152073,0.5546700872645135,-0.27491323570418,0.23826897037748937
2.216964686734549,0.9708938012872419,0.7641817378213239,-0.9157959125790988,-0.5897773583674264
-0.897889733537331,-0.0765367605598628,0.18613587524642353,0.12602666362489492,-2.745047887795966
0.11144404435525758,-0.7934798409410689,-0.31349991515668235,-0.2724881609266609,0.8838315841208375
-1.443102860853819,-0.14962241985387506,-1.432289023927894,-0.676377750174386,-1.1678062046090318
-0.361170317607662,-1.2675000076595486,-0.7054311664412416,1.6077070646889304,-0.017724145323617126
1.4554277862363443,-1.1573865947288144,0.5331588129987078,-0.42808899747526885,0.33463930604226033
-1.1848500348207274,-0.28120644773855635,1.312441369783772,1.2643189239556352,-0.3846412649242883
-1.9797255066283033,-0.954929282261376,1.577073162562572,0.20446665549351203,-0.29865463201003145
-0.17970340987593358,-1.4371112270235529,-0.8519696490482463,0.18601188098769805,-0.43285478374928943
0.8775411596363971,-0.39154587212161074,0.7122843412862161,0.634159371053367,0.29641473251128325
-0.4004363076426127,0.6074957636122504,-0.3588852700052616,-1.2391262655625193,0.6399236574442393
0.6888121690741599,-0.19165818876164847,0.14199717607558252,-0.8230382217001929,1.6770955041179496
-1.3715467549150566,-0.7670085941429516,-0.34609743947812294,0.04890971589590376,-0.22336221197579106
0.013174821618870227,-0.3661019181679328,0.364721791415625,-0.7967591850882735,0.25301423827902814
0.2360585921595283,-0.626173251559747,0.7948444783256979,0.38295168269467017,-1.204391818852733
1.1844119631575154,0.3456433724390269,-0.46486361072114435,0.3015299384251895,-0.8996142217607551
-0.6622105548768722,0.1679715815301564,0.313830371464592,-0.35175838393665715,1.5364472474958528
0.7107949818613976,-0.3301262562369515,-0.516495301463001,0.5457898808268553,3.0117066498140255
-2.1986438051937944,-0.4745963535417144,-1.4376125215235012,-2.3215978420323498,-2.411229042740183
-1.5108306116422536,0.18445990587328992,0.8611998221489902,1.6538826611261115,-0.7325202068135989
-0.5507296723949358,0.547367439058379,1.984155638007386,-0.7961450105517821,-2.627781749686637
-0.3770772583275143,0.226053277644449,-0.05020042572778478,0.6172568261848537,0.27435002265493513
0.48281228122495096,-0.39976055101766056,0.15226377380106532,1.5561219398674626,-1.3922591356470633
-0.6357237711801178,-1.6787825471176556,-0.06966089494817497,-0.356762774861554,1.6079843222355639
-1.4805425099398588,1.4311639272137398,1.119092991693124,-0.48947969613387454,0.9434261654653235
-0.07186274646783344,0.7271749126359401,0.5006905877604754,0.08408822784339433,1.1539893749906007
-0.10639621801967225,-1.3578476460844051,-2.36909435657369,0.014622241444433505,1.1668395749199085
-0.6306108386606686,1.8071676581746428,0.057392736055675214,1.485491968362209,0.5569599312445194
1.7158554434321858,1.269313762486676,-0.7397567093905625,-0.2169186409882184,0.3025506320081832
-1.462604466459719,0.24857625639681713,-0.6351889121149056,-0.16146182484950364,0.36972053426853874
-1.7795462006516845,0.41044330905081766,-1.2327030090672404,1.535639651175286,-0.974091674079794
1.1103701650013864,0.6963588379781884,1.418943282393603,0.48562296316728504,0.49009205181307697
-0.07124675751832933,0.16975173357181408,0.29420244239562865,-0.6641380383208293,-1.1115953618818608
-0.07302375862941679,0.7236228470418621,-0.48606661693527614,-2.0689302088851687,1.885863741263677
1.180240019170815,1.3954878360414418,-1.3760233244516764,0.5454526221350066,0.181257495728583
2.6874161655660846,0.7809537808478084,-1.7013977881947877,1.5794039195708902,0.8867584623823884
0.3391209213120333,1.0131373952162765,1.0987521822709028,1.2014467636816966,0.9785090146670881
-0.13865392183137867,-0.18166577972753323,-0.6227422555696653,0.06312955278998643,0.6555068438361419
1.7589390577159223,0.44625535266327554,-1.8009982771285602,-1.1190711247821516,0.089504203313089
-0.19701312463755258,0.4224846507964837,0.2671160812074997,-2.263074797054798,1.1524365703827766
-0.8082189004950732,0.09739371734229528,-1.171210326529129,0.8516676752509504,-0.8588589040403792
1.1373071151722072,-0.4065835274973268,-0.15081639128208552,0.38725047855693473,0.18909571105974524
-0.1382117562429958,-0.5890084479343636,-0.3066523287620451,-0.4630251267930447,-0.3911932724040767
-0.5442342803395575,-0.8306166578309552,-0.543934835473544,-1.5493814185753516,0.4150565072226865
-0.9333443021360092,0.5331104613228085,-1.0766478390145302,-0.22772906913481358,0.0898063045872588
1.476859189098936,-0.98637750243721,-0.25740139745231316,-1.3647201116785708,-0.6608915363410893
0.48127294711990637,1.5555499917395723,1.665705966442362,-0.027236494938541148,-1.641308354092345
1.0644395788584076,-0.6038215339007716,1.179740393864157,-1.3173064339558835,-0.2718154406938069
-1.1515245987325877,-0.3053911386337326,0.9995306458427018,1.6097686298255054,0.3816030199672076
-0.3900788952442132,0.9978895914092948,-0.7686449104686917,-1.094702179873847,-0.63784867223042
-0.5144395536876089,1.0041697658412696,0.0687623663267632,-0.62794689996766,0.22924937103176415
0.41139165366282154,1.0180359739304805,0.06486172613255432,-0.5867190761190089,-1.3783974869276259
0.3707661523112143,-0.2528781531761814,0.9063318746065464,1.070655415109848,0.0791970305291883
0.9480768752239511,0.0030634163043507167,-1.2016694296349753,1.7564442949469032,-1.7495766647497348
-0.962145606232535,-1.1353122807201945,0.7221897309203568,-1.054124582522558,1.0880676949990755
-1.4890366261162233,1.0410770596376975,-1.5673309605893484,0.145115486166762,0.8168711482386659
0.7798863848875777,0.08131112155731311,-0.5604806542653505,0.2479406993937266,0.64445070864572
-0.8219790428146435,-0.23336408550201002,-1.806438101280599,0.2386927025051949,-0.43140962875920674
0.3259235098898677,0.3104369761301262,-0.15931525688043854,-0.6450813728806061,-2.494510622259052
-1.499992493168711,-0.4305876868157131,-0.5022172088422954,1.420505676771423,-0.6922329534579261
0.8055025897930119,0.020594553662915734,-1.246584684721542,0.39248394289082245,0.2777999565429698
-0.2794635238241108,-0.474750228451504,-0.929540478699346,0.3378611869601828,-2.1366858185533286
0.4799380224505359,0.42197266227634606,0.7999671519292378,0.06463321446048381,1.122291019005739
0.010454086801977226,-1.1691036438455797,-0.5928317141334174,-0.19091996454438906,0.9861611797513519
-0.6363465301784537,-0.34279576045463667,-0.8503870848115109,-0.8931198195154066,1.6854006942897535
-1.9467788442185048,-0.4867527642899224,0.15575090324410062,-0.5883587423912559,-2.236105270966881
-0.7400322400800402,0.9783336493894365,-0.555637890605783,-0.2594116652299499,0.8854479898571722
-0.28942072929644064,-0.3567885675016376,0.09468120275841947,0.4368065689517547,0.44163219801820763
0.12481035451237933,0.27470906211100504,1.3912416898188391,-1.183372358953014,-0.7511311717944491
-1.3339150426066484,-1.0389596431912347,1.2213328538561654,-0.5208211263408873,-0.7792016132628055
0.40299844228343323,-0.09337841625266007,-0.3627066722148064,-0.7778744482175156,1.5680111776195247
1.0794903787357462,0.35211146595509335,0.10856464800469494,-0.3808727641144334,-0.5677198771424676
0.7586605176079019,-0.5957398414571177,0.2119247218561733,-0.10479894075838155,0.9381648217693721
0.5834487392724882,0.7788351662596829,-0.3680871149562509,0.3796165222049645,1.0344135025847399
-0.005691337338705578,0.885701961116037,1.3111896440829294,-0.6851218820283035,-1.3112434554103278
0.018208511457525244,0.5082373688169248,-0.5928396520168546,0.7616067730672581,-0.3649877186183172
-1.2917619576825934,0.9394044521208439,0.18771805373935205,0.031811602679452294,-2.082361569683648
-2.1199913737460014,1.5677981438278308,-0.7264202453213673,-0.4424707369948782,-1.8454797777731697
-2.1199179962404564,0.5277566798095451,-0.7544810930996461,-0.46734893702050223,0.17363635845382305
0.4727534982191237,0.034730791043114155,-0.6670040954417397,0.8062855299307669,0.8040170032812964
1.6432672390792809,1.9152866946111338,0.6569296101889686,-0.2404397838026316,1.3916532937548878
0.5087137280942244,-0.2611466220594411,-1.3201619210568933,0.7911797640176115,-0.7850055226457234
1.9238930058008752,-0.08568643608806886,1.6929428581283463,-0.9617484679643603,0.37362257699573237
0.3042702453265787,-1.6122318898176309,-1.5259271250149629,-1.5441080214435021,0.479580080209924
0.5408606595445596,-0.34780271356075926,-0.2138798733702567,0.2889916445110303,-0.6940023902472529
-1.4183523544921064,-0.5088897973772324,0.32695762036269255,-0.9844806004682133,1.6397736246374202
1.0177554075867947,-0.029820216919362718,-1.6697877328669959,0.8683192280279636,-2.096552025991577
2.722851731104675,0.6524033330786542,-1.2126293536368777,0.9456363884318169,1.0313308008638336
-1.3266440311416567,-0.8017203942710827,0.5720787020867714,0.3389330367228051,1.3616230618656333
1.9387950455764313,-1.1924959886640785,0.50362789276764,-1.005878045889455,2.0379943767163753
-0.5618856039112095,-0.4966847096739966,-1.2539681665301865,0.26902705263742216,-0.5077713533148527
0.227372373045848,-0.11488885976097202,0.29745975488020765,1.5780041302801242,0.21791088441651776
1.8605871651367851,0.7946120204902252,0.6582501258126836,-1.6215081637863946,-1.0725589424091788
1.5900361295699974,-0.7550392334277004,0.540064832234573,1.4036622028388268,-1.0009695319320244
-0.8994390029697565,-0.7122895125197203,0.6736939953326988,2.125773764070283,-0.038426285284898117
0.2985345506718135,-1.1399298257320467,-0.1370260059974936,-0.7297801760818254,0.8152601507600798
1.8194738572290485,-0.5964401965917784,1.9810653497032022,-0.3196989794517347,-0.16886839284647845
-1.8317871716205125,-0.8024600603099412,0.2821125193392126,1.5101278262753326,0.07844091384116192
0.12372764910973498,0.6537401176402582,0.8121952428343949,0.7256335337494445,-0.40336067004652765
-0.5780762923489992,1.2837897968319583,0.287234616494476,0.14563050679680214,0.592597997189152
-0.8757267215654925,-0.16402923325116264,-0.14946567282396003,-0.266232214100573,0.1537939353111286
-0.7031409467238157,0.15762342591119036,0.18502026477117234,0.40809645720462023,-1.1786675568676128
0.9442709095661969,-2.9861898737875245,0.4944654504266206,0.034055561504632924,-0.23186270216766164
0.5260134513331454,0.29883207653268495,0.8367909548981635,-1.4362598019829864,0.06493947655177378
-1.3416061790962215,-0.6906618318546575,-0.42324484796992445,0.6138095991972583,-1.002468090911915
1.4986523300869254,-0.4547781742003977,0.4550724413360004,-0.6842512290664773,0.9937152745067492
0.30568028046970547,0.3103151632541359,0.1635744849457341,1.3521594972358886,0.1780722864638056
-0.7058588855581756,-0.05141333522855758,-0.6172180544359582,-0.3277043543119196,-1.8992855075022719
1.766064494519366,1.48873339691736,-0.8833701024209915,0.5258701136877368,0.23010487383405473
1.5539203310124867,0.7426991487404049,-0.2918434792499363,1.0062602623602097,0.8638299133255835
0.3695756598412435,0.3279620364456606,0.28836366434336974,-1.1539850732803203,-0.05611654024798761
-1.483951510529066,0.12091272417859658,-1.0437110357934274,-0.25991687002278224,1.1583409103708242
-1.914102460873959,1.289191483650459,-0.22366107943270047,0.5953284142103884,-1.6312548109822382
-0.6726693733204464,0.07154175551646867,-1.5192015316920622,-1.6159296202237012,-0.9274396121210846
0.5755935060985402,1.0791825673797955,-0.9565336417867716,-1.850436093765209,-1.0304690573390811
-1.201572552114181,0.46591939627012435,0.3629751550667187,1.7438632445763302,0.42216220941885346
0.524112536752193,-0.8347269129314359,-0.2991534537437809,0.011507716549653468,-1.1970504677598093
0.2624565790245019,-0.008584658457966805,0.3319045441888112,-0.4565274340793112,0.6929334548256857
-0.37031619639605257,-0.55670177353615,0.31398625873696284,-1.0900046054498118,-0.7757649496569543
0.8263822931827584,-1.6856377932387814,0.8421996840200973,-0.2700328778628256,-0.3982875324253364
0.2901995821933971,-0.5516281547926086,0.25588319163099704,-0.778481286259499,-0.06235400558845054
0.7187353771755051,0.5641478421830466,1.0191613481580268,0.7437373553890703,-1.3851275150835585
0.17260699768662624,-1.6722323514944617,0.3791317314669704,-0.9175569667869955,-0.75714563215255
0.8828053689493522,-0.47796591351548545,0.1854357856290205,-0.4019679304404991,-0.3676984477655961
-0.42911566855718125,-0.6697123961277661,1.2374584044670651,-0.7608691706777092,1.6736068986764219
-1.0168241867575545,-0.43421283623849316,-0.42840233167750447,-0.991353919430158,1.2112827200901668
0.017280203230340872,0.11025044974102521,0.14370072680523496,-0.035220785948462445,-0.23566876979184745
1.5539951712966895,0.48912586530059093,-1.4319801125127658,-1.6266158661626455,0.506320516859047
-2.1171345340337853,-0.11392074340197865,0.33270845616887346,1.4719557007819262,-0.6470275840268426
-0.5778927271352376,0.03295464854411152,1.2466596647252823,0.4233673393443039,-1.33157541494776
0.583599584715859,-0.6937560812452273,0.16592419950742837,-0.05301981209241624,-2.1384219319054845
-0.010418954384014419,0.7655785720404691,-0.48909898558923726,-1.017329032725279,-0.8803092054250518
0.1043433816387944,-0.5742832027832457,-0.3876544231854086,-0.52264000303745,-0.8603715129066839
2.411243767501787,0.9100365179410919,-0.3564188366843368,-0.28169141092880073,-0.4149556076667278
0.713624081873288,0.4518646726555357,-1.796881921338663,-1.383790916213039,-2.129091231756024
-1.0776323366477383,-0.7262029051523541,1.6029135804142134,-0.7850806856080044,-0.3089091169144557
-0.5257150483786476,-0.5449290624768947,-0.4976680154111578,-1.3265425162942008,-0.6499386177276861
-0.39865303528576446,1.4398867091408105,-1.4796350633421598,-0.613776645599187,-1.7024492618410572
0.6822998027834526,-0.21823048365061537,-0.5202155041582108,0.5325609761085028,-1.877064537416156
-1.99377024420197,-0.06336803721732964,1.0285213535430857,1.066884027120265,-0.4357406502497984
1.9250111367532365,1.1748048792599872,0.7765394669756136,-0.03445187606478104,-0.09831796254443512
0.5653276118900542,0.264497418520172,0.7671971312669847,0.9002453121182448,0.4671572859256594
-0.9468467023321789,0.12622621876574555,-1.0337648677493143,-1.5017701520075595,2.076473111446572
0.25688285839379543,0.692427417696209,0.0031233679529804026,0.9173168365264777,1.147570166953759
-0.7649258054285654,-0.6824528709713903,1.888622130326327,2.087827124570316,-0.14441424841868727
1.2355619576015076,-2.985985859897095,-0.5433733201250965,1.0913010710657283,-0.5974244050009141
1.948700495167332,0.6335034329253931,0.9483818074569305,0.869529012518764,-0.01334849578689106
-2.041506216339027,-1.3504162479351836,-1.1356602017082058,-0.01905526243731504,0.1080890179872662
-0.26388507225064534,0.5409584409469235,0.80388646736427,-0.6737214663211191,1.1401310770605864
-0.3349938783538689,-0.12646196969079682,0.7967274291305194,1.4736618902003922,1.0331178158027718
-0.19696237703732455,0.44563725216933514,-0.3553505679566194,0.05486342020940387,1.5309599905943183
-1.609903241169403,0.4155199799482021,-0.6688764409930269,-0.2939695162970398,1.43785989486981
0.18733625949743646,3.1759942863595865,-0.09484456208669964,-0.7901940990043714,1.1013666338832795
0.813349230205897,-0.7918604682996635,1.0518186857599623,0.3558988243903526,-0.2718099835341042
1.6683407715070058,0.7554998841629302,-1.8858598372343895,-0.45463519901722044,-1.087147919420669
-0.6203175722191567,0.31263563548259626,2.1906632760879576,1.1848294293408237,-0.11149798444156232
0.3926413383059624,0.844281518357112,-1.051015493837549,0.38539287206300515,0.09117589499870458
-0.2574410450336571,1.7005516268840501,1.309309180588807,0.1821188631632643,-1.6217733766691333
-0.372494138601972,-2.0414320681430054,-0.6468289364649605,0.8428634484989195,1.3133347254479288
0.9180536859480689,-0.3309837783764776,-1.6664584314137796,1.4933649792625634,-0.1635193630491319
-0.5644696630414873,-0.08153738517131393,0.35557448560651167,-1.629942530673741,0.33643426477292654
-0.7517630100667425,-0.95005032490458,0.2036247987660853,0.5974763193346551,-1.2129660018632098
1.2583969399521355,-0.11688920179931989,1.5486496309294517,-0.6213793562493493,-0.30032514272362426
0.007939289095894277,-1.0572629609676714,-0.6475501628426122,0.8793905386099786,0.3413440041543264
-0.5439630323642788,-0.49152516406963903,0.7868908552883587,0.4228907561711277,0.5063008232024134
-0.762156322853506,-0.8866944796197213,-0.34032329114623383,-0.23483187832430805,-0.5164185169474195
-1.6038282580524184,0.4714514856789016,-0.9961343988209876,-0.24045003249296862,0.6782693632192197
0.5665966473039856,-0.930959846975589,0.754323340343572,-2.8388517243846203,-0.7620121006107695
-0.7932060568241484,1.59934697018686,0.9028584942913043,-0.1089053302712723,0.08309965718003205
-0.9304857125437862,-0.10053815475560633,1.3592015684745071,-0.149766075687118,-0.16514363493058806
0.10423491395225794,-0.7708671855655436,0.8734946086836174,0.3239370829747197,0.45085563911833526
-0.6701584728888834,0.8710944331476824,0.013113129433114507,1.1328344898463938,1.6899456537578452
-1.5635749363155085,1.304521615217696,-0.4392235565408043,-0.14119530309586661,1.1067769966426324
-0.800106205952622,1.2787473956365865,-1.5697003330248702,0.7782719715259784,0.6210864767014159
0.434901118355217,-0.32161248661639913,-0.8985531090729727,0.5365614438623257,0.3230545273620294
-0.6486469548475952,-0.16589352588528206,-0.11204781553133565,-0.19801215256020976,-0.295235583096814
0.15543263606114774,-0.3489314281018595,-0.5028253912278275,-2.310488294646541,-1.5024057801596455
0.3025493000010067,-0.8703144589672038,0.6127681851484593,-1.0812934053724572,-2.2136298314954996
-1.5742887297439263,0.7465365829273372,0.8040084391520091,0.46508202976526847,0.981200749981164
1.827889807405966,1.2844023649525398,0.9922739527629029,-0.07872220929903942,-0.01566864945065473
-1.969546740051823,1.0198804982185088,-1.52017518806738,-0.03219291765076076,-1.0954321529850866
