-19.460070921878952,-16.81492699696045
-6.4346167557122484,-27.883018511363318
-12.814655847211949,0.8648800590094217
-38.36258413379823,-9.374506749099941
-4.87451874198276,-20.20256029977535
-4.410571782497188,-2.7052618414261005
18.197580265553977,-4.93141603365195
-1.1570987835742939,-16.053777520806726
17.727759335682528,24.987098486278718
-5.672244282231105,8.345026520884433
-29.472004937082616,-15.079160352219017
-31.0818612535899,-8.002974237363228
9.667168001554979,22.374072769228356
3.7175578716500848,17.957496040074133
-9.491185139466266,4.844524429815399
-7.5585502293764595,3.3966771833260117
7.377368442812241,-3.452373602851647
-10.713665304472347,-27.50130759963715
-20.572451178556115,-35.8696558159247
4.486921570542981,-5.713606408933886
5.038017547120452,-9.120758278859839
-22.762561478254163,-35.85769663762315
-4.807168557839639,-11.111057681137046
4.016452621983765,-6.763249704120244
-4.168504900314725,10.65281296522247
14.31144722694442,-16.39251074890723
-0.6773598289453471,1.6286060596684817
14.801224080081866,7.180496839596721
-4.806729172514267,-3.9474543069075487
-7.666640489416112,1.6232220309932996
0.09156582982032946,10.03883531567592
-14.926284761791486,-4.573116608103412
-7.160103551217873,18.273347128214127
-8.70875439254548,6.529795584641265
7.912105974521104,20.305692775190693
25.261103676062596,-1.9786498213867922
2.5787296503151342,-27.524777448131438
-6.803660848546034,24.536841868716
-11.848537183546844,-25.114447310887662
-4.2610915349925955,-14.89694474333822
-8.852449872678585,17.480415190868342
-20.16851487481634,-4.542248029763995
-12.158211408168984,-11.517896222253466
6.279153435810027,-26.05123386591218
0.9768823968310707,-10.81686462899265
2.751997024913929,27.843316765086563
-26.864841765075546,-6.186349543380416
-0.36807702621622607,5.0315456363299615
5.921372006850421,14.014329312719884
-3.452195966461,-24.185083284136127
1.9951354512848485,7.841814869726123
-5.933359768283566,4.605740872586285
15.514153527358776,-7.8843183461728845
26.799441811391315,12.474297449883561
-1.34097843367599,-0.15378817458236238
-12.223324764429002,-8.321486831735122
20.53236075582966,-21.66929798553175
13.43496019419586,16.981162952116136
16.67205755020632,-6.812278835894077
9.330915330297437,-5.646891878509132
-3.757530010862197,-1.4559385062321835
-19.331349774094953,-2.7824377420319735
7.809537490613312,-19.95632137947671
-8.884960615039303,14.18598713064119
10.25913455459581,4.398561341349003
1.324715508643615,2.227615190019592
8.787062219099688,4.003319632132531
2.529700925715945,-24.36575780623425
23.635351767552205,-1.9561372818244127
-6.278357396899068,5.720451004310668
-1.2677261034464609,-3.884634961382506
9.359818818554263,-13.912287853919047
-14.40085305975148,7.611204806056596
-11.605054420104311,7.834922988114421
-10.310787684834473,9.035697227348283
-13.927451173700433,-4.909644653140898
-19.98098314176491,3.972197365764817
0.12473775250746932,6.221394736681209
-4.510146558673896,-6.321946039234061
-19.78951844961213,-0.892986157156562
-10.056680591840577,11.174601175449132
-16.739588630280835,-27.00962752729089
-5.818527489470527,8.92537195052481
4.558301581530376,17.775072248353982
8.705291349306028,6.386325193409608
-11.156158103046941,-8.519730723499475
22.49633863104561,4.968247719456388
-4.377019879465289,12.883185916774877
-1.0059836355129015,-7.2301029632389735
0.5551783455274593,19.228928941590567
6.34793135259463,7.3038324398243795
2.967933537279354,19.07757709227716
-20.81819185369422,-19.313847118247462
-27.25973457208082,-6.9703526403506695
-22.174882423025238,-12.873170475504208
15.51967473966427,7.352644825517494
-12.134169633462246,-6.757307063078146
10.111698595568727,5.470345561991088
15.498872763526641,11.945418462067598
-20.07590820813325,2.6726245720786763
