1.0538744859763156,0.899518341833109
-1.7893842706198897,0.9536733709720497
-1.4829917110892616,0.45246806417921726
2.2745199952871493,-1.2136547503339739
0.1368035440905349,-0.8321868300059183
1.1833647497137143,-0.08484031836320535
1.0550886734783187,-0.9640699817178405
1.0754591052950893,-1.2919745646959724
1.9082323334326752,1.4540744494599704
-0.6946720350320281,-0.2286610194276233
-0.9190754102238451,-0.8829269081180011
0.13026291249978514,0.21122825389795058
-0.13511447323230166,-0.12430604496026934
1.4750801900381412,-1.8127178143750322
-0.2051458999390792,-0.74107186671208
1.0594557170016399,0.7647561163700046
0.7502106528120023,-1.9059978244041949
0.6517834864571443,0.3232536737741007
-0.28642001175390763,2.118841883486709
-0.32880194252247574,0.6285048830224425
0.802374302293984,-0.771211117409265
0.95953051063603,-0.6437921005149324
-0.46047326833407876,1.0093951384297923
-0.7603878603337353,0.9350244027043544
-1.3053254450458633,0.8344774535362095
0.0738220741337504,0.3401284344907115
1.9089735448158736,-2.2071344235789296
-0.9619389471313882,0.5978208636978419
-0.4368024434369406,-0.3643322304220097
-1.5764772247623786,1.010740636357961
0.5091812236054617,-0.9149381369284846
1.0125545902479494,0.6315554958585882
0.15828761397909616,0.8304409595051264
-0.12080091175325339,1.378700736294754
-0.7992479911014796,0.7584715166701874
0.3321105612824941,-1.5987337092455212
-0.31754748667765936,-0.672434705235292
-0.02968077510617957,-0.0019642520991400253
-0.4262128873664327,-0.25208332681998546
0.16485956901724982,-1.0837641984144324
0.1576269065126189,-0.0264026940098483
-1.5156315069756368,-0.049399260991307856
-0.2377904652196075,0.6319969216685929
0.5224427682062689,0.4061808780232368
-0.5282426422179145,0.7707840132822958
0.08547382908625493,-0.10713867882865145
0.49465235040654654,0.30765652077166183
-0.03526946520673249,-1.995705111485831
1.7746136572431201,-0.7331408253942128
1.0284125878635013,0.6848396181379564
0.32536808092890007,-0.7967874530665208
1.1252000239477722,-0.5856638883894036
-0.4031497200703052,-0.7134460180933309
0.592018899078856,2.237138449354775
0.01243854340725478,0.789929614018924
-1.2652241694642912,2.3176486018607423
-0.34710936312836194,0.3345959819396392
-0.5380550253538745,-0.6999087218998431
1.030281726984592,0.3448901676389714
0.5289246934257349,2.0822756244809217
-0.12623639490722924,-1.540479318974078
0.9540507269296248,1.208417467101805
-1.0421737342824595,1.3458487869020903
1.8598643901971317,0.5544684661250132
1.9261234216424121,-1.1073081228794504
0.4864667498756305,0.5705669773611522
0.18439811997329522,1.7593729887875922
1.3364618940516633,0.836561737839299
-1.1972961689226524,-1.0140605766167858
-0.27722206496752366,-0.3944198471415066
1.2142968100447198,-0.561345589929313
2.4274102167426683,0.3080817940199891
-0.5101024340743957,-0.13675481883807492
0.9548400449714507,1.1271899722413465
-1.364546503786203,0.14903072395315814
0.4751724615234675,2.1039410236794556
0.7200544671090661,-1.4665579982755008
-0.3289268426633339,1.4122960020669706
1.018802794924562,2.3829947833455343
0.8035274414191389,-0.7105472678370987
3.2310340308361116,-1.4145172131432076
-0.7268149871769141,1.035503975716867
1.7466382332619819,0.7036713432771682
-0.1977754415380192,-0.036997533882577004
-0.4517746963747992,0.13887087717966506
1.3678464820663652,0.29257554445227335
-0.3420689285795249,-0.17438551460478982
-0.19124967039021404,1.7008151139688206
-0.2963240484726065,0.8375240841351196
-0.16985525809575377,0.836035539312509
0.6941016760871448,0.016048551698428087
2.1121869974604333,-1.1115854715548334
-0.7241202550121585,1.0479417808700175
0.4643833839538384,-0.5449599767693225
0.3321959593269675,-1.3107104404245618
0.7638859828497215,0.1843088410759375
-0.21048208035117816,1.01720809593532
0.24280535059611408,-1.143719933131898
-0.962837345262438,0.2333949378153318
-0.4508265556246285,-0.15009495444680224
-0.6895693900388475,-0.7083348040707792
0.43452487116895083,-0.9425728089786704
0.7843976419817101,1.5055176188108879
0.23150658931121626,1.9294409726799984
0.6803603353236374,-0.4150790930408921
1.0798555926306883,1.05923110961046
1.4743231400243149,-0.6221445712294764
0.34452300754792714,-0.12424838426230655
0.5298975414572028,-1.2241082521779239
0.005899102917011564,-0.8815487720353252
0.7530406398512962,-0.7547538968707955
0.2599273497141811,-0.9901710509695746
0.21672831910904874,0.7043675942312805
0.7642396684215281,-0.0557836256675916
0.39313985485384934,0.2655607057698672
-0.5058076199271668,1.0315732936728066
-1.0049061807193245,-2.2337571526899973
0.4876053985501373,-1.1294058659500843
1.2860927808302725,-0.34439047470123046
-0.3039601893459526,2.083636087432529
0.3335698480952358,-1.2104934005043402
-0.24599951660531547,-0.8598567390924539
-0.26422264230427467,-0.04908999228662655
-0.6834277986179671,-0.34501652164019886
0.8934696422801814,-0.30747895054171004
-0.07805336583186266,-0.7953711704239783
-2.0761751147507783,0.8343996333653864
0.2724544258651301,1.6274954679831126
-0.09399062525382555,-0.26989558991576873
2.4543152665567463,0.17398905266027576
-0.9853892222654006,-1.3120697727645405
1.1759063602236481,0.9032643715601627
-0.21762390165543988,0.663524037566187
-0.16192194122506903,-0.5908967619673907
0.4016822315230372,2.5241257409285045
-0.5531609599552245,1.9742828102743113
0.4741309149794838,0.3075262387754064
0.08103459994320356,-0.9924844544485057
0.5401768177316835,-1.4073145382221486
1.296544051257316,0.5999642682460619
1.0688403817263514,-2.017632395474778
-0.2717092079305924,-1.6757404594176182
1.7576044398768884,0.11356484604720454
1.676147081883041,-0.5084888111203012
0.21431205211021911,-0.4477295312997587
0.7353598653791898,-1.1392996039403829
0.5851542390649063,1.2292793798195885
0.434262778933289,1.020260237779255
-0.8023374459138655,-0.7365598519882709
0.04363920136625008,0.7594706516548713
-0.05680622412494121,0.8504198147014871
-0.21953952499807833,0.25866929925035576
0.9835463973353619,1.0242266679725416
0.09458634309856777,0.2196149114853718
-0.1543713495990958,1.527423822098503
-0.26294041213569697,0.4576491681930527
0.27676183635693524,0.12119909648652834
1.7503539870654203,-0.981559349973339
1.1862844309390417,-0.7850058301522091
-1.0515140864453176,1.33074829388434
0.9995172343580935,0.7829362722218522
2.046886357662909,-1.0833379240933867
1.3318947769998817,-0.24885112758628708
1.4107474835085032,0.40818858260852886
-1.0337631943192453,1.6959308503110821
2.0926470039518144,1.5491407393905732
1.257052888152185,-0.059293079326562595
-1.3078318444855637,0.8386282404459263
0.651371512980694,0.09886331171033379
-1.4500637501160285,-0.758483499061256
1.585118056766658,0.9394801564604051
-1.2527874369889944,-0.23307643184571478
0.5135003235534789,-0.36305085803873716
-0.8625159230652956,-1.1260911319866798
0.12441103722562717,0.6788898315147305
1.0214587697139703,1.4294381036801311
-0.2614443112900756,-0.21507495757525155
-0.7796533963730886,0.49874164110017993
0.7770962671625654,-1.6286547262845592
1.0340540875107522,-0.348043451175029
1.1214116749188756,-0.3102056582359575
0.0995336893341038,-0.15798741528905835
0.2590799217181188,2.410356756076893
0.8716222354473145,1.833124780632225
0.7311364143252236,-0.7986667754914051
0.6934117791322125,-1.0372047569631644
0.36195624950693606,-0.4500470210912734
0.46998532201682514,0.936931518722497
-1.151062586857702,0.7276130294279479
-0.20572955801622464,-0.4154930963159805
-1.4019909371193149,1.7168761084680617
-0.027872383851945248,-0.16080818921393286
-0.04398405320290597,-0.5799311336701937
-0.8703488530148119,-0.950250726156444
0.10339442897431991,0.7793911736826443
-0.9015805403202826,-0.04979650036669331
0.7863188790911109,-1.0649763345905732
-1.2406610995520049,-1.4510852331600492
1.6839407930385326,-0.730306761776319
1.3523011193273675,1.5201247242578497
