-1.6233758501663402,3.682514515144732
1.181728249080435,3.906295641135735
-1.2035734648105834,2.6094228639729256
-6.506873128930233,-3.0888252312772417
2.356520543877442,1.5413570335562394
-5.64973568462405,-3.0205945639319287
-0.47481588538277164,-1.1732856667995408
-1.4677959987202653,-3.551237618509332
0.3106842331519635,6.017577809190143
4.162325815698816,1.0408223000285113
-0.4606002465548362,3.793602036536376
-1.3261951780762455,-2.6379844154840457
-4.714090062912416,2.2915899570676226
-3.728057402257594,1.966170157652642
3.4218969864248594,3.764324281479609
-6.868019111413406,4.367419050430081
-6.413457202348359,-1.4138022117320124
2.8782623570667707,-2.1195243420492598
-0.43581249176765025,-3.36488333583765
2.6507965167439465,-2.797805439638926
2.5653332498940804,-0.6490009794259652
0.25816601687501295,4.647875326597337
-2.8215566710538336,2.5921353132506706
2.218341791154208,1.7763301520339603
-3.227727058403995,-3.202245881079496
-3.302828565769942,-3.9102232957390477
-0.4365654832618935,2.2335242247842775
-4.2226092927507874,2.2243615844733906
2.533090713310011,4.276796906636745
0.35747300979797614,1.6766905675686976
1.7979304962768565,-5.899102318596455
1.4270574336504804,4.222058073621248
-3.0014617738831073,1.3596627417166527
2.523495945056609,-0.9380372538579043
-0.7868224466591947,-4.3370740548061075
-3.5346069333856427,-1.0431846008955055
5.114685159597744,6.340544450657086
4.224223924746232,-2.264934417840104
-5.136683008572291,5.4941230264507634
1.0471749909704573,0.6135906442461216
1.7832502657205893,1.5340204699712165
-1.5896373354762074,-4.182861477241352
6.275195205439416,-2.639143405882472
0.04640644714855813,0.537248792049106
-5.5392324344937895,-0.06818119633152397
-2.8557965481506464,1.919770341184838
2.1954479965106213,1.0092151956306112
0.32387941204701165,-4.640261380355808
3.2026594909713353,-3.2567376214624018
-4.790308057522051,5.847794895105387
6.5962228312665205,-6.417841227043287
-0.2367594407522261,-4.854230698445288
-0.04198489292833818,3.0723932490392243
1.137262843518411,-0.25063005400944083
-0.04263177078324398,10.27192334688478
-1.5462649024014763,1.4879846233089937
-2.7483656379263817,2.0382337729887405
2.4942931660309338,1.7239519924389826
-0.2435325917401645,-0.5550511920819845
-1.0199439486630104,3.7014751061231266
0.6944951982476226,0.22174267032001116
2.121877345845601,0.2847912664960591
-0.8400525251663027,1.926847003147059
0.029981121581072134,-1.0204037288422807
-3.2950923285159455,0.01869461000351358
-1.275937069511037,0.03872880424079761
-0.7952749926176641,-1.439112442819824
0.9449848534233032,-0.11414769736984454
0.1362327835354883,0.8740536121037014
-4.3673622654150135,2.1160048635487168
1.0032921515473214,5.121444953128668
-2.838683887461455,-1.3934057990138888
1.034134918925779,-2.946658777380889
-3.279536388255225,1.4722376833981057
-10.791698028511302,1.6899803336849217
3.532616615906573,-0.7863249426598515
-1.5247588554638845,3.6785737067803463
-1.5676697219233084,0.8689782380588631
7.771663373768712,-4.21105006925164
-0.22134261100801378,1.999584424825431
2.4879164229380955,0.35608279919850283
-0.7566576595061674,-4.7049888789612
2.623965292250545,2.1267078970719244
1.9956249268041755,-0.3002682639164924
3.80012648911404,0.6887809869374253
3.66849067078933,0.9797613284303209
0.6892385415346682,2.9202240030211053
3.730507509717295,2.501894799144119
-0.9927283380160321,3.2491942820682183
1.355996257520747,2.2646244833031854
-1.7904933287255238,-1.2706000535913464
-0.33463092830836283,6.690508066674514
-0.219074420552826,-3.1369777598741475
-6.456994853125476,5.111706101477557
2.209538840509918,-0.8833137253985348
2.4212592054277273,0.2568964012675088
5.852186761153909,-0.5386096204818904
-3.145784616591582,3.2586201815143068
-0.9138891122275795,7.131496398666894
1.448190638317827,4.173785955365088
