-0.6560408684445506,-0.43253465289190096,0.8752095558700186,-0.5207096914634909,1.0937288008307964
1.0487001364647328,-1.2131005265496502,-0.5828461458318179,-0.3914800528432191,-0.3145448181709178
0.49698237521858685,0.5330205397527243,0.24241381303679374,-0.9721974852365115,0.00220882426000033
0.5050511117037616,-1.1501302855999471,-1.5889392379981735,-1.6385517715837736,-2.258295227346799
0.39992054703455165,-2.2933891397876676,0.12616081796705317,-0.04014585921811237,1.0769968823729574
-0.5053048224790552,-0.4118066300680874,0.03352088184140145,-0.6311173556263309,0.10253390104904352
1.1351015487960152,-0.9879175957310419,-1.636535052214042,-0.15921828638243804,0.2544107948230537
-1.519968567190382,1.8652205775071047,-1.7383267302822119,1.2895069583665304,-0.7957268806238952
1.015200482800912,0.132017799782323,-0.4097815238134472,-0.39388540529051275,-1.4517647237989015
-2.296915302353537,0.5672839471261479,0.48770611285447435,0.4352643113473468,-0.6435539523226952
-0.518430287305025,1.2198604561729702,-1.249602118890515,1.0813933678003864,0.617598136369345
0.5302712559678138,1.3140461455390027,0.00798580399767474,0.9719665635784036,-0.720076097400708
-1.1247350085666457,-1.71872216644983,0.04642251099424797,-0.7001742575358613,1.575647675525495
0.1588304560050734,0.20399283054124395,0.8065733576939444,-0.2884976870220728,0.49761051827760006
-0.6158113348734208,0.1637152148677568,1.2584536183739574,-0.5993809061677461,-1.6675003397375667
1.0076205380197738,0.5184811130424841,-1.9029226671575843,-0.7321151993099605,-2.498611974248124
0.11928179096497081,-0.7910340770012658,-0.09069027527194529,-0.28070013085990414,-0.5985307844678988
2.129633171139068,0.3872480532234172,1.0119823887409172,-0.5670291240642107,0.17012733802087965
-0.050607344396270335,-0.2579637084016916,0.9812867531534631,1.1139334037004938,-0.029327997273927597
0.03147046627308982,-0.7256081667164219,0.11556406697138591,-1.761107426623106,-0.14520769336283884
-0.8000147456273777,0.33927042819155717,-0.23247315862069923,1.8417223973662467,0.2905318307248411
-0.9073379514885453,0.6610346091331811,1.2212192402227662,1.2945399724091686,-0.1361584603227071
-0.7114799218077247,1.464633946950552,-0.10226879282896713,-0.266499545571174,-0.4331984354099721
1.5289668386420283,-1.186375018810791,0.5290713518008634,1.0507227307405167,-0.30108243478708097
-0.481459049763811,0.15609709703475752,-0.2215401956143496,-0.953122807085179,0.38577664810533235
-0.0008830330837708053,-0.5380436593519785,0.5393564997606177,0.7141970084206265,-0.9580378648493715
2.3507146735095223,-1.49984247523245,-0.08961080441342142,0.07704534054181164,-0.6824147993109188
-0.43278493645520466,0.6584591331340931,-0.7025970222833411,-0.47279802348826017,-0.013533113522715258
0.2327298334827605,-0.9231849857457346,-1.0801468820197055,0.7925269869915353,-0.40196725887535656
0.22320712622510008,-0.27862331033903465,-0.7777219071945536,0.7517637929185642,-1.1060759426757618
0.5958359985386457,0.17004327071435815,0.18820978722803985,-0.7013466374351665,-0.3382377961069456
0.05562826818819558,0.25389141327590203,2.0123677974065663,0.11838451953121443,-0.16657700029449507
0.04813416599898051,0.16889417864253145,-0.048302759320761425,-0.758206364887492,1.8822051806576543
-0.17425730403949208,0.15812319791835744,-2.249999664933664,-1.9266893874531517,0.25430592557011733
0.24824958922397763,-1.0321669479546995,-0.30375706270792835,-1.4260493143103228,0.3863123199734915
-0.3439241009137404,-0.4216154381778274,0.24179837332615917,1.864513626795816,1.6984378390299268
0.17716250994542143,-0.17230719102621253,-1.296363886324834,0.8531613573185192,-0.598818523425818
-0.7673991824363037,-0.05622099474953226,-0.5753787318594416,0.49791260977425056,-0.4488086314488802
-0.45969929576420554,0.21815884288278006,-2.5113406027177385,0.7738287576947963,0.6308586955968646
-0.77505383507825,0.1942683480726246,0.8904988653822719,-0.8970730558138346,-0.9637654927628906
-0.7550726618766258,-0.8785383457598311,0.12960767837562193,-0.35096465887710776,-0.6176700847999536
-0.8088946210811189,-1.4248762440025229,-0.7194544923222903,1.392114740088599,0.20119547431777618
-0.4906072806065615,-0.4555652040825,0.31636352145372076,-0.012971607679368115,1.2184722656532614
0.19382059715252484,-0.48027396624431234,-0.4348179636348429,-1.417063079894977,1.7523805725184218
0.6443584449431565,-0.3960653339023198,-2.61769608799822,0.4343788382616227,0.23130614794308688
-1.8654147323585641,-1.9186501791524868,2.0730250287196204,-1.0767070625349529,-1.2555962807809338
-0.2134630256213994,0.012824672929412277,-0.7668222312104331,-1.0881369215461583,1.5550353762426523
-0.8244793236263682,0.7316289031852644,-1.4118709595902486,0.738875270750206,0.22052677779555563
0.847907504133933,-0.964927223910726,-1.355481920672328,0.6382650889608981,-0.24968744640888602
0.415560470737266,-0.7469592408638762,-0.2790556260344764,1.1374197530321104,0.19618355407341379
0.8308402866492207,0.3226560634520275,-1.0668865502770803,0.6808928030779647,-0.5582681184186462
-0.7255279479682157,-0.48904453360207856,1.9653274594878207,-0.014168734701494809,0.2334085165000334
-0.5633008340996913,1.1429243592032547,0.6865075516778754,0.29502497100638403,0.48930954630598317
1.7837516946848442,-0.23386192182894308,1.9061721566852596,-0.3206601071940796,1.0641360061878875
0.6058611016864438,-0.0940477213956944,-1.125807510518442,1.1763637883976228,0.8606739609354036
2.004780058514253,1.3593256374035452,-0.5838658010813182,0.11532376579866942,-0.4471415702961207
-0.00762493394276126,0.9137168920627786,2.8116296769409526,1.2391543934290492,0.40015074984277577
-0.33525047938328356,2.201329227015371,0.6235075637608974,1.771728889634905,1.2359171011756152
-0.07087186215472277,-0.8867960024915197,0.8297914583895305,0.3712578927400995,-0.9739372750821026
-0.11774174912361207,-0.606567822174478,2.012404000152264,-0.3926281741854419,-1.632426991903127
-1.4503390103736007,-1.666245452174085,-0.11714862375801853,0.9578626733495637,-0.93025399266065
-0.19691534077117376,1.7388652438401357,0.6999142559424167,-0.5102729535380285,-0.35420448202459853
-0.32306422111582855,-1.175820251104277,0.28671282221563127,-0.6321045164725342,-1.8326532085987286
1.1991121277162777,0.3743189388605072,-2.3086369467900325,0.6000115432421245,-0.12171815796147664
-0.10283991469703296,-0.3385161184996059,0.30040926762574915,-0.12544190453345214,-0.6060029130071638
1.6966989878398262,-0.6686897511791943,-0.504428610980018,-0.9449750696108393,0.47778596227595566
-0.9822092768713034,-1.5716769711187575,-0.24064448867997273,-0.6250770482897696,-0.8840451092155981
-1.9592318911570814,-0.06562499225195227,-1.3151567736591412,0.8118836957325481,0.1171598851035587
-0.09824669991600395,-0.3845877978706084,-1.397372612855428,0.6707996535731464,-0.7317317514316761
-0.49405032179450636,0.22614274063394268,1.1627175162423338,-1.0756234362241692,-0.6142844025311798
-0.6429998777524439,-1.977833531239769,0.47142801656407757,-0.904201513172917,-0.1718861121573465
-0.1941951981482753,1.614458324781549,-0.13097919971983218,0.10676697901390171,0.10779978305943044
-1.058252174450227,-2.670910805284586,-1.637909539154956,-0.0497399119100889,-0.10901816314920527
0.17898615256620587,-0.6835407383573977,-0.1548278234121448,1.0320001950247293,1.2031690133978494
1.2818319601096893,0.4523986479665855,-0.1040748543760421,0.5478641936839698,-1.5396136049661981
-0.31688074581869724,-0.11850492156162679,-0.009430579357052639,2.174212531420496,1.294311282526539
-1.9628016152816103,0.619192572327724,0.39508597653584376,-0.129432586539801,-1.9817772756035907
0.8864983340775116,0.6274361821332466,-0.5929094314208766,-0.6770482512800728,0.8059074107349773
0.2969901974133032,-0.3598109761962876,0.4896957804217167,0.7201928138670304,0.3504678407406817
-0.9599536397355298,1.7015334000823858,1.270015980495771,0.1596884440974089,-0.39681585499108757
-0.7091141626456503,-0.09708383563967278,-0.7170813229684052,-0.4919994772126535,-2.6411352200657703
-1.0172573385141335,-1.557137881017302,0.027047320740871558,0.7967419109212232,-0.6118190113324368
-0.1203346957645067,1.0290422854790295,0.9094433358690329,-0.15298866980812278,0.9046990819010667
0.6051900788822706,0.14622411965257442,0.8123177420797872,0.5889489248842215,0.371530108093825
1.5185001305608175,0.3076207547568963,-1.1384081485442625,0.22855461341061398,-0.86587568132764
0.7043199150491878,1.1081660011893983,1.1090425291382062,-1.2385948770896864,-0.8607341165198287
0.42918087802808375,0.21470089027336417,0.023579718956797304,-0.663461541939833,2.1953678786250657
0.8586048447408817,-0.3714025344683302,0.2696237754551758,-1.1047561210053016,-1.4177071298077155
0.5054617030277432,-0.06555196476787231,-0.49386111800970617,-0.008076188135895366,0.40962760018848493
0.022125542944567134,1.0235602878054075,-0.4188997943321035,0.46798615009474764,1.3860066919509773
-2.569356153348273,0.2845588902127734,-1.1234630765073308,1.7314942727528722,2.7275598498830242
-0.19055842310183083,0.16794728737551146,1.8031128908059852,-0.46888689302511544,0.45587980188845145
0.472349210149039,0.5980780489385584,0.9884537006570284,-0.6915227951062112,-1.2754878756120707
-0.5219119533185831,-0.2542343065920392,-1.109681337440895,0.5269860239035802,0.30680508369413595
-1.086959689498813,0.5042219677547445,1.08640102970884,0.7727817849833908,-1.4737580638429166
-0.2605489475545279,0.3473365938967822,-1.2366296227337843,-0.16595228936655143,-0.022639879762406872
-0.5009726933442844,-1.5412831432534193,1.005155191195978,-1.4469424356788032,-0.9636532580802604
-0.32768180544933706,0.8753597663280087,1.3607812977684772,0.5483337075018596,0.33719029369837283
-0.564032670187441,-1.241600604511869,0.4022436797193602,-0.9682609991621813,-0.6027891608953809
1.0220714197958176,0.07487819184593146,0.10195991364326107,-0.06305905514516202,0.6920191047391195
-0.5523040790824015,0.07396109039451722,-0.11840017753469342,0.2927199544255254,-1.9751512807445852
-0.4366724763808613,0.7446149751562926,-1.072810385492505,-0.3638649110966902,-0.13375253030944123
1.1041613791328198,0.5370914655304574,1.5635202076380736,-0.2621674047991519,0.7261346347418446
-0.7006781801889861,-0.09212723534551404,-0.9882815099572755,2.5858532484397148,1.3452128175534228
0.6246561524090782,-1.9112357677620957,-0.4870801081641611,1.050771051398052,1.1893994785306794
1.8102235869368397,1.6276812654862225,-0.20086380781315075,-0.014239727145804116,-1.9931423255666108
-0.975363397330474,0.31951117123514605,0.3211554126573917,0.30164154675075994,-0.4942227043823001
-0.7181579466847082,-0.7029554407683328,0.33592487537857596,-0.881326907012535,0.7917761569228036
-0.5405869707374846,-1.2205437815549809,0.1320596872456968,0.7295911058536946,-0.728995456788658
-1.818987355501514,0.25018350217586216,0.7603497567351928,0.20695087188069822,0.5620933329340506
-0.24911199338990989,1.9548739174920542,1.0030668229111082,-0.924044534632894,0.7783011414890382
0.4711224252811599,-1.4343337286487017,1.262155735617064,0.6850925498595334,-1.8687678070311131
2.130290903463737,0.8173765452337673,-2.1252380012153096,1.2087838394927255,0.6561876722998845
1.0351310779336662,0.21126315619265418,0.06366060942531554,1.2379417554928431,1.56986172380039
1.006887495311455,-0.31657676131598406,0.07978869409202229,2.316722904435758,-0.1423016998097069
1.0401472897440078,0.9782338284561685,-0.8138158333197002,0.01778664817966543,-1.2116193744228054
2.3923520277146704,0.18430098519177648,0.37235261918838103,0.6427391469266641,0.38767986501760693
-1.8336817670587378,-1.9139293067147758,-2.0031063778178657,-0.13782588934419007,-1.2362934330417428
-0.18057382475455996,-0.6903027123580843,0.49033885302689206,0.1759789413507671,-0.06807458598171952
-0.33304618090079646,0.46318012587911467,0.5231114027557383,-1.8046834054338914,1.9012344637799525
0.007842009369205325,1.6882614814180177,-0.46577123821927485,-1.423369767881273,-0.10659251825748024
0.8725296472114392,-0.8722185499394493,0.2476582081074605,1.787874974444194,1.8720763401157452
-1.2764805608610867,-0.6755404056485481,-2.1237074101342004,-0.18588716404894265,1.5815658197565388
-0.1611140478630625,-0.2091281360295266,0.43786224186955647,-1.0161785256972515,-0.6545591704698679
1.2675133800726364,-0.53348272269632,0.800564436843964,0.0851186816235592,-0.3427130551546898
-0.6795107657297309,0.8995308586930704,1.1763329542865308,-0.6447841351799968,-0.07020154769652044
0.9328628969339786,0.05856514098561557,1.557256979837693,1.644289783710205,-0.43037057169958554
-0.5936168705547835,-0.759235160729829,1.6672261159727841,-0.05433081623807786,-0.8894798179596256
-0.2652781568200796,-0.7282953905545679,-1.6091157980915518,1.468015598525871,0.5664976741321249
-2.6235601294276405,-0.9719415506662709,-0.3217652264805848,-1.7871096551201366,1.0437862901859962
-0.5360505876332439,-0.043146011183311385,-1.2040357072447114,0.10886705881716054,0.6755058720094665
1.1398109312260183,-0.8514245034707792,0.5470765355534054,-1.2371765002321453,1.7247226472336887
-0.9702966845060563,-0.003838787037964102,-0.8767483266447383,0.27102550897768773,-0.26191660443923764
-0.6279965597739295,-1.0363295564599453,-0.9972389387325856,-1.0091602475820942,0.08824730251212608
0.4742817538753436,-1.142518568559168,-0.995826034125661,-0.10031386024937224,1.9949804116410188
-1.4299924779461235,-0.8188229305229575,-0.3166472525938605,1.1574732126628589,-0.3906961030630259
1.0448248306998984,-0.5666931934990881,-0.7424888774879929,-1.6200905062934057,-1.2329251934317877
0.4980331413317796,-0.09275033757288978,0.08925928980244445,1.6279807553930734,2.5841405737978342
2.4346022689194626,1.1392388777489868,-0.9523280213486957,-0.14558195513868394,0.288968364932243
2.4330229604943137,0.2503833147983582,-0.39613914634756386,-0.12383390462699212,0.468263928828995
1.3554898027760482,-0.35972485716301855,-0.6986473079803021,-0.2819584199371699,-0.6453206544031528
0.10460567656560725,0.41197887269310607,-1.271142913974935,-0.7266375886257754,-0.13598901721361636
-1.7910573787788304,-0.0634546387412537,0.3868570604388487,0.13723020457801605,-1.194333590262996
0.2312825683817549,-0.34939597579262927,0.1861066178881483,1.36116645764515,0.6093877350237324
-1.2539346727433245,1.0379272216969626,0.08941139098025172,0.052088603407580675,-1.5348307617426007
0.3374958217082698,0.8702499265570414,0.4715369066129158,0.014850347541612019,-0.3601430119889056
-1.7556038686202173,0.4103083626353157,-1.187109388106069,0.006158339518751206,-0.7219263227398425
-1.039814157319753,1.8201218589578654,0.21931914981249828,1.147855214727574,1.8013550876702504
0.9012118282508252,1.0409539566680825,-1.1708179521268047,-0.27211016300030055,0.6588259957063106
0.9755642994165714,0.01734203328059667,-0.9878978837557723,-0.4680138262678964,0.8201786948542614
0.4367606275181457,2.0360328091340096,-2.1528547674423466,-0.7247149502340573,-1.7521070804802674
-0.6772861055370079,-0.11205539540011326,2.516477210248014,0.08358941424788334,0.6158859455194763
1.8836187168691132,-1.0054232688914604,0.6735974539526894,0.6555314116861563,-0.21801156963571006
1.419159643005846,0.20082675411665865,-1.7626663734581212,-0.1180087420380472,-0.503303683702465
-0.06379577340135364,-2.20032729753514,0.7797043177132909,-0.7333377007405165,0.8735777118183581
-0.6509371988481143,-0.5555217579976989,0.22266433147644746,-0.1293115008249681,-1.4931838328578562
-1.6394758979109652,-1.9903204081081451,3.1841786619549493,1.3708573661476964,-1.0738627155869216
-0.8635544771305723,0.04779713038208783,-0.1751826011795845,1.0019224843353518,-1.0966518757110952
0.3665277070278316,0.25566543933460056,-0.24538930897907932,-0.34803461207303893,0.8999980405985699
0.2898966569440825,-0.3088134716613948,1.300552773577532,0.3334216901039027,0.850966885560179
-0.40918197609569285,1.592600673415823,0.9912089126688346,0.3647788807255985,-0.19130484969302955
-0.8726632864259444,-0.8577502384481619,0.4076058795093575,-0.6300799055969198,-0.8865155317047521
0.18585536490896043,-1.0361608470205144,0.537490026356741,-0.6765778230843452,-0.46609831703877186
-1.2188303200929624,-1.2164879374932596,0.9703675013170725,0.8854156477704668,-0.24908649423045007
1.1179447028140836,0.12613571936370596,0.7475293608761692,-1.655446169486715,0.027468680214842344
0.06581169424578807,-1.203081418643785,-0.3446875928538036,-0.03262026472765286,-0.6508547429101758
-0.3959055732091677,-0.7193670460919608,-1.1654645714614553,0.6535060348344434,-0.2432041674559312
1.141361041876509,0.20961804756062233,0.37815696387722986,0.102057579373397,1.88285776495885
-1.7048363690218962,-0.12662688660352586,-0.958820718068599,-0.3202717830131822,-0.9798507737838711
0.7546152562767956,0.6949826313566163,-0.8064536720059695,1.7225722902083285,0.32607243311299355
-0.2959408687489346,-0.02342057878968254,-0.4630909765569337,0.10966062160816872,0.4551486515363526
-1.6169008901910995,-1.1606731743720011,-2.2116127024798398,-0.2177774689096045,-0.18409444072298314
-1.1005565850562462,2.318234050017565,0.48086159903519515,0.7306349342928882,-0.058043244778691314
1.3642125495264712,-0.5377395952597829,-1.7943778043827927,-0.22251980444243774,-0.9062902503251381
1.5105286495910226,0.5247963785304385,-0.09294124281237798,0.46285077981974143,-1.7390864774245465
-0.10099780942227947,1.1597683821427494,0.6365551828932322,2.582677927700257,-0.6564062736295427
-0.543820216601766,-1.0364394913230859,1.0613027545568874,-0.05168188688718306,0.2170966926032978
-2.0733223575275153,0.22226996592353845,0.4347504725557443,0.026272726614501127,-0.11656191524423083
-0.3547023837978158,-1.7392043800042283,0.16699371105500116,-1.3823614759220484,1.941145642060208
-0.5238950828344663,0.4628884262981427,0.3122559296291607,-1.757550399114899,-0.44565272633461966
0.7397216031805212,-0.4964746871551316,1.0701375107413518,-0.6536130216115696,0.1780628362042496
0.34950550934304275,-0.1725266656093139,0.0004446643229073307,0.08287541928515514,-0.6564507062360674
2.4416380190388565,2.060715786059426,-0.3406990878602029,-0.5778399075452746,-0.24001001213298254
0.3308539240751578,-0.3824291651795706,0.06155005842426314,-0.8712228948127242,2.342460355029151
-0.4525556735071134,-0.4707774276550073,-1.3532405174984563,0.6790770026431088,0.07112127015273396
-0.026377856833068612,1.2011643463798822,0.6837507352063609,0.12933358512956145,0.6434474913140784
0.8998946511136199,0.16968107997999826,1.0141863975808567,1.065237361478221,-1.169842888225849
1.394383298275517,-0.5796115341111671,1.637928639879875,-0.4266973622579068,0.7545405519861137
-0.2670734211098917,-0.4258199467441073,0.8862631725965588,0.7061320893859079,-1.57950301469593
1.41991228081952,1.3544786155753146,0.19954870353329082,-0.5231564360704131,0.6078013146304138
0.3772683568571183,-0.44718735800705145,0.0814498124295769,0.6833368965815536,-0.4801121099130657
0.10859516720320658,-0.6883465174344696,-0.23327498298108004,-0.8621935746581341,1.2394015651555452
-1.5818561115117846,0.697174006384478,0.52638297678425,-0.5934037103661541,-1.4448239963967753
-1.633952486540009,-1.1590580370827697,0.31384779852345784,0.2660637143156354,-0.26178092942856374
0.33064416400125235,-0.6855146351306514,-0.48600874518833864,-0.7784551118606099,0.951090597142801
-0.5657131346781981,-0.5926990974426111,0.09555545998631342,0.26717857956840396,0.7682867749464073
-1.0689019583982171,2.4929828784069605,1.118411196890016,-0.07178196106335608,1.3532979541796613
-1.784333713991318,-1.2789806132540016,1.2652530413615046,-0.37200327110886433,-0.11975462086704361
1.8238158415140213,-0.11125084481081042,0.3504384246931128,0.5091953884629536,-1.5283416639368337
-0.3488980087845357,0.09992117183885563,-0.1278954611762894,-0.6754265670095227,-1.3885809788935104
-0.746308730100249,-0.5563724450341739,-0.5324241618461186,-0.5094381890270303,-0.96632155377057
-1.8121919821778993,-1.4458039611420137,-1.4308481290782211,0.5824662591693665,-0.26261299389977744
-0.8012699726687272,1.1568397259966168,2.3224738477496043,0.0379999618169807,0.14723313764195264
-0.015247370240760765,-0.4563345195375255,0.22423074457808123,1.3612483507743949,-0.7551448303685632
-2.668601319767178,0.7117318981056373,0.32827167322390977,-1.2052279161871735,-0.1920041174533065
-0.4742734267226848,0.5865681924889649,-0.425559763985997,0.3848979336083845,-1.316992691341421
-0.3341127549496333,1.3870101009148115,0.78481191611242,1.4700851426055868,-0.2955877742825226
-0.023943860170046436,-0.3797419533890872,0.1677741399242673,0.783588958001846,-0.19323483990146026
-0.3464960027609381,-0.638113525039112,0.9803603535748366,0.3185219368899928,0.6624207663516022
0.022814292972513053,-0.09970891389287,-0.006298779469422471,-0.5478345738616295,0.6753513895264776
1.2731250932611913,1.823830729192843,-0.9955956240455539,0.5405849694778659,-0.03862128932896203
-0.6608903544258511,0.7485094329165188,-0.5421333573202669,0.10581305789124817,0.18528474808682316
0.9287944557532867,0.03408551005727469,-1.607871776930371,-1.4276272290263652,0.5184720468502365
1.68204135587899,-0.34784631126356114,-0.2786300621646411,0.8312746397861975,0.216508613291336
1.1446290125425032,2.345657366593328,1.0321094347698738,-0.32896442036696516,1.2552466104921218
-0.37371898577195684,-0.6982748739238517,0.17645023906063906,0.4545006534860688,-1.99352502819789
1.1699937425528788,-0.2712238503774867,0.7416268309918485,-0.6574825120350154,-0.5040739863978667
-1.807956022489873,0.17597097280413634,-1.5125799681733385,0.4449706080166615,1.3432101249038655
-1.0075624157685865,0.06289933410659479,0.7863182860249748,-0.6349437434575598,-2.0474557143041565
1.6157659688623938,1.9732554347851408,-1.2342793055283334,0.6740191054174896,-0.8836726487994324
0.061504463593568856,0.2296592763100777,-0.16965503713022406,1.3489973854733859,-0.3419598033139653
-0.382511955683455,2.1038632967906308,-1.0454469568393185,0.9049532644281575,-1.019259969524563
-1.3797741422873817,1.1834974313678324,0.32800261748257187,0.9873651383976253,-0.5244295629829802
-0.825898261414767,0.78983674622869,1.0130336049476523,1.4944245663646387,-1.4430887077738408
1.2133367477513075,-0.09164023237764113,0.5434513082661685,-2.1216993469193226,-0.010404071999661424
0.6681408555809368,1.398764485368267,0.3207533085215308,-0.25935789923009533,1.45821178639522
2.167713730368181,1.0159353243391263,-0.11461640463871473,-0.4683454037196808,-0.3503433742928834
-1.3130467814039377,-0.06425010923800654,0.29632530233074666,0.08472348328517498,-0.13355638657894325
0.017091051597830646,1.5830631721144874,-0.6508954649027899,1.1468411078584821,1.1025337588622737
1.0327209141268845,-1.171742827664599,1.4230272005819133,-0.09450893939119333,0.051406595950466705
-0.35392796465012205,-1.0248592711992208,-2.668378243189764,-0.37044078404379205,0.5457658334186455
-0.9477870113751568,0.04874720592305699,-1.6922268922829102,0.7106718553376874,0.4176604854064334
-1.0217848211208884,-1.2253993705645143,0.32419929639503103,0.766172667384822,1.1703999774740257
0.6231374392876956,-0.3167772893317273,-0.018774123275214768,0.3689232415174442,0.16995485739640662
-1.3438386385815144,-0.11216978342300886,-0.9505497030494139,-0.49488081936420897,0.6085682850417992
0.05737499481873341,1.1632321004663329,-1.6930124669080648,-1.0364447223000641,1.1953442060059059
-0.07491398803904725,-1.1804922360758305,0.2734942207833157,-0.15370639802439456,1.1131740764829336
-0.4266831516165487,1.1127397311977596,0.6018091238030276,0.9129783285844445,-0.7799965391709769
0.052769067871602314,0.7021388621872555,-0.6818018030030205,0.9004198077239497,0.13631542222892457
-1.0229656934314717,-0.49952057533260913,-0.6189240846741264,0.9184781977308535,-0.728458302795407
0.3643233727169618,-1.46650422778866,-0.2947441482628471,-1.102743068930562,0.276916243461897
0.38622601642372595,0.03125507709054552,-0.9910114954884406,0.28204162745603684,-1.7202361243104527
0.809879538320779,1.3543067182927484,-1.5494635893026891,-0.6642854373608241,1.2644653172670814
1.9229173039516296,-2.165426148062136,0.4454890831445517,-0.9339655444590854,-1.6626506538220083
-1.8682916016755897,-0.44622395565789585,-1.2045693267919182,-1.5211998894302736,-0.41247386287299204
0.1644707173432571,-1.253696057995857,0.6389211082041218,-1.2198629916315165,-0.7246446115335805
0.8836864517250679,0.10850449056442155,0.22946985796423366,-1.2383107017318107,0.7978136721502309
-1.0983963293029004,2.0888855884219484,-0.7649818002214019,-0.45000749736402224,1.045794136374699
1.0088049509328945,-0.6202687494960683,-0.34276329191984517,0.843978054497567,-0.2074473018056367
0.16779974443810805,-1.3167496456240353,-1.535272383541324,1.9093794697359099,-0.8581698789785603
0.20995752705535803,-0.47621902529340493,-0.19609293346266204,-0.922330785253322,-1.0218031831675667
0.9709770858030001,-0.06812761691805845,-0.486744515976846,0.6486645743242978,-2.3062243838197074
0.20650047342250438,-0.43254789333012555,1.1272764929974206,0.37321504565313884,2.4660233966710425
0.4469778773078686,-1.0062446283336206,-0.23707628194393446,-0.8426732166464811,1.807765546363446
0.6265707734874679,0.08482570013567635,3.585114703960914,0.12095922905666168,-1.1074525751175275
1.152351767281735,0.6054379793680843,0.8225043727043863,0.6577181804687398,0.5766506868280522
-0.5499258035079035,-1.6448413676144102,0.9006723369321834,0.05075125665778149,0.37798084652795905
-2.3282720942504334,0.1539362468440579,0.23713440247621412,0.5637100473299997,1.0701619517975622
0.5159949189934523,-0.028908886849376706,0.6877095551684166,-0.038068977339134696,0.41957365040344946
0.4817598043965229,-0.13178742900564455,1.521257894140655,-1.2581770786965567,0.8829577687886815
1.9115880080098937,-2.2657646452393307,-1.8153732916515124,0.5674205407075806,0.2658471216666963
-0.8441667231112564,1.3572790149568137,0.5076276674867158,0.9064240280354025,-0.004290333027496744
-0.11337306951848775,0.7863574852088364,1.737549384022935,1.0909196419268397,1.2691125573533448
-1.4443357512058463,-0.5486658014759399,-0.1746981306096866,0.753970123671593,-1.1152798442769782
0.575856311610241,0.037464153273118174,-0.9848339063939331,0.31013113224605415,0.5906849939410826
0.2921481077403077,0.7989177712732586,-0.9986272246618495,-1.3748269346979876,0.7993309784173375
-0.9197995344991011,0.10686318690475062,0.44991242149152744,-0.46448749441892506,-0.8410497801571688
0.12288690053230024,-1.0933653572780828,0.3328824180554091,-0.2005628313755298,0.17773196880485184
0.2513126970122606,-0.14266929587328817,0.15104548902695622,0.6502132210870801,0.7347704087544562
-0.2736652289483864,-0.6047181591733956,-1.9428843706438719,0.5439306313769999,-1.710837989655364
-0.6830642350059883,2.477745706468084,-1.5652853296230116,0.9655644859348461,1.187968097669056
0.18060123631168667,1.1880946407789306,0.1308481518907923,0.821424872700159,0.07810944194792022
1.2921517882712166,0.6488396892273208,-0.125204661333023,2.029711257299793,-0.015270094905300312
1.1554639733117928,-1.7708909577453942,-0.911677345784111,1.5310943034683575,-0.555312515948075
-0.13143171210067528,-1.5130218198995176,0.19053550079237294,-1.1130943630226438,1.7258591552476137
-0.5618933317050563,-0.9037487301213336,2.0931485340596363,0.46502577016445523,-0.7071670994449546
-1.2992998860348035,-0.4175909077100199,0.2411469572508321,2.2231386891044242,-1.1907475886372971
-0.15212076187681842,-0.4685946845935454,0.15971638095539759,0.8846807897931277,0.8896003098447324
0.31022060271605206,1.0887121435943314,1.0313705779039566,-0.09743169068101495,-1.0032436691139452
-0.0822011374002644,1.0472057079732708,0.17063048340972115,1.1567901749623342,-0.4394861902145433
-0.28423657501735344,-0.4518324138315887,0.8017665926657589,0.5316615090335786,1.0136129738821062
-0.34919394904465245,-1.0886570906460091,1.9790699109322076,-0.46823624385499524,-0.5504663877965289
-0.29041104337428136,-0.145780935783896,-0.1660343852833734,-0.27268237005388385,-0.725301856177205
0.025471816274647823,0.5368067434238131,-0.38314017244461757,-0.12824301709049574,-0.8558343281469127
-0.3366425098587822,-0.8598039953415166,-0.4734347350903032,1.7525538592520775,-1.1212999865565678
0.7904085923636549,-0.09929949439256516,0.4186881039662028,-0.020917240918422203,-0.7969378991706109
-1.0631930962089153,0.1184168854002104,1.9863369306499121,0.5578971090349142,0.5854581468675629
1.2549420193111342,-1.254716060827287,0.43771260678755336,-0.10239776914623402,1.2673247490510642
0.9806023504307084,0.44893977425397136,0.4061175861880362,1.8761256517401348,-0.5768934684860006
-0.26082683873426116,-0.11375112760629796,-1.6124077397519883,-1.275016226885869,-0.26943053905096614
-0.025748517805983088,-0.19456168398311532,1.3772497137617878,-0.8657945111146176,2.217936525115199
0.7800338407719374,0.37071354356745695,0.943755084903146,-1.1092628573959866,-0.7860763550729465
0.41006059828898966,0.07133060291446627,0.7055789828567666,-0.6027501014855408,0.5984845011073224
-0.7597047112625752,0.9539255777229654,0.42321256995256734,-0.18623773423818885,-0.49545683526254125
-0.414081589253266,1.1694747578774725,-0.35393960970622884,-0.09256834277766514,-0.8840406179451098
-1.7581292319799788,-0.15613400617255568,0.8648465893475578,0.12871795255381122,-0.2880833983808134
-0.22793974956258437,0.6404205159205382,-0.6409361522838278,-0.6508581859094824,-1.14654537077432
0.8045335650526033,0.24856208929430998,1.0939319418263183,-0.3339949732803444,0.07677493778271241
-0.4520465094812847,-0.7383030854958477,0.054071604296701416,0.4686923538980828,-1.72204338374718
-1.3958899126795508,0.14409020865407066,0.32954146434760956,-0.6001949562093171,-2.8270560699345078
-1.074860648354527,-1.840278921624817,-0.4848294609703924,-1.4444471569976367,-0.4559184502618904
0.09869850054688069,1.7008752651752759,0.39587097805770105,0.16212065199616568,-0.38007448275932193
0.32767523640708707,-0.4041093095248907,-0.8539240776090016,0.0680993577835359,0.7818416481319611
-0.32120048324318645,0.34692881569016176,0.014306965787659727,-0.8827946291796462,-0.3165992972927414
0.2201204625807297,0.37611177437742005,0.16622119439740354,1.422444286662198,-0.7876253812344699
0.5689501842584492,-0.8124922589368,-1.1899359101914528,1.3126617748631804,-1.2616871281931603
-2.2080109661435636,3.372754595218884,0.47138827149267737,-0.6339279340082,0.329253488213529
-0.04855041558971559,1.9346662116719378,-1.5209223517886896,0.04930751869287355,1.4305102515693437
0.0173069441357243,-0.9724047824926179,0.3381534331016716,0.7541039928994987,-0.7309485027436411
-1.5008339881398298,-0.6185748159086161,-2.4067067212284394,0.7062215683099199,-0.42568230086074815
-0.4887415187239925,1.0120508567054187,-0.06351467904226218,-0.7786935639725864,-0.4138458915082863
-0.07536795387655319,0.1448793290804957,-0.7295013558036225,-0.4603019592750563,0.7340685373031409
-1.167250394276102,0.1700045514378256,1.4938776292166627,1.8630920844477221,0.009531297499292919
0.26667004899421487,1.2302478366452205,0.46784727645237545,0.32826155268782536,-0.16919008384097117
-0.1744242070036774,-0.5885991574429842,0.652097431608997,-0.8120908060691288,-0.898546678349214
-1.7195608921127434,0.7648911248915281,0.19867461634394987,-0.030755185926262182,0.0018309139078636068
-0.22134969057847578,-0.4242248226193107,0.7226812248512622,0.47484069983212746,-0.5170762672096708
0.5710339495486094,-0.7650158059237675,-2.2214346343746185,0.03897131818161578,0.7714419839715089
0.8289372761105301,1.8631390705993953,0.9989526177773569,-0.5826390731243951,-0.2100217606266573
0.04825557149004107,0.8594538500687344,-0.08647756068425017,0.5159296479058737,-0.8952786122907417
1.045145017956681,1.0037620791129063,-0.43629336937323143,-2.5378155030589,-1.1833822832694347
1.9002517617027814,0.5765259659273111,0.21064774705393782,-0.13024057761480154,-0.825427494028571
0.4206734660717448,-0.379163723081473,-1.162067794310894,0.22352969229710618,-1.8844838765762182
0.8109935978505305,1.2626610988731921,-2.209566960261419,-0.2964415121962667,-1.3021379411530285
1.652511583466285,0.27359909414347244,-1.3597159889759787,1.8375177259625612,1.712621179271296
0.651564651817463,0.41201486920111535,0.2683249201005411,0.39085016966701613,1.308424003266943
0.21575505997256106,0.9886945023562418,-0.6178465097160752,2.327377141688444,0.46494067840280734
-0.22750046740739327,-2.67220605537116,2.046962090109724,-0.35281252189517565,-0.42996717541266305
-0.7091215388787185,-1.347576042603278,-0.26050578757991255,-0.2506710319620279,1.016374104700416
0.6929328903672931,-0.6459806007983402,-1.4163263694408035,0.10512697844455537,1.5158546664554202
0.7612836164326116,0.7234202631398818,0.38236545259728916,-0.3482762000704598,0.14863831051624088
-0.008496382675905072,-1.5868012616880596,0.8622911891179272,-0.44735304043159146,-0.4761213813889694
0.6243259100690205,-0.932798193931599,-2.0542761500800646,-0.3188315270582108,2.138567084755021
0.9196304195111938,2.1712768849959225,0.25170921155142045,-1.2343299825240324,-0.4275659578863514
-0.6332819748898372,-2.509419701842749,1.1319473739570671,2.3993327123043278,-0.05114876124224669
-2.1003736767686423,1.0836615690501021,1.0028359237731237,-0.07557982911729537,0.3996100015358947
-0.6211322280978976,0.33187885880126733,0.8568960456135731,2.144698343301648,-1.7666964420309128
0.07382929331212243,-1.0596938840447472,0.524042545539687,0.7350472387915079,0.45163704020408124
-1.6416988355262618,-1.99545623895529,1.4498944653116346,0.5027192435186756,0.7862265252306445
1.9594482868162604,-0.4758662139794384,-0.4386593984220553,0.2050722540455662,1.7737997743418366
1.3362123868743883,0.7035648828841674,-0.4250858336924667,0.36590715298201076,0.3065249417601827
0.7889912160060646,1.2883138317101173,0.19638804668950838,-0.4102278661107941,1.3581456087432162
-1.596661153171267,0.11381448058017349,-1.3134491574641676,1.0719301337681382,0.6557681239707122
-0.07706852840159956,0.4512219688159391,-1.4692853268715897,1.1915055994449657,1.311607233029131
0.7156744097410783,1.3308285897648957,-0.9061206196116484,-0.4695446970913732,0.8002080950781415
1.6691501592508213,1.2164111567739757,0.2548616027886053,0.9235216726167955,0.4717503928744707
0.8922299159510094,0.547551921976656,0.05820210239813761,-0.07249556053624864,0.32493417687340215
-0.8699668922693938,0.4822118220568448,-0.1444060638461054,-0.4895943154670853,-0.8552382187584722
0.9915306019301965,0.006166321421038417,1.8953592716435226,0.0709837865486032,0.9047449309649005
-0.06987870382119767,-0.10553141522329,-2.145973846250146,1.576712000881249,-0.31471577910463067
-0.3047293454720172,-1.9863512208142053,0.4242783765102899,-0.19768003695759226,-0.2655056364840052
0.5626063901539972,0.5096650073872011,0.32843567008356755,1.351873868358396,1.165663572410157
-0.4417101583453532,0.37631660066049866,-1.1459495936014301,1.3042704015697066,0.3867117590961201
-0.3746914442474353,-1.365562388356879,1.1161932080739447,-1.2078334470090968,0.01888326155649225
-0.817248347618802,-1.0487988434772397,0.9420269190529527,0.9696736642427545,-0.041979134272483426
-1.6643091634552483,-0.26694617442658314,0.5991109376786807,-0.2808418121212607,1.2740331312729094
-0.5082567484037502,-0.6786646112105871,-1.2544756024497505,1.422155229763289,0.026234596985420067
-0.22087863933897842,-0.22426703005499604,2.373004697326139,1.087651443848629,-0.29302014816789457
0.5017684774871776,0.6519128773556676,-0.15229894302536437,-0.385777525728811,-1.0861599368683446
2.0664788786608623,-0.8508785592241268,-2.25816379675641,0.9092152487533346,0.2741734001120158
0.0036985117756126733,0.25464953132015633,-0.2949090841881567,0.1876784505583101,0.5574422441269206
-2.7070854548415384,-0.10801513539395081,-0.35330914267813407,-0.05009650410206227,-0.5483659709830658
0.6803556957639596,0.8818105152865805,1.6148420288089258,-0.5371402679703678,1.0404146299461827
-0.242121052239344,0.012827601149715975,1.2089874969914776,1.6175384301866054,1.3650039991059657
-0.24615390785969915,-0.6072763370049682,0.8007355614459183,-0.8456499132859425,1.0429812664540978
0.8710044046824842,1.8069244340222181,0.010064349322142986,-0.997494701371823,-0.8684522270481194
1.4599196853335368,1.639152025344832,-0.6623225436597266,0.2867742491176499,0.7854028726601424
-2.3480848595834414,-0.5534913972415646,-1.6569156829552378,0.6773870112992916,-0.2782526365385693
0.30667903086274817,0.9132512317447037,2.2344890183553447,3.211997859682548,1.0658004460317987
-0.9913976963558869,0.7093363506821653,-0.42667561110016694,1.3551815344096168,0.843916025654226
-0.31812174344563526,-1.289645851647621,-0.8852674817122608,-0.2587889754871025,0.8607708557293355
0.3754919634672402,-0.9083028598816606,0.4641702699377829,-0.45550442237070776,-0.25469542863501365
1.622270219203236,-0.851271019949142,0.07700650077612363,-0.22624103996675465,-0.3009686374984823
-0.587463372028094,-0.8145964123019218,1.0839380269484824,0.2963048070031645,-0.4749745866775877
-0.36193569406227427,0.8564012015069979,0.1138556490448411,0.5165647931988646,-2.7113087860315908
-0.3731102585799825,-1.1801307089647246,-0.031296508268746574,0.058036960252336615,-0.442619135200139
-0.311060726779114,0.13869968135319885,-0.9894870189969599,1.4405186188241832,0.9518329021631065
1.2420707350962839,0.38797504116089426,1.5920023804317942,-0.11257340121415337,-0.2146063787154395
-0.6854712363981729,0.9881220766899285,-0.22088311184714204,-0.7447997528318526,0.5411024408401867
-1.1129227301243299,-1.6891335201549964,-1.7933024960342911,-1.220483039479819,-0.8223076068620657
-0.4360327657311152,0.358671164158786,0.33514812935450794,0.052573798932124154,-1.014948647716816
1.162061437334238,-2.777182027633327,-0.43032339466050906,-0.15500345806116664,-1.331857257101744
-1.0912514213625937,-0.3330878219298041,0.6718444601472549,0.6869068808294635,0.5270652632140143
-0.05854824377571588,0.7849157462621151,-2.131400886553537,0.4613032521876194,0.10873438942008049
-1.4065456634809468,-0.07602760102595998,-1.9427596136309473,-1.9077140091814822,0.4219716489644887
-0.7402878837616829,0.44853979395637367,0.51221439418464,-2.3957295076078946,-0.16964249489687488
0.795470531395024,-0.6933719652040387,1.4303662085070845,0.74471058893003,0.8686880853218499
0.479177441715889,-0.0582382094638504,0.1794216569278163,1.7271632985102927,-2.0221633817342624
0.7338051531190684,-0.13634017865586054,-1.2289576266720406,-1.279387618966756,-1.105318681721668
-0.4315769225455991,-0.8462577487813866,-0.6263762514149508,1.7480306251536133,-2.392869243039745
-1.9166403167800254,0.8336105588428053,0.9770605653349119,-0.24344867621818728,-0.3011160554188286
-0.8987347945965917,-0.9676947174306564,0.6044371065318599,0.3482770193603141,0.7280500288532974
-0.6005840223612503,0.38770282090061176,-0.8941570518236193,-0.4925717677677191,0.7816676888780985
0.7419662256665748,-0.10653998731666973,-0.6799511094572147,-0.7510200690599553,0.6093828042892845
0.7172734986079089,0.6676376114608316,-0.5679073408846271,-0.2965648091640535,-0.012625248020237931
0.7974659475587549,0.014534605678291965,-0.2808772423271246,-1.1578966237862989,-0.7397903096001955
0.22366247263930802,-0.9755597021408089,0.3202290818617273,-0.38176457891028864,0.013322814492510446
0.9087777239427182,0.3480950496234743,-0.07928775398984979,1.3997447774446345,-1.3300557758134537
-0.1232991604496825,0.2230888187391267,-0.7254395429159909,1.2200254556567551,-0.5531649600728936
-0.04796085425869182,-0.07563129291458791,-0.07327703354970834,-0.1469765995298476,-0.651801274215893
-1.3860728755111107,-0.2829952380356677,-0.08981981128023821,1.4459193477951473,-0.496627280844037
-0.002340786721905452,0.5053821090557366,-1.1197208058857033,2.555985164551277,-0.9750377796516656
0.5484503773035014,-1.876555172914108,1.1465420538847013,0.6741917011234076,0.6132363531848688
1.0419967772852339,0.13459227875742097,-1.593137610220958,-0.2034544772649742,0.6450192356241243
-0.4795992035907267,1.0474316136603155,0.5158480190294042,0.16967988285381425,-0.5755738620053245
1.8080481598873814,-0.9222591121498661,-0.5945034738237233,1.2393065237036776,0.0375393409368145
0.20576285912457123,0.16513065139567845,-0.34537094405259255,-1.4417329922675781,-0.594206306494504
-0.1856030090138622,-0.6694421218829532,-1.0134586359790707,2.1687167939463254,1.059472909043171
1.5207882896116602,-0.1655646295010605,0.29308558524216133,2.254958041325771,-0.4109512771513284
1.0361772758334749,0.627830818267153,-0.34959051592035023,0.05216818844608907,0.46339910411985547
-0.13720911480659576,-0.21203122004151256,-1.2295753256341786,-0.2686816135997198,-2.589881220471469
-1.320277320505748,0.839115414908519,-0.16569973394516047,0.38712008264914916,1.2013985903721922
-0.8617671801252675,0.007408007009145157,-0.6084009258304829,-1.118721885214059,0.12156453015480745
-0.2287506018666287,-0.749372952914706,-0.11781378694357529,0.7537002565424952,-3.1866952869427587
1.7767391659205793,-2.506407867949947,0.13681710297926628,-0.38824275960268745,0.6791110814972681
-1.2727341109364294,0.01733673739114731,-1.2857555756819403,-0.2621417112061357,1.2974713041571582
-2.462365265868009,-1.3334661484016015,0.6195849005435377,0.3223428829182131,0.684446957598123
0.01925099830267041,1.6847809417962152,-0.319875495581535,-0.38077232368417335,1.3377472666205565
-1.3544791280293405,-1.161959520150321,-0.7177163794590622,-1.0865750838675317,1.2740281798743145
1.5500915637895603,-0.06569560271800724,-0.5411702646186937,-1.437826788766452,-0.8458054436512495
-0.7975946158477271,-1.0832571008022323,-0.5175803773353306,0.9499051035191223,1.6523548935605723
-0.09637335796745417,1.0054556509007906,1.0795407051591224,0.47644012346061726,1.5609867829820647
-0.4781874728808088,1.1135848312008094,0.09655534813390701,0.22400433610502524,-0.49859261698071666
-0.2843876548107644,1.2463490253644236,0.28694946038422126,-1.2887812869792574,1.1820770536329805
-0.09005790916480058,1.1004699759400294,-0.7940876912486249,0.33972017208892985,0.8568190576127643
0.6451184502458513,1.3210851977190607,0.5336635233088521,0.299771423932306,0.19156942744267721
1.6146262945961336,0.240626058714719,2.398562304651303,0.8069835058126551,0.754819460956799
-0.2764778817769492,0.7345486076211386,-2.049922902855407,0.20868900408967614,0.5536048871311582
-0.3658673177141191,1.7029704394575833,0.9375858929733637,0.4195872443969207,-0.7085335826598468
0.6298101378308639,1.4494166936433819,-0.7726409670930202,-0.8856706563152269,1.0753491210809085
-0.6122474467839033,1.5739180200221785,0.40079606898702314,-0.499653361397544,1.1543754306792877
0.5525665586243121,0.42872248590631706,0.31601899138841416,-0.2947275045676659,-0.9060167711050939
-0.16981419697258845,1.3197776696892891,-0.9458386867231613,0.3291895170448278,-0.27353332748903736
0.5587198495772937,0.5892157015693876,-0.46756102542249073,0.6417158462733138,-0.17148400876474992
1.2222107736766323,0.8958136296683444,0.22537723818104163,0.6962169605890222,0.36990429386987866
-1.019174827164044,-1.010795165861518,1.437385917650296,-0.41584091090819897,0.8026396147214077
-0.6130846772645533,0.04268019690901426,-0.3028076524255494,0.3804216487398381,0.4656884259641349
-0.5823818500918316,0.70282769292867,-0.47068126962056067,-0.6532290702527515,0.2672842669406784
0.2305066370892477,2.1764657082774184,-0.7858186321765304,1.2016666215284533,-1.4755827684583211
-0.04843184339405458,0.08239946296205325,1.1720890134867084,-1.457126669297156,1.4096316636272657
-0.8661403579372093,-0.37397454883438996,-1.349492449641764,-1.009162020118665,0.52286467337379
-0.3455283551902863,-1.0792762258902462,1.816660808067305,0.7067344491676606,-0.7619643463474789
0.06850060388111053,-1.0372927366481093,-0.409899622722533,-1.3303027335208442,-1.0275398755946636
-0.5503228193673185,0.6195481513736802,0.48358174367614176,-0.1915165544884791,2.5113926490013463
-0.4069984424123725,-1.9592588046023107,1.2940265612972743,2.183184043468699,0.9374123547941453
0.1335455114532639,0.9236863513045345,-0.34731358899471676,0.3013867173526468,-1.0148903649849075
0.10881954884592111,1.005941597430005,-1.7501352806689225,-1.7769499912009088,0.41398768722522666
0.29710437599913897,0.8981228000705039,0.5482068638456011,-0.39163343060542927,-0.11099061283990504
0.15769474463301625,-1.4352554454599662,0.8675546409161372,0.3032142934939793,1.0458170895458743
-0.020748497340875,-0.9571096601349299,-0.06686545042290068,-2.6000512106783225,0.6549581051429576
0.3927020630867239,-0.26364642590240567,0.7831188426711578,-0.3117870667232225,0.8635003913926519
1.6073408544443186,-1.1640102710070421,0.18513131737149247,-0.3243911909872356,-0.4405137431142911
-1.014034944691387,-0.02628596834826642,0.05423512382180198,-3.168706891549376,0.7474113471996441
0.9537707653525478,-0.7845148775919051,-0.13907366549669006,1.3632992865363855,-1.1022520965456555
-0.2113634557394802,-0.6925872354207746,-1.3842704977056637,0.15360695931425872,1.96038535350434
-0.5068711329811237,-1.689847273221512,-1.4993671155515202,1.1840445469456735,-1.1933999483229676
-0.3872732899413808,0.8040960670724084,-0.5729330300397478,-0.5057915274102693,0.07931340579740918
-0.8977120986861631,-0.3271348486141865,0.20307142522467253,0.010816012811015005,-2.4218108700108925
-0.7467752327584335,-1.3507555473605735,-1.801531478452778,-0.6906287697324835,-0.16625939439810103
-1.1628914889688533,-0.37316927508864695,-2.6165602045040233,-1.1406697819673481,0.9114900438411789
-0.8714979051503267,-1.3268066355215333,-2.2043023253358074,-1.0151114160368244,-1.3758455634031428
0.9680445440247805,0.4722153527638736,-0.47681513655965513,-0.012645836826956544,-0.49856161278757216
-1.1452519343758232,1.5930909566019213,1.2854629573990075,-1.4327803763051408,1.7595159201682011
1.0741103563227006,-0.7085246804402353,-0.37012184162895234,-0.29222956761734664,1.0318498888387542
0.5706445872281127,-0.2163767970974556,-0.0261976612881601,1.7474802498962114,-2.378819526137882
-1.0317792363912477,-0.3081534388188745,-0.4842376387644495,-0.9005334096866506,0.8924348528155648
0.4633702996555808,-0.2382608693916823,0.5268582660553982,-1.882216515724623,-0.8614734207720988
-0.21379147616027672,-0.4534864035798308,-1.4090467070467068,1.7643754267826854,0.4926245247859386
-0.1565707092791553,-0.6258608879407286,0.6446449488463315,0.29521520271069607,0.7812249219911307
0.6352430380715309,-0.3410698718968341,-1.3163347041737223,-0.038701615051124884,0.9136468092075171
-0.14403348609018193,0.08337391430159183,-0.7117725804297154,-0.19094097346079386,0.8317426577187619
-1.0513580189258918,-0.29913323431330946,1.7466349220755455,0.891467604518586,0.6620984125447066
0.48983766129033857,1.4900653608726648,0.3130347778981837,0.263002067548969,0.47397715427382353
-0.43594748258571575,-0.4352673405422449,-1.3296693898694196,1.3750180256528637,0.4246375987690442
0.13208844712975967,-0.08238524216445643,-1.8131423929336956,0.051869628501448446,-1.0013324567532558
1.4407419114377782,0.36735248734930326,1.252277992128816,1.2562947986112747,-1.1769092895608444
0.3268497523034301,-0.6145814011806839,0.30189622308403974,0.7243845315219567,-0.13714416516243882
0.23244214612085579,-0.6184250070273642,-1.7917482976242152,0.9331433914972439,1.0039747662015368
-0.09057698675368712,-1.660198030171145,0.700752718987627,-1.3142644700845807,-1.746432444285472
-0.22239175807466152,1.4340161309511061,0.9505588121335973,2.032638137848009,-0.21638128801876028
0.8714827535130308,-1.2074867289789415,0.6213033806495104,-0.3423523263839937,0.6227912513679751
-0.6953754465152334,-0.769043925171017,2.623873005941054,1.0782253870152627,-0.14019748685092503
-0.6469527736451333,-0.9931248021096905,0.5229959064478014,-0.027212605917507293,-0.16980134762935573
1.0774603487743304,-0.9248602509854662,-0.29639407844659915,-0.3726896670725935,-0.3993803613288169
-0.34646726124728394,-0.48668979375792965,0.667908624206506,0.9316457682499504,-0.272875101756558
-0.01559179926087095,-0.7013631332577983,0.9579334165597888,0.7814894418662253,-0.4496021820236112
0.6269137895690574,-1.1360640824155124,1.157485600262062,-1.5762704542528525,1.5013789209671757
1.884731425900122,-0.44829588575895996,-0.1286274015313497,-0.11650021762776124,1.3633116431829568
-2.6356110273713904,-1.1131851189889956,0.2915838879763908,-0.5458694893293181,-0.16583524243517422
1.2229430878313812,-1.5526954226757015,0.8525028811805556,-0.23753339959172393,0.5905766574176242
-0.4024918545112922,-2.9170764589662204,-1.184480304455635,-0.9997304675115003,1.0062115108545469
-0.7389118775807497,-1.3675751677034618,0.3195283382275507,-0.20640962933097404,-0.14434621921336976
-0.8441075086965624,-1.2496463445480062,0.43642892078782547,-1.1470980836630704,0.34027320998622756
-0.05743328485446654,2.4191973965770015,-0.4986532751551745,-0.7916036338784249,0.46493438440367374
0.01353594765721796,1.52200223335349,-0.9098907504439063,-0.28666498731901846,-0.3164075117285417
0.5944481597005561,-1.0873495293849553,-0.06305689543953215,-0.6570566381004985,0.5730236431069591
1.9073577765182668,-0.2735198857130153,1.094736527570871,0.33921962314239085,-0.801587166327273
0.27621643304485455,0.5351641348219037,-0.6164351678762386,-1.7533034722301981,0.25402845425727244
1.45462594843142,0.14754599515837152,0.47239086820489495,0.04815577808191709,1.2500841571539056
-0.6354824210588074,0.312946275440031,-0.1851586488386554,1.0183076603544166,-0.02299143755947739
-0.49454549406218556,-0.24420282079875733,0.2179871846636517,-1.4818609216888616,0.37118542770859203
-0.7246681917134571,1.2600619706343097,0.2781310046117437,-0.6482898235504083,-1.4159402773683614
0.843128341008342,-1.327159739382951,0.05474798166221612,-1.6569899149344858,-0.22283253239355064
0.590407972910176,1.995506262812394,-1.5983365699897232,-0.4180236733704293,-0.5071628370878722
-0.2068434547818966,-1.5123048626889168,0.033148436567597986,0.07565119388593558,-1.4733427234479102
-0.36997832498531574,-0.9379928837976961,0.26475460330953887,-0.17658794201561548,-0.9221181737706755
-0.9305149468565208,-1.159373780610001,-0.09084947232443387,-0.7754565970180688,0.22616710896393571
1.7718497602696117,0.5288368854833104,1.8482475086749164,-0.47243320848544834,0.9942666038616705
0.5279584107140884,-0.2831446821428251,-0.8847996263667381,-1.5775503545411664,0.8477600964277594
1.48162726196104,-0.1367610166802115,1.05867062432467,1.0330729981387257,0.2968389474033955
-0.05773431741559708,0.26319466127734836,0.021868192238939196,-1.5449750650985166,-1.447436212868306
-0.11810350828740765,0.2656629620851449,2.8645221490823713,0.2697989830698895,-0.4074308597314557
-2.23662356099487,-1.8115110969427874,-1.0217132592290172,1.6447735210754761,0.08242970317774088
0.8418121472677541,0.638976151015834,0.24099233143576854,-0.442607846676207,0.8534498051127744
0.3208899280042906,0.3093219798522973,0.6885631268944435,-0.9808087318664946,0.6286951624602033
0.855026846874265,-0.988043738405003,-0.7278671176437933,0.3024407315986787,0.5106990311254788
1.985133536471725,0.10217850353252583,-0.6869935890139488,-0.4237177799550278,-0.8607675788129453
-0.9235680661013093,1.3964901897823452,-0.17931362020720457,-1.0549086161666446,-1.3204286487088537
-0.9367177717353196,-1.6795958661232848,-1.3645881035361387,1.784536554352967,1.8070529562778899
-0.0817234288615579,1.415634581142523,0.21181237045333118,-0.11256300059396158,0.6577752889159961
-0.43113303466853886,0.5449320586104154,-1.13298640306196,-2.343597136407479,0.5318826765739688
-0.2800607048390544,0.3524981005020759,0.5857609525536893,0.6471909398478517,-1.8786530218257795
0.8617931672359479,0.2849762812997015,1.066134375123767,0.6921796188581917,-2.1225701257101757
0.06623004589889851,0.7138620288412871,1.1724344025472442,-0.1668247526621756,-0.543315619069309
0.7456519610684487,-0.8769962346831959,-0.35405792086954335,1.6783568207093935,1.2196882441628978
-0.8404273866394644,0.2711617913746579,0.5933040359360042,-0.38880376464951877,-0.345590234809621
0.4777438105935489,0.8552949923588066,-1.074552147070548,-0.9760122513966264,-1.3909652607621967
0.2788010611134875,-1.367184407534801,1.1196320568773024,-0.9034366953254294,0.692003276892651
-0.35642828078569777,0.717327928740379,-0.4204284285722695,0.4245255126750672,-0.7720622347643541
0.1269697865162195,0.5958563203000884,0.5618269293480675,-0.9128491669837264,-1.3412984454908972
1.2638346744638693,0.7877590951016544,-0.2542636863475333,1.014145022856846,-0.44062421469721313
0.4995723317900263,0.11753770046327118,-0.8648915459976656,0.3898531381624865,0.5664152193525813
0.6744516797969548,0.2153721674422552,-0.01729462607450406,-0.6320297644482482,0.40702253071472555
0.509903993956898,-0.08121226739615099,-0.8325357663247014,-0.4747192129479187,1.0078042915040524
0.8947063023882947,-1.3089499631426578,0.499508414925663,0.7417517721588756,-1.7927820543659108
0.3494716641806095,0.7318500526817933,-0.5514027869378999,1.2896988162817768,-1.7863504091218263
1.7678384188966032,0.09821147964665601,-1.039754554068785,-0.7429425752457198,-0.26113749391326874
0.5451287817705501,0.24047690636718616,-0.36128213287364686,1.5775253963317404,-0.724499512156294
-1.0367639558484247,-1.2340006055698414,-0.09215819873221515,-1.888205793924124,0.4563388675565081
-1.0193474481970513,-0.25149568076671064,-0.3785462366676686,-0.7721001715512377,1.4548386518965575
1.265445348172451,1.698497589126498,-1.080632479511201,0.7591338385820872,-0.20309801010272605
-0.4677426046261747,0.20283057964003356,1.4902201583320585,2.288756931462067,-0.047018009035142645
-0.3361470007776244,-0.8354946612536357,-0.018602910896323786,-0.2339125231577281,-2.721454722156099
-0.34305167426490707,-1.20894078022458,1.5168746299144307,-0.3765666713928108,-1.647175436938589
0.06241327538556739,1.0141687457303934,0.5924705132801238,-0.29508103353277493,-0.21167320667961703
0.2635805744882965,2.157793852410257,1.8614657961943635,1.4848259389004215,-0.0588050808378113
0.6131166138899747,-0.04194496331504102,1.0988788180846563,0.767598924662788,0.01679716862517565
-1.2178521310430053,0.2168909941727219,-1.1657833144587664,0.19984434983634944,-0.3494911893150936
1.152223712385456,-0.06106468467388488,-0.46406740630563187,0.9176674271326368,-1.5939616942680082
1.1732048611601151,-0.3948592948669171,0.3010850487390409,-0.4497749640328366,-0.5324610573561863
-0.3518003363808161,0.008225359929970562,-0.5082497899599694,0.131107327411067,0.2882504974631935
-0.29840176153534,-0.6610024808682251,-1.2553173824325445,-2.4449128200732417,0.45991286339958315
-0.12357318070981932,-1.3309441553385017,0.46701544195664224,-0.13103123027821914,-1.2270530705342946
0.4013930899022556,-0.40806388742680855,-0.8502624582140258,0.46552989332506706,0.029408193777888784
1.3192650353902142,-0.46651461968493607,-2.1034941514306764,0.2159002017244819,-1.5838244067758112
0.5387245806335651,0.8292475483408335,-2.1800285278949354,1.1830099936507876,-1.4573123452483603
0.4141902443296634,0.9190599476416734,-1.43502993388931,-0.16948823411327676,-0.9955594838728566
-0.01073451358136807,-0.7608019305308024,-0.6761123224931374,0.2616547508707994,0.969670313384223
0.6245066376553549,-2.357246161695469,0.5185794208108837,0.1548873491789024,-0.14848897342492354
-1.5966245279288256,1.3333561827139497,-1.5275434134916526,0.45392643804346977,-1.438649624872268
-0.7941122472424214,-1.465359772813399,-0.2956572617312353,0.6477708502744615,-0.5542813403744112
1.3870910612288367,-0.3376308081713764,0.5187832972590444,-0.5016657754727801,-0.8553702738471703
1.4409525575258433,0.8186809662783808,0.7419606618479815,-1.5913253329487733,-0.44973653789061413
0.3999096188181802,0.03405496165967583,1.636887911080999,0.09680392107992447,0.0043602629234621324
0.4929246891501853,0.6424370389318662,-0.21047127651819936,3.2824349959564816,-0.7506590690929056
0.19677242496026584,-0.08322776993311412,-0.654677096059537,-1.1275479441677827,0.48681336278425885
0.6738528452003746,-1.0695427945609464,1.381176926718544,-0.16788243166721098,-0.613334521773354
2.193856995441438,-0.5849141175041058,-1.59026639488245,-1.693683145233891,0.8646040329639975
0.0556588427531388,1.2039202945168663,0.3155331024572483,1.3444836058489704,0.9768551719539876
0.7424060425700935,0.2606434499640186,-0.8746707587341132,-0.03126293147521145,0.20787431053278585
0.5557967481797791,1.5862035958552678,1.1106471969348286,0.6465901059123145,1.3840137879405363
-0.20838163301230925,-0.6533070384405882,-1.0723580908415173,-0.534275285006582,0.003491017517472627
0.8624719909560679,-0.0028115136162518463,0.3886488143993088,-0.3593563451181452,0.11452254440722927
0.700071815808102,-0.18303482126495718,1.0679981074297844,-0.3378413521408405,-1.6693814502413156
-0.2763893060270147,0.8626097098320076,-0.586192750459235,0.5861518118504755,1.3412173888372014
-0.6721975927553678,-1.602680634544883,1.3543107939491488,-2.0515233606952705,0.5264456634574467
0.6587873470110664,-0.7097053788115558,-0.5949882679917197,-1.0168658691884462,-1.0474955622770898
1.4826253713001596,-0.5395511482308424,0.31636658237941584,-0.8527072439076067,-0.12043768121146141
-2.033159827033261,-0.5157743072945848,-1.9173843426402586,-1.0210261575902504,-1.2710796891189886
-1.0278081612742973,-0.02230748821243282,-0.7094232921171315,-0.49864659269510275,-0.7315311639091048
1.1877950645163642,0.20986194994732324,-0.7201889497416156,-0.2921577354564526,0.7115977785862565
0.9359147176614807,0.508932049765494,0.94819562417414,-0.7977443482555482,-1.0665906203050763
-0.8637484091146516,0.681758687530068,-0.5305369237439064,-1.1996201328969918,1.6048247196360492
-1.2580751233485277,-0.38937947894278907,0.3985157996036471,-1.699386430010069,0.025965157733607417
1.3551179029459544,1.6824863685796396,-1.2053115080028527,-0.6519766651734018,-0.37844142125419167
0.1803139979339081,-1.1106413876905243,-0.18020597247478626,-1.1833929904691645,0.6544009410125492
0.592482894234489,0.9788761117664759,1.0613190974804794,-0.09534310637283686,0.7784059150757578
0.8471352273868671,0.5625025066144558,1.2139616246969023,1.808002848708741,0.7284613635538252
1.0784140251513126,-1.3228860290527238,0.6276128064483487,0.3834053056716681,0.6202976668572243
0.9233599737214292,-0.31500144385033835,1.3355219113471453,1.1438184906489517,-1.2830332417609185
0.8335826001282104,-0.4765604487521142,-0.56328253411651,-0.03377569803699583,-0.6692506124090535
0.6044267594993927,0.12760644605377744,-0.2815229551162662,-0.6298656712904267,0.4523587924800589
-0.828454601000539,-1.0451393373014173,-0.1813858099256391,-0.3582578468967299,-0.17386671569638806
0.8269688136758346,1.8221447577646335,0.5463058857753715,-0.44064601421103733,-0.5733897227184884
-1.1497335358119052,-0.6381809319578851,-0.45771228702760475,1.0174429690717868,-0.704099288341004
-0.7608890669515834,0.7782361505526247,-1.974953441725107,-1.4133471827734068,0.24906508865760393
0.2978690801178291,-1.4601457064603638,0.21488365956141112,-1.8439099817974722,-0.04018600096580545
0.1933454726984695,-0.0175279141509463,0.6174121510003115,1.1775959275320003,-0.1910746699750114
-0.5330694776365903,0.8033170214098526,-1.8804720173286877,1.8685251029073995,0.9821874398016629
0.11810647202623943,-1.3684782280184749,0.8641440817722013,-0.4310775337342597,0.3423353232175292
