-1.3145783424991242,-0.5910415446249683
-0.4840795897642343,0.29819192241156217
-1.1436675977376676,0.6672126888213018
1.2895374090232454,-0.3897473533091756
-0.15673043293029779,0.3437528316824032
-0.9502295917634228,-1.4152404418232578
-0.10443900552496427,-0.9978824546523379
0.18442678875475196,-0.16045761081322354
0.5670980510424946,-0.1834301014858833
1.612453021730302,1.1059698558839195
0.27721064366754977,1.6243738899006028
1.377394110404702,-1.2164689280645566
-2.19287294744924,-0.16231883406717154
-0.5157878115463262,-0.54137530980661
0.547830394825878,0.040344033659833016
-0.6838147678693021,-0.6456494490076448
-0.48957024944798416,0.18652913789253567
-0.7271456591502604,-0.5043051850262125
-1.273071505946798,-0.08367824895207375
1.7556160376456655,0.07964717434012768
0.5649696852348375,0.4967663277039625
-0.27481834017368933,-0.022949576026495062
0.6787198665169666,0.9358537539404362
1.1335989761736283,0.6363908447699205
0.8202227620111073,0.9712808533334293
-1.1282973991286844,0.774815352035012
-1.4882595431798733,-0.6867149664275125
0.3351338595026822,-0.33469204338262876
-0.10843310189743138,0.011758627021385111
0.13358183074022975,2.086922292458115
-2.2763498236056536,-2.50885389508373
0.25570353062881895,0.35272953396263773
-0.9611053463987492,-0.9238901952494653
0.6071654085178716,-0.9985202519818269
-2.129446704666833,0.6763423459367216
-0.14926002528860677,-1.1031147367000356
0.13516591595122748,0.5228750665216049
-0.5650583095882243,-0.40935850306885
-0.5074057546105796,0.1910728673764256
0.8980739123392503,0.8570126446034788
-1.4663821736526277,-1.315023160552416
0.043940880847665606,-1.171509494058657
-0.6035916494674114,0.6855324242704088
1.6543298366267538,0.5495937881855871
1.0084275979666055,-1.0325799304417391
0.42037645672726404,0.22385603179771082
0.21061855075037558,-1.5148009747410123
0.7023918132669386,-0.6465743582182402
0.8850564183670727,-0.08878021239795215
-0.7958620010180132,-0.8166197750204423
1.6232037297606046,0.8492788869767889
-0.20869879802136518,-0.759388575765624
-0.8140123471989936,0.2827817958469909
0.05097320157021526,-0.7121584501250879
0.5720889885795675,-0.09057193874905169
0.9804145018890346,-0.1202247484434291
-0.731727269890801,1.3410076992500775
0.7267210731990416,0.2128692851877979
-0.4161297180820549,2.2917038346719685
0.2854827648424666,-0.006667634211234255
0.7693923570851384,-0.11180170988087124
0.14113575641071915,-1.6951323987552727
-0.09032961058474838,0.8311426109835615
1.4863973634844991,0.4721978103392776
-0.8019439581976929,0.9678197874249609
-0.00790908075763802,0.3889850803062954
-0.7334692281604256,-1.5388947653969203
0.34468475425685924,-0.4725415320805414
0.4419212916196869,-1.2118025521058469
1.325293789800507,0.648666571921668
0.7206439668657014,-0.3436330892286676
0.9339908830255678,0.3933468662712468
-1.4752577222678136,-0.1356143115601578
0.458839771148907,1.7558649755237548
0.09991017162337322,0.9452830048796962
1.411982324151104,0.41316038112828285
-0.6490204513274609,1.8115724745371862
0.6045230376446015,0.576361851590218
-1.0533373972282896,-0.29661080315914073
-0.03301161055377123,-0.5527032317847281
0.26111019392805496,-0.10031742817435692
-0.1964024771106869,0.7453859758960054
-0.981265169552429,0.1905216975764569
1.1617674678584147,0.27783590047928164
1.3824516066669854,0.7172979787520776
0.7905612492180546,-0.074699058536543
0.07615540927172965,-0.8196565678104673
-0.046103002991865226,-1.512175838334734
0.4946466420765445,-0.25640037696819146
-0.12116098833470403,-0.0729687075199593
1.9056569250230238,1.5853486861685075
0.7278736975688631,1.1898158128629344
0.12807165720702268,-1.4512333035209988
-0.36487025842517273,-0.9581679701610012
0.7592149363006474,0.8457162663994291
1.09127539036758,0.6118752985340092
0.08261458045528185,-1.8519787162921404
-0.29038613458980544,-1.4797082984304772
0.45863499721403933,-0.04358629996012819
0.9438400208259056,-0.7836346664504417
0.3263480589821858,-1.173986336078599
0.1330344076342711,0.3210291773311257
0.36678401196805743,0.12812891479902908
1.2115428521493126,-0.08656849711388101
-0.0755242039380875,-0.8463116833109288
1.1013034123835697,0.9219452382013452
0.9243601148592309,0.3504961058066699
1.939638822289364,0.7116632407708455
-0.49137061705074847,-0.548327273808354
-0.1621406054991378,-0.8178368494561941
0.2590814192807043,-1.327077787284218
-0.5366022288899828,-0.2989926565161559
-1.4540581589414614,-0.7819153172375131
-1.5697936122782585,0.41464420385914597
-2.3470744294432944,-0.06099037396198782
-0.07632394337277242,-1.6568942827641582
0.4567545150008498,-1.3341795609637241
0.5800158931604505,0.878181923864649
0.36213866097425973,-0.15568361650903276
-1.4852921856619172,-2.3747567182682916
0.160907861201219,-0.07847421066071993
0.791010333589364,-0.047636690742967426
0.5288391821617449,1.0655553662997652
-0.839051069180248,-2.46832783483736
0.25524883972729673,-0.715985931651785
-0.6216082454846577,-0.9604512119671997
-2.1199441663788363,-1.336515822952006
0.22280597237129315,1.647783639692474
0.7767411317128967,0.5565090223671942
0.3624094213601675,0.5379490305932239
-0.7667955341238576,1.3437565891840786
1.7197989186386864,-0.9872219238007289
1.440068574474771,0.9979561780261135
-1.2052544596043733,-0.008548149885501144
0.6272630249625072,-0.06729313453934545
0.5177967652392395,0.0028245441443996897
0.604666272163431,0.022326594503481473
0.8724673329429556,-1.6865371109114313
0.48733663939557764,0.06833854680657639
-0.06313261565989871,0.4293817389595227
-0.02601375138625284,1.7506398082820582
-0.8072875734096723,-0.1682725272904854
-1.1150171001260154,-0.1505188827673448
1.427819986713575,0.9673636000954371
0.3030639538956453,0.4801536303811338
-0.2076868658855042,-2.660096817960743
0.9310561784716631,1.6684058412146328
-1.3360213077362186,-0.5371115112800668
-1.0097943331841797,-0.36400847489936144
0.9185700562103647,-0.11257486613814037
-1.0021209416999135,0.5632100865531441
-0.05511803302292969,1.507711110630434
0.3397379860085527,-0.9650085620598056
-1.8477295665572753,0.4520527860434103
0.18257505918842476,0.987514546671764
-0.730362567317464,0.144776150548906
0.26541763499542387,0.25251895940419505
0.36821773981070594,0.30077356757214646
1.8648448253232937,-1.4805137792725762
-0.7037808577716383,-0.7137837558470496
-1.0254394324728668,-0.15195461580672867
0.26536636669995145,0.6224533657617586
-0.8065392333273553,-2.442354644896087
-0.5340996517469905,-1.0147003139399222
0.1852984799760993,0.35727789034384533
1.021053508488905,-0.02226571632916579
0.6857203508503724,-1.579184659281805
-0.1482775084465623,0.6243935542419607
-0.2855671783104498,-0.6569242142939323
0.41683549480970317,-0.5209139525691842
0.6507898571811136,0.2908725003757539
-1.918580878256294,0.3617663698134154
-0.27221394767614104,-0.1391523768522907
-0.5884802672998891,1.964548529225701
0.7340830245272563,-2.1980199071674016
1.1763744922181416,-0.678081112982471
1.4468662000408838,-1.3406750565416807
-0.4195732663949926,1.6723066474802764
-1.8652291798008396,1.2439093055926165
-0.17319783753193582,-0.7132515521665228
0.7586253384828185,0.5131515568747571
1.1726807284556866,-0.4320226853858646
-1.3108842426020626,-0.6108860807276804
0.02182223727241387,-0.1683466658526512
-0.2166623866529921,-0.3061583481974886
-0.5209433980795442,0.0571390447915779
0.31672621329541967,0.12864154368436165
-0.18725857384079672,-0.760404642520114
0.22224103473918838,-0.9691278433594211
-1.1816933732905384,-0.9353180053275478
-1.9858934093307254,-0.5943159998314277
0.2293748102524189,0.30436949546395115
1.3122660678384117,-0.35195046982354466
0.7267238153222425,0.07700986765041405
-0.2555143991777864,0.16342425540369132
-0.2716798637041709,-0.03605202560479278
0.01988396343072531,-1.4282271561379336
0.1896613928846166,-0.17672740507322038
-1.9813640500389482,0.14040907476984096
0.320958718566836,-0.15515216527740117
