-0.17570361968130419,-1.1286434098783262
-0.424416099213585,0.49223138317500964
-2.563234120050864,1.1684726411743602
-0.5502525269465179,-1.3998905578481091
-0.8556032177015198,-1.4109470643976716
-0.5983299020310175,-0.8193581800993124
0.9106753853579074,-0.6603568638729033
0.6316309602059198,-0.7736614812104353
0.038955004141221224,1.6696460805129227
0.16506058155461967,-0.7154451657541352
0.6847254993440316,0.7491043820044583
-0.910681411438645,-1.664112176351225
-0.33966117791764067,-0.19727956670871527
-0.3232009625712067,-1.2985227275337714
1.0300488213690098,0.8260653962129526
1.71732860193872,-1.93071410523797
0.5820956545564784,-1.3945923271279743
-0.09732325712104689,0.03687529197239649
1.6364122358701023,1.1386350187296845
-1.0384679684913003,0.91060031343061
-0.31343145110293835,0.713464630027472
1.4465250804944996,-0.060510965304428795
0.1650922381895852,1.3235899505151747
1.4614901420352462,-1.1111465152189948
0.517147043339804,0.9324900809694961
-0.31613248672948374,1.9766282794663432
0.03986283468516659,0.4954713943579689
0.5244380175044663,0.00599523594630293
0.775518080587419,0.12775214482534322
-1.8429190062400163,-1.0479073644948498
0.9742115166793028,-0.19547447463109696
-1.1392685591613958,-0.28365824852177796
-1.4354559628222692,-0.24100164699403898
1.1825617651247238,-1.554537130982821
0.43112563803722764,-0.07117974426142444
0.5860399676272493,1.4711120776489341
1.7050187818077138,-0.2593198711684418
-0.7704095683026779,0.528098067492433
0.9982408931805752,0.24553622912047224
-0.964998638251392,0.5502920141316648
-0.10867249954122575,-0.6146813985118572
1.5578934923053454,0.3069408202696968
-1.2867387280755216,0.4684159233724079
2.182543956245782,-0.054561997142225004
0.16062879141505784,1.2135946229871277
0.5004545064189312,0.3667200198702698
0.09474583556384271,1.067287216951046
-0.44380370270726494,-0.10177959121015107
-0.7994441414108234,0.6067059931177269
0.3542867245877583,0.20616920087105284
0.0285803746902166,0.27449853524342166
1.5522170302596305,0.8885854889957776
0.5161581183675337,0.30910665505935525
-0.025154919650155243,-0.3755929125756643
-0.45147084709144364,-0.7450134991379384
-0.819083015655108,0.648516575213067
0.9107985716743436,0.8566682608142102
-0.27150483811705345,0.04083217913469383
-0.9588275886463073,1.0564582142066912
1.116787275156404,-0.10217512478121059
-0.39343335996363105,-0.7006021118645466
1.278354046685672,1.1086572138864133
-0.8878904439403343,1.4196182630721845
0.08061826224532657,1.5633360397147504
0.691532586214809,-0.49715179557114353
0.34481780916382326,0.4925078401371479
-0.005605848109719639,1.009045959502608
1.0826149748421905,0.04341621026878574
0.020477701611072558,0.8754778805932213
0.8558132664136379,-0.2273026221892541
1.5345165323217427,0.4649792905402055
0.8740646339328193,-0.4244974893808304
-0.6239911954125307,-1.2300944007617503
-0.5945522817773734,-0.9403118445172048
0.9905110774504322,0.30486722862653415
-1.4345074148841008,0.0683239863531163
-1.4753073255557487,-1.6215951434928044
-1.2840182889811804,0.9816783924748888
0.63274779997707,-2.026431792670112
1.5755458147827242,-0.4198298694294928
0.8409165171823044,-1.1891292695478326
-0.22312505218204992,-2.648220904732497
0.45363071081220496,-0.448100414067693
0.043231881413775625,-0.20209337681018166
-0.34929080749181896,0.5529124351917838
-2.1828174772396083,-0.1816209230524221
1.652833381045096,0.3094354338165511
-0.4250498022513441,0.12098263436543076
-1.480503828857179,0.5592613210360065
0.7621099313793265,-1.0798422618063215
-0.6003307240276289,-0.9056250482025635
1.3495724098064221,1.2705869031856254
0.11242874043531069,0.23466619003547637
-0.9103743547324821,-0.2837634218626383
0.03099424132875743,0.0015359517503208287
2.5213080667175145,0.14564892585668876
0.46295053360498023,-0.07381094303133076
-0.7476217805144265,0.9580876601384762
0.7787293855915536,1.767268577813734
-1.1358023586486548,-0.5604826330118212
-0.007585358422425081,-1.0792537779941969
0.19518706707363942,0.26451428460143805
1.4094492004249775,1.3364163159134705
0.40232163112346875,-1.0621627428189504
-0.39539072356287586,-0.12009695069270607
0.8203937207324737,1.1508878391725132
0.5019364256836599,1.324241275284162
-1.072997463641254,-0.03720490062290629
0.2662094506464851,-1.6789664962160502
-0.6856095227970612,-0.2281169163488973
0.9288848711881994,0.1820807459227954
0.7204861412701008,1.1263821899351179
0.03370858831022143,0.2027988588739379
-0.06375113103456109,2.4389974558830962
-0.8101147208463659,1.5253422382091608
0.8324236852554324,-0.2096782721361572
0.11543811408094475,-1.359306199786052
1.4661865694435912,0.5082461938412488
-0.4820315453117171,0.10435733291958094
0.12205823190949663,-0.6715366752460009
0.21211723512491057,0.6934843000454479
0.6872376700515133,0.234704771526431
0.462731305689889,-0.4170652111722082
-0.5573234981216757,1.4559381751298206
-0.30021393682048214,1.1722593771682377
0.13930630804255353,0.3855658746672276
-0.030882780755496955,2.1834404139911463
0.3709004018773824,-0.14722482575783757
0.4136558271696818,-0.6339132443564129
0.27795708915942935,-1.6115717565084073
-1.1754490596808487,-0.25857381617772773
0.4883816429005306,-2.120418164586832
0.06489343408721113,-0.6527930879589351
0.41367966435704884,-0.23010653700974273
1.0110624337787475,0.5778709386182938
-0.3592445733294613,2.332208931489007
1.2892058926367096,1.088195844105075
0.37297820263656273,1.0519504597273706
2.3352126847581274,-0.7733658956492063
0.678888975530022,-1.8645654814295436
1.8971901260789814,-1.5168720284909323
0.284817280184903,0.2892538524580369
1.5286850447242706,1.3325163120081502
-0.6191282318066087,1.7448582139676831
0.014090549525721181,1.6197807093732246
-1.0458652298314668,0.9916391339108461
-0.37440389526571977,-1.0614086531252152
-1.0152345849465847,0.14083380917693927
0.6888126727840493,1.004045939816023
-0.3235956682613091,0.6288235452655884
-1.7380591111409447,1.600745813479074
0.54463614493731,0.4092294911791684
0.6369578571212454,0.8919189863724453
0.5744522216737518,-0.1666132039760121
-0.27882202115930116,-0.2829854302617598
-0.38453362312195893,-0.1807465118800808
0.9052582211705967,0.3717854584068542
1.7678559169897663,0.24218755482602106
-0.6200111799974609,0.8983437816362128
-0.10147432032122167,-1.1231239988158137
-0.5462806842582634,0.7043151577430758
1.7028653407777024,-0.4461576288769898
-1.1766023667097902,1.2247220747643173
-0.051049583678979264,-1.247202447508229
0.5060399281813555,0.491544912719493
0.11779177752577356,0.823289718655601
0.11975189536854287,-1.4201873294057634
-0.6916704125279474,-0.5279234285460744
-0.331304617571739,1.699269354644318
-1.1166149698641723,-0.1373928469217657
-0.19226282927054014,1.465471071133067
-0.11612076028721184,-0.18237931710076336
-1.1339926713241881,1.4126606510306323
0.18069006905562862,0.15612732546555697
0.2514417931162927,-0.9772367960165667
-0.9729427422339458,-0.9088357544849027
2.974765696157025,-0.277627374518765
-0.5966674078422184,1.7596700511216776
0.2732773586080849,0.3446973956429737
0.749309141653644,-0.18935492487486402
0.3856024652864154,0.40916974990969207
-1.2810953215535361,-0.4223227281222074
-0.5545659620451853,-1.5656813317975977
1.0902641079793907,-1.1929095602664186
1.5845777557985896,0.6577420512777327
1.731390525476652,0.7240009007611578
-0.016533379664566663,-0.2997290533501473
0.06572095023762042,-0.22820062802869023
-0.408186457291791,0.6017096827687182
0.6111831595186638,-1.5010938747912896
-0.5896289892291829,-0.6158609597107069
-0.4720962366261664,-1.6138028692913773
-0.5734267949944589,0.4379286310987196
-2.0075009534154717,0.6271481856814646
-0.6674425662775147,-0.9649367767096847
-0.3158223570748913,0.2671863976612506
0.7035508061502828,0.7560772308450314
-2.014073694088704,0.018847918894887725
-0.7187247837281732,0.6768150074537945
0.7365889003211774,-0.8047420597033295
