0.39702946760976393,-0.02164777694393092,-0.23391529314199513,-0.8268794369343598,-0.6111388336787911
0.09646815508856568,-0.7944845644321034,0.37587608476463175,0.12766887128905516,0.5443229537220373
-0.07591053513104992,0.44855023682443984,-0.04954454666277372,-0.13122538073598877,-1.2659332301132566
0.09616737077740423,0.6350908737022218,-0.233262299894174,-0.18144632662133928,-0.005644973626562221
-1.2727016988789885,1.4110398130344248,0.33281413469448545,1.4772075844841417,1.1210182327617784
-0.822749513566074,1.4009184252380977,0.6293692150782643,0.7040998703019726,-1.5386295738094649
-0.5993233578902846,0.06782205634229749,-0.4376445655832649,-1.6557866299193538,0.8483367059020351
1.4508415009919347,-0.34492241899343384,0.5590747980888819,-0.048109727762461155,0.39533562003834627
0.6573427729545497,-0.3239462477074432,-0.7943723227060484,-0.6425663567247079,-0.5692868437288371
0.29941382185491017,-1.2519562622620362,0.8005229644631824,-0.5780324879568028,-1.2044766765300605
0.24490391817523527,-1.2020726267728856,-2.020536191804774,0.21741903797614773,0.20237743741825756
-0.3779910319843956,1.0365248488554235,1.5545263916561234,0.3487062125871178,1.0616425957404878
-0.3262076124950153,0.5949634158265141,1.3541885566435228,-0.11683538629546762,-0.30133519175230655
-0.4059659583812737,0.14298054112821773,-0.6464300033923559,-0.33395234051042627,1.0029895635391783
0.8587497857744463,-1.4704753126451484,1.562386455511214,1.542898702349773,-2.1581014478827796
-0.2576017026548306,1.0157126696555745,-0.03757565115597948,-0.27893259488670247,-0.9474403081026498
0.325075021749141,0.34560132985210196,-1.062003064042078,0.8898405478280945,0.7422287761630841
-1.1130439135614083,-1.7579111684378257,-1.9604459462915655,-1.3946619285101083,-0.6763838541614646
1.4081732093299442,0.8038123056584271,-0.20758340675740494,-0.5407579347873678,0.5111736980305776
0.6681273673267073,-0.8396071685318603,-0.8321705893280962,-0.46280800084051654,-0.7258036106324526
-1.007933986109964,-0.5502372808657113,-0.1856819840186949,-1.2466392440329668,-0.06313353712019663
-1.9525555364065987,1.1373864135875384,-0.7478594296256807,0.7249764654705209,-0.06459916603805387
0.25522359834096875,-0.8472579310334467,-0.4204277392304958,0.8726838793140136,0.5738428678084515
0.513249375857384,-0.5941962597893797,1.4317680910105468,-2.156228782491627,-0.9930958566090401
-0.26397869405955404,1.043147073706632,-1.3837000415550167,0.3720743117218896,0.2609246726844397
0.40586153227939115,0.055667805494847636,-0.42849980092007556,0.14084399148778623,-0.6676426767617073
-0.5450240847791447,1.2037666057865972,-0.7550930564987653,-0.3564411408141676,0.22841386809503342
0.4338380230598848,0.6435676062036094,-0.21212979618653796,-1.2020423903464301,-1.5015149110580541
-0.9192318063555839,-0.4807681572449684,-1.105005986168808,-1.3977368347267694,-0.5246740182562044
0.5743382625663176,0.049038371591282895,0.20825314802636757,-0.636029195420211,-0.8819765699397064
0.44483672656558865,-0.7378637565038974,0.6574928270627242,0.24415561680979553,-1.2792075054311332
0.9744808821905573,-1.7465727776608737,-1.4010848611009716,-0.000591255093186571,-0.12399870492038408
0.47852663803187984,1.9259027817100849,-0.2271448903789234,-1.3655523736261346,-1.375141631684189
0.8509023622295456,-0.8492064710479021,1.3862907416338601,-1.0700453067043716,0.8801467492671152
1.157331143508413,0.561203925582779,-0.8026225896603676,-0.42571556009848405,-0.4583424549447029
-1.8003265642276038,-0.9086950393558013,0.6738937120199233,0.6182428384203231,-2.3679808349909575
0.3052838266851764,0.41576815485873225,-0.7034191534769625,-0.10476442045644514,0.9576027480904599
1.411416035373812,-0.1005247117121916,0.9401264867639926,-0.4896099020787415,-0.22843447479835152
0.9376251617912764,2.411626882352946,-0.2351406883033517,0.03878399273885594,0.3294959520731795
-0.7893264400090035,-0.3671301763289271,-0.5605499339427739,0.14693682662679014,0.2388476919988296
1.1166576925759306,-0.34577259307463964,1.0205423250414416,0.10267907115517631,1.1802968787378578
-0.4328677232539303,-1.4476711668340854,-0.0019455295813067684,1.5684717295535502,-0.15571268963221585
-2.015286585521616,1.9842963867387673,-0.8784701011072574,-0.3288137729668729,0.49968342409441835
1.1666182115454427,0.5103440922924968,-2.7196402541790015,-1.3214155690127996,-1.0172990447115469
1.4650230156914241,-1.0045787756070796,-0.8530003595751066,-0.1335835198836309,0.41122245399258833
-0.5952017587286178,0.06348663711203613,-0.057184607172195596,-0.12633988164969007,0.1964258156107662
0.6130996607761059,-0.48137452565942435,1.8145933498905509,1.021001983177354,0.2956200945083401
0.36756534034235727,-1.217558648745598,0.6521171562026161,-2.0242556315669984,0.4058041320321473
-0.901836603721635,0.3426920773417095,0.7971306005840954,-0.9139446963755374,-1.0741908668347375
-1.2875870662675182,-0.3724918339935674,1.7995587688278645,-0.3830004261713191,0.5292925302812973
-0.060017619383663776,0.9955614289416307,1.7062875808715694,-0.5368372516121312,1.4544142373750157
0.42839636895130506,0.756140515681261,-1.0833501740256277,-0.029695620490106465,1.5948389837539831
-0.2617513294201943,-0.4293560466610583,0.016081254370954444,-1.4024245166925728,-1.0566361107191975
-0.3300130517404707,-0.9713570603957061,0.11365523026887073,0.5118026183633219,-2.1846852379031896
-1.0996705184808393,1.0035161448414198,-0.13981090096761517,0.7446749326191294,0.14253367492788596
-1.0756720158220932,0.4451847447669981,0.13244744218153895,-0.9142293732463348,-1.6072480431465632
-0.1760199948772267,0.0912690942141314,-0.4390579254548508,-0.9630570236621052,-0.7506393924431871
-1.0551580161764258,-1.5670060253536957,-0.8528394131481402,-1.975681173691647,0.4478404880227802
-0.9382270315772359,0.5548944277747723,-0.1963157819058482,0.19017689887904582,-0.5323567181591902
-0.36834117771451863,-0.0857362476803601,-0.27125660129039786,1.2555592915134706,-0.31594507653916104
-0.7644602498200153,0.3220563203941485,0.2863953305817787,-0.29859655723594997,0.6467624565897812
-2.0011202325169246,-1.3690147311645815,-0.8481173702382248,0.5489565128745305,-0.46761989318501684
0.9507739098702354,-1.4873405106573603,0.24276050852781916,-0.37182611700841045,0.8481102820992072
0.011724111672914416,-0.4035488966461752,-0.12750394366034465,-1.9725810939744233,0.12303374341351687
-0.5393951520938581,0.8544318489381144,-1.9183000110497592,-0.11284879323680304,0.26192740431273404
-1.4790447292438158,1.5395364263782574,1.4253968650248514,-0.6094158631394149,-0.8004509645522043
-0.6080771854733921,1.4683491810212672,-0.8739951474297791,-0.6186503432102659,-1.723722363549732
1.2546985254187253,-0.34402383605765025,-0.8679684863541627,-0.5045213677244443,1.0199733252194794
-1.1359510622270408,0.3408390572210778,0.7721661883227416,-0.03161849462629525,-0.8694845317377518
-1.4746175677205051,0.8199571955176539,0.7412655073557859,0.6146743561297107,0.2731509169893724
-0.25059948853244535,1.325173977282561,1.2563884064977888,-1.4782949138326023,-2.8119614011287415
-0.5391844511420949,-0.2406891090229771,-0.4253521952741268,0.018209273815674547,-0.4391186721134416
-0.16096316502912963,0.08296193340588615,0.3015596554266813,-1.7851068135328985,0.6476602653258294
-2.619775375081641,-1.698325450019331,1.7568610022552855,0.8299887191675062,-1.059259756801351
0.1607583053773474,0.48509669117643595,1.7043256320339033,2.086172987633441,-0.24852499694524116
0.30388690027420917,0.5441365580346426,1.6443494200412323,-1.5820804685635002,-0.9987638789072467
-1.368554371641938,-0.08820069343561705,1.140307443897876,-0.06655790373720619,0.6147976165044383
0.11668401841437388,1.213318603675337,-0.31030582991083444,0.17253555270136692,0.03564540317605014
0.6548096878670016,-0.6643528317580866,1.6614061548112427,-1.2728268940013263,-1.3001850398179375
-0.32948101189368495,0.574360899727746,0.5121930458904654,-1.1269532474799886,0.5587543632575983
0.940928386615078,0.6722885904452558,-0.4319505916255978,-1.596898203660061,-1.6817991664813028
1.0938753182684164,-0.8061379300192105,-0.7862062981127632,0.29888673729331044,0.7406375948782856
-1.7796440260681292,1.4712096824518526,-0.2179643193263003,-0.3821794584693808,1.381331910642306
-0.8056034909854952,0.9995012464777073,-0.8322948381991372,0.3778865981025548,1.5075574832610308
-1.6703222243968137,-0.026861757227473596,0.766881543616108,-1.5247759742690958,1.7862322459104156
0.3589043223398887,-0.6695367856180329,-0.08241680730673658,0.38764444371034945,1.026378798143615
1.0455549598969185,0.21901817288187267,-0.9280440165287885,2.7664815947165997,0.42472341548995907
0.8950863351212275,-1.6032971745453848,-0.13236364698503783,-1.1735123916153976,0.1741524126875558
0.855703899265498,0.5735753936951073,-0.6918821135829356,-0.2635383746845917,-0.7463868856894228
-0.3363092351373097,1.0879385256634462,-0.5795779760332623,-0.4625098539833506,2.391410858432451
-0.3800522966334798,-0.283717720907245,0.34239473485232985,0.8856196094499826,1.3701164980198821
-1.4414820907220882,0.40206694808573146,0.3572977488629398,0.30529992620360197,-0.313232323010539
-1.1608532012524373,-1.0413261390809434,-1.1670472052401097,-1.5199170437368639,0.9031576906831783
0.7876262078254259,-1.3665087961142448,-2.199000278025235,0.5807633393577767,-0.9434381363812518
-1.5643417431390156,2.266935378858049,1.829674442451667,0.40644676724342377,3.1299597273699797
1.1590419363372928,-0.20833343055086798,0.06236222614272323,-0.1297168994285324,-0.5360900081383556
-0.5800609115861043,-1.5466356263712162,0.7984608011224182,0.5634890912081203,2.0651522373133835
0.26020976681326363,-0.27146988694133833,0.4487796912809702,1.1453947955138541,-1.6562446049666177
0.1467023194697606,-0.10717288398530359,-0.8224997959189003,0.8226234397847411,-1.5661978031055486
-0.1561736723556991,0.07061671753012363,-1.0734208120836934,0.13329698009683852,-1.061391385713301
-0.6466565619215271,0.17116268156151215,-0.8685494971006767,0.6623264803806131,-0.8557553078048368
2.7015264508958223,-0.5045307991405771,-1.3998044130778373,0.08140373772301397,0.6480387672968793
-0.4448186395980006,0.5245520867428151,-2.490861963276778,1.0077926085338882,0.5482594584986558
0.45207381724860485,-0.8358948395202562,-0.007362756749520111,-0.41516991435855766,-1.4334266161593003
0.17377546090624646,0.26944912594502796,1.2762468788757522,-0.567211442232,-0.15217591934956484
0.446513646687008,-0.1860244259932639,1.2624559442682084,0.4539337099188411,-0.6614290132976832
-0.6623796622572347,0.8528017624908009,-0.047458087985073553,-0.4023969027208484,-0.700044815205268
-0.8031414527354382,0.8588342202437893,2.465194829449696,0.48327254344081416,-0.017927830872988642
0.5346544687736754,-1.760065033060513,1.148893945026437,2.142178472113611,0.40349028222519123
0.5120308873326148,-0.997429831167511,-0.26079137593685203,-0.6854560532043509,0.35858660542776083
-1.8788687208820387,0.6751128863271423,1.3479330296971028,-0.15923253668629792,0.4072014370149958
1.252683444136806,-0.3986725135060126,-0.8414128401785054,-0.8476350195123102,1.3505508450383086
-0.8967901267133307,1.5680021368341523,-0.01592263881931141,-1.8764333504190105,-0.0786021575459416
-0.0503471978850513,-1.6536644895140087,1.343720566063002,-1.0368362195208727,0.6713216951763824
-0.17057491049134432,-2.392148580876387,0.009143849732741639,-1.1860213752533904,-0.6123314527543564
-0.7520317916851518,-2.5056785212469492,1.4759279836104218,0.042128391155196364,-2.11329800470868
1.1243244140117563,-1.8271443214551657,-0.19477282532482362,-1.56374427123765,-2.982901154482597
-1.2896474648131249,0.6038916809400626,-0.7635227073372065,0.8121395530436699,-0.5867351602149706
-1.3276791283067022,0.9006884212326361,-0.5434538533016493,0.568991956997992,-0.5112922050365413
-0.8303004506357343,0.9046252597646037,-1.878303417601712,1.0960182567698684,-0.7739018571174382
-0.13344543618223695,-1.6198903005947052,-0.44875550830027267,0.35050806738881035,-0.6953852093542907
-0.08310731194255905,0.20094410548097005,0.29880447507989016,1.3729122576142374,-0.7428821685422615
1.14427087266733,-0.969559659846571,0.07864950793289663,-0.7304456671209186,-1.2574797239642264
-0.6459230125049017,0.022237676079174807,0.8491774779320049,-1.1008740739061316,0.27519026202932406
-0.5835164613341287,1.0864086370279877,-0.1148717597032976,0.03376273940144686,-0.8572766021323991
2.0718948486580206,0.1825803440316067,0.783116748662011,1.5474910608169936,0.31862108342148926
-1.2898895250338394,-1.140915405915347,-0.3744818662432912,-0.685750086533286,0.4451743336961799
-1.1990567589002903,-0.4804210041619445,-0.11853366905354072,0.5861021682937692,-0.4788781240303331
0.8984408376346171,0.5149268189825442,-0.2285993611898414,-2.172395041939854,1.1835577950908405
-0.280029740498479,-2.033886812434637,-0.4167489528911598,1.9898362428892444,0.015310084835583885
-1.252416174608838,-0.31983732772783924,0.007599711730180652,1.6733399790680827,-0.29116123135745203
-1.2116639444005206,-0.5907488433630985,-0.06488835808910001,0.4968616767034876,-1.2746399164717113
-0.8981626340493566,-0.9245761325327799,-1.6435593002331896,-0.9547766931796816,0.5174757903159887
1.7773994395454273,-1.5632165066439736,-0.14107766120187334,-1.0536467135056462,0.09381432182932553
2.523596058439237,-0.16009882149886953,0.813424750615621,1.9980109268995507,-0.6339901699597601
0.46238692065229536,1.5551960979739283,0.9910155578452071,0.1279435612801112,-2.197175856252573
-0.21145615275042495,-1.5873176024803095,0.19102038754815506,0.7350411120718026,-0.39187629909114274
0.6711210791801391,0.6666118182275286,1.5416666827361998,0.40309003252205,-0.04035108297119339
-0.560901092606433,-0.4069073279655605,0.182070185908807,-0.4203075837823925,-1.9008534776359032
-0.12049374930691606,1.2385278443125096,-0.8721116002530475,1.237190817267565,-0.08905345043948802
0.5098880183087793,0.26144544889252125,-0.24338750234649423,-0.37578357466857637,0.13451603358935912
1.3719537161310726,-1.643030257780972,0.07397139342048116,0.8342191019818925,0.9888618497648708
-0.9397935187523349,0.11330550882761502,-0.6496996087132418,1.281607797309991,-0.15957290170373647
-1.1295206782540954,0.2006456490861217,0.8388621566143035,0.4096180806442484,-0.0027282877836238917
1.4533932153128006,-0.34455087165185666,-0.7565803027827506,-0.506705135846362,0.9654742467364558
0.2271366795233992,0.892693047106021,0.5410864789650178,1.1996810704253908,-1.5991108461744956
1.0016293947325483,1.6388937983932048,1.7972102156777736,-1.12705656025488,-0.8479622996993246
-0.4134569339465078,-0.4967661414045469,0.4648040317172791,0.5953272619268237,-0.2502950040776895
1.2750632317538508,-0.8750567102820818,0.5687955986515913,-1.136979673219702,-0.5805335585890077
0.6689098178916404,0.18167580981998244,0.6523773049208402,0.2474353100229646,1.6483613261777912
0.14021870729191652,0.8768293585504354,1.3331098972725925,-0.6937385209441864,-1.449223489778795
-1.6409363307508615,1.3569104507790528,0.7555142209016974,-0.5340503919670454,-0.6779342525959943
0.7461673609322084,1.3588728655236793,0.5053772484516387,1.4498770930194855,-2.2908373310186017
-0.1795897972588559,-1.278319265390495,1.54765920186538,0.29983058412292224,-0.2002025083158828
-1.4802981032603477,0.3276666437196593,-0.46301010778151397,-0.030745177227966655,-1.5333218159074833
0.6076146147216615,-1.2369563823374508,0.23708528961512998,-0.2764010001015618,-0.882413908517563
0.09013555613058263,0.1522987602277776,-0.09665524598074755,0.7338398820380264,0.7020209419582519
-0.12572958115745397,-0.800711112689864,-0.6001982857218953,2.071820099801219,0.25272957874977775
-0.33619321024057813,-2.7783135374372416,0.505250438258775,1.0105270724321438,1.7099697622041976
0.7961524222929653,-0.8988576410083682,0.750045504058658,-0.014759259099930243,-0.4796065516985493
-0.748996418780393,2.1830585889442933,-0.39749856933470484,-0.8546022288447744,0.4825272894439149
-0.5864436951614586,-1.1546057876930447,-0.4803127933349636,-0.09848304253356993,0.05891472114123614
1.3065610810218453,-0.1644968592509285,1.7000194274747422,0.6511073438446565,1.4630650398005347
0.22041259487347042,-0.20323524282659675,0.467248285751667,-0.26441433910993245,-0.3500721602354423
2.658943623122752,1.297475608163161,-1.4829659580049654,1.370284021953196,-0.10680575529499794
-1.4379823593886483,-0.9556687906772104,-1.359168458763236,1.5964282240052536,-0.1142431213366653
0.9003778728308822,0.844666720967971,-0.1816814128834946,1.6410239526417874,-0.6144466058626107
-0.7783320711879999,0.0499139109625536,1.0005700170220162,0.7784577039345563,0.5109622779227664
-1.5357854500232115,0.03503185996334176,0.36042060854694086,-0.5527205387951302,-0.07412572344947933
0.0836200195735441,0.2003772218314776,0.9168899344554543,-0.663845320073919,1.6084798358643109
0.8015793912545953,-0.2107520984790563,1.4561484532840439,0.2035877889034547,-1.1638395824607994
-0.30815880224837,0.7933143274748192,0.16157676311320066,-0.3926561096101648,0.09971979503060445
0.8143275787390145,2.047260669678276,-1.9371676093943022,-1.2107135570752743,0.5012574303155352
1.0478452256199977,1.2231493881041633,-0.2523460685269548,-1.168980643569175,-2.245613580782321
2.2769683669719734,1.9384609003926114,-1.0407150834458019,0.7773783283733388,0.3945495247671837
0.0503563612662504,-0.8921148319700897,0.7534966036718332,-0.8417444293595238,-0.16693235848675786
0.38071519651198643,-1.5228148544176987,1.226387301915458,-1.123893955720239,0.6080856148743536
0.32887631674928275,-0.9158396351730381,-0.46176450803932967,0.6793918263628909,0.04228225702815021
0.4736078710152491,-0.3898519049140775,0.056650775549825,-0.8991992171843277,0.14642438946098887
1.353308270772446,0.08454323073498873,1.067190415845463,-0.45432384580515434,-0.9542932950102552
-0.8172495034119764,0.8375022664206418,2.220013632259309,-1.2215804308097014,0.792149183094408
-0.14752894089311636,-0.8139896397272223,-0.01552276186303134,0.2813021046685256,-1.3477743216740332
-1.1266716998696102,-0.9678917694518001,-0.5558398753211805,-0.33191837914535666,0.8184839981597355
1.021922766034006,-1.1213004615447497,0.3344635567889764,-1.4969044135207799,0.8593960265385261
2.4009660900396925,-1.9966785047278228,0.568318426668366,-1.2721669114151086,-0.598563286963749
0.3445974941790186,0.44233697058798643,0.33635546552931045,0.04626467010723002,0.37987286346481725
0.8381240481364853,-1.2123731498691948,-2.3999004577581298,0.14927639269963366,0.6069826827147042
-0.5348025332920413,-0.5711018979937154,-0.46470445196515325,-1.7419640570908212,-1.5042031735992563
0.024732957829792207,-0.13938134584867987,-0.128902412677432,0.506470370552331,0.29057159713020503
0.5158137630018621,-1.663578517932175,0.66310104661155,0.770137610482224,1.3222575299541488
1.0735668141184382,2.0517770848566026,1.1234285621271052,-2.398270460381054,-0.11773982984467139
-0.4406679067589157,-0.23221784532678494,0.8989202497765008,-1.1816780466138828,0.3747804242728905
-1.6989799966095618,-0.5336589131893875,-1.558079177767088,-1.2556954923960642,1.6514787323463056
-0.20532186322547127,1.3072503829317264,-1.9806788237780415,0.8483480290020826,0.9508472573736002
0.63849719700292,-0.292371643908555,0.09889409729987711,1.6287980909455648,-0.6884927541131626
-0.9249173586330534,1.006064624688356,0.20048820580826243,1.8085980291324175,-0.5514450922595531
-1.1583243451649354,0.37187445269460595,0.2919187204960687,1.633244708309961,0.5925181559467315
0.3685178838342129,0.10170444734573497,0.8315037092167127,0.8573350217923047,-0.9459079284415869
0.8884801086428588,0.21289903520820214,0.023456704544231398,-1.2449458758547736,-0.8585590330736113
2.211526347176826,0.09027325969927523,0.5814610546494299,-0.04617271183988107,-0.5864334617016844
-0.09811646052591672,-0.81305148101486,-1.4824553984130762,2.1080800544049407,1.3149585997282627
1.0117066527641467,-0.5256511900564058,-0.5213325167091433,0.7562157227630221,-1.0168961978109534
1.0198882409159267,-0.7676951735615044,-0.9759315627456107,-0.4020740337734712,-0.9615309888903839
0.9224067712025354,-0.5690703789729321,-1.6906139127552129,-1.140508238132165,-0.4846717530558323
-1.6075848497934424,0.09099028365423599,0.31012483776293803,0.6067303233060741,-1.5963211766677043
-0.23698156587635724,0.1683109988383322,0.3897546319412076,0.5238740267506939,-0.3795889441113605
-0.625019052002144,1.1144535402854971,2.1836825700763103,-0.5295018258720889,-0.8583140671725197
1.947478553635444,1.796416071516616,0.23974168494746242,1.586113235934665,2.6838240049915525
-0.018176038687292305,-1.1133145091086107,-1.6483932974675213,-1.0233995043301127,0.02565303679797705
-0.5040729504417628,0.4286937529464437,-0.21829168402786622,1.110190270333613,-0.03871808957512408
0.22284500888833886,-1.0991221090740821,0.33849812633357407,-0.42404775594186206,0.8148575280347427
-1.3295946090501565,1.1759229813278327,-0.7403127833559483,0.6064239711489267,-0.17108393882592327
-0.2623995192907119,-0.8210310644554081,0.6571477145600851,0.12507521011922948,-0.22527592043052722
0.17844846682982743,0.20750378198551153,0.8068559209894683,-0.1804353890255939,-0.7343420383053386
-1.6924497314526137,0.4583056444292072,-0.5451707866124319,-0.18826019800719887,1.4332430937188743
-0.5682420050724131,-0.46915114491708765,-0.905493234161686,2.6466378203064305,-0.19318918310937094
0.7467342217300907,-0.957598601452739,1.7161441884587427,-0.20931148747811792,0.6667162131148648
-0.02528596774610254,-1.282760835438596,-1.0705470684999587,-0.5127832735436861,1.609980697394412
-0.2897984414442101,0.1893723423937996,1.6602129861014288,2.2251946512646366,0.42991935363452094
0.8216024343052823,-1.1366486746274782,0.5718756929535669,-0.6998187401616542,-0.2919168489260761
-0.37514195299102077,-1.6298249945687555,-0.8539764658583195,1.7996888563327238,0.577043855101941
0.36571173689761816,3.175643626222232,-0.49597860880808686,0.9805705345972605,0.49363540222548985
0.9487278063025743,-1.0068024332953178,1.638097662546173,1.490694584679566,2.3957635210222126
1.1827785149680266,0.8661736741065618,-1.4278962266223103,0.7303859755604095,-0.24797536830708294
-0.07512177619726695,-2.1462554585920386,0.35075621607147456,-1.069177439309464,-2.249076099826304
-0.2613207633872383,0.012351414413959892,-0.8135692688053824,1.1267670409882615,-0.6896627151626069
2.3667902539026793,-0.4106538434869878,-2.5189702619513037,-1.3681595930444452,1.4259382409378116
0.8135856923753912,1.0585556477752873,0.8597729086740117,0.752091686121773,-1.1767060598726615
-0.693711522413951,1.12529361734611,-0.9156956748199275,1.0017062923065234,0.39218383870589646
-0.8249774502358707,-0.7700238677174465,0.786380910224795,1.2459763815998792,0.28802338095206176
0.5202791868591525,0.16480019691542594,0.6531907881645544,0.3185429434535897,0.5259674864959044
1.7571629897616927,0.7822524063013279,-0.30115911959498826,1.4543842534087281,0.11960729327933715
-0.5810401343242727,-0.41492326853601963,0.756712556957666,0.6689144512021843,1.042008145737924
0.8044801228610887,-0.422011781324699,2.04816319774887,1.3334237279500958,1.2458744114259772
-1.6726399788868986,-0.8834323613968759,0.6616996908966182,1.8788162141474902,-0.25268278361598545
1.1975995453231607,0.05163897376684196,-0.11958366141777378,1.3756080437332887,0.7702581839061582
-0.3800128659645341,0.01727078798863267,-0.17518219903058388,0.2066081044649682,-1.070704812262082
-0.2265450685489614,-0.8211283625928062,-1.1226447695800363,0.09051526595069441,0.2946367574629439
1.6500127229408197,0.4627873969762815,0.9393840666742405,-0.6937581237369399,0.6622167323072515
-1.0544616472439616,1.1605854991067972,-0.5991230730940491,-0.9936867403433863,0.42276002915345623
-1.7971165170487573,-1.2908247200122427,-0.6697463802755961,0.07159829178141276,0.35957506384238674
-0.3223760393889871,-0.7832583775296383,-0.6679791020713239,0.5172096088084598,0.9103125181577506
0.1612956596269924,1.039255749001997,-0.9063369319157499,0.5345291630934901,-0.17655139773672518
1.9345134109301971,0.024068397440205,0.32056817957387995,-1.6560472955372512,-0.3892716521524353
1.6485200722677087,-1.085060583538536,-0.8397343837518654,0.19848941678164178,0.4675882167561867
0.8688228143750139,-0.22527005274000145,0.10763796718810749,-0.547235149628366,-0.49063326038673066
-0.8000696200798341,1.6495750929525377,-0.12203172803446034,-2.0316508352632847,1.7523287860195218
0.407895361894963,1.85521715876963,0.3769872458136652,0.4202238463914876,-0.9489346691190474
0.97467223207603,0.956630460508292,1.0396607605899377,-1.138702663752343,0.4624518151184135
0.5480265910130546,-0.6488642851680656,2.0910218082130654,1.5586625213457521,0.054469536990111665
0.6996285939175734,-0.9617835466842104,-0.3362286634134889,-0.6848346572147886,-0.34852462376253907
0.20812899766640902,-0.3973870231180389,-0.636120303571635,-0.5134693266525494,-0.1886630286110667
1.0137558397487316,-0.21694278222160887,-0.8953156615583611,0.5480956452731257,0.13276765365962684
1.114036503998416,-0.30631968890151057,1.900815758658994,2.409869581047677,-0.11690069279181424
-2.294981853600914,1.7707402028200179,0.7391161516556488,-0.6151731516488893,1.016958813294193
-1.2956746482900614,-1.203183413731365,0.4621694533757686,0.20875658653417536,0.8975658839915059
-0.13605366232534935,-0.7979969486345798,-0.2779366103326775,-1.2314012890203905,0.0510704147677118
0.3361670033281926,-1.6136570104190033,-0.2177837015116647,0.9056592945925571,1.2631069979024785
0.8828686182450959,0.23585996441800594,0.814327123217067,0.8925107400743639,-0.2706080196678029
-0.527787179882889,-0.6045286981707249,0.43151850894020694,0.2065683780131083,-0.9410454976500268
-0.20792910555588262,-0.06527181727938068,0.26484052327548124,-0.03023951966605404,-2.016497356565893
-0.1490549514682021,1.1513227816851557,1.550590669531501,1.6942704322015933,0.6652369750843014
-0.6617823556676423,-0.3473406103826552,-0.9132783030327715,0.5586608867058873,-0.9258411625180725
-1.0563439587479684,-0.2409061006466305,-2.5828869471580114,-0.27959963531054627,0.7449467601052011
-0.5640452598077997,-0.8939844846447212,-0.5184852936997018,-0.9704506826731338,-1.234674954586025
-1.2177117499980634,0.6813906386751069,-0.06533956784827294,-1.310861729504798,0.8564759612967562
-0.061650092942795276,-1.1222118295708539,1.9269064461062029,-0.5052654839801398,-1.8105176040982554
0.5844514239283258,0.15237401507320314,0.849483831176906,-0.3626289586516466,-0.660108890528002
-1.2975453997730737,-1.1763907303718573,-0.5014691293011687,0.05701368473979144,0.36388804666182184
-1.6334240820131867,1.2036923799583872,0.5812926112225971,-0.5228437260255862,-0.23889852404926512
-0.40087081239875316,0.06374794112318168,0.62117067396412,-0.3561196242305855,-0.26912657318480293
-0.19465159462934561,-0.6288287364343876,-2.1680805907246796,-1.7969433210714505,-1.4195635556411301
-0.15292856274495464,-0.17057571113387504,0.10578044778512018,-0.29312721841932254,-0.3301690314948786
-0.6770791406711822,-0.16603774200263732,-0.23227673761563808,-1.5215647950112365,-0.4388110055493827
-1.0336035918165,1.4451282749089296,0.2921780415650792,-0.16969752279477024,0.4795677336197369
-1.3074365723217674,1.2918357938140879,-2.256286187021628,-0.3489495930937859,0.8150895337281417
-1.7161794831600354,0.5105469769603527,-0.46899279682981043,1.6240044973738463,1.5385800069066113
0.4868956937545175,0.4322423209070914,0.4586411021713033,1.243599151918401,-0.7347783478744176
-0.5036227286872336,-0.3869723934419769,-0.577995801411563,0.019862454494235817,1.3113040549110924
-1.147957297003581,-0.049205356892653686,0.6745227069202013,-0.02678849987734806,-0.6947028419837425
1.616148375155119,-0.44514214036617133,-1.519233605929583,-1.2175891250444448,-1.7730973340414138
0.3645467368315544,-1.040832009071767,-0.6709336050687094,1.3230196520432478,-0.5284842686315617
-1.8241205926670796,0.6417859050566146,0.8046160232601274,-0.8062387341821611,-1.6875742846388853
0.931323575976795,-0.0034578540874303553,1.5220819544021986,-1.6559347890244256,-0.5858355629181712
1.0358094485383378,-0.5945971498562579,1.1354136497621936,1.1358184114645005,0.8128490101125724
-0.28451815539775915,2.329670058583965,1.1565467147982156,0.9881108423132636,-1.0118994670980412
0.6605504120643165,1.293722126900389,-0.9393456550893727,1.6475253559176433,-1.4512296709584802
0.32754493426311104,1.065215604443657,0.13922559716746508,1.1759022047517773,-0.5001969667319994
-0.9373640140835002,0.29605039860555776,0.36592269478507894,0.10996046136551328,-1.549958259085281
-0.04727436550367211,1.224588375227729,-0.5927645879777965,0.26892283327172295,1.1956547280027903
-0.043762685767842056,0.7428025299166429,1.7474890469925417,2.447761677802885,-0.3844319973054897
-0.015057416176079983,-1.8008746515275906,0.42968866775876574,0.13190022118046518,-0.27765710475693955
0.45172489276649314,0.6261378101835006,0.11769563195135417,-0.07544757050298284,-0.2107605770163161
0.3329272184843868,-1.9379452376165993,0.662850314528183,-0.6670451827312966,2.66907940194466
-1.3036996871395803,-2.0610549476036315,-0.9520637392329262,-1.5570553508654372,-0.17564943941358688
-1.138245988759484,-0.11613402795274202,1.7233004608122087,0.824873747585889,0.6150779688070797
0.6447131915590094,0.1056566524849954,-0.000548623936644218,-1.6170413929430592,0.09151553353751547
0.21221586472345216,0.6158305269849738,-0.22123525048368026,0.11013521494126795,-0.5632986008505921
-0.5490847398711902,1.2548481854919447,1.1787821386426378,-2.0150985815119142,-0.382143694264387
0.11923145248735977,-2.0429060421033265,-1.3527748156454593,0.8479411278549015,0.012246047312566014
1.634598297727551,-0.22749575981566492,0.6817479294134943,0.06241883434476377,-0.8312288304506192
-1.125425394911015,2.3609832448963948,-0.6206467304717079,0.4695473825543125,-0.927807147803723
0.5976755270177001,0.041409079778821585,-0.06742761113467394,0.5788711517418034,0.9504856563426424
-1.1839058976669972,-0.8881291896056811,0.365623985168272,-0.5803758155451983,-1.3853069496564163
0.15157164059637834,0.5622951789209665,1.1989616190803336,1.616047395741956,-0.4504390563059479
-0.4505111197258409,-0.6947489707651276,-1.4104320091192561,1.608208247846095,0.628741190287665
-0.8381173201519257,0.011915297706834646,0.25212719455692334,-0.2756934210315087,0.38659133819665475
-0.8066489394196775,1.2958017685631116,-1.0271561403078537,0.6500074811041674,1.572169801806297
1.4841603248087776,-0.31945826965030427,-0.09155746275232267,-1.5423274437940968,-0.7922784380641374
-0.5775193315534499,-1.8359916513490737,-0.6178121048849406,0.5440533365160372,1.2139579491933687
1.3044105285617908,-1.0296157815754647,0.186309037426571,1.2713412401685538,-0.9027020064989981
-1.4499928485684261,-0.10903818002736834,-0.5450866765509735,0.48642135130420233,1.2383871425233504
2.0841154969739804,1.7936218760775966,-0.8954857415769834,-0.3889234346770099,-0.9434597620406927
0.9019390210326309,-0.4187332605390864,0.9574332278063725,-0.2540779544481824,1.1346279108443138
0.24603245750456093,1.6326987558730977,-0.25379305271318975,1.3148566979549254,0.0720300030124335
-0.5884892181402752,-1.1597569464321495,-0.5266220793504528,1.231561507656314,0.4778447147073894
0.004746814162110998,0.011828981711455732,-0.5623826402070878,-0.7063688764334486,-0.17562572604683752
0.5978156263478976,-2.1862089094581143,-1.7713501065835577,-0.011496959511029185,-0.43153319883544006
-0.8555700762018232,0.3746083306954732,-0.552569221167137,1.97626223287697,-0.19853822785555833
0.26703871528304707,-0.8124087523823234,-0.4739099053739859,2.951414709128542,-0.5350297510374901
0.42737513916431213,1.0463251737055457,-1.515610843488356,-0.5205463578772892,-0.56382433921381
2.4466464539721784,0.519272178396521,0.14338887844562465,0.09109554442630349,-0.12710507039853752
-0.8903372765409545,0.10070229839218864,-0.4592501502204218,-0.3262817350525057,-0.13987433846159633
0.6219967909428629,-0.10764907459573679,1.8477954203487008,-0.17990756837891353,0.3790060073665974
-1.2195020901108566,2.154004399298343,-0.5817279790857403,-0.23492720923774513,1.2123032513780678
1.2022823705756756,1.5636369209700638,0.1419809728687572,-0.22498516183303816,1.1549197976780974
1.6598092241539002,0.5502707413416855,-0.489596827564549,-3.8705787443793276,0.3577081643014512
1.385240322414534,0.47724472768721626,-0.016891759046969906,0.2561644301701088,0.11992016455389379
-0.7311275095167385,1.242795320720615,-0.2607745118342176,-0.04416884876069192,-0.3864129934641372
0.7650942365517508,-2.4747656727228557,-0.047381533032597,-1.5537902684117246,0.018004528118267377
0.4682842090007563,-0.4897455180155267,0.03296659581076513,0.1785241332562351,-0.2891226455766891
0.4807796072978983,-0.45186049610942514,0.024364835987682062,1.4442998773844353,0.0056457323954278715
-0.8682633062365162,-0.597695585018078,-1.4766579082907598,-0.23593139062866644,2.5313744449498823
0.022835675234870137,-0.4682356574618037,-0.41358182341822886,0.8335946810204337,1.1032488069430004
-0.16249598430884038,1.0982053040402546,-1.3876407047396837,1.0159360257684695,-0.016199610831747233
-0.27890127761799816,-1.8029970833633733,0.5146545555550446,0.035422548650676754,-0.36174011911550624
1.8743968521747918,-0.0871707851874825,-0.8588112202358088,-1.5329632983963049,0.5669317346443404
1.9603258890933564,-1.5164639366862083,-0.06883715946418978,0.5850180847688884,-0.7779078098351268
0.5499746490269899,0.049746670675485966,0.40322145332792725,0.6206319862251561,-0.7316747075835801
-1.7825191139930145,0.5245130851462361,-0.055118633519831296,-0.6912809117161111,-0.01525540351542098
0.22999907641930126,-0.145999384082312,-2.185613582598327,-0.7170863143799052,1.1257683694688814
-0.13911985244042682,-1.330603495571495,0.4840047650389057,-1.5641579540809427,-0.560654118254595
1.6582906756098852,0.04674044877489406,1.363968115665041,1.2536070617301567,-1.731108268373185
-1.5718363191070903,-3.554341401468125,-0.13567330661761484,-1.8055869206935382,1.4321923370902476
0.40227945011139915,0.7918126568034675,0.04256258408472245,-0.3227247339155015,-0.2005345686317188
-1.5641650811315164,-1.3151637179234807,-0.8981337242239578,0.443368443501163,0.23053412062305242
-0.27463672548944074,1.371089199160939,-0.14799901776562474,-1.1675726031300966,1.2757587415607188
0.988930343816897,0.9765635014601859,-2.9219976915334156,-1.8732831937670114,0.54944408149003
0.6823766670158934,-1.1852651958484375,-1.1703419754833484,1.5764728578423115,0.43005524923795824
-0.4641630255675227,-0.2736579432635132,0.005430255989941359,-0.01732879030871319,0.053401468144708336
0.8443249505204775,1.0547876383470896,-0.15834447826258732,-0.9535086703465886,-1.109643598250222
-1.5052126151729954,-0.10903707103421786,-0.867817400568829,-2.624855597715818,-0.28269252601765404
-0.5507855870324225,1.4242542528800082,0.20831729003922408,-2.180889118035266,0.39985266148181386
1.265232262794392,-0.3449441666577689,0.02821774754846291,-1.2647349255962956,-1.7426588493987978
-0.755076371841826,-0.2272311542976725,-1.0740775173240702,0.054354183499843806,2.0421690848209906
-0.9696439496411354,-0.053070796489942534,0.5530985093236498,0.1676633418478466,0.6539353620571211
0.6109259204453931,0.8371785927853058,0.309890178972053,0.454304973079586,-0.8771523849793575
1.5957127798582476,-1.1655898130535856,0.02765356946636537,-0.5242906133681975,0.939281921789741
-1.7020835657083275,1.432515105598078,0.721164622425291,-0.5674764451816725,0.4147561174970851
-0.21884765713901358,-0.4010965695715116,-0.24000148271153376,-1.5400205348544194,0.28871685486511195
-1.1904340327694825,-0.7136727088628545,2.127841683765549,2.9798119759615154,0.39488236816185857
1.4909844261968148,-1.467400418888587,0.7421084603591835,0.3451327221966097,0.8061090187663151
1.0496847336349575,-0.2457039732758818,-1.3052190349004131,-1.1904020082939333,-0.3702026160182359
0.20385183826826644,1.9510134396973302,0.3074308483198337,1.1778341242732753,0.10735834964606591
-0.9706425828150909,-0.11286907543367886,-0.4756529596634681,-0.23520902176222133,-0.5174453160889443
-0.9261866264538955,-0.35691938281362595,-0.31045222993252614,-0.7666338633279941,0.92524138727543
1.557062614636509,-0.125912315303238,0.12092688184034812,0.6770443326315277,0.8969833366542505
1.1416961671639545,-0.2346058262733293,0.3360020374485177,-1.544083606311911,0.5964208736603628
0.7427708093587144,0.16865862479999144,0.5083929917939533,-0.2013852953536254,-0.634557493442475
0.3662285226911697,1.5380888485965005,0.651905450194367,-2.759355658892789,1.2199280915907877
1.7133401524650027,-0.16500612483670338,0.11714436538476003,0.5326989014979759,1.066872693110097
0.5413742853949308,1.7043019885733957,0.01005475939913531,0.009319737343174843,-0.19125704468981602
-0.32039089611373334,1.037111083188293,0.25801363902290286,-0.23386642667168045,-0.03268241113658006
0.8682948128917215,-0.0134803114632113,-1.2773204432460332,1.6004013275328883,1.9393070082973478
-1.0767025074370404,-0.7646383093893667,0.7740013846363226,0.9461320574012474,0.02385074338008513
0.28296341135799236,0.908870618729059,0.8033611274501908,-0.31595284530755063,-0.36094097860518304
0.8078233397374108,-0.8811288748924305,-0.3516850645892161,1.1103067883024593,1.1883014814326618
0.5729638428625671,-0.5572197968983961,-1.014889045389314,-0.333721530819063,-0.27503921765308986
-0.32607615080853175,2.5239549005633326,1.252668975508421,1.204885471295265,-1.5177037768086568
-0.9675213221196313,1.0779446260827665,-0.3192852321491027,0.061889094022429696,1.8068150354635624
-0.47929516533789135,-0.5752969404940722,-0.40486031950958584,1.4817753843025367,-0.23509184383474466
-1.694900518786349,-0.3355509547643364,-0.690673944101546,-0.04622384078375738,-2.2488262452873555
-0.1744174983255975,0.06387199065121633,-0.27844544472603416,-0.7190279233365413,1.2154792321918009
-1.4918040012304867,1.1076862936322727,1.105470338392482,0.6802350809533363,-0.16066811942864065
-0.9929608909704045,0.2599661968518196,-0.47861814974442274,-1.1353262130058903,-0.15907078292238552
-0.6008892891207144,-0.4391652660085683,0.7743678886145742,0.6667214806597436,-0.5121283306235042
1.3657514889086093,0.8229522992804524,-0.9053731480732611,0.500178366653564,-2.175431201314959
0.5525025538832701,1.2178989217615817,-1.0184141128563633,0.4802906760470134,-0.19805848120345368
0.8863570958245773,-0.12007614611425359,-0.07407565587598623,-0.26231269488409614,-1.36115344939154
-0.08966795296880387,-0.7333371114316514,0.7702718272194219,0.43881596044315613,-1.081064688000293
1.0740919690562731,-0.9725109702735444,0.6935108076379561,0.712586535213574,-1.5065910527654376
-0.6528421496145349,-0.05574442059428938,0.8090827547035272,0.128757563960664,0.5342984614433685
-0.16818238679761244,-0.08826037176381293,0.361175529265383,-0.5847307879531848,-1.995601449499025
-0.5716349392907447,0.38288794388933994,0.5610685118536234,-1.1625922891414373,-1.8260826752373398
0.1997690707725124,0.8841339963165267,0.6358761580664242,1.0501542638828516,-0.31736410596489795
-0.3928946119483577,0.10631467127762093,-0.08056354953042759,0.9754207702452479,-0.44273681269799425
1.0097481368133667,0.38468732681533624,0.10859835336233416,0.09994598936599436,0.4992282297523176
-1.00213312475682,1.655399452356423,-0.7441429991151141,2.2154812703181275,0.8160364693357636
0.5495918899290889,0.09119439730075418,2.3093989121970178,0.672003270162263,-1.4245643167819468
0.37255609511117005,0.655545908325829,-0.9241003697878039,-0.7117333832908869,1.6602948903491963
1.135866779932774,1.7325508509560907,-1.244900891837766,-0.07570706296452369,1.358779705992042
-0.0349285859336217,0.2766096086098077,1.89312329447407,1.5714771106065333,-2.1310878004825744
-0.43661685044342624,-0.6996279142864411,0.32488559737581335,-0.64799422590082,-0.3765172420716284
0.43775744314793336,-0.5032723544751869,2.693918740285789,-1.074178490908529,-0.032516686783346745
-1.3802379100750317,-2.6041628501877376,-1.7732442415423486,0.28731122396059655,0.26289415793122534
-0.5978975487110225,0.16040633247473432,0.6543572404260906,-0.1460534776748331,0.926659794308854
-0.4472542742999382,-0.2770648253042225,1.2079348076981071,-0.2212741863276835,-0.5930459965101847
-0.06961572208101587,-0.9648472629588204,-0.6667607142433756,-0.15192461906128799,0.5237083270729528
1.2519813847070798,1.4412130624701478,0.3131706010482643,-2.179540266467819,0.6356018001836234
-1.4916790505940625,0.09879478856850066,1.001121170709672,-0.3852585893927415,0.028788015638068258
0.18535769505223945,-0.06567705715012417,0.18276369209790994,0.29581526544904746,-1.0132233268562358
0.4228680653397548,-0.37808530883202934,0.598009065881903,0.08575089616894295,0.1240940198914798
0.1101090082766173,1.628036225344621,0.11638981169930389,0.4437798233205884,-0.10838812797944977
-0.2020375930969298,0.7370116554739323,0.7353503517752958,0.19132175134062362,0.27719094380346965
1.9755999449005852,-1.1807058627134577,0.4592541941386351,-0.4258716226103465,-0.5683001233480803
-0.7006643166940002,-0.12684692928054342,0.8959069157288764,1.726874231433727,-0.39263713658129973
-0.0185718536626176,-0.1994677550959915,-0.7676431718313816,0.015052126902908707,0.5277298735510902
0.15012919383798015,2.224735878919123,-0.06908282363887443,0.25405498532863385,0.1822634115041876
0.6933365819868249,1.6888015307066009,-0.5473240922597118,2.2001851569377795,0.39362614026072884
1.2327275158458892,0.6871197333875562,-0.8271811748360373,-1.3596014433795354,0.5481497071872875
-0.5681528885990865,-0.3242720857791996,-0.1613215415842088,0.9860584049118564,-0.07074929138501664
-0.8576815498607651,-0.47639927893218253,0.5434061343640388,-0.6478569502333541,-0.45340524015543543
0.7535621963523018,0.7796701695044483,-0.7035340538759036,0.1406273169666606,-0.11788113487145578
0.03060691624038601,-1.9383086371474574,-0.2909449565238413,-0.743370250828014,-0.08514768752127375
-0.443904380778076,-0.9258753402080905,-1.8273479912171569,1.262724599438951,-0.8794962441583828
0.5804054060864353,0.2180669178600116,-0.26266108924400927,0.8759899562554648,1.5318488647830175
-0.7508071460605769,-1.5094050225490159,1.1825015268338273,0.22369851188968062,-0.8619447632440509
-0.6800484480570496,0.2934874571261448,0.34955630266498233,-1.0678061881270162,0.9297378905678078
-1.4970056344768135,-1.683914128335325,0.022849966713177,0.6297649335219936,-0.40547807554418497
0.9021736649794616,-0.017030975526513895,-1.7815436989918423,1.065418041859211,-0.2868988800774604
-0.7226705159410418,-0.4970674688866293,1.30374900452139,-0.9411303697663812,0.4618602188081741
-0.036876617105734755,0.3345654262048094,-1.2630089885722593,-0.8783112113565447,-0.06917209852943935
0.2906222505680497,-1.7793402176772073,-0.07904685800780774,-0.42057915758488024,-1.1140105340174524
1.1057456698489894,0.806203948132269,-0.2860202613979692,-0.2930835698590379,-1.2344768748470134
0.15586145443071264,0.5413356276912422,-0.5191903980987917,1.4303141541704203,0.6512540629525111
2.135373340214259,-0.8196748445043729,-2.073783271847182,0.5201846664868532,1.351627872859134
-0.1604245861829822,0.1902524582882924,-1.8986533329956796,-0.3474743285521234,-0.5349341522939558
2.178464287601221,-0.29202966585461415,-0.5069255268588383,-0.6702948903228161,0.10573453785432796
0.4559685494513616,-1.0510027006031515,1.5016803606895124,1.3646853669178585,-0.5748075161435462
0.9111784808629994,0.36514659101645747,1.032980496639509,-0.3786012027754328,-1.4566287379202838
1.069423536571756,1.9348548139753798,0.6151683865250246,-0.2038245408065476,1.185414830658174
0.06331862716467172,1.4274889432627975,0.7125080350505362,-0.6665734324144482,-0.3971530103263954
0.30702437282718376,0.29209936890019883,-1.437749678439282,0.06183177612344975,-0.4260050370875042
2.106951305697891,-0.026816146687675655,0.08360721888175635,1.903376982881567,1.3091363105343488
-0.6401096182140616,1.475698551643008,-0.5019426423063064,-0.8248800354607609,-1.6775364239148094
-2.017369150119952,0.39359500087385263,0.40676981191850664,-0.29519298658269244,-0.37453980149726396
2.3020372286112156,-0.06778025142420518,0.5279539861311483,0.4310798318079919,-1.3818077735091094
1.1277334397276433,-2.1062506244146078,0.8966488682726256,0.6183055792057989,-1.5826864951102957
1.6829554201899832,-0.3594947408762183,0.28854864546211456,1.8286930477958054,-0.1108742902510312
1.089309876962164,0.3987996496970231,-0.6290686325431835,0.44758758933040504,0.47487859414083
0.3400326902577228,-0.2573268254599745,0.746258640775942,1.0289804195598529,0.17520416121811475
-0.6373715053879134,-0.9560420710630966,0.7941014941967725,-2.0310950409863553,-1.2636149735515025
-0.5384997037978828,0.376050004769841,0.8259815716186314,0.9802032331795044,0.47218987959451697
0.015260285514236303,-1.6155769827921076,0.1211404117125609,0.30545432904769604,-0.9084403654025607
0.3909998475767597,-0.6979212704464175,-1.1023019143405735,-0.2330822506772027,-1.7569837403725521
0.2584813193156461,0.18345850101209688,-0.552208030562323,-1.647835177987134,0.55992486714032
-0.9688131826891864,0.2884683614042536,-2.387216518098553,-0.15334597640103836,-0.5067163806990265
-0.6907408844169081,0.6838414783722145,-1.0246864310052741,-0.380201373421767,1.3099762747640533
0.9117117862624701,-1.1770705837752882,-0.8803204185446494,0.42499639507468295,1.0128671851736715
1.0707452230716217,1.0534589956792313,0.8119587921942955,0.4320710094303777,0.7706964001241983
-1.7071589769790254,1.9036704139966045,0.34153917189654626,-1.1763287008882723,-0.6692000013539463
0.8594757544729682,-0.5696335162322889,-1.309921270515707,-0.1490997160740416,1.0944178597215721
-0.6910554288703008,-0.6253066447017688,-0.32516164794926844,-0.24498250171201522,-0.7032137509027867
-0.8645576763950775,-0.6777691767333148,-0.06275022512176714,-0.5310091871598084,0.13143772436991177
1.1598270747851316,-0.5837736722673993,-1.2828278441729093,-0.016714044884110622,-0.0853253615018659
-0.1657264184656606,-0.027116075496357448,-0.692156139431806,1.2923636712919926,0.3704277116639274
0.9235558492147882,0.5545843781564955,0.8287850991128559,0.5057848984096293,2.791826946538338
-0.5207566782279835,-0.8754059328018957,0.0658886361818781,1.082948400973938,0.7208671798393079
0.8496565103041934,1.9132094549599152,-0.8855076176571655,0.5573678318452253,-0.7507933621807417
0.13500448818403432,-0.40974257569624145,1.1267736407598388,0.2694656186185628,-0.42232929157268023
0.3507096302546339,0.8415325949464068,0.7227998892953116,-1.377440587451266,0.6446268745699979
0.418753827099612,-0.22342411865745118,-1.6844318720714826,2.900715635149387,-2.0565643158285307
-0.28354345787742913,0.6658045545094686,-0.8845774044545386,-1.4473996008805456,-0.7623918918220414
-1.0486681545200627,-1.8706562841811045,1.3786133087035262,-0.43694523246517863,0.4841216076816333
1.6251675382132338,-0.464019306870668,-0.615798142659148,0.3261936487552544,0.7665092380317605
1.3531675685751285,-0.08024967602550565,0.7097914219988699,0.7277961195321783,0.67699149495263
-1.1648060424523592,1.1567104590719552,0.9384833964929079,-0.33930937822078205,-1.1295060713140461
0.20803006215420497,-0.7860239288422631,0.47119409737662094,1.5448290424514728,0.7348327928760284
-0.9448644204992216,-0.158230510213466,0.6449531074056429,1.4953285211933653,1.7672471537895185
0.4218996801026409,0.809134971606818,0.9157880694317831,2.3092803165308164,-0.6552477180256572
0.9091911229279741,2.0797623301265067,0.33271424980605785,1.4496163673292526,0.5437802649624526
-1.6748034941022476,-1.3371610230609818,-0.592109141667293,0.9957547157404154,0.8371021317421714
-1.016054765170384,-0.9157205795357723,0.6277629409439723,-1.5146661868822286,-1.15507692635035
-0.430632452087064,-0.5593143022439295,1.0225621766648385,-0.15450039153640052,0.1547743244828822
-0.16252519161397475,0.06409589191258841,-0.3245660579267248,-0.4271119626715451,-0.22723430018025373
-1.7890548493583565,-1.4742866303636408,0.9418496660977652,0.5323244970500774,-1.753183896749389
-0.03433876230461062,1.413770732842175,1.4575363826162122,0.18229901329219436,0.14953286999441362
-0.0723923048497645,-0.5546179876368726,-0.023856245283493737,-0.958167764966448,-0.24096994949986017
-0.41723356546757917,-0.9680806378544607,0.6233955828303536,0.9698350631485186,-0.10689404032320907
-0.566416699965849,0.09702592649271222,-1.5534954152359401,-1.068006813931419,0.21902213401959247
-0.8040199728804103,-1.1339325466358754,2.9090165245413018,0.7287848666909875,-0.6640527622379973
0.9619481218868461,0.15919111842068934,1.3932505165461104,-0.5860487585472325,-0.291274598113585
1.1972437502978683,0.935288472497942,-1.4929838252547154,-0.8944439024005645,-0.14255532419554925
-0.24713141013436685,0.26475540905715783,-1.2892825479843917,-0.32418805461833383,0.1466175691078108
-1.9657956268333858,-0.4870485940041177,1.196151542135844,-0.9856337313343441,-1.0445544087502903
-1.071441509013259,-0.021980955051198958,0.5204324773372815,0.46035622221287503,-0.006544384344970594
0.22536034564759894,0.9560112962422175,-0.8608075098407114,0.013894337722498883,-0.7312019821229679
0.08569663319695599,-1.0449559644008302,0.047033866721915264,-1.6642675839009589,-0.38130799000207777
-1.422589154012553,-1.06252576448873,-0.32422818257299146,-1.4655411014580013,0.07293272564427773
-0.25102660903238216,1.0216886764317492,0.7659466071563502,-1.1775410828341015,-0.8471784895545786
0.5134512315797238,-0.7690964483728785,-1.3144641533892716,-1.0306056004539883,-1.1416729843250726
0.7566742425646333,0.4458943994587259,0.04889525725455429,0.683800840827017,-0.5332817005532954
1.2690017670065294,-0.6306774420922153,-1.1332307241136965,-1.314513121398095,-1.1303964292494106
0.04404917169788191,-0.9839301375928066,-0.06352674523219812,-1.4690037539784604,1.894373324091984
-0.2921863430609947,-0.7068696396477941,-0.43447238860885123,-0.5175438714349673,1.189864313590937
-0.20079329547651073,1.8806759730476503,-0.15082380464341888,-0.9915315688580835,-2.1046684502240343
1.634601932308121,-2.2191817604479445,-0.532337412890665,0.16414975319607775,0.4206360576583451
-0.9207508138416408,-0.2167092228091959,0.9458679104479185,-0.4757796930589816,-0.1867580121178108
-0.5544892531355421,0.15279487424552077,1.9724852985925247,0.6927217102949739,0.3118993311218221
0.2867134175035196,0.13905723225486563,0.41821899291592696,0.31410302013253316,1.2292569308149992
1.223345350955515,-0.3984931516657643,0.9237089294701051,-1.248856012470633,-0.5971696627142036
-0.8506593093787586,0.4709501174307494,-0.5347402280923103,0.7573400961923575,1.457705629019524
0.1261855682409546,-0.6371350099094887,0.11150653479210534,-0.36914546543151094,-0.4337456872790952
0.8487127044584906,0.8509769318972071,1.0546040807064292,2.0869175658723105,0.4898940867455326
-2.0990731362140553,-1.0048874785404986,0.29718108606143717,-0.5151445526435384,-0.8125887305208693
0.4988775119786534,-0.599402091157597,0.3227045347189375,-0.9251933943363256,-0.7448885194349875
1.5176623124325215,-0.05515668239960331,1.3879222272593346,-0.08288879045492578,0.8371546677100831
-0.25519872658203235,-0.2837147066750239,0.6777914673663378,0.28168292727937794,1.8302814508554557
-0.3507211509646911,-0.673470284480208,0.7514359349037091,0.09287043013075004,0.5558814153668787
0.7396594634794015,-0.956478019943237,-0.49429147051360023,-0.5703135270486644,0.012865743928036603
-0.015373159776882337,0.5811009451503787,1.6571643903476763,0.2875262088901279,-0.17578561616072427
1.142829142229003,0.10454524437226576,-1.4533612127572095,2.026433947498308,0.15616220529163463
0.182902396049904,0.1376095261624421,0.03438593072243125,2.0793815538794562,-0.9042580249740392
0.2471520375696698,-0.6126016799405728,-2.1929921484071846,0.06956028184987759,1.2274214133331915
-0.28377123935587995,-0.3091084388037381,-1.474681499231878,-1.545122313799174,-0.050013880765483146
0.5022802324405491,-0.01655155452199546,0.5842908287260183,0.7621922292878907,0.3082811710372001
0.3292935184261385,0.23745504711356225,-1.8796481938576262,-0.14816332122156692,0.9898686746495307
0.44519249030445857,0.6325114648580571,1.0051909484106676,0.38571494866730344,0.8013835107795454
0.8253616902591668,-2.862720345395517,1.2377865858244272,-0.27121551810061784,1.0009818025131672
-1.0796951061167526,-0.05775895989140022,1.7216189167793097,-0.42222728759526185,0.06869176457335395
0.8980031427087335,1.457136726385752,0.7270589120750681,0.0754231839293537,-0.146643616481843
0.7794351868710069,0.49033415449094997,-0.7878701946092274,1.1784757509133672,-0.12050971002982937
-0.694370452238827,-0.013165789179653822,1.1298203144612204,-0.37677352387926527,-0.4461079671032676
-1.1559587862563776,0.6128070874683615,1.0811343068227255,-1.570144729668302,-0.8646134833723673
0.8747188109027088,-1.171730744269597,0.7057167578411403,0.06501430332861234,0.5835897435409927
1.1467428685977077,-0.9616073224558448,-0.02609245348469702,-0.5320885986365135,-2.605083322040571
0.641927561666583,0.7764929309433887,2.114331569831549,0.002844694509000639,-0.30374479714251235
0.5171668785879087,-0.7675129127692205,-0.5457184204864817,-0.07728940341601964,-0.7888622768385337
-0.2616271606665854,-0.2220110511810688,0.05043428653749031,0.034554283173414024,2.1429430618606986
-0.970757046796456,-0.5479159956001934,0.42820922223987423,0.22415014843994005,-0.2485948954627908
0.865936050590328,-0.5380025381591585,1.4482113293761938,1.8864048963127258,1.878064627865026
-1.0451250087930943,0.42583125036581293,-1.045592978360753,-1.1522598525553103,0.8543794586748119
-0.06089496480459085,-0.8452302869356279,-1.0763388192077443,-0.9317077815826291,0.3302817661883454
-1.0311729536357264,0.1131512299334434,0.2836055074083581,-0.21235143258634337,-0.03833802136966684
-0.4964332761480932,-0.523951753278566,1.0111771790589013,-1.119281121555124,-0.5860734908385521
-0.3100381495757536,-0.6021696785209528,0.3690570162437392,0.42012800587870774,1.4598540779278106
0.5282396337586964,0.6056032511814055,1.1632405736563958,-0.14443077513854538,0.5334580052372406
0.11732086773959258,0.00358266343146871,0.8159511390510201,0.5578567831588003,0.6969656119381672
-0.8214189536422426,0.4864961219273928,0.18964016704194642,0.7143466142980149,-0.16742611323163317
0.40867880606312557,-1.4138299996160437,-1.9770934380924698,0.9396848109571171,0.8751290482542576
0.8849278883817882,0.9139513162244198,0.6781781937795082,2.6651525703617343,-1.7111194880852785
-0.4036351131896303,-0.23054714533272577,-0.521736512111269,0.08501514219005098,0.6225698221791608
-0.5127602922008542,-1.8588101996521464,-1.7399032746364658,0.5357075471231757,0.7062934414396118
-0.17937458174776977,1.1616193013818517,0.2663169707689799,-1.3115808772818354,-1.2357849630985056
-0.4649070539165582,0.2404653012051555,-1.0771824468776168,0.9670080413762734,-0.1755370651691752
0.009589456177685253,-0.8107460217917947,0.8772645377955345,1.607313355833913,0.9281530735340001
-0.14574581828873193,-1.17203640171385,0.4738282198855295,-1.4814137743449107,1.656092467607826
2.766373619408659,-1.5523993810232186,-0.003851509793957828,0.9399586159459133,0.9393219789293904
-0.1316042517904361,0.6455692368839041,-1.986695920913894,0.24750701017057797,-1.0981280983303898
0.8470468187154964,-0.9024986576064383,-1.6919408369637177,0.5357684979680439,0.7470922682121848
-1.2571837707442683,-1.1454400823371034,0.48759224272548185,-0.32185233142291,1.2805150220921109
0.11831503009390083,-0.0718064914528293,-0.13137484163980562,-0.04950255136715167,-1.4868744383937298
-0.09475205195449261,1.0641827980691576,-0.7934956845062653,-0.6614536920152148,1.7260872785797994
1.7750691495845434,-0.4860220506942184,1.6059155158875775,1.5763751060681068,1.1277218079610136
-1.3132610997903778,-1.0763885782239626,-0.33501358371869233,-0.6196011688146159,-2.007821513529514
0.1157965918660749,0.23337440937738527,-0.41904108406649526,2.0203645700746997,0.6988412464080854
-0.8938312181380295,1.3279564208442243,-0.37297865721849655,-0.039725723058401,-1.2362287265529337
1.5589398265241337,-1.3178300613957068,0.4156830956027043,-0.6412939380323088,-1.3359428399398654
0.8644477276350547,-0.17857642736308377,0.4882446792313985,1.6183544265427987,1.053113238785849
-0.8754788713570605,0.28750739699809524,0.6674163352370865,-1.3347114991147062,-1.0209241944064473
-0.3529530523224697,3.1615168020336655,0.6722735303518143,0.2653661304513774,0.6371696816220823
0.6742848845589281,-0.07268698690395357,-0.8824191685878467,0.9861148930757833,-0.9402273683526963
-1.250595398303185,0.8647019154237154,-0.3313224423812639,-0.3599750389961839,-0.7786243679336241
-0.8947656263645252,-1.2419217741710997,-2.411834370741116,1.9622160195684724,0.9931174314875755
0.3657338965859151,0.41080286512953007,-0.09819261775623381,0.15223642735979648,0.2825235229429277
0.15708269757458848,-0.9527790664177183,-0.9388664238830271,0.6805311770890693,-1.1782154380076337
-0.9005494410598508,0.9580214338308656,1.0041977379222462,-0.005226025728089071,1.6296832266979377
0.5330743875118434,-0.6035953328474882,-0.38400879887235756,-0.2365319518736698,1.2687910947892689
-1.5189787101458323,0.814147164952228,0.4871383043036134,-1.0758243538294237,-1.2967586231630217
0.4401180359341194,0.25949199382934224,0.301083313242602,0.324637553829738,0.29794008007459294
-0.46963555340240004,0.4795875695015688,0.5259312564935463,-1.4772054335063693,0.514110652028342
-1.3883450119663387,0.18790150003256703,-0.49648539229287064,-0.7649897417269673,-0.08236897890091699
1.1777608007009932,-0.5727777837880536,-3.024439389716784,-0.4477158553140886,-0.5885677616756734
-1.226020521703173,-0.7068526868623662,-1.604685020389181,-0.4748212074018133,0.15463162380294096
-1.7236446480503373,-0.7109077735505885,1.057549887196664,0.537839043949176,-2.2175624482979313
0.10657731071171873,-0.7001944416684742,0.8472127819564108,-0.07850217888939585,-0.6031796563562127
0.28995021203789023,1.8746364949296552,-1.1456375189078951,0.22109466581951176,0.3372641421054005
1.404394618322652,-1.7334667618093818,-0.4448449174902914,0.24869010078521467,0.4830358262440738
1.1531304302067795,1.5688151375172639,-0.07469900598149627,0.6667567703271686,-0.9595575184018575
-0.4613339989455718,0.14583802558250697,-0.548616517531797,1.5911815070179642,-0.3470214200548409
-0.04727490626702539,-0.0396968843333195,0.08465685279994085,-0.2970389157325743,0.7689063268542096
-0.580203166725315,-0.2818053486545052,-0.9055923931046365,-0.2437825824715811,-0.3333275164412648
1.5341715910836693,1.0215683194634775,0.6436784884603065,1.0562589389508013,0.06561772602498891
-1.0360347708551436,0.04997891619118589,-0.47892657276993134,-0.12389712849980154,0.33701438168693715
1.1712149889061525,-0.9359455145576135,-1.2738621193887538,-1.4016035071745556,-0.8549617727172666
-1.6651053706440369,1.409869538269641,0.8670848202649684,0.32712631324398916,-0.8968910074683288
-1.7151872313004217,0.6636023447459769,1.710837201373959,-0.47609668183440607,0.55712896463639
-0.9715853643415182,-0.24246770539916734,0.756432716007963,1.0398873068062189,-0.6754426455701975
-1.3144801902067784,-0.10342986119371608,-0.025450508311649335,-0.8635416323153237,0.023809216476909683
-1.0172710518975248,-1.5365950194825453,1.4537485241898618,0.31796721010439555,1.2835025799394524
