1.8693017416806976,0.4435238720316745
0.9347711092462866,2.942050492394841
-0.2165707985920242,-0.1725677967360506
-1.4328439749212771,1.2453513158209055
0.42551168060569816,-0.8494254390029512
0.5851137526830408,0.7673727058894414
1.134814668432669,0.05085550577187762
1.5383182661473713,0.8661156035299081
0.43850262636184933,-0.704845407173267
0.3150076014797875,-0.7304491569863544
1.4223386152393627,0.3309792520654576
0.3241230032445164,0.0018182706625206645
-1.5001037171201899,0.5551984323017859
0.9798958704602471,2.7125066481433486
-0.14846568611053065,0.061246193420285366
0.6884172447769595,0.5474890955451777
-0.06827786685914217,-0.27129475952715065
-1.4407932796960816,0.7829225587585316
0.12198437607180125,0.9973079325467513
-1.0607335528384778,-0.16430864167263354
-0.6253169733527792,0.3945087786774291
1.7886207873855844,0.38736330178876255
-0.029149306478508125,-1.2962143362526874
0.9197080364337916,-0.5985636386229168
1.095184269023633,-1.2457781323016601
-0.4502825364048147,-0.15147008930340528
-0.5456447497380751,-1.5288916612728374
1.637429281465505,-0.05600124593136463
-0.8642452433246427,0.8753476275453851
0.5737519232114372,1.8273358685684227
-0.7411403179624865,-0.5682776946170506
1.117678965511618,0.8214931951227761
0.18595029400771776,-0.4956528752783912
0.9153419697064894,-0.7255109289332848
0.6622400388250215,-1.4268860248655395
0.2846287131254221,1.8438288994127388
0.35857100422921734,-1.32436273624219
-0.10997684447079482,1.4520948264742153
-1.1246708486716508,0.5381520922315107
-0.7367739170834529,-0.4171831341142255
-1.0172670457628483,0.14529980361616443
0.21430971278793587,0.4977949182916572
-1.020742538127836,-2.30589525625813
-1.373116573253288,0.49806360364883506
-0.019110847373421398,-0.8377881689691098
-1.5833392656721672,-0.7063963420137391
-0.7384322999897266,-0.6514996373622901
0.3189336861390284,0.702421803456121
1.020640380142623,-0.6270423765895715
1.6131436805092167,0.7832509569648233
1.0919643667680712,-3.2897457939780588
-0.04551539053247668,-2.7672108348186293
0.13758663473847685,-0.7236329064620259
-1.5620905184466567,-0.010870953485307297
-1.81007383329396,0.5256636630428697
0.4647123903508504,0.29485033474360917
-0.941612306501657,1.5421290970792736
0.1800825332775478,-0.02974971614002845
-2.1116946051747467,-0.3227091249284586
0.6840398510977972,-0.4129666770553814
-0.22572857784048145,-1.0373326493937036
-0.9422125860450697,-1.0506890075521056
0.5193852596941689,0.1125239972428809
-1.2847100574127388,-1.615341918188122
0.5418967008103431,1.917624470502352
-0.5982194469701405,0.14762683827454232
-0.16678158325006856,-0.5991549917287718
-1.4966953111617296,0.2776057184757057
-1.0274392436120952,-1.0381200541750382
0.309041756725005,1.2161680741014622
-1.176913075259188,0.427069581527072
0.24684107826364984,-0.39921188834564153
0.8740257165698537,-0.7758153595084153
0.3456898826080462,0.7435063060605047
-1.3730397770125422,0.8886425377153858
0.14997020105772757,-0.504605128617268
-0.9193999166845692,-0.20899744509988005
1.9721606782104184,-0.5877239619305069
1.913970492046152,0.2624586128743619
0.4995669678360736,-0.1950999862977375
-0.2712009431697015,-0.13954309088141378
0.23473040478924265,-2.12509242433571
0.7924360282913913,-1.569579905141024
0.999694152058323,0.006374350490507671
-2.3563583784166213,-1.4961551376092077
-0.46602741502094713,-2.410362416455905
0.7744718439764251,0.20406159845998956
-2.072748543288258,-0.18789193676291796
-1.7021813183587575,0.3218702197741676
0.7164867359155358,-0.18531317539289796
-0.6015723025673726,-1.5603382385101696
-1.1061759605781176,0.18122687770667464
-1.1079756157156853,-0.30247542153091095
1.4422698580110598,1.1930689208655474
-1.9755085634495444,-0.3057094434403843
-0.2743227253736473,1.1804877132888976
-1.0204707296847868,0.7776419729379833
0.618958397120748,-0.0005046373162094533
-0.469579129641555,-1.80708163787751
0.16899904687895875,0.9131034490837675
0.15606534141737857,-0.14932474916123678
0.32720602936245263,1.6242500013094836
-0.5463913661442004,1.421440554601902
1.2432812497354002,-1.0272940395770536
0.4005013840748797,-0.28810046251555266
-2.2598985878964455,0.6517471648365949
-0.734606525629657,-0.21941413686376637
-0.5585857229691551,1.0973568173040322
-1.2448097119219403,1.1660491705606195
0.027441466848303002,-0.23069119855150946
0.09739690768890615,1.5450087418676373
-0.41043663194301405,-0.22793294257783508
0.9840007270010188,0.7426046657381371
-0.15653253541331974,-1.3310733043658702
0.13951342836034059,0.2741515408321383
1.3900656652291976,-3.231905981393442
0.8983328232250004,-1.9951529041195217
-1.332693841389642,-1.1046612881661915
0.5110526449907127,1.9225174957025108
1.3150670360959802,1.4678625347074878
-2.098796867002052,-0.19269625300701107
0.925125181488898,0.7544043347257712
-0.05982960077569947,-0.04507062929264752
-1.980717688354716,-0.34607258207071795
0.6597773368060416,0.5613674068178506
-2.1913533831364127,0.555392038930869
1.6218264173451546,0.06059043715080531
0.4599097287492325,-1.0968577399511936
-0.30538950326367215,-0.7694318889514549
0.8473941723236552,1.1092520768698622
-0.4209475933020116,-0.328534326864693
0.7327416109070137,0.2850476042903713
0.7258420199829357,0.27664040313622107
-0.47393406342166655,-0.047307367542625066
1.2730053452472216,-1.6281664239097178
-1.0918426380944701,-0.37639406746293635
0.140506616169869,-0.8683867748892968
0.9829662345303919,1.1759619850907765
-0.6278876722235613,-0.5891628530818698
0.2126647799267528,0.9418754087018227
-0.34918276862431363,-1.8625464765508728
1.4677485926204137,-2.1745834683118934
0.7582703404528593,-0.31382756831197983
-0.016499864055186123,-0.22387829357345718
-0.01692788754596451,-0.9397157944908786
0.5762861422307591,1.7855099114877437
2.3431288423477556,0.050675597269713095
1.8958116601271664,-0.11992352319923962
0.4831097825830575,-1.9034829853026738
1.3806676634555581,0.8308569554616423
-0.06858525174388888,-0.06862847437138732
-3.0217861335452287,0.2030195845201073
1.328462378981848,0.5049548652492611
-0.8654279366382074,0.23905994316903528
1.7206872713401284,1.146558820671716
-1.5080688094128571,0.1568914003780516
-1.4595318654404765,0.7036751565413213
0.3596683176126081,-0.4707744839514811
-0.13545915994059501,-1.0297148922245922
-0.5416513559696463,-0.7526218123577724
1.0061697149339544,-0.2768405265775904
0.14558718456353237,-0.13107897342382077
1.0364460578913564,-0.343951825400081
-0.4532359744584822,-0.4964436743022954
0.8280094475314648,-1.0966499339516564
-2.842318291598278,-0.29956238962854553
0.9505988714996758,0.3725796453671183
-1.490423920966537,1.0653739571770517
0.3278015561224987,1.630580822593326
0.20275246742996011,0.05247613997666497
1.0666447572771398,0.12279589892303036
1.4699377112508152,0.5485295567447988
-1.1859091414368006,0.7726382513874643
0.1952631733269991,0.6764485250338967
0.6989734047271334,-0.9306005540084745
0.06546954231851201,1.1664944045889674
-1.3413945980062303,-1.066152693700222
-0.07716572829106554,1.3855519647010297
-0.5818630050889908,-0.7939602521594269
-0.22653758174145983,-0.6886747787481154
0.6504394413561805,0.6438056729752237
0.8055436222034436,0.14239219383745688
1.8598312231119307,-0.9050845423309732
-0.9675591460453891,-1.0165206966058826
0.888624846755599,-1.9354813453224755
0.05720811339171734,0.7030548324132112
1.0779317926560084,-0.2801938380852806
0.004005845428031067,-1.1634211158264542
0.36166201839933065,-0.6707155390833152
0.07462382052852726,0.45641822595127807
0.5973718941105455,2.31774920182266
-1.1444091243145855,0.5894584012135364
0.6736187996729035,0.26726162203310067
-1.2076318992846808,1.5429294672804625
0.40487601783064375,-1.1656032642334886
0.26229237393783894,0.19272609579281802
0.7304735070419388,-0.9987634984928352
-0.1619444885897421,-1.5010436476329094
-1.5382900188857214,-0.38553813669785036
-0.5747610962009901,0.056402755106836795
