1.0343543261358057,-5.0303657599268785
0.058330437203602425,-1.2347730168495765
4.273783258652429,0.8361211009311735
-2.132483011660455,-2.6652139096862126
-6.903328992798888,1.2349452131321281
-1.379607550623236,2.118232422195263
0.41991887717364595,1.766929759529309
-5.466069560529791,-1.3515470271138286
6.148958697819931,-5.191230161767408
5.886535274527261,1.1720724246935732
3.6791805049207196,4.801374515366436
2.9432235425728637,-10.887308163863825
-2.562729160293448,-7.877874076644786
-2.1854279659937768,1.2914343753801738
1.1980758437416759,-2.769628060387528
-1.8296172420307748,-1.511892336657926
-0.17559407528911364,-6.814376319405117
4.449585725799043,-4.077724492305904
7.859539185545963,2.810198656928999
5.604340983261249,-4.79640367369677
2.746482028243821,-1.4917342377179035
-0.7590434743952119,-3.826877198557887
9.480344208579105,1.1005871108048102
-2.102062011298212,-0.2845331575445075
8.974850772829303,-4.939020076954556
2.1582376564380437,-1.6006580214872475
3.728801996895346,-3.698694513476482
-1.1971332006202902,-1.5678969296582688
-1.160935499404443,0.1824489114006691
4.303394027153938,2.171692532485742
2.8737857044493103,-0.7253194184085932
3.718063801193694,0.19913981241859058
5.530714268258477,1.6173310984281137
5.49356479877715,-0.06809477097988326
1.391954942100273,5.328630108247654
4.513928204746326,-4.510724119921008
-3.5949174169453375,-2.5278347637580487
5.497692405875238,-1.2136263777802099
4.795214473290013,-3.8168185515485593
2.5120621572721378,4.895017774331271
4.437523930882403,0.0009112229391796678
1.8228016060272552,-2.752099638490471
-1.885536804773937,-0.2839812877179564
-3.2434795502463585,-5.511456377021258
-0.3901034530189036,2.9537475246269693
2.5043703096356382,1.0161619585707875
2.67303028667063,2.717825814730914
-2.827455900428952,-2.851107865454063
2.4361234916454118,-4.188591238380067
-0.8676399571909612,-3.805704980636678
-6.813684865579181,-1.1932511496410327
-0.751692934035781,-2.6927980532424893
-3.96185047351325,0.055396191771701186
-0.41895257760988014,-0.5924037016674888
-2.3091618575022954,-4.269190524132591
-1.5691499134783884,2.9835469788834375
5.397815316374748,-9.493449776243509
2.4305947952273947,-3.1334859279156717
-0.7893222240298228,-3.299504836258738
-6.818576019045376,-4.900217479746395
2.422959378931938,-0.8563391922378067
1.0449135749276963,3.5338627046284135
3.705195556526054,-0.24719789109996526
1.1197250418263016,-6.773970246888871
-0.7543175815616809,3.5089296118128397
2.349500685695015,0.8606812768571768
2.420959514892366,0.09438736459820563
7.456004340861391,-2.8238144536734895
0.4769767672408787,-1.5039923132779833
-2.884503304655106,0.6283624260692791
1.6380012892888258,4.778239701794604
5.183558488339253,1.2086806530007426
-1.1539000500454577,3.6896413294004597
-2.5156480874948013,-3.818197869038616
1.008481175237766,-0.22969457543822258
4.804928567198217,1.4609960467887415
-0.024046419170077327,-2.194488392575079
-1.9938030101137554,-7.628929057733638
5.156221534414435,-4.1669886701085534
-4.327888221590485,-2.1163386944277507
12.129066404858609,-0.07527172598284992
4.554836736316005,2.9108553737237326
7.753922818589224,-7.295109268361425
2.554826510186997,4.984862287426467
8.037302540437151,5.211159447002764
0.052795866263194546,-2.1371439136415535
0.2897929322722167,5.077686142829519
4.743338054202386,-4.140751996732191
4.06432291882618,-2.248790491081258
1.5496103452674133,-5.304214062165388
-4.415095974867526,-6.546039722358464
-4.69634215454324,-5.1093089621728005
5.907849748469069,-3.4929383008105317
0.3005296195963062,1.1524763244171425
1.6940533448629995,-0.6861417716731971
-5.402489016590725,-0.8682507751417098
-0.5690335994800204,-1.5446465499120743
4.9338455334652345,4.386268792839329
2.5459673730098187,-4.331644173908316
-1.0203132766514242,-1.7653954640679355
