-0.07630868769933939,0.04686498170634012
-0.7525613574631661,-0.830923901572279
-1.88305258117265,-1.1508259595921198
1.030517268744639,-2.1365709382417464
1.716345387224442,-0.11979439748888421
0.13958757326977472,-1.2998650835881793
-0.3412681841986336,-0.1371552007960445
2.1334588703822166,-1.7532250874390851
0.4187346716314143,-0.6329905685625316
-1.8034534119391512,0.5614098218816956
0.6358308337641526,-0.13974866993693766
1.5535613189095046,-0.6861074364847706
0.02344832664973188,0.4515482778969894
-0.9181738469699023,1.4218068915775073
-1.0831011042263803,0.02095368777923082
0.3336968025933756,-1.6285305370798702
0.11429994341329298,0.9563164947724565
-1.1490907189228594,0.9390143079920964
1.11930749959458,-1.0539853701045228
-0.4875019919499269,1.821527953294985
0.5501318839023467,-1.474581915663171
-0.9479646046910799,-1.6393930197974238
1.0997466006894892,-0.717485942734916
0.12565105224207274,-1.7775108736219765
-0.32057524347086774,0.15741516449118712
1.2802791415909245,1.4036259999045293
-0.41437768341934467,-1.0294791437466557
1.2071994255707585,-0.03101268761291767
-0.6416258100671435,1.1948459982689261
-1.118282091664449,-0.7694760484712225
0.15519086250457653,1.0147053704327433
0.7681539110439756,-0.8784971560546508
-0.3588290098030712,0.2520871441763318
-0.41404917459916224,-0.5928619865992681
-1.1220706975490395,-0.8993805289052841
0.52872520677768,0.5106828899361864
-2.455878277290184,-1.7562875412351413
-0.23502468923220715,0.017774226882318167
-1.023520123671117,0.349092820073189
-1.378176359307156,0.45376217268179975
0.900314636898414,2.3014480235231267
0.06742934796871676,-1.6581978966319313
-0.6939591880076184,1.6845800103720994
-0.1400571410272444,0.360156380305996
1.467060476257633,0.5719685377725797
1.0514967537986464,-0.186328123152475
2.0861411356650597,-0.5562256022098121
0.4737608892571538,-0.2346815599582264
0.40709180672994977,0.2031475681101963
-1.3230292783999795,-0.01803234166734721
1.1833260797230662,-3.003947492325754
-1.1888561890565121,0.46030627987857103
0.7929662898387398,-1.772267231641814
0.1624415153775005,-0.7315332599789057
1.3432279701003782,0.48248271413145455
0.9715097037291163,-0.8296768102805634
0.2710755727583215,-0.3935172544437888
0.03628217113846986,1.078534856829415
-0.2826400438207178,0.9667633487966074
0.33493761662988536,-0.2613554294545282
0.23890470442262982,0.9124393546886685
0.6891561310892043,-0.04183397707094486
-1.655792226069156,0.06455595391578542
0.9144215281388139,0.4319737321042012
2.3842818403066044,-2.6867750666497727
0.3136064114185331,-0.8193095053599042
-0.18253355963127973,0.43811905965607517
0.7201056695418458,-1.3265125127857795
0.3045577340068561,2.255199706988593
-0.546127045136934,0.6111268126742367
-1.2792482342196363,-1.815103476577298
0.4685229291173748,-0.06834500459113675
0.4691096159558032,1.2323055960567417
0.06103720547663775,-0.7864931971708957
-0.7603411252764323,0.28954753107637854
0.8202801617159127,2.2994363865253113
0.6776598309400005,0.047827890061337204
0.14671647646432645,0.23665007608734312
0.1066591422033499,-0.11358762868723127
-1.1360710845666404,-1.3984282168968332
-2.012132160202255,0.1965977743666959
-2.060906326831564,0.9900422659241636
1.7781735120961992,-0.6873157017413252
-0.14799960205449397,-0.8140165435528992
-1.1255451116570996,0.5351962382827729
1.3679739632488215,-0.5529394641038576
-0.958078054761096,-0.5538169942519074
-0.5782734133894454,2.005944115258883
0.0435081389243927,1.586177658688531
0.12467763000990328,-0.740438017421311
1.1044442005501534,0.7003691658364669
-0.7143546143769698,-0.36442311147319423
0.05926033170438339,-0.2955716595455705
-0.4845851963829137,0.3149358563075452
-0.06409238318674107,1.6614118057765808
0.21550645688353817,0.07068413433021843
-0.30039765950948805,-1.018380227698758
-1.064681675247882,0.2825877639867765
0.02388911416836521,-0.5240422608668245
-0.47770502023047556,-0.9661791871514658
-0.1691041982661995,-1.81804944538772
-1.0748818095587738,1.737442860515454
-0.478941658264027,-0.026126444754565815
1.569886183974303,0.00018011647756119095
-0.38840773762612135,-0.7709470555785678
0.4971423422970889,-0.10761630721996981
0.4364054618020287,0.9330404398923587
-0.9166570124602051,0.9817610162182789
1.0408771146146578,0.40749041464292146
-0.38796219173586655,0.9681880692665586
-1.5808873538824266,-1.0000525799158226
2.118631480811206,-0.7623553811081095
0.4843009021996941,0.6421827994477788
1.1930611307104961,-0.3331672186039635
0.1606293901628757,-1.0786073091916806
-0.10863280323690047,0.9325520184994941
-0.46625217164306476,-0.6358800366573679
0.7602353555458966,1.0885075867058027
-0.47672966835810804,-2.5758914078898685
1.2064821019459289,0.5912082448581097
1.2822738433930732,0.42320648767099917
1.2126835817200725,-0.29003687419516805
0.6461718492743934,-0.9982422915435702
0.2647556599294518,-0.5271932023762789
0.5257045730610965,1.430070534469688
0.7336776449946133,1.0720020898769091
0.592884025558281,-1.8901822880056698
-0.480891475447968,0.4855162032084636
1.1858878090785836,1.7670201923011488
-1.7365114979847467,0.367639044240348
-0.6579738794749772,-1.8222271499276406
0.17792470672900465,-0.18838307631483378
0.9982177740231543,-0.07919320097028826
1.3325210553920728,-0.08076866143163436
-0.0023835933515073716,1.1446756773253453
1.2977988536987313,0.28732815160587943
0.24069367152236362,-0.5741324906461285
-0.8606106460957987,-0.16723984736822012
-0.29938979861477805,0.46026383417711814
0.06840143881582186,-0.2795930412437989
-0.6915730822930787,0.7040954391091053
1.700080510233766,0.2066707460068133
0.06510450518603637,-1.414499808028674
0.27587801312655014,0.28911894011310446
0.5999871692204108,-0.5284157858897348
-0.012212117503534174,0.8447431300461747
-1.2125479481347257,2.1916206994341403
0.004912174998213858,-0.18169403238116857
-0.40145483729680626,0.13201175335752632
1.24175452563283,1.2027692183504701
-0.8324281858047784,-0.45873395373091175
0.3440227095369961,-1.1325363627384888
0.3447006294882653,-0.8214011416419328
-0.33321597301911204,0.15222035464031408
-0.4389023990599425,-1.1051407092299665
0.33532367395297125,-0.23951122111695117
1.6904946539422994,-0.7777900086888622
1.1869652292341424,-0.22425506031093315
0.6860535053018911,1.4576926388459706
-0.7467810432316276,0.46766492823088446
0.5218864753488117,-1.618600513487176
1.707633137141697,1.232279409760146
-0.8782121022309117,0.4212103664843779
-0.7047655489311592,-0.08895908868815272
-0.6118755948946889,0.019978582529769955
-1.1699620453112236,0.5355495908884582
-0.1994071476287839,1.4372344795695742
-1.8677966769422663,0.39054304042254895
-1.2578928439033485,1.3169868587630253
2.183311457117393,0.923211841774531
-0.009086732356754432,-0.3731630212957192
0.4729950604809709,0.5312561880989319
-0.4511098912140597,0.605043269242835
-1.47201980033533,-0.23676584618896512
-1.6069519775118923,1.0647002920538615
-1.0372035594932925,-0.5774643554890913
-0.08593804679726842,0.3031741883984765
0.5292376061551003,0.028571478945547926
-2.066757639420247,-1.0668345663939198
0.0013457699984838968,0.09886565010572966
-0.5705060552488272,-0.18684755218074012
0.013709553493776751,-0.5794286440692292
-1.3913417590689041,-2.858484341770209
1.926606023029575,0.5924460858346914
-2.289349887543281,-0.15039825604450305
1.6263474470246064,0.5077713930044129
1.7487208411004755,0.46090073516072183
-0.22587637049346068,1.958885501638312
2.036798362278525,0.15183878485958846
0.019620038367887938,-0.06003642165525075
0.7382234399644778,1.3195796059434235
0.10213115980044955,1.9606678138727607
0.15103857553624261,0.5084021644847135
-1.488318856487615,0.013189953810086563
-0.11653091446929796,0.1151187574443497
-1.2467505814870874,-2.5535685394273626
-0.32840578116631625,-1.0555970197948479
0.23836892356960954,-1.165104946551589
-1.9948394442819812,-0.64513559064202
-0.6129316305270284,-0.9337776458432246
