-0.8899451740461446,2.0565196565059063
-5.950364166559838,-15.009477406370067
-17.12009343790774,3.1844513438429516
1.2477682678929103,6.406896223890534
-8.804805056346012,7.996527937997826
9.140333156617563,-3.0677749844980817
8.339644958739376,-5.6829221790666695
1.6475360269381647,-14.819952687306404
8.449879950430995,-14.367590311074851
-7.695077915901012,20.7675827242506
2.967469322468111,-15.372663333078464
11.592009200315147,-0.07293794763879546
2.8748098745227013,-3.5028835922211474
-6.99032262779746,-1.6656135811536705
3.5712455747159915,7.719154262008662
-1.1425242854410564,-13.700206415117925
1.8929361065720798,14.98129118573893
-7.4302958358044915,-16.185972470821177
-10.021336940708022,-0.6244382006707763
8.23350432032173,-3.3227108300383357
5.310435078903463,21.38551173366989
-1.0119876021249552,2.1108514679182435
0.7933635041064822,11.982174080394852
8.52810935298189,1.735096520388221
7.9925292434247694,12.871541673779971
-10.911644861628206,-0.1061166004692713
5.375824254863303,4.938721050624039
-4.474191040997281,6.071528030827144
7.305755608046518,5.77480013119248
14.43677063529369,8.003310365224475
13.837834609117527,2.4501797023965075
-8.150394877014511,6.693804137989855
-8.221305732744757,-2.5099863645611062
3.7671644837059226,-0.11452979589501844
-5.155675600219193,7.796960404119501
-10.297236720538587,8.048455070080154
2.432149084654301,9.998664352146012
-9.202002188214063,17.345974102778875
5.369406710492958,9.200807812144333
-1.8722256883756234,-3.9714807713781894
-2.731788376320951,7.9044487491203395
-0.5364970956027357,7.1959255732789185
-1.458612290368464,-3.401211734207916
-6.653047991583989,-0.833670653569305
8.853729019041438,-6.88666224686102
3.97428369895459,-16.374460652947874
8.388635108833094,0.006196486182955319
-11.051823268346713,3.143688020630563
-0.6850643975848398,-2.9850531012931842
-9.767011967417215,-4.469486343529045
8.984102378607462,4.3584373383982475
5.442364913882143,-3.3610371120519327
3.082048545577775,-4.618818624344469
12.59809428074681,1.461454123140867
-25.824641044744567,-13.984885526779644
-2.08915606802492,15.300542493381293
-0.6553475650685956,-10.43050633123143
2.8176521697285826,34.220873391134965
2.1160193883801695,19.904874479685517
5.895096111348993,-0.8512808371045957
7.167246625350456,-1.6875765131492249
6.9484146636402055,-2.7667998195230483
-14.496422448408367,9.570782652715872
-11.62158509765429,-18.995344126365367
-2.8468626745654255,-9.123754559726258
14.723203976373911,-8.75932903378055
15.679964906864171,-12.349948723765696
-10.822921731443063,1.5728803547939665
7.901652160833645,-2.704083800408604
5.089731634983723,13.966986450026301
4.346144749719718,-3.4218617841542853
8.363638581357106,-1.76117508883573
11.067279536665112,-0.7868485345638487
-13.3605426111388,-8.927509823425037
-2.9361227029216788,15.67297289088453
0.7868729596270461,-2.1858347971862067
-12.005041869014322,-12.670158424052051
-3.2368176989229394,9.316945083910122
-3.355298932240374,21.3739318917833
-19.884539785759415,-5.420099456493846
4.175479967875124,-27.00024040984642
-12.484735590181614,-7.749346793925351
0.6792715151889386,-13.394119998512863
-5.14146152572057,-13.150893837839597
11.667344353766925,12.120975082638193
2.489727184175207,3.5957449464466693
6.108379987706852,18.801487649049204
-10.886072388906328,1.5415516981647608
11.915222329749044,5.105101932416313
-11.706942014007522,12.531857106551312
18.952912523128184,8.098091099755699
-0.6627047776343402,-4.322790006213199
-4.279942202887412,14.086819477029218
-3.0603257977529834,-4.097046966428628
-8.522766521497802,-1.3616794663876313
4.232109942658608,-4.113954362259161
2.158186117525213,-8.56696401394032
-3.392670487350406,-1.562769653139238
10.386983985707197,-14.726675809976538
-2.7600749034584315,7.920123828658005
