0.2424896899706098,-1.5430705896658454
-1.3074274595026791,-0.3932349740757034
-0.36113847441125824,-0.42659971022128
-0.33660089811014526,-0.016818985865221153
-0.7415879293469776,1.594306383712847
-0.04097375320504012,1.0504076762147516
1.7165945522774237,1.2209873011158665
0.37928920283210316,0.6453593037397792
1.3790519079873802,-0.5230729536519195
-0.05074571648926793,-1.0063943414424894
-1.5564404693733822,0.3384302156935805
-0.7397236086863286,0.18198335889756945
1.2834575174245917,1.7679208939687667
-0.26484334892721795,-0.2602475668172787
0.2714045903663589,0.23417130483666873
-1.516481124049568,-0.3791292257207792
-0.01859899604489747,-1.1746155679170356
0.1801426315474477,-0.03754247098289178
1.3017100408962656,0.694272232427415
0.6451707959481237,0.4037246348625378
0.8195831969495815,2.078219047771666
0.17823033837940197,-0.9616667409897834
0.38685342121359917,0.28086779540392287
-0.25278736532606827,-1.4513638522063006
0.8524555180668383,-0.5323779299038686
1.4237355152294022,-1.2079700648312082
-1.6025108906232948,0.8006336640560714
-0.1117925242652516,-0.28207787039561255
-0.8192107508451142,0.008714988163550492
0.25005314640703385,-0.19679658186261345
-0.0001374287623879482,0.9121475711917189
1.0222705777689913,0.1571558284746577
-1.7239615257811325,0.24706952084141348
0.9214833227322851,0.9213937613237007
-0.06935070784942263,0.5632723037685748
-1.171095805143445,0.045037345547594414
-0.2274541263906602,0.1863682780675195
0.285974618294109,-1.4752498889634693
-1.3462154527143766,1.042763601072572
1.3380128517753695,0.682204418377445
1.0143249894943294,-0.11693657535690494
0.36921704631656593,-0.4609117249969219
-1.649332206281628,-1.231522443562707
1.547686280320656,1.5923959402896215
-0.7165600177360039,-0.5725153373485292
-1.2893210013206264,0.32808345010641105
-1.7561417508110377,-0.8608996604834197
1.1584679193862901,-1.4473347094865059
-1.046598672109183,1.4778241268646135
-0.8431635529300169,1.257038951491024
-0.8021616098999804,-1.8503521533268956
0.30320479008888035,0.9913309781080166
2.027492703883781,1.8452809207786567
0.6608241609105315,-1.3855873504418381
-0.5961227975068286,-0.37383361609995214
-0.6880469892950614,0.749235522987619
-0.796716434765041,1.0833769683509462
-0.781331898216022,-0.2974113740594462
0.5802597996775652,1.553167829449405
-0.5912193025565691,0.1399540619066759
-2.201695512525442,-0.1975447609731103
-0.9147274960824994,0.7170181713999758
-0.20021710675783128,-0.6819414659446495
-0.22839288758996604,0.3995981100833
0.6070071084524888,-1.6430009951247746
2.34149711679984,-0.07854355583488878
0.6297650675739522,-2.247124393377385
-0.9055511972746911,-2.254332354200714
-0.28045484016713274,-1.1292418982784649
-0.6447144765667853,0.05646340977098097
0.31730783726850803,-0.5361078631723141
-1.256213310737067,-0.4642968042038685
0.09974199306381902,-0.16603737290953718
2.0064269747176784,-2.0239576071885184
0.5062144431785331,-0.9790905472214456
2.224367638373344,-0.031440235317286465
1.3496309450121626,0.9444941836901896
0.4012915691827782,-2.2166300076948486
1.2553662878275165,0.5631807459999246
-0.7390212092831717,0.6911889935199854
-0.6729692452247981,-1.7336765488542425
0.008266808556963613,-1.5678789015839172
-0.5349410375251428,1.9892062530999404
0.269264199221627,2.625508254224685
-0.22159161681665618,2.330929032191048
-0.28828000079391375,1.0068971800970308
1.0527088328964196,0.21252870605775018
-1.076074690763256,-1.3930554494343992
0.6822958116622088,0.4237353514003117
-1.149862386547646,-0.23390801962520996
-1.7509515410692142,0.7647340166915695
0.435212383083852,0.40131184839407963
1.2351465802673478,-1.778249584342834
0.15856155473465428,0.2697626672610747
-0.13981613038556384,0.04615793622576656
-2.146464217392285,-2.3203905665186784
0.2378222700342286,-1.2898002191961568
1.4253729831469266,-0.6227215051663231
1.555313011683799,-0.11631412439780327
1.1717626305519797,1.3894311575180087
-0.9330579310910261,1.4032799481384761
-0.23501630210283753,-1.6251249937970245
-0.4266736084562317,-0.9397479562648643
1.3433086904623337,0.8809894846905437
0.8486233014458501,-0.6081407024089417
-1.3640578362790763,-0.7749377285342876
2.465703678454864,1.0949431426183307
-2.4233370669514054,-0.4231890692118293
0.9582951712767772,-0.2507769915429662
-0.5968966010865672,0.9742383729406651
0.41721301285378165,2.1937606089699204
0.7556149774873925,-2.0551486861311705
0.16343093473059286,-0.7464302506736361
1.4078497194950987,-0.27655518925300215
0.9415808554432442,0.3718608349732921
-0.41814145022675037,0.8890383875880661
-0.8823862225172953,0.9392885268555528
0.3176589463111948,0.8413644327913291
-1.6236299202509317,0.10601747295894955
-1.752421055903876,1.1462956855889164
-0.7596364300138767,0.29567971583122094
0.7901745098749273,-1.21803623621905
1.5470340710896293,0.2329302028675704
0.3283282099708675,-0.11217346052944059
-0.8955037410221712,-0.7222285061759419
-1.5301299117237959,0.09851575699779808
-0.04533381997784201,-1.3383197539557417
-0.13543743482678267,2.0937745894527104
-1.8604424353610398,0.8598669374622702
-1.8384836834385847,2.9395820375021087
1.0871026160469648,-0.9071076320685694
0.08464143999022262,1.549182875576667
-0.4485477600259891,1.392769541444
-0.8921363988325666,-1.510665948758244
-0.5668344795861239,2.1213421703974156
2.042370253873099,-2.2698990969205135
0.6444310303887919,-1.4300159904700607
-1.324071304577701,0.09079324155382078
1.2870522711657821,1.4849030735537136
-0.1339577221944791,-2.3874588396969574
-0.21143099254027276,1.7354197022847695
-1.3598832612423464,-0.2625160507699943
0.9362227638179154,0.9454868143603274
1.9093627199924865,-0.6154788699193475
-1.9452050905935674,2.0935874837577018
-0.08292578716423285,1.128669665111167
-0.48369780226920794,-3.2182520525446425
-0.1313852060002073,-0.6232401365992136
1.1199395463687138,0.34883241636267215
0.049388820295903496,-1.2707196454839265
0.49266336608156563,0.8162002838362074
-1.6107249555688967,-0.2689822232647099
1.4276643808696081,-0.10438321202197398
0.3262775890451613,-0.23013781014827894
-0.5592605659782672,0.6140590436739581
1.5956025245547814,1.1762083089576905
0.28497198883628183,0.5845005059086741
-0.6428869092306807,-0.3130507251046267
0.8827694829230939,0.6045653506471809
1.4420568600214032,0.717813559677648
-0.1640600307493044,0.20697049027352846
-1.97842503208489,-1.1301838600029137
-0.6535541701701281,0.46475183386944274
1.9020144010203848,0.09601516480211496
1.1122843685200712,0.7541236648239455
-0.5318075717552448,0.13564322008991564
1.661072387142978,0.7155309842353719
-0.6969607339007332,0.3401331459793389
0.06237048881382897,-1.2858015209409768
0.34101504893131573,1.0733914294825746
0.8759554961707529,0.03862069890064341
-0.9355988486929755,0.39569443202862403
0.07420428996780946,0.6221581756107026
0.7301233389462727,0.39879752029311344
-1.0300910734112638,-0.29739650017627584
-1.0790794612432992,-0.5633971503682678
-0.5147023233774385,-1.20221689076846
1.3528300801027153,-0.1007711983083515
0.9118789190174137,-0.5172651558810569
1.8107734392511246,2.144049092715644
0.4581621315639663,-1.3736310115197576
-0.4173304557507283,-1.2359378753469958
0.12238185373931777,0.5004845074779821
1.861443834402322,0.043230202371613916
-0.8078006321921374,0.1413533121615332
0.43818307045656857,0.6042977792697606
1.0835143743107596,0.13185874867638964
-1.0438250715964779,2.371869610410054
0.36735899800884786,0.26352867179850337
-0.03708669160502601,0.6940815680050023
0.02458466623410857,-0.1706749645647737
-0.5365503467315249,0.7750621199649045
-0.09037870293954389,0.3649370751136199
0.9193025991521833,0.08161075999227858
0.01795375757738062,0.6539465359075766
1.4634394582084234,0.15964827135236995
-0.49969310907090503,-0.17381432026595664
-1.2153399193516772,-0.3437532802689153
-0.0778156776470311,0.9411883133292491
-0.23856986185519258,-0.7295555162871877
