-6.18448621179977,23.80379290261419
-15.152620868548915,0.2728868806531155
-6.0537341824864415,-6.452651163479599
-0.8940812870298434,-8.290268646990743
-5.569227435639746,-12.33503116865441
-9.567632104118406,-2.2755231919613776
-1.6272506461802752,0.7068566357817327
5.050589412358585,-8.10554048416568
-12.172904879904795,-12.605167137851108
-4.705403866386966,-16.218976125326634
-3.3412006493620687,3.2475985313520948
-10.161101298769843,-8.248624793343824
9.169121689209614,-1.8715038386103888
4.375693454707173,11.704955804666774
-5.055853012580864,-8.927979980387434
-7.613711098839622,9.045665423484557
-16.671116477326628,-9.63519237981723
12.40387329671759,-14.681628154672362
-14.018033591401252,-13.14443163379957
-22.148826077205243,-5.179864391056847
-12.323870485603209,-4.266259813972068
10.472127066893378,0.5327835110466941
-13.561687652502034,8.719721839492877
-6.955411635958786,13.943761148331637
-6.359689996879741,-3.3330978903655497
-11.39324943988174,-4.064577888907174
9.003559066782639,6.897989145867738
-15.791089158613522,11.701698816581324
7.890638569310784,3.946888660625424
-7.86366754936776,3.223195006348943
-14.526457003578237,-27.6258916245097
-3.824004754391206,-13.381938487726526
-16.656429566356046,7.579740185743075
15.874484129622395,-9.107874989313096
-8.015575810328485,-4.6313148037666085
9.716729105481965,-0.5999192307043415
15.039608543945988,-18.36869245397692
-31.733836514645404,-15.743959777595313
2.333463978979334,-1.934875922062433
-25.356556583373568,19.95126887567931
-8.867882043021638,-11.518643012429644
-7.91239575909467,-7.414104418687798
9.639081270943915,1.548606861085129
-6.372943757579064,5.865853615030648
0.49706313515595557,9.734685499482314
-4.753072753617415,15.014836641346541
-8.285105640174661,-12.72412673971663
5.1414468205911525,9.142434399796507
4.2700949393327114,-13.951374091816756
26.74303945912269,15.748810909394578
-6.7719701886731185,-15.218288342728835
-2.37548801325054,-8.873120453197952
-6.143334622843755,6.926370112844106
-38.68010447240224,-33.98657000426357
6.914438734413602,-12.230096388901785
16.227514135393168,14.97238299602809
-12.209172840073672,-12.745034698239007
-6.647671111352606,-1.7557310358095495
5.964296873652738,-14.077625343527533
2.287316647314759,1.569982300670619
-8.654223908889712,9.500204231950242
3.8692277597433726,2.7826489647769677
-6.421873521119892,-7.868270501691827
0.9886609315257804,5.831092212735811
-33.10361816160544,6.243243971200188
9.592664694135895,3.0916155549556636
-10.267772946530178,-4.80485227401941
-7.103698785166882,-0.18388104684540618
25.1400406059487,-9.757845960595304
-15.355487860538627,4.045809272426775
-5.355549581245798,17.559241272428814
11.205782300618575,13.762989741205928
-3.7317047423435667,9.741381781438548
-16.151710668083712,-0.5720653728435318
-1.8399662262375913,2.9789597605712577
5.003661875252832,4.323559047609628
0.2188300338292528,0.36877892225032194
15.339877807947069,18.220173324401593
13.159345917603874,0.9297077953677588
2.477238090304149,17.473460770722
-9.925254958192033,2.2808419360844625
-15.436073693976308,-8.264128453753694
-6.658301054285308,-3.4747664990189193
-10.353517174664074,-2.7299957304774973
-10.116249477570346,14.88550275274798
-2.6759877309824533,-14.219869614569342
29.82763908812947,26.556328016648227
-15.707023175333827,14.492900182395807
9.64602030656705,2.4563683250855615
-3.9813450816379685,-11.094505753395893
-13.794240360191004,-0.06063823282325975
-9.278393515864801,1.2484212502986103
4.480565183456679,9.030984635090906
-7.705038873181444,-8.33880420735494
0.09085976838736465,-11.74857151679335
-18.722152687728418,-16.237630531728183
-26.291028070149338,13.848946539132488
-3.9628773157434356,-4.6028962460386635
-12.939037021494377,1.2033298005364919
-4.064090268655445,-7.596708107140945
