9.002551361596772,21.801373271644895
-14.159589771872502,-14.953172105258037
-9.97483051040858,-10.940129538218494
-12.258068045519629,11.020861446393049
-16.496738371045385,32.323891001536275
6.653660706926916,3.2013976264718185
-4.876521268169926,-23.701477331983995
26.512351987902605,16.2521243606781
-1.7262190142044898,3.710635083003681
-15.444307908754954,-4.304392755792733
-5.145335870578073,1.3528884645033061
-24.068035185969567,-16.71675992950594
5.206155086796258,-13.784764345616482
5.344682349568865,-16.99932918097249
-7.019414748713999,-15.271214389846161
15.488131715563469,-2.0373552022941723
18.233268967412602,-7.200930629733039
21.808229445139894,13.413805248636663
-6.637595602334539,19.488171992066544
-26.29651734876258,4.532871048472495
9.091371767457982,-22.90419475088132
26.06588539367862,3.4944635421347066
9.12304148460657,10.566130067311342
-13.300744454496318,13.131754993804584
9.990320950733746,0.24712617323550123
-18.20320827614674,0.5156694870337635
17.611282286213672,9.103283955739263
-22.706806374873917,3.87344244817473
-32.23967299434261,20.294119667786546
5.168271004844934,6.343820929508091
-2.172999144887218,-6.67589768671387
-8.92329261521911,-28.564392197457273
-1.9575102652693772,5.1292998306893764
-11.246863160650918,8.605036064682118
-15.135764804944086,18.464688656609155
13.597781799143117,3.9464993010745797
9.682343101480066,18.224047926478722
8.09325646806547,4.136627377871962
11.15799137337059,14.530882319040305
27.183974621137395,2.782680737906316
-8.18442275842021,-5.906461366368094
-27.246761018680022,23.1948106812067
3.490408697855404,47.8787062470145
11.07984202213203,7.434181526175942
13.832925010943029,-3.934164285368338
12.209230178065944,10.332728854026819
-15.705997440445747,-5.273433156135232
17.65863758591209,-8.450652757716272
-7.424411770905703,-16.19991903819681
-1.7232614317742523,36.371163799270185
-25.53525612416266,24.82201674729035
6.04407675409662,2.3273018474490765
14.858514811185707,10.902205943647965
13.45741603815803,-13.73654450139642
28.929423982394663,-1.121896661778047
12.168399570374767,8.229325747809654
-7.1840833428833815,-16.39045933489833
-9.748915939651361,-6.523089780194749
-25.28554206441528,-10.38432228783185
4.355813544036836,2.36530748144545
6.536692614304878,-14.712526149990744
-6.278991670094614,6.990985363288907
-26.965833718771634,8.352500861729338
-4.626133266358062,-12.314511024391972
18.99196370780004,12.953025833936954
-26.944499158155104,19.4229486478964
0.5743134474893141,-19.68380970668504
11.44605654814746,4.285914567248695
-29.39502592545479,3.2251644141386517
-15.36653671267682,-31.07555593596096
-3.80399590336262,7.719185927799334
-13.133367320780032,0.23614068043140612
12.820264040892631,12.130286074123614
-4.728251363169084,-9.155818392599851
0.2649727925427916,10.441490000641895
-29.431519013838795,5.952476201630809
-24.007500624407463,3.212326236394425
12.985254820343698,4.732835963198211
-38.92681217454797,1.0927652897101177
4.319960319165611,11.423359685291778
19.132916437807236,22.996103520465144
-23.76441762794466,16.212928871883953
-15.32151857460727,7.805961635190243
-1.2573128960199895,3.9752620079430594
-4.019441380224013,3.630472205685068
2.141787023904648,9.765771033352078
-6.95970022968456,-16.963215091241366
-7.524063070330727,19.863702039306485
31.547465526940265,-22.380977269875054
0.8218894337315807,-8.39151392271058
-14.886199713399236,13.936528790766358
-32.534506387836046,-16.79852328271589
-9.783082924564306,2.7398572103395864
-19.839340066395188,6.763507905185651
3.8458565852222435,14.328352635844842
13.569410893169195,1.6800877342506948
-5.009861849277019,4.024486360677368
-3.1305029241953726,8.546801072932622
-6.146239093459829,4.082312973863046
-17.602497305859618,-23.757544453836122
