-0.29679447799309716,-1.5908259984903081
-0.11225308776292743,-0.007578136616184305
1.7178689387910342,-1.1908887468213756
0.6414614916367254,-0.13168883247016047
-0.5723207971309835,-2.4181861097314936
-3.2379461794878246,0.9864066501073748
0.6091855556410254,0.166686709118659
0.15759337225718306,0.11038229055141362
-0.8806430938256081,-1.6590303886327054
0.053896432785260226,3.392191331812934
-0.01638897582587232,0.25717473467988433
1.634331744542392,1.6162744266663789
-1.421713695274276,-0.598711912088093
-1.1330525529034279,-0.30854667174334127
1.5251763747697937,-0.7731323482282902
1.9567102048783218,-1.6316563939034285
0.4001008292637071,-0.3878808709212688
-0.6439688849207874,0.46611476665616003
-0.13757089397443398,-1.8702689613846157
-0.873979782040672,-0.29226543725498033
-0.2616549630676509,-0.7089800848069907
1.9860120839247337,0.5779931871087063
-0.3906028846880711,-0.5594265278225219
1.7320205329420755,2.407170359836507
-1.3292010722469758,-1.4260905093148672
-1.4864995511843928,-0.16208531135324203
-1.156637078584622,0.32284393130674577
-1.0170162868939248,1.2445377698641438
-1.5132369741384937,1.6894277577598624
-0.7713532852193231,0.5269257359789054
-2.8075587083703755,-1.3319391601322355
-0.6345630612597563,-0.8844581412681585
1.4034001986267006,0.05550540248784147
-0.7854136083603703,0.2465686020052251
-0.6352568532257947,-1.1084761187742267
0.8681806773999097,2.1275767937318726
0.028141347969478044,-1.129189955159721
1.473376295319043,-1.076560248041667
-0.373344186403704,-0.17732999080489248
-0.7807224970669887,-0.633527091925394
0.9003428061552331,-1.362564233188245
0.308630562226712,1.247318519419779
-0.2557033389285599,-0.13858870438890467
0.20313248538280934,-0.8592576435899443
-0.08745009846233989,0.11624858875517169
-0.6540881886383714,0.2198789209541632
0.0418741959121323,0.612474835005406
1.6580873033338108,0.06183668946753012
-0.8278200536705058,-1.1687449104019068
0.08922914804630595,-0.05807304455919869
0.123426002897773,-1.3064477194199204
0.7527215395653107,0.7367032705525576
-1.04925286550749,-0.6372484641130277
0.12263307574616195,-0.12970204177646832
1.1600745207472578,0.2401405914023762
0.545659877764931,0.4471717981552967
-1.7569345443350441,1.3558918050616307
0.5401263069340827,1.7119769030745127
-0.5340858191781322,-0.5693533171440226
0.44835402813112457,0.2174632529492613
-0.5454139005289426,-0.26537440085332953
-0.36414288190013594,-0.5424698733705692
0.25252964043402465,-1.0230594489548002
0.1384058686097199,0.6249967689294195
0.3148136057622924,0.62262815664082
-1.0508196358926607,2.128227971667187
-0.7348283026627472,0.5690496705859083
-0.1451517350503835,-0.5575262704334324
-0.7258697112751267,-1.313190352014504
-1.0869226510577914,-0.26515298272084625
-1.7028524645488192,1.0074513959057916
0.5371530541550705,1.6122582569417496
0.1327295868707203,-1.2843361025548974
1.3900573347988865,-1.8275363071632083
-0.9845644822959059,-1.0280084114220838
-0.3248147141565561,-0.9308347411278458
1.290939580058189,0.8845956095190635
0.20167241682445378,0.9182122395528859
-0.8298291553500651,-0.9298534729531976
-0.07077817861662748,-0.26081449815277535
-1.4694460375504477,-0.09473470136115555
1.0572022652224944,0.00982118481254124
0.058334890871708046,-0.874590760654339
-0.5690284233477636,0.20517135434702993
-0.9349361828593064,0.2944411091490987
-0.7305704108733193,-0.11244350068810803
-0.06677710649569067,0.8843644904381746
-0.29396815056275755,-0.18675414210111865
-0.6659349650891295,-0.47877825464487733
0.5823043327453978,-0.7838469538746053
0.5663647127677351,0.7138597100528418
-2.3088112800125127,1.3643138018861685
-1.5738446968156592,2.1563544196832356
0.4377824582493462,0.3691692153477538
-1.0297736844089231,1.6371784088818695
-1.5279258535991502,0.9327739812810822
0.04547723872992732,-1.2640586929758013
-1.4185619292793317,-1.186344742748377
0.5627024911619978,-1.4008585690354576
-1.4824728272752736,-1.1072999485271653
0.16775982566726044,-0.35017612367048795
0.5537843377763152,-0.11276572760945063
-0.15696580552867503,-0.03126871608258889
-1.139985804564604,-0.23771596072297507
0.1222640096598101,1.502657986855882
0.15730374008364903,-1.5924121838408463
-0.6244359025038975,0.1582844286072979
0.8221241969241591,-2.133813356254787
0.6813321069876389,-1.1409112947078475
2.5987350883586533,-0.873007462678236
1.5212616500725689,-0.6683287941728289
1.9869828766398976,-0.06350247369479518
1.1889286804265184,-1.306917599540801
0.7609009024796322,0.6535527155005725
-0.3130739524892119,0.5112893481566617
0.4395965353333284,-0.17618849697015823
-0.3668629876583155,1.0674017240089297
-1.920448322742135,0.4156300739286682
0.4377092655172344,0.8251159386967089
1.1085795400224379,-1.0262886408060488
1.2956997929923666,0.7860156959740038
-0.6116622356417343,-0.3855656136256996
-0.2750547514013466,1.8937642828564414
0.879019421104095,-0.06564632275313093
-0.8991218889975393,1.418004002492128
-0.7190400372950895,-0.5235913825528146
0.4793126309051381,0.11805395822191418
-0.015974318569279045,-1.5555405484050657
-0.2116013792234237,0.9926361306461574
-0.6088935097827701,1.3025566610357062
-0.43201273323284245,-0.4415787195750312
-1.8281765450970204,1.4362284506509604
1.2457956201381521,-0.42750469615621534
2.280472328789708,-0.01138462497757914
0.7253658364648603,-0.45907777471226274
-0.7720932912976238,0.4079175829790223
-0.5458331492110844,-0.3561271671806473
-0.03427388504243622,-0.37890502591957953
0.6316727670196028,-2.3933660575790667
-0.08821524143737625,-0.2427596189648563
-1.5976740445573454,-0.7658272905425082
-0.2792120353697265,0.1148123642369774
-0.9221015820052864,-1.3762280895820171
-0.9487665707189835,-0.36738881610396457
-0.2088949271715012,-0.62851090731264
-0.8944489916940136,1.0174430182253411
-0.9513946852085465,0.5868804781711221
0.60931092744821,1.588147978979445
-0.7539896148851145,0.3486536231466444
-0.7082274302325114,-0.09301871529286691
-1.1251234895434878,-0.2688194895449163
0.8243460229125268,-0.6967608280777402
0.3343809155157251,-0.21511488048259544
1.4207512533837798,1.0490585757837279
1.084185993591978,0.6144304381074681
0.2521172243200398,0.19517483874557884
0.7771941718074182,-0.11707181768923275
-0.15927075465445803,1.902944059605742
-0.8766359851838036,-0.938456202202987
-0.7698830363934782,0.7688897730065722
-0.8190334242241347,-0.3899433824081322
0.22186179198713196,0.24147789909327547
1.2116588049663262,0.5305617943679447
0.7022831577670513,-0.03710489415453272
0.2952434795283246,0.5715164147238606
-0.9189736884239731,-0.43743632697248713
-0.11848417308231977,2.6345752064466272
-1.1551873394260266,0.4495150758471193
-0.06773502170852815,-1.6224443055865976
-0.9856373511129668,-0.6991716012727243
0.3798887618896129,0.5105116625286558
0.23972880327995014,-0.7955577528264679
1.7493060414810655,-0.5781908112658392
0.790134900579544,0.9850076352430587
0.9106124652005817,0.22786952372169733
-1.0581599748910633,-1.8785159031294982
0.3171420711743092,-0.6599348780444488
1.2142958465346876,0.4579970361491849
-0.9053407147562501,0.2039991833247412
-1.108740354651812,-0.27650153277643297
-0.49145105886338925,1.6985140325723853
0.17206328985953412,0.2161929026765957
1.9463936207993684,-0.9902830405115204
0.46872406671183475,0.9325487037292839
-0.7739665779377263,1.276879919821258
-0.23872959000390817,-0.5226432490039387
-0.929368718754523,-0.8077858103578139
0.15740195949309316,-0.880487371657658
-0.33699893693765354,0.3411315809934776
0.7313595127733373,0.06889709586121874
1.278345759780743,-0.9440265127045906
0.7272504716033104,0.09672600089753454
-0.518684669373226,-1.3539186904667582
0.16707427438667308,-1.1868388566907209
0.12667515580833208,0.455187341830729
0.44859957438489617,0.6769543678564426
-0.7905366698971023,0.4731397247310676
0.5719796885130005,-0.17317061843476386
0.1479009802062813,0.7143131357139645
0.7966027981774575,1.2108229751445723
