-8.408143312931797,15.396189228210895
-9.549328777564547,-20.072641078751523
-14.728610328995508,7.041020525522173
10.915822628442191,-2.0393830001652216
7.828015864054629,9.591724554584545
-12.030558181308098,9.791752333749933
6.651796718667791,-0.3200330733816452
-15.693876011803662,-21.24920792502608
-5.376906225235211,16.322919913050946
-6.045504423062947,6.248017651709646
-5.705707908178763,4.7544200041281774
-19.15778494329519,-19.150505821493198
5.599708031283174,3.5520408123470055
-9.401834506499306,-14.078063261622662
-8.794151468020054,-24.214744066878804
13.004262534090191,11.85146020865739
3.7630194908445294,14.833153775997907
16.312018567686394,-12.073592696366081
-14.665904622500008,-27.632271584196126
8.163002147309346,-6.31278135062875
-1.8044630849544219,-7.514534148698605
-8.166676568607269,-8.061207508659816
3.8949038522257338,-2.680155861951039
-2.118114418590287,14.71840922474802
-3.187983706115649,-3.7459456674873106
17.55513167408877,10.227838026210915
0.149566395800093,-3.129129073848312
10.114299196530705,-20.208141351893328
-1.8574381265357767,-2.1203436847744253
13.439471001204948,2.6647570315607414
8.944359714476926,-29.644578898825237
2.641765808735735,-6.746763400869375
0.8700187627913691,-7.581994214900458
7.0129553338698605,-3.6889921693555277
8.072411848988274,-2.979372797708627
-0.8358174279793094,13.590299966187114
-1.522018277655142,-4.8122183019799945
1.6703965239019976,2.066774857338035
-1.2214568897385014,21.545675613344116
30.104882680935983,27.379316290232126
4.050003377277269,-12.020715426567996
-9.021329946277033,-6.547199513619642
-5.349864565972801,5.841155788308004
-1.4547223589518987,26.442459485233197
-13.451108127642728,18.554645119722103
-9.045541205536978,28.199213492662025
24.605553384614076,-14.378091068629882
18.794241923710565,7.336653026651462
-3.9011221669012577,1.484622588653259
-4.4080413248681065,-22.362346263568483
11.73565980685644,0.5494934465162569
4.348613667546437,8.900886367962416
17.54488623000367,-2.6367855983423154
-0.140878861372843,28.438871009524235
-13.373132393015464,3.097504997565519
-0.7514536511680228,5.297742077090189
5.832186816076484,2.598944679918528
-8.406704811191977,4.518863992209602
21.941293805818404,5.909473073388972
2.447629646345949,9.789270524325604
7.346913990703285,1.1979720236092102
4.887193395212473,-0.23878259703247728
-17.02942103098753,-14.56884158912383
-5.323866145628163,2.0307310144226136
-13.24486334259763,0.07946510818641705
6.782773842876555,0.7892000734181552
23.88445616482589,-8.539952326342254
17.38351251682421,3.0574554899958315
18.391896677564795,3.083910749975079
-4.589629928275075,-16.77254565499136
-4.373296869507742,9.376591500905585
-6.348341041529781,-21.29330028311007
-8.558607999778559,33.82889612576238
-11.58078306174696,-3.6550448991193054
-9.716569923975808,-22.602045832203366
11.552406833278912,-15.788153538302094
-0.1931128800094899,0.79673766180602
7.56124230684336,0.25155259825411136
1.869150335466716,6.626278934909703
9.178410236739296,-30.764639647847986
5.817427225278068,0.5910789661571094
3.023509677031517,0.5194473971580464
-13.903777286504205,-4.9554186024097495
19.045676527250937,3.560396725319065
8.95632044687742,12.597715887410088
1.378499224331792,17.0594089783803
17.47716187529049,17.120528301888463
10.854153900235543,-6.437745821797328
-18.232733972109006,5.16732739986184
2.6948970972134,2.6480944545120035
6.525450329027651,-10.468358399047068
7.72783610731135,3.783848921032054
-14.872193058761958,-1.0289403065691287
5.3196788270124795,1.232291767829548
-11.407979962333963,-17.925839801866502
7.016510831973405,10.200545575393381
-0.29356094634926877,0.5709090146622051
2.5254152157074308,7.270034188642196
-1.4711665566423453,9.962790410276456
-8.417585488327997,-1.0584656744507543
