-1.5861510043008529,0.41420630054531815,-0.9505013251116002,0.27591449689812714,-0.06292273657468074
0.7646676968957544,-1.177847127558683,0.9912996801918247,1.2948976242302246,0.3973086711554407
1.1339956970440126,-0.1399653349349934,-1.1236524035489481,-1.058154892192501,1.4397734172974896
0.5727226102148787,0.3330794167259222,0.4387878204913887,0.9477219711060509,-0.8545387986526118
-1.1864545186631095,1.975883867945425,0.27120894180668975,1.1623562170502675,-0.42312103406619117
1.9112966311884292,-0.5813055983937379,-1.2511161623352236,0.9412338210781557,0.7114426286112492
-1.9027790462157248,-0.3142679506781611,0.5800363437820673,-0.5654461045965015,0.2859886480273162
-0.06572836766482124,0.030599494510614018,-2.241858206024378,1.1700799159479052,0.07534190855175307
0.31284770039167525,-0.5664392298416401,0.8461198436740736,1.4612819322483694,-0.6891758617180404
0.6809423495851323,-1.1328906306329234,0.8109161545149501,1.4391232112294552,2.1700276690320988
0.4053259386155908,1.0215872418609289,-1.0061155630287826,0.009262187974142454,0.1609207245557307
-1.63219853619608,0.9748273590884147,-0.22198460339919937,0.5548976958573011,0.9624646984360015
-0.614155318273255,-1.2296147080979583,0.2118707076884302,-0.9153603106860777,2.3300709046552646
0.5344110834511185,1.5876036813227055,-0.8504931124545828,-1.6266216842814645,-0.9225594617522375
0.8383541315731523,-0.8628820926355246,-0.8214768002298024,2.528766499823356,1.6410893140324088
-0.04408636617188762,-0.3973299656163738,-1.6052750443166817,-1.4013001559091367,-0.7904083182502518
0.78823824801147,1.2563905412150538,-2.0005680146929135,1.0312908818074702,1.0404646502579014
0.5548552171829441,-0.958967429194356,0.22957009680862947,0.048181625942639306,0.35563201101631764
-0.15593627997062906,-1.5203495666539188,-0.21456621064651016,0.10080890711910609,-0.10375358915172518
1.0470303759248323,-0.06266646341877352,0.0232761038562848,-2.024635731393238,0.3577790416686457
1.0556045223090766,-0.2631281868203996,-0.9650008219784423,0.19386430747194516,-1.4179069243084639
-0.22211798343663003,0.0848626407184934,-2.526207358546684,0.9274864801296837,-0.7928577831269823
-0.38236960026207883,0.07350266328840847,-0.3862130813555094,-1.754462597323186,-1.0111768299561257
1.8111789807530658,-0.6980904124871139,-1.0728473317663811,-0.864567717519011,0.692796875729774
-0.18689008556105297,0.13131219191941185,1.591689519943642,0.4428744388060144,1.276122273735031
-2.3622766405534397,0.6874294711006883,0.9974587038363877,0.47889378914821046,0.4161167007935398
-0.989078144613686,-0.13368105992751622,-0.8522880290241048,2.284357752892233,0.5968335591760086
0.11945441832329941,0.47789500636443455,1.7380102507525101,0.43570352355491726,0.7962985426513378
-1.3667712061576383,-1.7045950630293336,-1.795570076584972,-0.5040204903959253,0.42813740472381323
0.9001841218983864,0.27773897535991504,-0.3562234001841402,-1.118654076772963,-1.6016511454445599
1.200434902945404,0.49737960975425277,0.6609056407462661,0.47753598330095,0.466172160130597
0.12208382962549345,-0.5654964247479569,-1.5944632979032776,-0.8250492626555676,1.4685995918299453
0.42466791210173277,1.5666736338243346,0.10377433710439347,0.36508934242517943,0.697340712935347
0.17662771658214513,0.3892433149464203,1.187336251617814,-0.5413821063707719,-1.0017754988938121
0.2523268340327253,-1.1051818837366605,1.6164554666372442,-0.7100385256616508,0.9433602931287238
0.4244277555014713,1.771728663807943,-0.1626318676636982,1.5959006441791808,-0.9739964230251319
-2.1765015670004906,-0.2985798079382776,0.07868590702719588,-1.5871654166184934,1.1742102959070169
-0.1562709920620461,2.167961470847212,2.177768353098616,0.6311409327338948,0.2453080896702349
0.3983630500161202,-1.7028867324377555,0.1682293369821813,0.8277560133014155,0.9140075756975296
0.5647800303530546,0.8964410345992629,-1.2768943437215108,0.5536326171516717,-1.8573162437798418
-0.5934560812444911,-0.5572194787629169,-0.25897060702830393,1.2187385748616688,-2.0242896978428244
-0.806584002930545,-0.302729885619194,-0.723703570537697,-0.20910036311303873,-1.3958169096346171
-1.1097396786500744,0.25666962078283356,-1.2103918371068942,1.4841606917447492,-1.2482404092083155
0.9811045792413785,-0.532719603197255,-1.2434228692238076,0.7825491647087996,0.680822078734081
-0.9224895270895801,-0.06484280736244559,-0.05489897769208079,1.9185826809188893,-0.2503017259736462
0.43305205932260665,-1.6277600820495153,-0.13394356893696718,0.34903396641504403,1.191457694864015
0.799467542954265,-0.6290678341481966,-0.6955810031601938,-1.0472024835759282,0.28858301545680953
-0.2687085495677842,-0.10915439930277074,-0.18174534486801325,0.24963407376821953,-1.0593633509478515
0.5850992810965321,-0.4681295544744006,1.3538981730993394,1.3574656714204048,-0.38613622435599737
-0.0007146608611092832,0.44284598398658265,-0.9058615157609996,0.3040055702490807,2.026862311002128
-0.7356180819472045,-0.33512637092449726,0.13232974271297326,1.5847630073397467,-0.4391717484858399
-0.02376300653156125,-0.2709266661203592,1.9827477480828097,0.8408669902139917,1.4106138573745504
-1.0873200455035328,0.43449183620042314,1.1935402079520394,-1.5628807055557838,0.6323906451145304
1.4423828298288506,-1.3162030269121454,-0.7155395187357443,0.0529970263944993,-0.2165742500368568
0.6331946349645856,-1.7600750807901162,-1.8719372915105734,0.14848410591680977,1.1876100160100074
-0.6254694290314622,-0.10359533863094299,-0.7608681659751416,-0.19552148928561539,1.7893256442852083
-0.45060517177743875,0.11854671956255455,1.7602638790489373,-0.41627009620465155,0.20519532462603465
1.2146871861321171,-0.0019653539799224487,-1.9282678550942898,-1.643214412851284,-0.769288948904566
0.10828645415689063,-1.5733261299675965,1.6361324487587923,-0.9440662035185707,1.176029997483511
-0.03418540462319143,-1.7647761438383938,1.7462901207077635,-1.3749539222528406,-1.3778692104680397
1.5131404291611332,-0.04605456133350829,0.7733916540475088,1.2724552851223767,0.38069340502699095
0.8391213127605474,-1.2951145463393599,-1.8085141861528098,-0.4035729160524643,-0.4063092227972005
0.16773528953490735,-1.8904505841266928,1.52599751903717,-0.4186197511052176,-1.3309139809306025
-0.2592342042802319,-0.5187631978325237,-0.46059926480632296,0.5308835007944905,1.2102191957870467
-0.5013269538139654,0.2476878752397955,0.598476690147915,-0.5928064888176316,1.2843732708199997
-0.4958142401166313,0.29975320154126667,-0.7895383231560456,1.411975070350105,-0.23290921119882985
0.36846813524368927,-1.920788821750797,-0.5704967785585738,-1.411359892965708,0.41090894716669246
-0.5455569672454433,0.35495672419847685,0.2228083725580576,-0.35771999713451513,0.5712310987198667
-0.050885925155947864,0.9369633546912394,-0.5055637032052149,0.02899327309203061,-0.8612533502470606
-1.6899599444324693,1.5127390312019897,-1.3743119249409808,-1.1731776976426342,-1.370141165521002
-1.992493650108654,-0.09970252012224812,0.16462446480070217,-0.8305770827840528,0.8762716711503917
-1.1692334187855562,-0.2986284693763597,0.6337158281661397,0.590192010740379,-2.197862862706917
0.0834393289967989,1.6900970907378279,0.7345398394639002,0.8946033549871129,1.216781317669311
0.27540164570248143,-0.4974079974909487,-0.02627680626738956,-0.9087872855876723,-0.3356718995699901
-1.4529674963470993,0.8996236618851735,-0.6211328569636536,-2.2866902982987862,-0.05813815834317993
-0.17199408013416445,-0.8563968323253265,0.8176863577900666,-0.4834627559417975,-1.1770143007536709
0.10104799004139466,0.6694511952541817,2.6089460013106915,0.7104085665584046,-0.9774094591558448
-0.14052040413935946,1.7208200153037392,1.749268079055271,-0.9470140008562772,0.3117364893409466
-0.3515133417625708,-3.1548194321759877,1.4375048915399102,-1.053477335965746,0.5630264654870765
-1.153190612652438,-0.9659392115177801,-0.7399708455666234,0.2704589867868306,0.5022057904447857
-0.4073878350082092,1.0158433925335122,0.4589735353118189,0.8306536132329141,-1.729486719206772
-0.7582588895630441,-1.830984123551012,-0.36347677399248374,2.4388868964001604,-0.7960409983591219
1.490304916337492,-1.6827992577468316,-1.216568074593267,-0.2652007927158736,-1.1848408741515002
-0.5771846699200615,0.1666968839254123,-1.8457669169190243,-0.8735094583843676,0.3721664865138065
0.32720999757943503,-0.4097298002390186,-1.2563038670272684,0.48987030001402804,-0.1210391184196804
0.5879383461664532,0.15494721811530837,-0.6830827225405304,1.1871040208279056,1.2195044598505569
-0.7549820728926319,1.5740270906691405,-0.9590509300380108,0.7895410220510497,-2.093272745672688
-1.47334447422743,1.4855356258210801,-0.8815787588076336,0.8684429414651308,-1.262406495573566
0.3317133235145538,-0.09973930301421464,-1.7532546011725134,0.8875178756476153,-0.865162272980236
1.121583340904791,-0.4616889379763774,1.6894323002449465,1.203113609409726,0.9583550341996302
0.7272945530752094,-0.6277633581085555,1.3003542967385835,-0.8514207445713549,0.03245779089503125
-0.13563313431125776,0.5349535041970013,-0.4656383999810566,-0.06542205602470634,0.21758807744583586
0.2037051632271235,-0.015740683234594512,0.21490101658412641,-1.0914011676647435,0.4789343840398655
0.6829443045394067,-0.4532124123791931,0.571500184421524,-0.24291538744405264,2.1386321954481895
-0.7324697908156005,-0.30042110034889985,-0.18247039434438583,-0.11915583949419255,1.2566382303868489
-1.42215444047482,0.20066974449773517,0.6338862544979543,-0.18478876848765782,-0.22264626156935793
0.18413704219022015,0.47999275120462165,0.6247984989577445,0.020673927142084058,-1.2296503011788738
0.04055777498010223,3.0254514051825927,-1.8920705961468867,-0.9565371634839481,-0.6122920744420474
1.9511699108948952,0.44527099370611906,0.550318456146558,0.7408252231738008,0.8894497085752181
-2.3248329020907508,0.0029727576408202956,-1.4776712478507381,-0.88613890436501,-0.6712072788779002
-0.886947869345653,-1.2692958645045036,0.8082160429576541,0.5689087109982351,-0.39829422720690544
-1.1913983034547309,-0.6171576655834144,3.0463874823183943,-0.6472941099142697,0.39124066825036097
-0.1443190980678525,-1.4366980562326384,0.4666554017302093,-1.4266137137412767,-1.139462154955686
-0.3035222560821181,0.38253196921658855,-0.7669711193945004,1.2658426728964625,0.0308131119553
-1.3254059897602595,-1.8560711234260627,-0.8823380528810887,-0.08513548909979492,-0.08292944625807322
1.3876174791711384,-0.4069152042804881,0.6880575659061862,-0.8350544121302037,-1.9157578341483767
0.16539781529273448,0.020002836119073313,0.34371527724311296,-0.18345068181630203,-0.805697250512991
0.8097499962031445,-1.4551387293532945,2.3110952512444394,-0.8767445597076238,2.13883020599896
-0.5408062270202687,-0.435800805805083,0.4827030457487812,-0.08600733533048589,-0.4010313631887865
-1.2842866507423578,2.2126987643787857,1.8133028136359575,-1.5928713042204994,-1.366068152638231
-1.5932695954744176,-0.7506425522357781,-0.0669240994817547,0.3709529865326784,0.5818812718033501
-0.30855276412091015,-0.4136056650850294,-0.007265335410530352,0.043896993848504574,-1.9613327116633112
0.14213603004311476,0.4306740248952187,-2.0112183353861957,0.9994523437533055,-1.021859674412429
-0.4782631019381559,-0.7450685510362035,-1.7919112685591903,0.0064430980327748345,0.4502022848162384
-0.2151652614886479,-0.6616255876173311,0.27331583425222766,0.32523672238509277,0.5131025593172902
1.1674311464383256,-0.8053671629554413,0.8801399387573485,1.545271424567754,0.14007182456025027
-0.28372332414190754,-0.29634278083784427,-0.7918209277212299,0.8564742960080151,-0.08770470770763644
-1.2188736507783287,0.24365398027717192,-1.0730113591831256,-1.2883088913055392,-1.2801301218046024
-1.1601094137360382,-0.7837396249914068,-1.4399850602092243,1.5057286559504097,1.049293986977128
-0.2268757368650677,-0.38829969397342057,1.3962068923586168,0.9123747758051775,0.4748131917781099
0.3936375316473286,0.18168959228439455,1.2661579251817197,1.5158821820038229,0.6982355334785677
-0.45378253157546766,0.5341958790752429,0.34024296775688195,-1.2489666928559122,-0.02766926308850499
-0.25664164347616486,0.10057220221223642,0.24654698052554708,-1.5601062887877164,0.8842106663734087
-0.8578639606497798,-1.8494284984613985,-0.15620046946738392,0.1958280590320684,-0.7683569910335546
0.2772599516216813,-0.34565600505032,-0.5749255273078003,-0.3197528142284847,2.8737523725470835
-0.8585288775441474,0.22150085316111834,0.3584990915187785,0.2773158191493533,-0.9992561984671541
2.31408248204758,-1.5420356716256227,0.5781115545364447,0.3704112579171766,-1.4428646644186356
0.36192702669877197,-0.6684922197513654,-0.2274226715261499,0.5005822097329502,-1.3005653738437462
0.6369851596070357,0.27656128363720894,-0.01814210200914485,1.075504874375781,-1.0834512951066897
-1.5818161664777257,-0.28407285995082776,-0.8083400586759381,-0.958763142184954,-2.2275900437379277
0.47790376357768777,0.8685810880385362,-0.029342076355676785,0.49962526298959076,2.4288883076354724
-0.2057193390532452,0.5230482664493588,0.41590315658037985,-0.18638326627938534,-1.0963542719748696
-0.011838779379377936,-0.3770615699266861,0.15623849333025866,0.5005885471619547,-1.0961788081088
0.49205499652087026,0.9997278404275894,0.8295660788555779,0.8805487493621473,-0.02191976893509451
-0.7068833208824585,-1.363449843514596,1.0651041008616884,-0.8517960204030834,-0.45736820339916257
0.6552703309895888,0.3212034615929923,-1.4477093471786249,-2.520697489934529,-0.27710939218741243
0.2421866090832892,-1.3123166876946923,-1.9606512392494744,0.7569483391334098,-1.6389835845838883
-1.5592854925402713,1.0853974824436712,-0.20422035261642854,0.09040899721725974,-1.2371617424905559
0.43383032458610454,0.5968432995934616,-0.1845024595836953,0.2888166960786513,-2.7518934601482465
-0.690213775456449,-0.6008227388818808,-0.6340911012322581,-0.11437240041661458,-0.5660844379387245
-0.9543372130753572,-0.19409898971515646,0.3017255393875004,-0.6057708420755936,-0.6450114820967912
-1.345480403778314,0.4783254176409418,1.9372139462613207,2.3165841908425486,0.9489146911928128
-0.9702944245329675,-0.08255029220034939,0.29781843598140645,-0.6312109627573316,0.9694598227403198
1.2688857173479913,0.47068777282689317,-0.1431871327567512,-0.4613618719018424,0.31794565892418925
-1.6089232315534994,0.3405947012928451,-1.247768138674867,-0.6850190051217752,-0.8317917455667667
-0.028160336238856748,-0.800482944820197,0.22908245658271942,0.9162455127578281,0.3887118421118674
-0.8377167642986295,-0.0012922005210352979,1.456032245656256,0.01310610776812316,-0.9652802835114316
-0.2981282908301292,0.44201942954617857,-1.12384313708805,-0.682305597778431,0.30602493005598597
1.3826697193556836,0.14673830776391866,0.12458550393022133,-0.18291384699581592,0.41364266952947165
-1.5073223245172753,0.03734543187567541,-0.3054302811780587,-0.010678399013062657,1.5914574575549387
1.5158204544917762,1.5953036203501363,0.2992249069615317,0.33011473937402835,1.2886613444237451
1.4689065557485201,-0.9208530646384562,-0.3022938161673528,-1.6348231566459308,-0.18416064007648117
0.03293706887602749,0.5165715322999546,-0.8801329503700546,0.35875911512976205,-0.01385143546835514
-0.5626399787715048,-0.515533056270359,0.07726785874785211,-0.8807117426725409,-0.8590405604870032
0.09047991339659076,0.011608270794963167,-0.10987677802718518,-0.5314574424420632,1.6958149815545076
0.9616517595782793,0.833339428070429,0.7355300775635701,0.34673527851966907,0.15891807213388232
-1.107322027586465,-1.3548716423101084,-1.3501976964446971,1.4688543196117736,-1.85842850937821
0.6419818843563225,2.102419173969619,1.1096620085244036,0.9431881368996102,1.9221575524519654
-0.9515457162802832,-0.24371722813898572,0.017523732278424107,-1.5887331065801125,0.3132360841641039
0.20025699537812708,0.1975079925044592,-1.348006493612875,0.4330503476783806,-0.6731848242511091
-1.2760844138716823,-0.8018027390011834,-0.9031803153635115,-0.5313364552052704,-0.24813647090407603
-0.7053963891132897,-1.645311565843191,-0.5775624288022431,-0.4955696991118446,-0.45954840801870994
-1.4129211664054149,-0.2545695256481863,-0.5354267490817495,0.43396668948019523,-0.861337516359334
1.2305158313701454,0.6703441768736195,0.658747300064637,1.408189207833586,1.0625491509499172
0.17099570482637,0.7878182699648287,0.8326953578120208,-0.29041130780291724,-0.9062073120388673
0.025681699507526683,0.48992252684265625,0.7417675458419154,-0.15178769537718095,-0.9434977560600949
-1.405957871440675,-0.14223955199261853,-0.30003160546227076,1.5447267678517258,0.31140311080807703
-1.6783872698585,-1.3583212884546672,0.12290546337928548,0.7734730868752241,0.2841019289215062
-0.8030524196719611,-0.9605884780302196,-0.0687202691266759,-0.11170488659239776,-0.37367297960119544
-0.31003349381284195,-2.395954412132299,0.262359384157678,0.7077591922825385,0.045845641918449274
0.8572565267943671,-0.6276690507237283,-0.3992270532559523,0.7842326726891381,-0.5638688698148799
1.4347956786362168,-0.13064232386322866,2.4647451150949347,2.822510962088804,-0.45045586928897896
0.5851783321479236,0.23535471023058946,-0.7922547420536696,0.7191467187876013,-1.2557652904500411
0.34523731212538405,-0.6691642376351389,-0.6787874044680093,0.5349514032306724,-0.47219896331588246
-0.6944383685944582,0.4192293674812669,0.29470112691170736,2.320949879192839,-0.39219636836588895
0.19640569745759293,0.7949739446534877,-0.9330299474438608,-1.3373360496829425,0.21676613786509466
0.5668977148118111,-0.14700147895315774,-0.42375096186523653,0.19830275829542093,0.059237682381717116
-0.5087951517903643,1.9872380824341978,-0.8356812547577103,0.23202671086320206,-2.0605509682943772
-0.12247012330964648,0.2656670402845912,0.3588586274882839,0.4282692216690957,-0.3080815359922019
0.3836749398961836,-0.016388194860784567,-0.9615009522133489,-0.24244738070760527,1.0378401655531926
-1.0178807801607666,0.4961141965067169,0.5023658148425412,-0.051411779410893324,-0.4879638018598281
-0.6429352675996857,-0.0637262778267816,-0.6521120423457786,1.077161094916726,-1.0197276698465438
0.06533961163377372,-0.5152329663236183,1.7433408307623557,-0.9016552613071138,-0.8548449244979383
1.1662436942767977,0.37570275271153536,-0.025517702884731288,-0.2958656063053201,-1.1659450980996253
1.4555619392475256,0.8568030376661705,1.2794722118551212,1.2381518741353237,0.5515779291192374
-2.1229744327923936,2.6018229697937807,-1.3735152954906333,0.6963363369317028,-0.20212384580514792
1.3494353507387804,0.45249631509064203,0.871772966386881,0.6668986497747827,0.7584164520010632
-0.4139161997636155,0.36420949630044647,-0.3910232254337352,-0.7557436133413913,0.7054102634502086
0.7522764694779288,-0.5013797787159618,-0.5398758789115723,-0.4085148010195457,-0.6748267728756481
-0.38754258261403607,-0.3783798410352846,-0.478033495252312,-0.6549858595814321,0.09257843566715114
0.5300231510067303,0.37769789641672,0.9212720017400642,1.334153237259155,0.17942151332259101
1.438683557202557,-1.2991297461885527,-0.3207120361030348,0.6926763176440095,0.4343475873946879
0.7468328002881295,-0.5415171299536718,-0.4195560635840284,-0.11300665127179413,0.12899585772680194
1.6118364784578705,-1.9163925926943548,0.141942448826441,1.3731882742476573,1.6552150635375513
1.3031282141530436,-1.113809976328404,-0.8074005242920387,-0.4203027399268367,0.43237337406227555
0.5658720469116841,1.2232576413251857,-0.654707189193416,-1.399174631383497,-0.6483572876410376
1.1486828602582484,1.4974812659827745,1.6371202368106363,-1.068263361141893,0.18494321430888647
-0.6780603835272847,-0.33791306092773693,-0.2932973955296482,-0.38406427012583305,0.8914211812837347
0.5752449201428915,1.089789608431303,1.5670704938821782,0.28525414236431795,-1.054667040834348
-0.31136912098184094,1.0031436952257142,-0.5098742774004488,-0.21698703322476698,0.2506545297633078
-0.904472336693993,-0.21272585437131566,0.0662094045672108,0.2517906480213973,0.2263484619461801
1.5924097254931753,0.4519934655779717,-1.4467757365143583,-1.4687012071128627,2.6074816569030252
2.0543647133980865,1.1875704077068718,2.176276314333452,0.1271319105468114,-0.4062718873889961
0.20859647942861737,-0.6621463423767749,-0.8458239572915989,-1.0144428350898844,0.21867033643169537
1.471594675076476,-0.10462360987028861,-0.08983106170101643,1.0337755960097252,0.6486986649091242
1.3096665855551144,-1.0719625062184708,0.009330873075403534,0.4562552499440074,0.9675610237521629
0.4435855301575648,-1.395575668585904,-0.20519510417154466,-0.03708080262384353,0.7695781754128639
0.47268114041722153,-0.9111819341291131,1.3590262134376028,0.4042160577718966,0.17870488381622016
0.006470973014460104,-1.1438847868985453,0.4374590281195535,-1.450880658725663,-1.2967749193578078
-1.0220593300525365,2.7853754952012175,-1.3143158820095726,-0.37035586348159344,-1.43039847930234
-0.17387280345528747,0.648372229437757,-0.20544205910515276,-0.3135793376463753,-0.5784133731911602
-0.9189363956770101,0.1774014166401248,0.7969558622675397,-0.16830013877790406,-1.667283539402453
-1.095841333283159,-1.5396308575527755,0.8524841725108012,0.04026747445335343,-0.6698649695400805
-0.2309500511342894,0.5011350920787182,-0.8232655654979834,1.9205285669502394,-1.4333399299317229
-1.7230667868418035,-0.5517207953131112,1.799630625279031,0.7590529901020535,1.7083469154532906
-0.1418062697400033,0.3959554160448157,0.2558227923340925,0.7400684373618878,-1.8004602546318955
-0.5366844456839818,0.41399175846368597,0.47322627713342025,-0.4645227767775579,-0.296289268540678
-0.16610954023223837,0.4019320839679834,1.51083576126159,-0.7720135951805492,1.0174956786359115
-0.6099168013246349,-0.04607440721241654,1.4335695767938712,-1.2806260474503253,0.09214367561966583
-0.5670817465752671,-0.9752349669496782,1.6195635944774964,-1.3578421397901947,0.8855242204599402
1.1686396387096392,0.033708464502294956,-0.14669142582325942,0.47512118284275334,0.13464557578824382
-0.8596033571534549,-0.31082120051358175,0.7020874984479964,-0.7085927860154315,-1.1909057628842876
1.2720774647026625,0.3484143426090439,0.6988632582582844,-1.696984670396828,-0.6498331650058639
0.0838256125261944,1.6866704697311503,0.3899922920898088,0.5165556561507624,1.4102756133382963
-0.7120916221569686,-0.2951035673503371,-0.11087326012306725,-0.5210442174410062,0.5577952817762747
-0.7172440867814944,0.6094100589292313,1.0221424695099661,1.2178872023729954,-0.7813931028048638
2.0236251281310067,-1.431692476473277,0.23283496380895455,-1.4531189896081702,-0.6195432479419294
1.2947237139271344,-0.2446440521932886,-1.1536377600164276,1.17076776117808,1.3818199852094644
-1.9581043580925466,-1.9099401605657311,-0.5812919714692096,0.14056047688153891,-0.6022325216176523
-0.041399586366883484,-0.008797477767102865,-0.6352499521320278,0.7551925789152257,-0.0671528972951304
-2.257776884021896,1.7370630658920043,-1.9670404098163503,1.006368268471819,2.736790693759907
-1.8114322101723752,0.38537231059666305,0.258355685584613,0.3811634460541739,0.00609867251102467
-0.76499399382016,0.9174354138115554,0.7942535814782257,-0.23922039770141282,-0.5978501925223912
-0.06438805015121835,0.5742872642189378,-0.031046030271771656,0.3248147639056042,1.0728848063585263
-0.342443156644498,1.827966266888805,-0.4537605346361652,-0.035489367746048474,-0.8593315229418838
0.3946757896327118,-1.8274613131065138,0.12600143814715659,-1.2229057271271158,-1.6468775385321677
-1.2128695596187946,0.6736310638273915,-0.023664463910940754,1.257933379919063,-0.1339762862022735
0.016557294741112887,-0.7739859235050595,-1.0369114107186395,-1.8411469374968659,-0.3428306215417374
-0.30241825445807835,-0.7214037933152445,-0.8799107162991768,-0.39118989909116536,0.550478614480837
-2.237124062358897,-2.0200079943799043,0.6264093322150662,0.24010986964473044,-0.43409658629980447
0.9755171067173756,0.5605122861519024,0.19367736875027083,1.0393193637390523,0.4494410084890031
0.7686205159656003,-1.4370461919654536,-0.7439610359856041,-0.0032700337282278204,-1.1947885171672807
-1.9180143012479962,-1.9503496995054637,0.544155162654499,-0.8401411358246241,1.54520247963141
1.4083063041279895,0.969010121258202,-0.1249595423639919,-0.11627852180039841,0.6670407820477177
2.616767999946796,-0.23570502272829424,-0.006425468808847465,-1.5686710775224,1.0167262172753668
2.1913156321687635,-0.33151263687765026,0.8546401696096548,0.22442426888426106,-0.4726103143991386
-0.5768085357678338,-1.7924857252448223,-0.48656225394565017,-0.4439969688774455,-0.6243773115376998
-0.237306725933798,-0.7184447310267986,1.5329166306244875,0.41909015586670495,2.4831871068024176
-1.150209063505677,0.017365071328532166,0.5235856214751573,1.3574606968146723,-1.061859026729992
1.0446365512483646,1.4038123179078275,0.2120764777244615,-0.07172099952105189,0.13941979833431095
0.08916285253914033,0.10568670527078732,0.38162748232055294,0.1097570450242474,0.01127738235073433
-0.8086396079709608,1.125010107413431,1.0306632554263708,0.31670167537687266,-1.043671393180653
0.15099245258660796,0.3031353864206603,-0.25664190717298596,-0.18445026801074577,0.5044864722193404
-1.4317122000680147,-0.9326674788834629,-0.4942363854482925,-0.2638729860768824,-0.5363336807895553
0.007094360622628656,-0.7238875849659542,0.19990901629114569,1.0883845914676806,-0.37498312345346513
0.18750398212296965,-0.4338682467789042,0.5016654832517313,0.958427119555073,-0.061502881680840914
1.0282235864936706,-0.5206902175801049,0.9517773255421716,0.34546367215891344,-0.6247496260322398
0.25089552449202596,-1.9078949501401,0.8721527978186764,-0.15532849827323028,0.22204006863807663
0.18770992636387665,-0.06634812413853595,-0.17559406568612929,-0.6117404238795187,-1.429888709853588
-0.8124661467486054,-1.6522756462788006,-0.044693711412244305,0.33005825397040495,1.2701890373399705
-0.7295934275241496,0.1443039599441855,0.19643258627478688,0.22884223619064048,1.2113227392727226
-1.388517407281639,-0.8645322594562543,-1.1986097260042892,-1.0993156392058645,-0.36143409700207424
1.539324376162832,0.6881117315521523,0.5396172693145058,1.6155133673726383,-1.142702814789705
-0.8539850545887114,0.8969994763882229,-0.910091110392261,-0.18258040710092457,-1.993619386954921
1.8267005594009653,-0.16026765347040148,-0.49036194873077554,0.7395816136230616,-1.3371038956057653
-0.29486157685205505,-0.6669128976618471,0.9714787560212527,1.5197076179638058,0.8930992637017158
0.20304162315536883,1.7246018919918042,-0.26103021698040085,-0.4335804291205531,0.5197558728213861
1.4326022427629908,0.9004809273968157,0.3007196809142193,0.22526631012609366,1.5621159722004283
-0.009419361957516994,0.013503631384981575,-1.1789795469997493,1.2796732494912577,-0.6089655178378178
0.945156404332334,2.6124455499435553,-1.1955616086107783,0.048725673128365586,0.40024447757813847
0.9425058744166268,-1.6147716109872754,0.5176386290063588,-0.8072839634196012,0.7952549325981545
1.2935665020185192,0.003003978348156232,1.3127244836417937,-0.29281174934628806,-0.407691767625299
1.0246822665212914,1.0872983321362881,1.9510877181614543,-1.2915988669756728,-0.21192099400221276
-1.8114847671865897,0.9189490558392951,-1.123221242918312,-0.9492576791211079,0.9271731177891535
2.126856832085378,0.8346153698892981,1.8493667089996682,0.7890117234921556,-0.5084747005574476
-1.8844278192838637,1.3976296370763954,0.61578145674718,0.7581167214993461,0.787985198888671
0.5500294544758229,-0.08771411674451818,1.3238019744471279,0.626810793383151,-1.2438165112516995
-1.3445571154219524,-0.4308857822941934,-0.7193124745850488,0.5223591743743699,0.08683821083471972
0.10532765258742643,-0.9201611036074002,-1.134456688178892,-0.4435975249887154,0.41922625117231155
-0.05246870606955227,0.4656421141232483,-0.5142001356600815,-0.24043948115714858,-1.1334458482098622
1.424929968554035,-0.4811375966898212,0.49547145347775784,-1.3056147478040145,0.2375746338030381
2.214778385868993,-0.813435188469921,-1.3795535690465464,1.9412197127850472,0.2866895510935509
-0.7937226803508818,0.026857818579544168,-1.311933376103839,-0.39631125021398445,-0.4544916943564475
0.13238501879897552,0.7367018867699373,1.3887994623123205,-0.7760790548005144,-0.6581218012568633
-0.5337041951110797,0.020771032210399772,-1.2703637848642186,0.4816191058931847,-0.9291510963652321
-0.9528069547176463,0.8556493624979525,-0.8659124757126785,-0.5362788244715301,0.2435744179044264
0.5995426922251454,1.1647154654361156,-0.8779094625749924,-0.2970213367698777,2.4216120554323486
-0.3612461026782797,0.23679060110327005,-0.42403092526518243,-0.4138428015161012,0.5111730424033633
0.9174338117311361,-1.024033470702781,-0.4279811772143851,-0.7138918989844028,-0.25777915731006756
0.921094474294262,-1.2674411204828007,-0.8533371538326163,-0.21411128029756818,-0.13703244997563652
1.0114644216671826,1.7192491750988441,-1.2600413764987317,-0.35375591822595137,-1.1292703316941826
-0.2488743138057396,-0.8997168513686622,-0.9001490695002261,0.9051075041701219,-0.9313260218818818
-0.6975766244878995,0.6930508622614582,-0.4661120375909502,-0.3815583160721098,0.2219479449874186
0.2233693665099283,0.2558454295117219,-1.4467177158663667,-1.1466476722047168,-1.8167117594489992
-0.1099558356397235,1.3653943584411763,-0.6548906884443095,-1.6141363379991418,0.0345124402221734
-0.7918480080266509,-1.0464416067290618,-0.46947273288824637,-1.31921330836945,-0.240722165807456
0.13563213863991622,-0.44063400295719213,-0.7930180571940217,-1.6786870672265213,0.99273737050044
-0.6755083066066532,0.7643851926297925,1.80806677095619,1.440181890158739,-1.5581904462560612
0.5425810553468903,1.1334429261418777,1.4753974923130002,0.6739873905048037,-1.8143346787159373
-1.370116583041564,-2.1444742858827905,1.4728732412100953,-1.0936371239096971,-1.1220104446826986
0.3576649855871754,-0.1628194422133931,-0.3945825520184237,-0.28985999011780045,-0.1619962942651352
-0.20348028083806555,-0.3009990613226856,-0.3495126048195054,-0.3697845073444029,-2.295398707237422
-1.5089822663767283,0.6419067026204011,-0.057719546379633904,-0.26250753346500977,2.0293402966813336
0.5635069931212207,-0.43991441476749243,-2.235812743642617,-0.7087540333945859,0.45133271627593924
-0.1398935909713954,-0.19491819654270665,1.4104657320543128,0.5982141164748572,-0.25013018447722757
-0.15311143538612215,-1.1788351425068202,0.09982987847131153,0.19369200840951228,-1.3578475833688937
-1.4182331304301028,0.004586887696920769,-0.14788702599815678,1.028073862426654,0.9737670169927909
-0.5703591293744125,-0.5216007542838227,1.509912398735745,0.9969262526465136,0.4496383476783041
-0.3506255351658454,1.152148870752714,-2.4353315440113352,-0.8927775125384603,0.05663393429806878
-1.0209744051091838,1.2804115856229303,-1.6308028492177196,0.23582184760636998,-0.918045132284078
0.39841927421882956,-1.2162554891416566,0.38481270213090357,-0.2731315731855843,-0.5526370781274945
0.7665031058331606,1.1767193408883514,-1.0433741005392545,-1.3510069450504048,0.7569512101706608
-1.1821640109213427,0.19010541396647193,0.7172622935105978,-0.7200994695509306,-1.4673601770190656
-0.32901095669017644,-0.9566961288623924,-0.25099807028135224,-0.38604163377390444,-0.7658158623285377
-1.4678779647419047,0.780660132357486,-0.8054848091634101,-0.6449116358582944,0.3715355673446153
0.4506965673608788,1.4209560715372633,-0.7166851726745342,-0.4102767865469142,-1.6543165593362223
-0.27028607027930723,1.1675697437484347,-0.363882133990212,-1.9558407199764434,-0.04810090915434866
-0.4941134045442108,0.5945584102946455,-0.6805119203225424,1.6976547945204157,-0.27780733017400444
0.8494399259231606,-0.19518640250202757,0.18361789809752002,-1.9069982399820307,0.14593115966365103
-0.9713971604166243,0.1379979340156259,-0.5013808601278377,0.4426609107510689,-0.32685011645204026
1.207048711924365,0.7290127263388126,1.5663656821352523,-0.27101716777984375,-0.6703456737258034
0.5172754201621309,-0.0699272233546984,-0.22655520110209895,0.21115224971188576,0.7977109621702753
-0.2520060349733281,-0.21253828294399998,-0.16123002250381538,-1.6275700881592876,-0.00680939355347482
0.1943764035278941,-0.8100130779305841,0.5662254918357711,-0.5113017637614695,-0.8206520976856352
-0.9466707055721031,-1.2320348219932764,-2.134712301612517,-1.0253762733419294,-0.3304251491834584
-0.9303964041098057,-0.8117622385660112,-0.9880469868163514,1.4270333898279066,0.5012659613986237
2.1324752189992977,-0.8787634178551594,0.09777131720128929,-0.637587736475916,0.2031480696632508
-1.7016540098459887,-0.2187792019484826,-1.9221531169345332,-1.5841639661116977,1.1625658000345687
1.657684785795444,0.00829004362096606,-0.5241110079026937,0.6341337153469705,1.4892607180960402
-2.0204180693024187,-1.0938446401908803,0.9294282262706237,0.7940508825249578,-0.49678888824292894
2.3967603577280334,-1.240073758340635,0.06375805529504017,-0.9691503704427707,-0.4975403676096546
-0.6463066281536466,0.28270176599910846,-0.3265046044984043,0.6971126973654485,0.16439566453942736
-0.9691984802578276,-0.7734432362456901,-0.020947556702203753,0.7549690051780455,-0.37484946747879466
0.06393557072178416,1.161600091041555,1.6168138340636704,-0.43233201251798314,0.8502997130294835
1.6968810426964793,1.6972133554837174,-1.7753666384889908,1.1111484592023138,-1.3948507802182681
1.1345487910674885,-2.2149949724637943,-1.3442898781789532,1.2113180393224607,-1.026992642942494
-0.6295832093091115,-0.2393156634548022,2.1462871115748583,0.08183494296535501,0.07692733012379588
0.49671018064903816,-0.8882230170397759,0.11524144676182024,-1.3410708796572017,-0.20094343958844116
-2.084542767222226,0.6096120400420763,0.5503843533963123,-1.106528665378153,-0.32818290902814906
0.08082464692193274,-0.14055791147029092,1.8129150217142205,-0.10988616236268224,0.6744074828199986
-1.807524427335871,0.9076106509640486,0.05049986180339938,-1.839104040889842,2.458993364647275
1.1331943938287357,1.7503657549798661,0.02323642594325822,-1.711244234010022,-1.260334218003484
0.9349672614857869,0.5337792449620831,-1.6825016792325835,0.808314774939617,-0.5808562265549359
-1.098235485519048,-1.9696071576884162,-0.7108743889011663,2.5231843084580436,1.1993418681479593
0.5651858505117924,-1.4434450773348986,-1.2738569398396087,0.6702441181029237,1.159835999236013
0.7683984400677774,-0.39194984346560474,0.6664038830646691,-0.023280756797569732,0.050027905027250096
-0.7149271519216448,0.015694113620404154,0.23272008001350342,0.11506143332736554,1.713092583910364
-1.3105755987996535,0.10712786093385641,-1.263987847824918,0.2575468375228457,-0.07840536279903226
0.8331277651977624,0.25230194465200156,-0.4413620724609576,0.18629498799396285,0.5519996450569173
1.7795491580232994,0.5551987705787492,-0.4400137448897253,-0.13296298106932075,0.7909786595982755
0.5546230846831673,1.3055678943708453,-0.28368150070564596,0.7648961480921085,-0.2992855618738973
-0.17004106412981645,-0.627397066019131,-1.0273315954414304,-0.4439058454200576,-0.632786380079134
-0.19310419354769645,0.374388951446204,-1.270881179729429,0.11307221132290489,-0.6762337917265698
0.32408727080678257,1.1487957501211998,0.8576444688278017,-1.292256945275514,-0.17664493118393682
0.6900746547902766,-1.6440046970039284,0.4886084355956364,-1.3018297448912943,0.11364316086189419
0.31043776366322823,0.6546575206620213,-0.2520018504467378,1.2330885559478357,0.24821339800010658
-0.9654908516849705,-0.5000991269959706,0.28118949436397134,2.0418326552064148,0.25820335372890557
0.06411351721675354,1.3234066313458983,-1.3803641719251079,0.6966507752836021,0.37298448789501937
-0.02281157664768897,-0.5685096535477671,0.37561286697486485,-0.5121926815950447,-0.15610598731775202
0.011378119482414644,1.0834524163925092,0.7542349187447358,0.06599576557774973,0.6466618568242294
-0.5112319998784723,1.018154298139649,0.483635448878098,-0.4697829314435132,-1.3576261228640547
0.5097479928393507,0.2565346209183631,0.06289776217058433,-0.5505738585189442,1.273437731220182
0.04323197099941458,0.7108469528011216,-0.23694270641601678,0.6858861141999567,0.23813747993792808
-2.0939782413508503,-1.5043589735292997,-3.18259993956439,-0.5928040224896168,-0.5534246019071064
0.8970071368239128,1.404418399370958,0.8515158563721685,-0.5816496683719078,0.5273197635835282
-0.7265091769963119,-0.45433302998444164,-0.39467088352016244,-0.5441127221648339,0.4031604501101207
-0.2100018562776389,-0.5180799091289156,-0.29898609745328575,0.9087398309648267,0.22474257245396026
1.246869763771631,-0.21191151585252213,1.7666614698075152,-1.0943170863982936,1.480845806448839
-1.7021404816808627,-0.4327446538433826,-0.22554989134587436,-0.7036504317790813,1.1832364411135594
0.7333876567622656,0.09271519772788374,0.7338764047598288,1.3318367498542625,1.3941912653312512
0.37669181937745094,0.011689785765146947,1.2255173339422518,-0.37976256344591663,-0.28906015508169314
-0.09248988426840302,-1.4764267261887631,0.018321932112725006,-0.21288524898035477,-0.21869338612644965
0.8276602901733048,0.011806223089723381,1.6239872780555287,-0.9401366085655921,1.2110927954520316
0.11666997341976115,-0.15706138097943245,-0.3169386280963376,0.5059817524795965,-0.35985823663956257
0.4502947217404768,-0.2871214813966305,-1.2294381329350403,1.0374462366390742,-0.9072901935263918
-0.7938941881380158,-1.4041830331016927,0.24504240340265718,-0.14866508509466006,-0.7253986307636647
-1.1010836547930005,-0.3891510839080537,-0.056472874517305864,0.12438696221484247,-1.638723778069273
-0.9872678542971312,-0.6263485736909143,1.365296169377395,0.1695772224549577,0.003927537429942884
0.9359131318989246,1.0364190625440417,-0.35543639584065917,0.5288576455870693,-0.808562805647258
-0.239470632604885,0.4280711122900004,0.29578510071944164,-1.5326815962271398,-0.889258680953783
-0.5306810597856318,0.19317844486558022,-0.36452271353771953,-0.11033686327525039,0.5718158714010271
-0.7642111971483734,0.9586718581497631,2.193416401121018,0.7300246397317709,-0.4733819031271587
-0.7635257145949684,0.6419491742826616,0.6142629249903201,0.7542319384475763,0.8548357049359225
0.03584637909888166,-1.4966572034516532,2.8163094989942254,-1.004507193403818,-0.30848084144957033
0.7809939704157595,0.7009355943160741,-0.47267190600962067,-0.3849487946399908,-0.578578169674508
-0.8506499360131033,0.4107718039521813,0.2907206441798462,-0.7680765012739431,-0.6485441361101442
-0.18886689456292413,-0.48212575971232785,-0.49289480438033195,1.1427147021627302,0.5400702535100145
-0.9475768929271451,-1.45106063344251,1.3881992856413268,0.30684633856146265,-0.6892081737501624
0.96338216632219,-0.009260190583493333,0.33539562457644523,-0.5426401846716602,0.39668248134194456
0.6397709034200147,0.029235971502221094,-0.7189496933106065,1.4144829257223488,-0.2290442014204891
-0.9603588908669041,-0.5744336025153101,0.60552401287687,-0.5880870581727201,0.09956077497406235
0.4372875162096534,-0.051245352235297616,0.7358657742257666,0.9129760549114406,0.5359414623429922
-0.4758983783598403,0.38849011900420555,0.6852837040325378,-0.26680971527078434,0.8091624717886438
-1.6360527146308694,-1.0995526629964554,-1.3780784116054439,-0.3805583616944306,-1.5104032412649941
-0.44564676362898065,-1.2005933734117424,-0.32243530490893046,0.06397195693686655,-0.2228961274727246
0.3311434806572108,-0.5506599026797786,1.1524594848161847,1.1147105025579327,-0.626661509509713
2.304932265680677,-0.3535734311370645,-1.8474450289979352,2.4443610591588825,-0.39225339945425397
-0.33605429570021356,-0.17124844214904367,0.3047256329228319,2.253702225447887,-0.6835596631976586
0.5742919609166017,0.9452436477057092,1.9920726295017652,-0.799484776254091,0.4584059716720481
0.4908961822079687,1.2869113949246187,-0.22126476786987925,-0.7597587365941175,-0.2904982586355139
0.8072367923186765,0.31656000222621805,1.0487109894690907,-0.36504407486394463,-0.5338792619311384
0.5750407134495388,-0.16694648952913155,0.029754108394341203,1.5051087592113368,0.35331517722693256
1.6231160391826953,0.5126267464385194,-0.8705940583664324,-1.2357438346576137,0.6473599992409058
-0.47821791230791366,0.04387125519722586,0.20691672091426475,1.307036732468595,-1.7073180679899538
-1.1103586251365825,-1.114005050158187,0.4208596088239448,0.035256964035336597,1.3096874538597463
-0.8276095682688549,-0.027147897451338443,0.42422358130789506,1.3198055713659727,0.7493892102196491
0.9248236830539464,1.9509130580833056,0.4697525655930345,0.03847615120646806,0.04339951587692329
1.7586405999431642,-0.5031123828921115,0.9986916131833623,-0.8391875640761872,0.061616806106916874
-0.3618239366007264,0.200573246095794,0.48194143537861583,-1.2146860420150447,0.32566636221085454
-0.5216960377301688,1.1753054862139325,0.8552972368329484,1.4933943764283386,0.1618202348707635
1.0686998360278546,-1.3706587504089183,-0.1432251112935781,-0.5511877368941287,0.6355708197657897
0.7375709222037303,-0.3201617365576409,0.2964235028716707,0.4027017240662849,1.4657754084795795
0.4735533630489006,0.5475731986716785,0.3939540283739392,0.21772519008416938,1.7114095396591393
-0.4564810470942391,0.4814440645496479,-0.7728707376176356,0.21836352010726962,-0.6665667874850447
-0.03185159122217866,2.1389349346102997,-0.6676860560776772,-1.6046658732493084,0.3853555547329072
0.5243167703844365,1.0639423355173083,0.7888093689870757,-0.3927442720984433,-0.014403097609090072
-1.044346477690793,1.168342077774301,1.2166817424811838,-2.2108395705330506,-0.31173616307165647
-0.0009811060523672486,0.1837305609365072,-0.0803739429851147,-1.082717336704111,-0.5779650342768899
-1.0985366896957405,-0.6035145472072868,0.7984857809485312,-0.23972112107308208,-0.48900522311198996
1.167719413686377,0.7135755809640549,0.6154530374877734,0.6065829665670811,0.8155775496527202
1.7245384984076184,0.7935811214951541,-1.0722027745293845,-0.18156125809834056,0.213826568412243
-0.9856280153951561,-1.1915061439560852,2.764599835597808,-0.056152247860219585,0.17019345256777862
0.6967934978128523,0.30291593966848435,0.16490550691410905,1.4156824824021776,-2.112520164145594
0.30475267573549336,1.1843118403647122,1.44893940183642,-0.21837682463372785,0.552784529718889
1.4547601914798065,-0.5881691956153894,1.928287007622716,-0.17336638914337837,0.45134409838686795
0.1544741319058769,-0.28084413535229386,-0.25026425058733626,-1.6288384197254744,-0.32670108148695715
-0.5473614287589529,-0.7932165815525959,0.04641928007984134,1.0808910389990358,-0.9000889935340021
0.2701665933596702,-0.8962962340880266,-0.5350508837625706,-0.05951107484503458,-2.603197809170599
0.9423898012601746,-0.4500273230861248,-0.9812439773101342,-2.201561812210648,-0.18733028927804113
1.1172586352096745,1.3146243997026728,-0.341942330366323,-1.5385153754970662,-0.4783259715941593
-0.08421302458089179,1.2002774760594739,-1.2475265998873142,-2.014823930284623,-0.40832074246414307
-2.15866169046315,-0.17221343668594022,0.22961735618548415,-2.0909630828351315,-0.5247452544536042
0.008156290035274443,-0.643958625894028,0.456310871073557,0.7582548807644448,1.0863867575906228
-0.9246673903064478,0.7640496194924431,-0.8065665233760748,-0.8891099704699159,0.58831820288963
-1.8630208344134749,0.6660058210085065,-0.9857783711150856,0.013752808353239446,-0.8404680710049665
-0.3796576148515294,-1.5129050311872843,0.9000017569471689,-0.4968963249821303,-0.4009489006187984
0.255628618418064,0.4047364735659039,1.6756350019597204,-0.6530703955845416,0.3330591391296757
1.361161304475942,0.5543312829771064,0.11065623697688697,1.0549421342813101,1.2560882305881043
-0.20786832457148996,0.6406305455435065,-1.426261165407526,1.2304734053392135,1.5081497249809674
0.95224130560385,-0.3664992176799308,0.16860150413328437,-1.3144473901398617,1.1715850520333688
-0.8308972372048833,-2.4098613265273205,1.1146586155435976,-0.36601040828967585,-1.7213524143656282
-1.6739968048204454,-1.1114841529341084,0.5645666662674924,0.36766035394692015,2.1013817655152316
-0.055199722121995115,0.09106023026323964,1.5480531990051152,-0.41304661279284743,-0.12917947862768256
0.23598072821561902,0.8777646643635562,0.6186608756120288,-0.37217934102453776,-0.7922973185121758
0.3498780741777948,-0.22991224514800496,0.12001095561016784,0.06443966746734552,-0.18542690013491925
2.2632640426237773,-0.07459589701771709,0.1464724239662906,0.6569755289936137,1.4281989555889216
1.208411094287732,1.7304321163854541,-0.32267574154484874,-0.9542052933337601,-2.042481218556393
0.5707778280913047,1.0705080362404178,-0.5379570201819992,1.4013341262708081,-0.7767904014322926
0.8645151925585891,0.44941803285286885,-1.7779744501614525,0.716791345251139,0.9316367410504308
-0.20978341263069739,0.8793344652164455,-0.1655619615063576,-1.3422087159617628,0.829255268256015
1.6282218598500402,-0.5503908162888137,-0.6496525941766617,-0.8178828307003847,-0.3827943982488659
1.4404580928978212,-0.3487005882711777,-1.7089827476810928,-0.17770121858513255,0.5739819942071723
-0.32831668409937403,1.0575267606346959,-0.7066962884948492,0.012674601549486351,0.21743970963673778
1.6449245275759516,-1.6589956976728502,-0.39004819729676055,1.096318393841994,-1.1248281592251683
-1.1289543508694928,0.6410291215247856,1.604179069814717,0.6715189983867281,-1.0907002753563833
-0.4214228520437442,-0.8907537890022458,-2.5886505050173216,0.7222091708282613,-0.5650221712168232
0.09578569052732057,1.124535080053945,0.4938116868255214,0.7256557695019686,0.4986313097848028
-1.792775563532188,1.3867085342078103,-1.3111127530320732,0.5187539393792168,1.3904633997458513
-2.2896073937275556,1.746686513402611,0.5702065227405841,1.1969612076815292,0.41659025955684015
-0.09758047792169548,2.1815821973302056,-0.2655002080952408,1.3603210712358313,-1.0116489272082776
0.9721579134815276,0.06272701743608956,-1.7775789338353212,1.3615853600014252,-0.4094364222468568
2.5938927206231543,-1.001481508303272,0.02435210405812156,0.3377530474149113,-1.7905896687299645
1.0378551065000734,-1.2720025835462616,-0.23863058525584238,-0.24212421573770618,1.7685664679969382
0.34779190922320724,2.0749993733274192,0.0533088657014548,-1.5234125318607972,-0.04119068726501723
-1.8402472418134401,0.21190380179567067,-0.2699999775928079,-1.678143020125754,-0.6871639007405991
-1.0669861392043567,-0.33382884876325825,0.10220141928667485,-3.174483512523615,0.18086859499773802
-0.08521293680663077,0.25862254257786194,-0.08032384344314629,-0.002121002504686836,-0.6063727131584729
-0.7961325755172587,0.8379529628524288,0.8154253870002289,0.36744331835698646,-0.4336583150832488
1.0574170675831507,1.0214403819371767,-0.07517324887226283,0.39487249567804333,-0.5541626585232373
0.09709268216662052,0.6163311710668407,-1.450541740124171,-1.4654146327633262,0.3634803415900372
-0.8812054677388415,-0.8144970585333399,-2.2417343324607244,-0.7113006657789972,0.00045018691644731115
0.7398773450898868,0.7775275550726709,0.5037924274056247,0.6763350784457991,-1.0078848003707686
0.44043002447696605,0.4741799539541053,-0.32572809367976474,-0.6740170527107212,-0.6850665597969261
-1.3493239275577957,-0.30145885290678076,-1.5548836862197377,1.8467190707516001,0.5468990312808328
-0.6221048505717395,1.8973336269404444,-1.6029186595162903,1.7322340635249847,-0.49270666718326267
0.26942351323371994,0.7856543985105123,-1.7896340884901936,0.40956409412798045,-0.9113381192873145
-0.3117826192114284,-1.2613074000568807,0.7161161654471644,0.2527916400454978,-1.7611332242458029
-0.7873188446331487,0.34396134942044126,-1.516409208456143,-0.6928483273051949,0.41939482505124415
-1.952100565904773,-0.1263678108616924,-0.01670992891347519,-1.347905618606431,0.3626209441734132
0.5950384381207616,-3.9541264410723804,1.2051246667143998,-0.9816785223312305,-0.4636466958111553
-0.53372453499108,1.6974778413281901,0.2315419559047074,0.4822691340206474,-0.6880135783945661
0.29791118116234466,-0.03824221149690976,-1.635286082317676,0.6872318996789636,-0.8979143947215233
1.442338605059951,-0.11144546596455411,1.0714491583568222,1.384766273991074,-1.2820727399514957
-0.015770736796612672,1.7779912438798715,0.5850906203962606,0.8946039078403141,0.9281724377756095
-0.12187856950309711,-0.776061385349436,0.9557581183188466,1.1436845106375657,-0.7143344322805334
0.4235628381036512,0.9005843767894373,-0.8949165620012406,1.30310450535533,-0.8497364108809251
0.8763365064090978,1.6711964646630553,0.6218686053562906,-1.7428832543160198,0.7465643878042173
-1.0695033160881162,-0.25345212478024415,1.5135693044180136,-0.8977453472653469,-1.7955837367136989
-0.32971078227841244,0.031061991282078108,-0.3817720496439712,1.1794274541397751,-1.605456472720857
-1.8035497130069955,1.2080605468278967,-0.904930378931284,0.10259983617611552,0.33145014367055653
-0.13171506286852855,-1.2281844859497875,1.0518572420011876,-2.394622919198265,-0.1544744546010504
-1.413389453429496,-1.278065341773211,-0.5186868978256483,-1.7116534165826915,-1.2790529361315182
0.3253674568224504,-0.0057827085756563335,-0.443803718200931,1.5110954777709835,-0.03828056292924104
2.014486644972929,0.001584560285337259,-1.1589053752316663,-0.04688613596229535,-0.8475075911717114
-2.915439135455057,0.7029369268241041,0.6979108397564592,-0.10058015421589699,-0.3435689116819552
0.0716017688163584,-1.3690212610540309,0.43322685621456136,-0.28825591862965483,-1.5686343068233761
-0.2406815839983271,1.885865434540674,-1.242730763068935,1.3220526168547315,1.9239690150032593
-0.7597029521578007,1.6950279315353982,-0.6880062552095776,0.8557631057400352,-0.3381794201952051
0.11735722300221327,-1.6712559411633487,-1.128037224145494,-0.009465459795683638,-0.3030722225878488
-0.04093346660182466,-2.3646561230941754,0.7942732438157849,0.5610567273438836,-0.9935134387723779
1.3124299184473642,-0.6613033186356501,1.1712246765574705,-0.6355701714734365,-0.1303307368607801
-0.6508138464861594,1.1611625735239672,-0.693042549892737,0.3183566607156992,0.9192856547953795
0.5908017180067893,0.7121744192332368,-1.4364349923177755,-0.9672195047111759,-0.24046836528722665
0.8663760783323502,-0.548627287369742,-1.601666567999054,0.9938748496345899,-1.3405367856196642
0.8068977394664433,0.3513428077864441,-0.96863827938353,-0.5498133296751612,0.4076178224880337
1.3265614354385655,1.1114258810128328,0.0810627701364299,-1.5845754316885365,1.335989952950896
0.38456449181340785,0.9948453763687166,0.18282774252686596,0.40619209335112816,1.7967537778620333
-0.8128700765213482,-1.9892424003655076,-0.48171719344073227,-0.9968960564327544,-1.846114820808025
0.11945388976785125,-1.2282973475511474,-1.8124051725528594,-1.0222287373269874,-0.745007392132207
1.7983307269981599,-1.5014549924519012,3.174232713020466,0.8567292124382951,0.024316246979401462
-0.9527422274598857,-0.21779905107558253,0.7069725389157372,0.7992576120862861,-2.43894646529287
-0.7601793729083709,0.3752256966590406,-0.32627556195116725,0.8627464462754273,1.3800823227341454
2.3629429150684444,0.8160181123148111,-0.10729404497027564,0.47101597874151757,0.7131655362206923
-0.8997657494312343,2.0304704232655144,-0.05493759598669126,0.16910543013475418,-1.1276104491194123
-1.1384438085861386,-0.27208919196595843,-0.04489910254071487,-1.079269212029768,-0.0014631589147486822
0.8529228837059295,-0.17353918562120363,1.209467943017847,1.6216250735561537,0.6801713071691264
-0.16683161006698763,-1.3887548505516751,0.9156083903398108,0.4083858398414564,-0.7966790056956791
-1.1066657012635943,1.2058362510660303,-0.8762360990880803,0.49185971870523865,-0.23297924841948012
0.4083718636622905,0.43358637672298017,0.21550344940645924,0.22655940168474248,1.2946471119911673
-1.3876436355461081,-2.910054177161458,-1.074774189385067,-1.8836630754469048,-0.22214618346653317
-0.10725005161962639,1.771957823298136,1.6341163070324514,0.5399520064831985,-0.19770853323051427
0.8692911827707598,-0.5303854576234671,0.3662163127640913,0.9405463247267409,1.0214994811099585
-1.0473477743427329,0.29895922572245054,-1.1602936003693738,0.014926863125916425,-1.0222295348116344
3.3230874507753434,0.9026295170267365,-3.018211356627653,-0.5413006200956615,-1.0148635678993922
-0.8883486865373622,0.3047026966287255,0.6452265568607337,-0.10763422825840449,-0.6699046642884194
-0.5918293948447088,-1.956248894060078,1.6365174078587454,0.8101499197135711,-0.8716700627410322
1.9982977082175855,0.8505245170322794,0.19787792555717015,-0.6970863103062295,-0.3942885534296652
-1.0045486868443918,0.701150880358758,0.47879508580660307,-0.019102520346775752,1.558045560703823
1.4326508926769892,0.6889788932288106,0.305381043574457,-1.4401127141790675,0.5041876131538342
0.8950286579981971,-0.24118241726163014,0.0953968539132681,0.1511146017348463,0.8179049010655753
-0.11187185180668366,-0.33536162697876726,1.4750773266187076,0.1491163385541054,1.034531832675722
-1.2239620962957534,-1.203395867020091,-1.2131841634884113,-0.32032087111393015,-0.06921829441656412
-1.2028724653641187,-0.5792694201275943,-1.6645732887468652,-0.7801088582924248,-0.9109067957347554
1.5728362266489901,-0.2400019481444764,0.047619310402489554,-0.2702194762106972,-0.6463190737019676
0.578742114748457,0.3803200844992549,1.832709736526102,1.1039763437879602,0.9055459345703258
-1.3082638392584154,-0.13496391383198542,0.6137608956666893,-0.33122245939296174,1.0241008249629913
-0.10072482690958395,-0.11467733176974441,1.2741821977694474,-0.66823012772056,-0.22118247312960707
2.2087007099112475,0.2302131118574957,-0.0011585091424931256,1.3562549524886418,-0.4218983059981582
-1.4540497829093295,-0.13711345557582905,-1.280785830931417,0.8925421809541644,0.3336322690296016
-0.14149206775746473,-0.47415514299884903,2.114251829030846,-0.8081105319891415,-0.10315895822854076
-0.13860771581188933,-0.4335523044623488,-0.38116638614224657,-2.0353860415558223,-0.9168264722115858
2.118609683950082,0.23840099320759955,-1.6980694508514265,-1.6662926983425057,1.8140629235741548
-0.929887061148276,0.006133690872615413,0.8517403716841332,-0.8014171518253905,1.6431521845261154
1.106310216789682,0.22892572485425763,-1.668367772381994,-0.6703449702972546,0.648258297332434
0.05658558554954411,0.41743327711027284,0.5702794005974541,0.03657072547225777,0.6340254709330571
-0.2255141020990229,-1.9373874916302254,-1.507671526723705,-1.012083264376746,0.451296449444063
-0.30902623397559176,-0.38494129277515854,0.34934228231811965,-0.3456961408515654,-1.6488983915972804
-0.7007639549936427,-0.8616898530794993,0.8870794419669757,1.0287176389159456,0.4345577640722139
0.03538596283124006,-0.9486253167346901,0.49186456374783094,3.5139044569472846,-0.7968478240680279
-1.0404880478777525,2.2181407616691495,0.6657889214265384,0.16587643806937166,0.31257638970962043
0.5559740844110719,0.1826961855743874,0.09340430640122378,-1.9948270391295886,0.8583103261416625
-0.3336601764589576,1.2235151924155288,-2.937211344089735,0.4181749009413238,-1.5644408585148246
0.6476096551363884,2.160862192380737,0.20206959497773,0.5317276465166151,1.1573065679918948
-0.47554934641185076,-0.12069122281081465,0.44470586625058267,1.1559638958300664,0.8024023315449529
-2.5247520645318167,0.5522451910136008,-0.3921876745497338,-0.02798514530033683,-0.1601141106785764
0.6516495962685017,0.06690115527968479,-1.1338716111428122,0.6392237083727942,1.7250752486704817
-0.47519099728957687,-0.9044803204095505,-2.2272553221550937,0.4714695561803993,0.6432338789170488
-0.4635501550177501,-0.29558598162235783,0.03762656217151897,-0.14304731772893373,-1.245637170528247
0.11996736250516693,-0.5395111640974622,-0.016782831932011466,0.6881186007651808,1.885586520521016
-0.42881450496359735,0.1056264788627492,0.11048312392622003,-0.2564347873943212,-0.0055060380731142815
0.4789536527038783,-0.07092834524385191,0.4997016611360461,0.2559934401138764,0.007073538482638691
0.6514032969362672,-0.0312156434396353,0.3542637770237798,-0.4468451910736228,0.018602199192427598
1.1537412180147273,1.4404278668235895,-0.36485006279488325,0.15654033633184902,0.21590378440091773
0.2951244859747991,1.9901417087361617,-1.277907726506648,-0.60809057923525,0.15271137257011758
-0.624953274860263,-0.3242223235002883,-0.6464991047687121,0.09426028220825897,-0.03792039981854585
0.09542589399513271,-0.7387705369368692,-0.06789733061044889,1.8047302168907426,-0.9613687049281135
0.02058064580433722,0.2185362568624566,0.5489885324865671,-1.7573561328323501,1.987583213861152
0.5498574834003852,0.8195762417618694,-0.9584026824816493,-0.40922206726350946,-0.4788695690605005
0.0966867266740466,-0.88060468922445,-0.5448920921254199,0.1541072786677362,-0.4292111311702997
-0.059295958768614716,-0.1234733728188892,-0.1379144487698571,1.3394773029709164,1.0791112940370557
-0.3865026964225979,-1.744251492514206,0.023153861167049823,0.2616768043566485,0.25585132547999767
1.3332091908322887,0.5607056603670775,0.7536313937908162,-0.4781601691911525,-1.0409805207364464
1.9154136502037427,0.38152037694386337,-0.6703737901730117,0.6582259391117363,1.1552588486071347
-1.0571233600021592,1.0021714743569043,-1.4711889240469067,1.1421812071304498,-0.6605353270475789
-0.20213814312628922,-0.29562233839439994,-0.5777474311632302,-0.1377117409240917,1.0472186567042847
-0.9496702071535358,1.4402702421557805,-2.5689936148551054,-0.25089145299446736,0.7301450042634988
-0.11565886283561337,-0.018005929881408242,-0.5691162806453339,-1.1856232866514895,-0.6703685913535552
0.8090964499819143,1.0850779694918078,0.44448285944824073,0.08023782700648166,1.3857951773582464
-0.853606064742981,0.26684871398395066,0.6135148718747799,-1.3972699880266606,0.8165572136933383
0.5276956878420956,0.1430153221308923,0.6560915206387544,0.22412523171787854,-0.5356027374864449
1.4303893118123399,-0.5682785934546837,-1.1554021703894688,0.6060723855632832,-0.9032545180082969
1.182128115664119,0.27001634891617854,-1.3193429628691076,-0.733936415030424,0.3547433211701249
-0.2984690585397938,0.06716395013318072,-0.1481559068472041,-1.3818466662832838,-0.02487911931682488
-0.0338915035735487,1.4285064679591428,-0.8441256571446708,1.817171343972824,-0.35215634714988997
0.7750435144138197,0.8242615532556616,-0.4724235160911611,-0.5094288564274845,0.07973180485379355
-0.1886088680979371,1.446439988952981,0.6647608424988765,-0.5434906480149385,-0.6540050059168808
-0.580265429458858,0.23435611364343809,-1.3799071075509461,0.8353557188068153,-0.49123535410096403
-1.598416983986729,1.1325099006669197,-0.9795889698091063,-1.0263493136685056,-1.276980746731015
-1.2578854067243757,-0.047350288750637286,-1.6598927546656523,-0.8626471894119964,-1.919795381295952
-0.2830038906238649,-0.7714149759901988,0.6057166139933069,-0.29461973185046886,0.5936661476112084
0.48545896770244384,-0.02173387882530206,0.16886615000723237,-0.26149587253451323,-0.1539176395766465
-1.3211308290193664,0.578776625111191,0.9008267076396084,2.2770806310656986,0.17980568212493495
-0.17465826293466316,0.46329035813037783,0.13048333123710998,0.4954574991841559,2.632925048007911
-0.3066111801290709,0.5245008269588652,-1.245713080030562,0.7268813645615307,-2.5866615449193238
0.586476295013379,-1.326263182173177,-0.09517041862524091,-0.8509942443246409,-0.5441905976860191
-0.5660349228777559,-0.6790085122913392,0.4046802473245366,-1.6737866876947844,0.09868496383663476
1.8319191319615165,-0.157684321309897,0.5749877836862303,-0.36181534919112524,-0.273532698079605
-2.2929030036312867,-2.11359300198487,-0.890676800571137,-0.7326725944835171,1.5179698092336773
0.16878534594304498,-0.2330606593133444,0.34310048171149726,-1.007724414828416,0.20386621001426475
-0.3022628456137137,-0.8813110677703039,1.3258217153140068,0.1673338918812203,-0.9429706233842721
