1.0635296657881075,-1.8866118934382,0.31512567526800717,0.6450480835363802,-0.2324473101444057
-0.3394303131727919,-1.7068588559021096,0.6952822547249087,0.3733127906933031,-0.26081032480773775
-0.4243537480092314,0.12293611025713079,2.8616093227493455,-1.3197972656566357,-0.2909502973477329
0.6786204311521016,-0.6387300033269918,-1.2247334126907756,0.2612064374614136,1.2709454614027431
-0.46945858794949763,-0.6680398286167105,0.90393789088446,0.2590612631873052,0.33609954287997773
1.2217797197629907,1.2958709689261882,0.9859782523847956,-0.33029495746799936,1.8187706052971133
0.5568349838893409,2.3320087473480524,0.6088717379488711,1.398883980570005,0.38237673778994324
0.21505417063224203,-0.7437782225049019,0.6313020390348788,-1.740624515301551,0.23630335416244824
-0.3944999010054383,-0.9463673771573561,0.14124263265393724,-1.0198425434831777,0.7534517837220128
-1.6514066119686441,-0.40427824677980945,-1.7721113644119038,-0.9658002533462151,0.04871432414818027
-1.219760276048143,-0.8060271006284653,-2.2579705327871507,0.7474765483485925,0.05575833836936392
1.5241635827784876,-0.8025638025073895,0.6707224184334883,1.454586403448201,-0.4668615157935796
-1.1163752200992334,1.4178602398300613,-0.5301924889977386,-0.7602369674852787,0.3249222498783925
-0.6239596644317318,0.1062320467845387,-0.7831410882538372,-0.5947836746683252,-2.221825609995597
0.5313750999920761,-0.24079165608341688,0.07904744981199727,0.7253888249160392,-0.019857157057484705
0.8157479474707362,0.1414492934700307,-0.9867060978917707,0.8128777986143055,1.8035950801802014
-0.3496592218231022,-0.8403982355835964,-1.8184986678550557,1.678059418422473,0.5091163569330996
-0.4286553128846015,0.29481943611685796,0.4742440840032324,0.07637779906475828,-2.0586077607830013
-0.7252994742571841,0.6334452711206192,-0.3770065254073641,0.4565727683254858,-0.2886744941093754
1.425346643112733,-0.22349677837596066,0.12591814071401564,-1.1449053336862562,-0.3884657470540327
-1.237671607591923,-0.8783674567468558,-0.9860794612541738,-0.6054926278112069,-0.5399006363796399
0.3686776111531037,-0.6476481274313803,0.6994192044947118,-1.6474175768734003,-0.3343955759852576
2.242626828604381,-0.21103945022342283,1.186737662449661,-0.30524993470824346,0.4514834330791225
-0.17462899852477964,0.017300765418012704,-0.6302188214014267,-0.8077977068889759,-1.9537063303425257
-0.045525892047575206,0.6882694339758174,0.017812749368202218,0.1208727574644601,-1.05765550495212
1.6514033628594413,-0.21634694122006953,-0.5131537864852556,0.1974904718332694,0.6863490202488368
-0.11829730912056906,1.0745640863502064,0.15173781290976499,-0.7579027083189748,-0.6015899781434301
0.39702534092217945,0.7429951621236762,-0.3745209245439227,-0.7435248564859598,0.657411296086122
-0.8121120324943926,0.12585609618225926,1.1059133431338959,1.6369195013826923,-0.4623823824261363
1.1203458428444408,0.29777771995846714,-0.525066374322316,0.29461610434986635,1.7080830260526816
0.06947832198415527,0.6538292790180391,-0.14040228901201443,-1.760249975456492,-0.22377393311352964
-0.7265221575294901,-0.51784320941164,0.2857666015460617,1.614162525818819,0.2648804601933602
1.9463104968780074,-0.03446205452444132,0.40817998409298845,0.07765879188991438,-0.7941104051808764
1.0631362109551878,0.879581681828785,-0.07257382507421084,-0.14620711876869638,-0.43099159103632334
0.05482491912466721,-0.9006507004551414,-0.6821021533249239,-0.0886843656629813,2.127048450438796
-0.12301373697565401,-1.5995426692918948,0.12039589879058417,0.18589672948060856,-0.5372555864198962
0.022145338610080056,-0.6723735349547371,0.30212178250462274,-2.1616277808976494,0.3029706995685974
0.8863903312226558,-0.013654703494862629,0.822544769499823,-1.8714272795614695,-1.6725613826992893
0.6070950524554432,0.35727813266669367,2.979084358716938,0.26287926096990183,-1.3360142599218485
0.9596887226756173,-0.6238038653681586,2.5012640012935754,0.1470220498417008,-1.9143393258393708
1.3922410079188996,-0.831669838733219,1.169516912692441,-0.49287945357032326,-2.076505257551966
-0.9950280756415948,0.28227001958157905,0.3571363052640169,1.2056082876914218,-0.7171195954389068
0.0035599251816565243,-0.6367602491056058,1.0092125970315011,-0.04405637186244255,0.5600506458026028
-0.8004682649941541,0.6401959666988627,1.1934372028645706,-2.4347624861308717,0.3970733040641674
0.4293828500793555,-0.3791808807678341,-0.09062236825572915,-0.5974180011112034,-0.05922454529829481
2.677278482387018,-0.7994553500291286,-0.5518553715593091,-0.4337239153875651,-0.33115330185157044
-0.9096894876642501,-1.037294258227768,-0.1318398526829357,-0.3062229649083749,-0.6049419588982665
0.22513905220496036,-0.5398901845624885,0.6040549698875322,-0.10623514963900739,-0.5796461914682532
0.15118736543453432,1.4618944330759394,-0.11672531913947735,-0.09702211997814537,-1.3318136606758466
-3.3584411240996466,-1.2901135019032899,-2.07738424350515,-0.021096593022101054,0.2727110858091743
2.238813112765487,-0.2119522976116386,0.3579019260671064,-0.6792763404952219,0.14184020701490288
-1.662305928617376,1.8654530316171118,2.6294095499086874,-0.22835581532893412,-0.08365036396901974
0.5531729067931523,0.3772504795500919,1.5034551996142311,1.8183527087601492,1.240991540354131
1.928540090751626,0.9131217966712547,0.5435503919745901,0.5756251841431135,-0.8448992822391701
0.5810318502807649,0.5143191373384434,0.18055579547875644,-0.2369514596629963,-0.7229785937020242
0.13597544059753486,-0.6195630514112276,0.4048576296295461,0.020164616050742736,-0.023282444903908368
-0.8257839566694964,-0.5032186476172479,0.46593013362849545,-0.3569289452620741,-0.4430572260385708
0.8811258977803988,0.7688895082103203,-0.4301221267870873,-0.7081131349974864,-1.5270683924800532
-1.0638567695729004,-0.047570126805494994,0.33992792406557165,1.4359645665018264,-1.3669545902627096
-1.7402271073900266,-0.7491345908448416,0.6157281027588961,-0.45775867220904054,0.6219020296710553
-0.14486651602319636,0.6023809782623546,-0.40018322268959255,0.6730571492914663,0.4267613445748746
0.1098467173906979,2.316167977088855,-0.07350921552722808,1.9820119823667024,-0.25958960412765125
0.9505738827381995,0.4786216888371236,0.41367666039895584,0.46932374609548716,1.3246664798271786
0.4118728213883337,0.46824608244462673,0.42324175775987866,0.5306859813938497,0.35562649865973417
-0.2601859203335134,-0.25862660740914084,1.948594245709293,0.41526971071944757,-0.8852188137291421
-0.4342509085777611,0.5999475212430496,0.5610872005644733,-0.31070428365623287,-2.1651177142936113
0.47685987054010454,-0.1869898904607268,0.6664615407923367,-0.8011843284717844,0.04259216119618406
0.37057276144205115,0.6672414355978118,-0.4073605903976937,0.4298352014187566,-0.18860312067104
0.3114252417153647,-1.3165790574532745,-0.5863585912170892,-0.9468662090709649,1.9916938774297712
-0.03745084154513147,1.4885884473257145,-0.5859848956950622,0.164838063284877,0.3339300012878846
-0.6897291182573498,0.43210777639514053,-1.1268042077088116,-0.8833165645226814,-1.6445679714497115
0.5186375925835215,-0.8200834496513947,-1.3604017346782482,-0.1936369943950845,-2.4927248582519277
-1.316821492210642,-0.3192274248112663,1.2024009625002077,-0.6223084142986623,0.3378170170439835
-0.6831515352833251,-0.3146095022553416,0.4082362372996498,0.8320751324366196,-0.3724092161236961
-1.5517241731967908,-0.3086596464857285,1.763829207333417,0.3428934413323774,1.0831804071497408
0.08190937869743922,0.2513093307339618,0.706991899363865,1.1884326057668557,1.8490199447709668
1.2925881347223172,0.525231886656504,0.11036561079593177,-0.987131815647034,-0.7425640494895173
0.7616282160721483,-0.9226741713894062,-2.3517832809072514,0.38830370059788205,-1.2626126823773498
-2.1180505525026567,0.43924904845632656,0.3675324516682829,-0.4027418671469855,-0.1430102218392519
1.0106395751236532,-0.834308860494361,-0.46422137218653536,-0.6264256529140737,-0.09739036371804435
1.5518131021266506,0.23653832273950715,1.3101327123441093,-1.0361687382616394,0.6371167955754116
0.28338371030749426,-0.9940429620191147,-0.796697051564039,0.5400666435247966,-2.2211637532556088
1.075527984877541,-1.4252113326174134,-0.4537109425050119,0.30846747944748404,-0.6298861509528125
0.539736891127157,-0.3360762987998412,-0.41011084355600885,0.623604600300399,1.6134079938761696
2.627087054221927,-1.251999426968889,-0.408818594800127,-1.116830186300141,0.33732801337108453
0.8844887054918328,0.1195788720890924,1.4266937493552398,-0.12030232386141464,-0.566590518369426
1.4107128546807959,-0.0579515977054591,0.5586931041254735,-1.1764510333834837,0.19111610283940372
1.0059964031667115,-0.7322558185513381,-0.8150668161909961,0.30087717248137735,1.7623780776025724
0.7638433276890839,-0.5487618763412765,0.6881494232841481,0.12973004996467843,1.3908700445674838
-0.970649977963191,-0.7812152624386568,-0.7655960047209772,-0.6425867818826031,-1.5608708725088989
0.13835381320359266,-1.1046164752600747,0.5261344092637145,0.5440035447970729,0.42272196321507716
-0.26929155262413657,0.5324698377418725,0.360753276467803,-0.9381864469793118,0.03250564812341922
-1.4316218507933332,0.4147897597780998,-0.7232126905508377,-0.30777335525169214,-0.9232898218701121
-0.19829331766089156,0.5360740886687475,0.041210822557182135,-0.9135553806154642,-2.389543897262826
-0.7706737333487065,0.4932059945420357,0.326264319139419,-0.604482027773293,-0.16548519342532444
-0.4274263528768958,0.8787640754259476,-0.6568135195060738,0.5776750956171803,0.17655869066053628
0.8960543554946179,-0.7568823703976969,0.7194127738246819,-1.423412602295955,0.15283665911698252
-0.12188120422522501,-0.6104558584894734,-2.051361894715121,0.20987909901631713,-0.8568613572472925
-0.667999344132287,-1.78552376236984,0.513922076552353,-0.23130486612307274,-1.4211897171587935
0.2767973702063396,0.08679285280458024,-0.04809457635755713,0.8673777150604314,0.85981143763139
-1.291486286151626,-1.8185158538563597,0.08012775544543675,0.34097765856116263,-1.4339717931887803
0.8372949314503909,-0.7505067657263929,0.6440883341750965,-0.43016419405872774,-0.33427991906270627
0.24271170680043183,-0.3212333934951095,-1.2253612168177017,0.28396899356829824,-0.6000518129612554
0.5638897045578302,-0.13022522671387024,0.7686715686950844,0.833906544639553,-1.4923043640767648
0.666598390274598,-1.4537895934817513,-0.8262181671461029,-0.8312973510333025,-0.6618711916679563
-0.2792653665814024,-2.2160446050703015,-0.019269412500838277,-0.4136469367322867,-1.6149024920387898
1.299177580220377,-1.6600374298410296,0.5695107713045471,-0.8934578225027501,1.4897243616027473
-0.3110286363695138,0.8563902574636499,-0.3704649814887662,1.9142722208705254,0.81605479148259
1.311072964810134,0.05279786687000655,0.10490486589441608,0.1303964276639575,0.7108499347859948
-1.6908479650846706,-0.7407917702509648,0.26230810794518555,-0.059477353396967116,-0.05916330955895477
0.6885392972548509,-1.0660934737312706,-0.4801855391832711,-0.30532588192914306,0.29639726366132396
-1.5424700906901367,-0.49001655907519337,-0.8437537058434995,-0.7430390268143585,0.8587484444397454
-0.9445629172785771,-1.000093940338884,-0.9285934377767409,-1.1843933308073795,0.2019514352733921
-0.11451281198959999,-1.2277356032511668,-2.4321994297500966,-2.425857880328831,-2.3885689975029334
0.0953283130760597,0.8870959290769773,2.762231694278429,-0.31778966886668125,1.0108115764994212
1.2591703824186453,-0.2097980296517905,1.5712408406736416,-1.512663144216469,0.5152866522007747
-0.6858050968609887,-1.3840219369852598,-1.256805030079084,1.0657693474894232,1.2526054092035883
-0.6357610031714601,-2.6354472812295966,-0.3850220145076948,-0.3566645507477893,2.0715426958924925
-1.4446978138139455,-0.334215995962742,0.23173714729262407,-0.6290816249320813,2.061559467983952
-0.18270553993605806,0.7823383126460157,-0.5463365560482643,0.615611728389378,0.9462258411690155
-1.8850935719349322,0.03156658584294056,-1.4762155275362872,-0.9543294008552625,-0.09632525605371448
0.12347265258052154,0.199030245249628,0.5449856629510158,1.459319645300627,0.8727844317382893
-1.4508700998214574,0.39601429754552286,-0.8291043394573481,1.0907410367634975,0.6191258099982119
-2.7860708372668546,-0.03416139373120878,-0.5368920217261235,-1.0779646429713383,-0.7526218414569329
0.31119902567840274,0.28399810462210223,0.03670415969890768,-0.16211041889858868,-0.6511122278753665
0.40933735692383205,1.575832250783806,-0.8845794684015688,-0.8843445476062111,-2.560909545545841
-0.8997442050032646,0.22000589911191082,-0.33236417456216333,2.964761432761867,-0.30203747431502276
-1.1150156281138812,0.3219238697912804,-0.1586871931498231,1.2465477913582677,1.0385249647668084
-1.4193813235613748,0.5029790152018384,-0.17831688225564268,0.3870531879005173,-0.0676359980643378
0.9071963879500647,0.5982473410171066,-0.8399557059230283,0.8114444419692108,-1.1436422333770968
-2.0294132415772625,-1.2740689079129235,-1.4264159730732058,0.6735531187973341,-0.8445267219713363
-0.48269093681333197,1.6303955772756609,-0.05177793062265123,-1.1350760628108223,1.0488489839644577
-0.09183858938243282,1.4060571599157834,1.5858947540788946,0.14733577896670386,0.575464950261298
0.017836020216203823,0.309038646772865,-2.428951859995888,0.8889089597023769,0.7024240301274681
-0.030551772368700283,1.992111370265126,0.41699840579737274,0.6544780150003972,0.4195418042759622
-0.03074864568511391,1.098781880853333,3.1641453936857884,-0.9274135242524089,-0.00202664685040453
-0.01989326687019611,0.6654679022458979,2.0496027568781794,-0.48784973399536574,-0.35268504432350145
-1.4044690396783552,0.6561666235715592,0.5000109708492882,-0.7700470210995539,0.30310902862647354
0.7588361174152911,-1.2050970657622675,0.9092660999317188,1.030214612037748,1.3878832527811562
1.1129072227342487,-0.07173236573360088,-0.20838519103538639,0.10339742045989066,0.12497344542845588
-1.1615750672600236,1.763397270568484,-0.7798726314036684,-0.5637671112371084,0.6479944591252768
-0.8426726662408074,-0.0667386219761256,0.18185914372586823,0.27358768248556753,-0.36510343211225493
-0.06676159845389829,0.4356657939044835,-0.5759376052363332,0.7624128960742959,-0.04344450926059775
1.6631217991491767,0.2020003228914055,0.21126118270249852,-0.7610150461036836,0.2853576409331277
-0.056482794457814615,-0.20003506360651208,0.8860210270293847,-0.24988396108679925,-1.3920095036977111
0.6919615714773818,0.6356480507750757,-0.7217000005580085,0.9199031776676471,0.5051309339245721
1.0348579230356176,0.5557295823075523,0.6244200976011758,0.6686778190691979,-0.9857341811408077
0.7266442211852809,-0.6064996447613611,0.6956433913934377,-0.12841279123426594,-1.6704658272450092
1.5902940735881868,-0.053495519920541024,0.8212471756052352,-1.1667559149509896,0.8438182230503306
0.7743870724730115,1.1111312798484438,-1.0471033105665395,1.0838252746669328,1.4521990710401476
-0.5740744583791839,-0.20596686228453967,-1.2130486400195506,-1.2575500026798958,0.5034880164426699
-0.6061983584904895,1.8466579153356721,-1.5844441547846702,1.16550164345743,0.07488900252121006
0.35730162498289814,1.2383975094018642,0.9541577462770338,-1.5645301799966427,0.03965726965906415
1.008213700449524,-0.6627695978821871,0.8624928577029718,-0.7753689384404331,-0.9597272793938482
0.793620483465789,1.5115300442062622,0.19099218678648242,1.2549070493989427,-0.05541358616189517
0.06335435479521745,0.44489345854247914,0.05615926196566858,-1.669050665486846,0.23798776869745458
-0.6738789807684525,1.9232361781855798,1.0796492403214313,0.46802383428652916,0.21128460185383463
1.2013050854954606,-0.9001537366851835,0.010995578238972804,1.0273037255321213,0.6659169699351797
0.937131064771964,-1.356904094361258,-0.49294843381504827,-0.8644170126640499,-0.6924585770855287
-1.9465124548876933,1.0522188088762028,-1.6813435165515656,-0.4965842264612559,0.2701193065577869
0.4335803908015912,0.5393798561759799,1.1851765602003344,0.33817680625257784,-1.4661967077969682
-0.37763055749546837,-0.22103940774475891,0.3489758791647318,0.060094049339214105,0.13894494347649022
0.6263947345163229,-1.1319430449089793,1.7146594429171207,0.44181947450259246,-0.944232208348882
-1.4177094651430626,-0.32035664545777903,0.7983669749953762,-1.8250255297276425,-1.5088375857944367
-0.23674672586066497,0.3860961474491666,0.8387064311854062,0.4802929605903044,1.895482620132225
-0.9960860001693091,0.052711617518539464,-0.7848065432264851,0.0017449069501449745,-0.020356181854080918
-0.049357341120845895,-1.2054869522528548,-1.2996578735060098,1.4441058728155518,-0.1872910269904219
0.6000047066838449,-0.7119053836281838,-0.6502274005374106,-0.2721764394033866,-0.9551938650290306
-1.4139397760612702,-0.3305695257570573,-1.1079120280789014,0.4964657939552232,-0.20991792384145108
-0.7015900149781145,-0.23017076316746887,-1.578387697949889,-0.18405192251112246,0.5341374790083098
0.8116858794336912,0.3781397590915208,1.6044230036556053,-0.0370928677077831,-1.5673035208296955
-2.1355740691280016,0.25958351106117455,-1.659175088466242,-0.07499082202147285,0.35100531941629365
1.0973193702277162,0.24736434194719334,0.1545141136631193,1.7830858729463426,-0.2456326943056099
-1.630624800684487,0.6476159919686422,2.0149607815353594,1.101605654539414,0.5236161729917189
-0.2773230085707526,1.7785150692774347,0.28371449098436774,0.8408370058575012,-0.8154570744697177
-1.1452560284609261,-1.733759203353719,0.5846183058009863,0.619344866470313,0.11570158204883199
-1.2501881868260283,0.7807566905196497,4.62291104391822,0.12532674282953782,-1.2030594348597399
-2.064277652864224,0.5462817064995993,1.0891179415760135,-0.6952474307465066,-0.08180744163532498
0.23230570212972307,-0.6289155001904977,-0.007770200878461462,0.007413331467848348,0.2049504151681981
0.07654866535573823,0.9973940222683304,0.1845885556635778,-2.0360568581001783,1.5812659006386807
1.6339102169277444,1.8712320262384428,0.7416594656921448,-0.3675555388617872,0.7009114696497667
-0.8058583956035476,0.10488084870405717,-1.1393283231365214,-1.3253171712836735,-1.1255539631342142
-0.858281711411138,0.6149701039169045,2.461471779221012,-0.8911899224387541,1.2357931917386398
1.4704470569820118,-0.6415906435609158,-1.7861174235189143,-0.5929216951788857,0.344403514225515
-1.440706352233318,-1.1606621645109703,-1.2674223995616178,0.39564105100554414,1.3254342396717103
3.006499665416902,-0.0074792049408365265,-0.18530527998792692,3.0634244709730667,-0.4465200315429039
1.0338622332250262,-0.3587263361015353,0.23069658853348993,0.3248887893419034,0.758700409137776
0.6506680970779005,-0.11729194276722843,0.8253483102434416,-0.38539837998039683,-2.3764692883208274
2.477898110911458,-0.39727550901305586,1.9678147134909016,-1.6809693528316605,1.3537779219266746
-0.028202849913027878,0.13809295661412752,0.34935656371925733,-0.30366077812295283,0.5405847526230747
-0.35220196768429235,-0.24019935235079012,-0.7291516478677825,-0.19225683362388934,0.02835887369891939
0.5145623743688282,-1.7470817117665305,-0.6713765597536842,-0.320532211315571,0.4790912014579231
-0.7554282921542892,-0.7397284893399376,-0.9781687018406584,-1.2517289749569236,1.4922060278740852
-0.07232004417548524,0.3351252478175477,-0.6489268004494876,-0.9139111603038038,0.11501271120201825
0.6383220820901557,-1.463635958882999,0.8037258172395799,-0.1909730245115233,1.2946178152753713
-0.39192904427163255,-0.19464218373535636,0.28994804216380055,-0.8859387337647139,-0.3950070520736988
-0.3000258885637503,0.3026454006985747,-0.03950419541154264,-0.042546725060241916,-0.8337196517501243
0.8457211026972622,-0.2221647348560984,-0.507272391348768,1.5272903792216617,0.3139586624805394
-0.8924036135450873,0.04698213194694219,-1.4994423113970101,-0.7193887197097361,-1.9811590081184973
0.1404365158956908,0.15886250863610882,-1.839366674683622,1.0433974069194212,0.2685607245640354
-1.3275297106495154,-1.9266482121989899,1.9320831667195983,-0.8149164257817099,-0.7925055620008987
1.0423093498070075,0.2899921341954403,1.5562246706753404,-1.1601469074305018,-0.9909936813167679
-1.7541990718005789,2.944891259029184,-1.7887260412516837,-0.33785704994036225,-0.7304207207762787
0.11924782283115036,0.00037546232722986237,0.27485879960245896,1.119681134912449,-0.39899710716656034
1.204066292076674,0.6266863187130526,0.9325674687463557,0.057711116696778204,0.1231618346062455
-1.175754465412943,-0.050530330448190504,-0.8641016576684536,-0.92450714768387,0.8676954478016468
-0.36261203267630565,1.5624050814221906,0.141986952151454,-0.19890157673567774,0.7480665463010387
0.0345785060188322,1.4375943463165386,0.5453182398902735,0.0867464612149876,1.0863224142072831
-2.0167945952899333,-0.7743195272844926,-0.33164893250769933,-0.6186766879810425,-0.5849613229308921
-0.21181935556018322,-0.4715142257707958,0.38269453132658343,-0.6174570670584586,-0.28207629749532576
-1.5668122726437395,0.4697683604433588,-0.9225651412344769,-0.9469853876090595,0.32065669589539086
0.10112685049312173,1.223762961070886,0.8753818511762398,1.455989692951924,-0.20568960821377882
0.01535770028034597,0.06862842234453824,-0.75007849497024,1.6614331589957876,-0.315862761465644
-0.631858666283174,1.0075166943107454,-1.2289138592405413,1.346214944304084,-0.4808308865564089
-2.5710347964618343,0.7176245736633254,-2.5499326592778147,-0.14893069603018444,0.30523645405928207
-0.9717135471984656,0.9508246879502138,-1.1584361980549782,-0.15128035544364926,1.0553621448680868
-0.06614424718323529,0.3011045809510764,0.5513696272471105,0.7233848799618517,-1.2835513779732517
-0.3255550217221265,-1.0855202101717483,-0.053350606047071335,0.3992922841832515,-0.31969382505500776
-0.8343591063318203,-0.2657071520196607,-0.6528623646928566,0.5658648707689549,0.5032920405273448
0.0673955220453028,-0.4070183636569495,1.441176713528975,-1.1315817747979,-0.5245724001850678
-1.8832852114408913,-1.0409354889920168,-0.21072399016833285,0.3740017690787892,-1.233443687538396
0.8568717764284112,0.05344572402371664,-0.30512120946592414,-0.5535596747658179,-0.533329830986089
-0.9448012387819746,-0.7806375726350961,0.7578875178239314,-0.02152900046404134,-0.5335052153406485
1.8294591899292305,2.5546751232194143,1.2073176612845256,-0.19889696888993763,0.8263796931587924
-0.5942043499890453,0.0975649276723034,0.14297723377963623,-1.638007883915227,0.17013262214150066
1.4817811486787944,-2.0235694148192844,1.4437615238131658,-0.16807396871697394,0.6193102682051409
0.8975538596674076,-0.3300331080231167,-1.748849482998778,-0.8940872577235678,-0.6869001211101716
-1.6174643077536421,-0.676045041081965,-0.7937308448008615,0.3391689210764,0.12249906575030754
-0.464177276482525,0.14749209211480174,-0.9371293858071674,0.8725461903944842,0.10057944262413641
1.7475734191721148,0.847636063650518,1.2249759842138441,-0.33487192463536436,0.3513741216320757
-0.5308306842278356,-0.3751919899313831,1.4043969252069237,-0.6793566935991758,-2.01646713762076
-0.40605770899443283,-0.7225379994441284,-0.6044138827122026,-0.049482894951405086,-0.8795822328612525
-1.679878843063596,-0.6696462527880197,0.011109661736885728,0.42714170067764007,0.5848384427154572
1.0641750509386283,-1.5927678004656285,-0.6797107405879725,-0.7740065012613118,-0.2810878283589798
0.07698485327268385,0.6458645405582115,-2.1450196995140582,-0.8488211100910505,-0.41109217672216125
1.772864458416511,-1.0199348632015504,-0.7835609223976416,-0.4722142658385577,0.010479763417432236
-2.51189371855606,-0.42229114549756336,-0.9146201383257335,-0.10927183372745596,-0.9882397867221275
-1.519365534455327,-0.6574636487387052,-0.4146149994631473,0.8253736554009741,-1.6965609215410646
-0.0960096702282859,-1.979213282552556,0.4504459575531639,0.29123918416652606,-0.15991028372541208
-1.5953604535437385,-0.9919355768763586,0.7813350155697935,0.8744159707394029,-1.2087356930474544
-0.3871869649956697,0.43287149970565203,0.6210062684734979,1.901394755384401,0.38931176514228816
-0.852811848348192,-0.5661847895487715,-1.1619343724894713,-0.5150561934310536,-0.7105011051545853
0.209781888744245,-0.2552489038796369,0.4163707912805114,-0.054567491844725015,-0.5480307101569193
-2.2372575913898323,-0.45789206422089124,0.6003642739579709,-2.4955348594877895,-1.4610728435098497
0.4177635030458886,-0.34360567066886033,0.20367262626513122,-0.18066593698996505,0.26822865090124964
0.683396127703774,-0.11802538227341025,-1.8057766455187554,0.031952290888658065,0.326080089155249
-0.6007530375503222,-1.5672821817233538,1.2824049222699636,0.019453458201316373,0.5904558312323993
0.8402536876189384,-1.037014293884503,-1.1740234156748697,-0.3599848463646166,0.7124010831118064
-0.8351092945542415,0.3379191532119949,-1.948675189501015,-1.0014877330259015,-0.49461737591467536
-0.2169255097386027,-1.4816718111325877,-0.6732319105477359,-0.13313328092638171,0.448766058600975
1.1077899795191328,0.31334065078353707,1.9238060137861566,0.9257295256982101,0.7601704531657818
1.331401345720188,1.1539055048420723,0.15369763147278945,0.5586122316284317,0.015387876973950238
0.15101241011856803,-0.3493137272761343,0.48761676006568344,0.21692942270243298,0.7895954855697117
0.795356741622934,-0.49690416204197846,-1.0481425276368221,0.20740895686797373,-0.3490797793414701
0.2303985302808282,-0.47717346053127646,0.7991733192571326,-2.237832505492227,-1.7532413866903631
2.260774929356998,0.055652027350647386,0.31957532572486663,0.4094136845924188,0.6877707179828256
1.9135205796017012,-0.553510775256613,0.23182208614355176,0.4401555329626548,2.5131976764770654
-0.8761851953581975,-0.317729359862787,-0.12948863647049166,1.388415637627861,-0.8059021822622764
-0.2366042881466234,0.27523973626751663,-0.1810659467684854,-1.238417816196491,-0.053255456468323144
0.13795518464759018,-0.022320909778961617,0.28941519018662953,-0.6186445828565957,0.22558083556750413
-0.7968527677100679,0.46350538462229596,1.6730258651452277,0.7493468202010629,-1.0966855878470394
0.22232326569284747,0.6587670282640641,0.9646111894765755,-0.13109467602414906,0.22879642511777573
-0.9950069551794828,-1.6803789849970596,-0.3222620386101545,0.8725313343226712,0.6816831087608759
0.4159584768560364,-1.5694286230213208,0.08700965695831424,-0.3400793451999122,0.40576231227433107
-2.034330606675116,0.4308925210308304,-0.5141061955053338,-1.88049519917705,-1.2663818396973996
0.8222721370149813,-0.5156135897472254,1.6069252305541883,-0.23317387077938326,-0.11802877347339973
0.9543497912012648,-0.6700632739132719,-0.5710669658110068,1.6371105564057438,0.9822099752111242
-2.7085635297384054,0.630183350217006,0.353091065069338,0.12091331663723105,0.7009754609355974
0.9326400342861481,-1.1518236662018284,-0.824619412021359,0.18755032499868823,-1.0377007116859127
0.3358932478113229,-1.5182750575706538,-0.291170670214592,0.5304166233151978,-1.1848877544796292
0.028149062279977557,1.228485014666514,1.4072996678358978,-0.5302878810347696,-0.7213808398452364
0.14515168408998594,-0.08149361539511597,0.5990389218004957,0.46955476938735685,1.8270747748494915
1.104076600859569,1.0031043805941378,-0.7569715264357147,-0.15031916876766788,-0.3463216159811633
-0.22616749937717165,-0.8137393780463792,-1.4467572288176047,1.125046424690716,-0.642348259962839
-0.2993978279824275,-0.8840362024294466,0.894584047609621,0.029828960297043593,-0.7672229715442068
-0.9168436693527716,0.5539556188461399,-1.3845676915001799,0.0655930248344744,0.05841062526912761
-0.8695222234557966,-0.3753930659641245,-0.12751624473147977,1.645428674767239,0.9620808866350784
0.4373367478924173,0.5292187359215915,-0.31123611734958323,0.2687738849159484,-0.6487124296910914
-0.9772812383886647,0.56854777656364,1.4325368179647486,-0.1927178364857662,-0.905607705238377
-0.0615914641562342,1.112519431465381,-2.0500446829147125,1.0154186822664537,0.49977316720128173
0.5477344668686053,0.34357159863711295,-0.430218217008163,0.20113388073034297,0.07198195858666541
0.6304756731619638,-0.01326221520744545,-1.4736749287766904,-1.028562354235396,0.36121583818535574
-1.008592600626651,0.31744581789030807,-0.6164564088179681,-0.22136976201944533,-1.0459466486179938
-0.1757201070423825,-1.1048667607150762,-0.23379544921442774,1.7023897612195178,0.5330501215985143
-1.0825758576218072,2.0697277761181123,-1.0134427788241143,-0.24637419322214354,-1.0998875870137137
1.3536262107967754,-0.6912517859270417,-0.7995559592763173,0.4857397031801323,0.4617176015407237
0.27981656221638523,-0.06395634916254277,-0.9751227191817792,0.46540341136806496,1.0225050905098236
-0.45760450127109464,-1.3916102118728257,-0.07537814763302687,-0.5389444975977168,0.26922990277559056
-1.4971077719811245,-0.28181696871182466,1.3338211469473116,0.18261899393952402,-0.5996770062871999
-0.05044941407022285,-0.2729619222757021,-0.14560138667277026,-0.20768440743921546,0.03983722569622109
-1.1925512406492247,-1.3769399624608074,-1.2202515178343667,0.1352256048218598,-0.23292901352547518
-1.3989454500136171,0.37342072086699196,2.005673714643712,-0.8657038615292152,-0.3518299488306749
0.2020988348168658,1.5424721636544507,0.6947553533228624,0.4782405574685566,0.34995114572540437
0.5857934774459815,-1.3480645705475505,-1.9120600030145876,0.11702767346302917,-0.005455103820560768
0.7697713960425587,-1.0071333814936219,1.7864303626913542,-0.4186352317169035,0.531339355786675
-0.7861289633783181,0.286734921125376,-0.24245842670311146,0.3944898569284054,1.7628799169387215
-0.12640881386938,-0.3864374683297151,-0.4153256281516454,-0.5014687466166431,-1.0038386219283157
1.6632858547364484,-1.3487288595223283,1.2591328412587515,0.33596272172941877,1.1642319523774587
-0.6097336819564607,-0.8886613043719176,0.09436740091661391,-1.401885337434084,1.5909179466955923
1.1634460146259447,-0.6915756448250124,0.34862765096654336,2.2517771494914203,-0.22899740666560683
-0.38885755177327513,0.6987421273062492,0.8798174021698679,-0.6965745208384159,-0.20750055774327542
0.8761700275123114,0.33313896671194904,1.4704766235336428,-0.600290289338321,-0.047442302091309306
-0.16664489605849972,-0.7371560711132576,-1.00953909381438,1.2933651063354417,-0.811123642841455
1.916594429891362,0.2997625252702262,-0.34558635648535524,-0.6657115002417852,-1.0506454673314103
-0.2459707250893302,-0.35328963007073483,-0.44001951701010783,0.05345292579163415,1.4433877218960134
-1.1667925440124591,-1.6442250618384202,1.6832819814456061,0.18916111860821685,0.9390282039362756
0.5282296052967929,0.6346656867607727,-0.38847400592968523,-1.2140332262879192,-0.1348095566223104
-1.4381871101262433,0.017684134123905255,-0.7210483740119489,0.45576716255118976,1.226547349862311
-0.34474594541092546,-1.0288063165624084,-0.928223439091322,-1.7247756677779642,0.7260949894721521
-0.16095023142724374,-1.7171733044052022,-0.0001634509295995565,1.2303031407391951,-1.2961161722893915
-0.46121334386324037,1.5342112500972143,2.228242519251475,0.02402817648616345,0.50800817683247
-0.8633441880666484,-0.2673236040138919,-0.6176586112082122,-1.7799778176119525,-1.176339063955369
0.8961650434821395,0.19039315738779458,-1.9106450568504392,-0.9480171329045719,-0.7607169301087869
0.13176041507274028,0.236471283624846,-0.31494282414052477,0.4787215533549412,-1.578649267455997
0.06802697281903093,0.32098434021766614,-0.17315309645075896,-2.0113860134129324,-2.1256325923571096
0.13128118208666498,-1.0269530349506397,0.10430680787479021,0.8999777399999102,-0.6854264028697374
-1.5193843535168683,1.1532097159426888,0.2639182026895078,-1.4992348606856314,-0.9837775667283207
-0.20781599949731,0.6546887735684243,-0.875263147534483,0.0846581655456385,-1.0259685548679864
-0.5907916305217065,-0.7641821211394548,1.0220120188416453,-1.183960727190312,-0.76826328394823
1.2348609543786049,0.05599608506862117,0.520360535698744,1.045914547811191,1.3705612754626817
-0.6811338913894929,-0.10940044681035065,-0.354941774697579,0.1623864852396059,-0.7480268908128581
-0.15834958359206858,0.035652774917871485,1.3078134840031916,-0.9351857984926515,1.1279180556294102
1.4899923881100747,0.40893266410512813,1.6556216726973443,-0.7093689458549307,0.02811191018498799
-1.5466306343900404,-0.6635835905774127,1.4558944276412331,-0.9412677477035087,-3.133781433036842
1.1796015216623261,0.3453830947432463,1.747395252727229,0.6973913343080516,-1.9821614093098485
-0.09804128275198148,0.32956738513128225,2.0100117537248074,1.3818223262792149,-1.0200021637766898
-0.3651438577259353,-1.1186487460126593,-1.1587201035344172,-1.7571609542615694,-1.3715935306705294
0.20228300318847514,1.1703071293947098,-0.5890910138947292,0.19175208043501327,1.0429000779337687
-1.4472896207726904,0.8577505332010688,-0.6746870713437172,-0.38103967534082034,0.3699834713837999
-0.48090443563197194,-0.4526653778661645,1.656736264489502,-0.13407197409073274,0.351253034451695
0.39093815988149955,-0.6134446575914618,-0.39206146044580537,1.945613681017714,-0.5491952843256069
0.4513042061514126,-0.3183927573237621,-1.5056887968230366,1.031298233815721,-0.4421017180567977
0.31055260721461586,-0.6631744292386508,1.5941472411508444,-0.7509067653613203,-0.926773162917223
2.059235846907678,0.8137474422512814,-0.8893168373376764,0.2128943459668037,-1.8972985990895677
1.25143923174834,0.01354751404878273,0.6134965550709521,-1.6022989327330803,0.24040322921995994
1.2170330410231076,-0.7750246812433068,-0.0261879042367573,-0.968849180493228,1.3509624684696722
0.6900642313278228,-1.4001576007177159,0.16229880122914833,0.701275825606661,0.3397890224783729
-0.5460303852684114,-1.1971483702825538,-0.6391683943812954,0.40991906562888547,0.49451827150374517
0.2282784137541982,0.6990872461254983,-1.042428375595369,0.2707758696748201,0.47351151790666085
-0.7174301913695482,-2.4678827456567194,1.4529054034450568,-1.5078575592564933,1.3197690817557555
-0.291699158051707,0.14876830360491874,1.48253786024597,-0.21153646308305765,1.642762138302314
1.3365419959910838,-1.556050987975143,0.43624121016868644,-0.6229513766094091,0.2594762299752546
0.3785473772902425,-0.8701401513068556,0.7375673889296952,0.5694469194030445,-0.5502515414931551
1.5741715476128169,1.0000178151446362,-0.6084106922682448,-0.5260450105949009,-1.0313930280367134
-0.7584892892107807,0.721247760230275,0.1553640015335681,-0.1489271541182208,-2.0334783203480185
0.10920171603308805,0.08790299875881118,1.3228767098082157,-0.9840318035448478,1.1655598921266843
-0.9481720299309895,-0.401838567326027,-1.4419933759409145,-0.8985529901134846,-0.053450182016173596
0.9385327306177522,-2.0638232781015353,0.19814716189212098,0.2066181452353127,-0.9929101620895209
-2.8638735362634953,1.0981514228505687,-2.608897718688623,0.22471290163525934,1.1934004170247847
0.7682851069320662,-0.68280497587156,0.7923239086076067,-0.5568905252840407,-2.4161442714052908
1.3719079743983127,0.1585208565215649,-0.1666745900282536,0.004153123631555236,1.5600547545479406
0.8160680080372164,-0.9287635854079315,-0.48965988232279173,-0.45160925204857044,-1.1604908872997428
-0.41242350676121564,0.5846704218808594,-0.3490952462929525,-1.3867485284790944,0.12334542505143585
0.016437812448668477,-1.0310702148919157,0.26789043147948166,-0.3981032106142844,-1.1988089420722547
0.14121907841852296,1.325310744894713,1.0079761976138273,0.8456824585632013,-0.3962071031498682
-0.8149971219720892,0.07374571991813589,1.360470408423705,-0.23853473102723707,-0.4729961186841894
-1.0442210948891983,1.4785805356203598,2.0569278700990674,-1.3173339588608945,0.11816791250456177
0.18137589052571204,1.2187031657935465,0.6794956753483578,-0.5223778105094266,-0.3989509502024546
-0.6805950146691039,0.3418527923436563,1.474548685292746,1.6536105409597834,0.09583658090168262
-0.07243418035746274,0.50699581798808,0.12348066510959227,-1.1874624529065498,0.968314188004641
-1.1435887595951852,0.6023670435551484,1.989407124905292,0.9822495590534299,-1.4459140376570305
-0.5595247507114961,-1.0017314850871522,0.5198197984853069,-0.5740471721338414,-2.9829773163823052
-1.3726079710201737,0.16908073282157016,0.1490609958140416,-0.6642000652927326,0.1688734134398222
0.7777011406900988,-0.9613797035082724,-0.1682309483780864,0.6983340025787053,-0.026924533362905054
1.1758863101652763,-0.932122905968038,0.2534272602903765,-2.0535894473266674,-0.17656064148438788
-0.20437968711923557,-1.0992707188156592,0.4150989902019526,1.2138201767239643,0.08061092571365439
0.009922708779962265,0.2969539982989177,0.5831706471211566,0.38878535730381863,1.0648297485199554
-0.5283260441097265,0.4230357723719059,-2.4779751632079137,-0.2116448528194335,-0.19695545323323513
-2.8132009656942465,0.12681521522418723,1.1796760611395445,-0.54964157715494,-0.4736655992742085
-0.46443823622755137,1.8285603405317787,-0.12560514596848685,0.41920766698418244,-0.1955355871584977
-1.5019911625703917,0.9045354354580313,0.692400496501094,0.4628942746072351,-0.4946591460763436
-1.7107584088635608,0.6192059718916569,-2.267988736592414,-1.822927435560396,2.6059503297228983
-0.464127679319004,1.5336400135275725,-0.04029536177619927,-0.23417799914778756,0.3971795675610083
0.7306183885112043,1.5531343353087028,-0.7001093456975712,-1.1232736355132797,0.41640747223933383
0.8571564378445149,-0.2270888723409143,0.14546982970052216,-0.9423788952897181,-1.609263359031578
-0.36844523096804643,0.6349978482930204,-0.3927077953133589,0.12592257245234653,-0.302755324867002
0.05998435528154392,-1.9356450137159211,-0.48792412248250494,-0.46925112914866346,0.9593909884978316
-0.30105003810196135,0.09262387942554348,-0.805881134016765,0.14089184505620678,-0.8277910829844534
0.017733243691004444,0.29387716022323895,1.0109916186075223,-0.3464458135238601,0.9034273885801104
-0.656278142197153,-0.4655661665886201,1.272625329083755,1.8891705370541778,-0.10350971386424725
1.3126073322779899,0.06375066810857677,0.810903677097373,-0.8306426869235628,-1.1854139646811253
0.3206194082803189,0.16134412260647568,-1.3425131225412221,0.9504782019887638,-0.8374071649293553
0.12934184260505244,-0.20864994626985608,1.7277952410336817,-0.30252107287314417,0.8961669055626716
1.4600503743925355,0.6997817107686777,0.3327589531002701,1.8866540970459489,-2.0712645108273158
-0.019509806768548296,1.792820829605367,-1.1115292777449022,1.8472497349397774,-0.7833390761229149
-1.5282614361203017,1.3904494327853703,1.456076302044058,0.2664790577249794,0.2773841123502034
0.45677128822371343,-0.34002521435574007,-1.1965842966765163,-1.1357586570062421,-1.7043304201538527
0.45920362578763585,-0.09462463810254478,0.7932997383790164,-1.2720222464336697,-0.28031058392380026
-3.337858320220648,-1.375003086456156,1.852675496200668,-0.913328399813996,-0.6769754279726027
2.44389378839438,1.5468764918288511,-0.044288274615370105,-0.31214926270847176,0.5733672270541017
0.7873225976575364,-0.06544616646661995,0.5944997471656169,-0.8363808593800557,-0.7324878620627945
0.28440140599434777,-1.6866716866665152,0.006573124255717594,-0.5965703167235008,-0.015289633561446109
-1.274172755920241,0.06689114232345511,0.8586024841336937,1.4506190884068957,-0.6508806058530291
-0.97065896404235,-0.8668662158886274,0.3382765570404734,-0.5568173153512171,-1.3022081848028668
0.6082217584367086,-0.8303725173858193,-1.8370391137356643,0.7022388965940133,0.0811413862740995
0.9932018872280427,-1.3329163527203132,-1.1088668598343425,0.881228897344407,-0.4620007334523387
1.5315936055922608,0.3883277577871885,-0.23143861705028118,-1.4784419819654007,0.0753619111238568
-0.14157054641140537,-0.6940189637987328,-0.8787799382370998,0.8164602245881499,1.1512332025904948
-0.977499936965677,0.46142604834940315,0.9848884439058114,1.8140027326397188,1.4971316757101532
-0.4126017666502536,-1.2053722548881807,1.903427423969485,0.6081098499459188,1.8993962646763425
-1.6660654768460228,-0.7973494305076098,-1.12929527418017,-0.37327107770703327,0.14914070129083612
0.2754752868853244,0.7343928253677061,0.604407999528325,0.6694482585919985,-0.24254132823459626
2.500730295634749,-0.24734540804988814,-0.6071997299139993,1.302816605184323,-0.8702498920297189
0.05730373091399927,-0.8660840799259781,-0.5646507932461016,-0.5561379003385702,1.0494438299235322
1.3634852174395111,-0.6615372681541185,-1.5600141579663092,-0.6391812417094717,-1.0245102262999666
0.7432799463164542,-0.89306193967257,0.27728025216112245,-1.0432188435295018,1.199279867188947
-1.4932415591223778,0.5852204338387584,0.565608423476203,-0.8320128985617472,0.28831700832349483
0.9610528817029245,0.029718824373025306,-0.17638183436530816,0.07424916918340387,-1.4404094274939252
0.38436649285334734,-0.32914379668676325,-0.35125043309156145,-2.47332809784562,-0.3306265668347443
0.00031844830018951245,-1.132401627361055,0.8896469498560383,0.2706394024410128,-1.4546327613621772
-0.7860460123308479,-0.05941365881104713,-0.005267813227039125,0.49499524825375596,-1.240427787226248
-0.3478958279336805,0.4294991529740224,-0.0748526947438056,0.14788796372825053,0.8502253487450059
-0.8744283724091898,0.8963241986190069,0.2833857389127238,-0.04979426259809603,2.280572409568192
0.5242833059323351,-0.3002455491734344,0.2378575584707051,0.48916278128399676,1.8166985633989554
-0.23468634969439442,-0.8979525539571586,0.93489460167492,1.905563847504085,0.0032247403000152173
-1.1078990231220398,-0.8676923032941253,-0.4635386929983955,-1.0331008069532899,1.3037213459058046
-0.9483832390394976,0.6799587944752226,1.3044601617058587,-0.10956482604035933,-0.36163564446473645
-0.031954703300904275,-0.2921307779499109,-0.1871835907917441,-1.4442739716028958,-0.5453697741300041
-1.9901181312541572,-0.452985327935338,0.03874694448494549,-0.9176692781817305,-1.3713076330444758
-0.41502511465226083,-2.101571786454525,0.17836105846084224,2.36788748460679,-1.0294499916891295
1.451376898140548,0.46767641063709614,-1.417399369894931,0.04419752666229749,-0.1526946780530478
0.024512761863981773,-1.1345198589476972,-1.2425694375691863,1.3503626444448615,-1.1405677263091656
-1.3963713717139177,-0.8449178652530456,-1.4594868267648762,-0.5205412611422902,0.6384519272878261
0.07619296414105785,-0.7728141930277408,-0.8840239826070819,0.33398717431057817,-0.15621989725871827
-0.03459338474971665,0.566360427726854,0.883409032740517,0.22976666411842503,0.11439662015902409
-0.750459960861665,0.5467969332774432,0.8527613111429154,0.15551033573454642,2.496293376843565
0.5110531422130017,0.37303961892423165,-0.5835805104948812,0.12736134751113054,1.2901164713959627
-1.1465500364798515,-0.34498689127931664,0.26902443945963367,0.21244815588711105,-1.2345585145734788
-1.060808569864322,-0.9641715093188523,1.4320792352580998,0.9745662285996944,-0.9002309220067126
0.962153923824715,-0.9902637637346738,-0.4289835351448754,1.2317088436255528,0.1415552383200021
0.05469269141266346,0.7639385789483554,0.14773932132981651,0.13426958352177837,-0.5457260827524576
-1.4214139204801302,0.29465148635384725,-0.34123451857386217,-2.510060790701028,-0.2804639898489467
0.4272829720293844,-0.15854195820156658,2.522040960896204,0.43343082907282726,0.39445829645312136
0.48283099717886185,-0.392487249910334,-0.4956559193051894,-0.0897623391764616,1.3833604931230223
-0.9756712338580645,0.5439343159141783,0.29602768058529044,0.11696222311623794,0.7938207633049784
1.2415930615209871,1.5053740027970455,-1.1463771220011325,-1.809281164950415,1.2861010236302082
0.640231854340242,0.3863243651707629,0.4504271305792812,-0.2612545484897052,-0.28480147374370857
-0.09258916889099648,-0.5522222907940347,0.05215693385863052,0.13779915409939925,-0.5592807210089362
1.6732066618657686,-1.4295926964381527,-2.646636031694105,-0.8074637823172404,-1.7881055030671402
0.03256592059370601,-1.6621375061535186,0.4405752571433628,2.7397711826930378,-1.0197662493730266
-0.7418226008961338,2.266591771157424,0.29025973534943206,-0.7543137676214883,-0.35965885008821663
-0.2975963030967383,0.22436393002944394,-0.5140937551410001,-0.7064622280020727,0.3503869701382093
0.5735227943522847,1.2034429995199778,0.444649247592568,-0.5926308976741487,0.7991763994952382
-0.7772755209489347,0.7317873920604688,-0.8221390988846009,1.485848248146285,-1.5767150261657303
0.3154569919473017,0.1894625287938487,0.8297908245808243,-0.28142060753584247,0.8200603451053462
0.9576623211106052,0.2627311981874949,-1.6249570566327025,-0.03229658438419281,1.6163469518761417
0.8622293202310204,0.533620507225737,-0.806961220059056,0.01154358410190531,-0.26438433557493995
1.0642005330762894,-0.42556608500196863,-1.6680071125017328,0.24351504832429915,-0.7679991837830898
0.6430883228030037,0.3042838876952671,0.003860391254634128,0.2688657939275386,-0.7076074511662503
0.46780092873020473,1.7558118295100442,-0.6714292775720302,0.28183244699668486,-0.6722027290595001
-0.21999718286642583,-0.9505254076997599,0.5671786583793819,-0.2170850984224853,1.0231444883116034
-0.5619002969024168,-0.599478551093014,-1.697866286052766,2.192820298447877,-0.0433759914706176
3.3038633001689632,0.3197458483577558,2.8646725056598896,1.1127891838964223,-1.552352511335249
-0.12643697077104007,0.2821203639524047,0.4924524240219167,-0.9158079614573242,-0.3339636182827108
0.06350981548476124,0.44566889422337475,0.17558687717562294,-2.139232684928455,0.5102311954483717
0.6529607249423067,-0.08278884737495829,-0.43043606219672637,-0.8258831984275423,-1.2702029556318728
0.5122169230044774,-0.4884291573263308,-1.1239423603176528,0.5003666061773986,-0.18642216228402106
0.2252895187616546,-1.5565660096120149,-0.34387663657509193,0.6444269675304147,0.05648157114216831
0.6159964745435658,0.0056692123080404845,-0.6046501662449675,-2.07369783169067,-0.9591401668656302
0.7882396050287809,0.13540746687269256,-0.4076654560934643,-1.2746992518517224,1.2924014871918188
-0.6655920443229417,-0.645636151809166,-1.0727890797551995,1.7007131317108162,-0.7478482628381533
-0.6247813752525341,-1.5924430883491336,-1.0466994641796075,1.9300824345795018,0.09110856045507415
-0.08289142173991967,0.4229014742388951,0.4507600702875562,-0.6214853551523087,-1.5434446060172593
0.013066113627821688,0.6176275065568048,0.0422005240595953,-1.2944694176115157,0.973898607463319
-0.2841172412823485,-1.0455710800233073,0.7196925129610298,-0.27288962643275233,1.5078836285221724
-0.5958932209361169,-1.2327996712981528,1.5658706755609,0.4997144983001201,0.13716646432789859
-0.19880070145566614,-1.3649881891740412,0.14201550082997605,-0.8451322139922502,0.29950461936896744
0.35953971152132486,-0.7666278885121367,-2.2982393599539397,0.1768909022325334,0.11005394658206506
-1.0011236503597318,0.5029137181705232,1.7854980812509589,1.510050555812127,1.5862250407393943
0.3717660651095848,0.5933160025824696,-0.8341295358695028,0.03971421677086105,1.6891270353263197
-0.40339591779575046,-1.4065596469038406,-0.7043920840244001,-1.9924018032919406,-0.873409175137896
-0.9300956180406669,-0.6636030258734301,-0.7153530589383734,-0.7768731754171158,0.25108554134952066
0.11597694148779632,-1.3866678907276324,-0.7373620811967917,-0.5897578928237661,1.018991518711126
-1.3177241706963583,-0.25678420615617914,-1.6972740688721528,3.2475158360450433,0.47919764213602734
-0.11852118917485016,1.1904803490863667,-1.0823915552021757,0.4434583844249102,-0.5229117967955407
-0.9609103808336519,0.3584377144184148,-0.1698349609571977,0.8079247696284648,1.0689247850579793
0.19220226258573445,-1.6055688440766465,-0.21009553326693062,-1.184091365592087,-0.3571662787236193
0.375148456671298,-0.4195002034792354,0.7514248729550397,0.16583654344259366,-1.3038564648762607
1.3273873281755435,0.8076980627161421,-0.16068623840151747,-0.2464720854424342,-0.09105414296897513
0.47915113219733013,-0.03177931073249236,0.8007253127040673,1.2396448158794973,0.012428224942409426
-0.9797505094353738,-1.6313340472812325,-0.8348365813969838,0.5296193177255273,-0.1375125606103246
-0.06768091680318483,-0.8842338982272625,-0.6180443604451096,0.9234596315170801,1.7818864565719494
-0.17144451152137005,-2.0388395682338962,0.45603679082647497,-1.8643793467798964,-0.8836948953140825
-1.2247998178876671,1.3540530315084596,-1.8760673004190749,-2.1686900408757666,0.5241122143704338
1.704479690289056,-0.30509423656750495,-1.0601550286338814,-0.5845989520391549,-0.9055889997342186
0.33293314344615094,-1.2139749794152557,-0.8680164705347867,0.3833349204426719,0.8637747485168518
0.3456596989788704,1.8558675851600412,-0.46716104389518726,-0.4225722334595705,0.6613638665980467
-1.1187851416742582,1.6859473724047087,-0.827926025070112,0.11533187777063322,-1.672548333915736
-1.6840439237947098,1.7915072397094134,0.8194642964985422,-1.2209276358818497,-0.42592952098781034
0.8003021879428567,1.0945715593288385,0.11871678729316014,0.7584059902090152,-0.3400750931924302
-0.5647737133188802,-0.1406868161996702,-0.2541265538979545,1.2947632463527048,-0.9655342037484904
0.7521685234852824,-0.3054935658734638,0.4105975679389367,-0.5008730867326513,-0.8375181254443702
-0.7791735649318531,-0.29585999298597426,1.1269597784436034,-1.052524382191945,2.133252155603308
-1.0875974034788876,-0.16498850357597328,1.3341417352243476,-0.4132023509339879,-0.764770936144151
-0.1426012143779661,-2.4891079590837997,-0.9149199676490918,0.6229700374654839,-1.3448004272532719
1.057690648569215,-0.15284141406141372,-0.47831008014366444,-0.9033907738259067,0.2956287058922215
0.9971854756912223,-0.05446440404136719,-1.68146186588962,-0.11040883523316503,0.5494896397794993
-2.4622099755150004,-0.03723256726194159,0.14682148237857715,-0.7081538243036111,-1.2998573880700648
0.44454567543319917,0.2163429556696945,0.001824769894510897,1.3473095932762615,-1.5400186473176216
-0.6568323394833722,0.500961700199593,0.16393176724366476,0.07005253158498297,-0.4003773361092343
1.2551524324493728,1.0471907643807632,-0.954945480419943,0.44960287260849113,0.03802786761140865
-1.803437343187773,1.6472748593051263,1.1756700540542553,-1.7285077176105417,-0.7416430410902434
0.5433756438161462,0.8007961624110387,1.8865914285377592,-0.36179550747429784,0.7713596562318159
-0.21838819061634446,0.20447951851168314,0.2886692685995744,0.026667546168127748,-0.07944725545956945
-1.4252669213993032,-0.2594223474761714,-1.4706543930465523,-0.918826841114177,0.632833711660804
-0.33101153113980697,-0.44293253277632494,-1.8061333014416006,0.2510893604558329,-0.5929152932332084
0.9285354863557695,-0.9816255325367784,-0.09670284062450744,0.4742575859824137,-0.8348233798283634
-0.39556889604147283,1.434765304310813,-0.3405486820036899,-0.3522875939913013,0.25476074031443974
-0.6581486284321275,-0.4510298526663704,1.4898555572623389,-2.7088351409388856,-1.1191663887243413
-0.8765702175852835,-2.1882593625710802,-1.0897434861783708,-0.41850795918716927,0.5198852732083997
0.7515750540341837,0.7614803937200613,-1.7427172853096033,0.05668887465244582,-1.4862786979104217
-0.9956730212239939,-1.5159783922825782,0.8816681557737057,-0.33727189711351957,0.06796263143140291
-0.6972536566603348,0.20947788968694128,1.6796883218540024,-1.334896832757469,0.14406249853354347
-0.26072757247815637,0.44549597129502727,0.7984145739401458,0.6554319534230223,-1.9278322116473792
-1.2949250918565436,1.0591775826157277,-0.2665658775857393,-1.307201998430143,-0.14966148952468455
-0.9781934132171709,-0.2739102703734742,1.486302306893641,1.6379710616363756,-0.9713752711609577
-0.1726852611732467,-0.790291294209815,1.8908384854715423,0.16420323974727685,0.2849397911014924
1.7349289497902005,-1.5637191157259895,-0.1713277814615468,0.26334463636407135,-0.04103320264343893
0.6957783764406367,-0.1404550719178191,-0.07348362979589075,-1.1860267714679371,1.0353476808753737
1.0783386712203193,0.003274185948956402,-2.429833534801967,0.635090053002563,0.4986362680632771
1.9539592980827538,-1.784227080240907,-0.5570140074679019,0.532429301393973,-0.6787427557779341
-1.4785705084294403,-0.8102130619722674,-0.7213729016250121,1.5853864219540497,-0.4761230542590973
-0.5692859979748837,-1.0671707654312341,0.7393480936426121,-0.27541259670171037,0.539553495883467
-0.320515178423508,-1.3131108360196961,-1.3917937812605343,-0.5109409533001379,-1.2868964198329262
0.9190067248879414,0.5560224654690482,1.0680844446203035,-2.6247493906719854,-1.0400576163240762
0.12635316178621517,-1.7921058095643498,0.21351408968129984,0.05886406535676354,0.5990139101396094
0.2945707192755349,1.1443532759625261,0.700190775827786,0.34580789524157357,-0.03702233563964419
2.050362838132484,-0.8510227825077632,0.4511172314342615,-0.9143260677154881,-2.4443418755875124
-0.5179778707562481,-0.37073359330233135,-1.9953797584762591,-0.8201362163013036,0.9242244061150495
-0.8633736505731532,-0.2440229922589473,0.14428986225425372,-0.10235955792021606,0.6281231803454871
-0.995576958099705,-0.06330315014540389,0.6246064719547133,2.4395406589055617,0.86992217446104
-0.630332018551485,0.7093685164070906,-0.6117271476320439,0.36204651967864016,0.7986882067766778
0.5606620524495303,0.019314976157114215,0.4759962200458383,-1.1858904539503121,-0.3998524002539613
-0.8079523895166846,-1.7047372287711446,-0.04768018002482756,0.7638005148885406,0.8248360911937661
1.1794852685600614,-0.49966211569672736,1.2919334046884536,-1.3404896584258899,-0.8723247194176916
-1.7718968777292372,-0.6502535592444291,-0.7888223846035348,-0.8646695900416795,0.010205201935322396
0.1266919001129231,-0.30650339408650445,1.268182373631891,-0.7710670685808027,0.4686722026394484
-1.1032623691166665,0.33309755087199827,-2.124796599253144,-1.0196796059445101,0.6283121382497973
-1.0369056055205628,0.48893104187868647,-0.803272945209349,-0.298736579668001,-1.2959727306451974
-0.21892713878041667,-1.3869399292699964,0.19540440131964956,1.2185903430181517,0.7456438802085618
1.0873204743831764,0.7878005714292137,-0.038674789199218865,0.9299106607327947,0.012921670974977812
-0.2552575040724537,-0.9825638882382994,0.45485342262446543,-1.4816566601646275,0.41923734839470855
0.08175666349556979,-0.17261607050980143,0.09736000558775666,-0.5857105563942814,0.13916822714174462
0.37063353344893935,0.2306049292829643,0.45288681537986614,-1.1362511306233392,-1.1829547246237921
-1.4310642398574265,-0.8058555283106315,0.8505339434415091,-0.24843752272938158,-0.3790878670105422
0.8620309632015396,-0.9465984894498929,-0.18909225626975834,1.5656202199466456,1.1752369551947464
-0.522145315066346,-0.2251525981643784,0.31799443307637426,-0.5473580102424459,-0.16428434951203288
-0.25765060338993323,-0.11478837070023634,1.0985358442339546,-0.7279366593416269,-0.7641531488185825
-0.17567292808955007,2.7723059835809547,-0.8688546538882125,1.1502273555042735,1.5570038275856877
-0.953483034697952,-1.2590223771351494,0.9082566423843317,-0.40009420702131554,0.09373509230127136
-0.3739420196725021,1.2917827151472652,-1.8685554582613044,2.087431086176205,-0.8215330928015668
-0.5581840153384864,1.7137425487717155,-0.12677157957669613,-0.11792315874745503,-0.2091711432850577
1.0834652562928806,0.19265034349373242,0.021989921592684213,1.56148435280067,-0.42187484718656915
2.118146694907707,1.4677795297864829,1.1110999623664422,-0.28858464640923137,-0.883352035263418
-0.3743407975207076,0.0009494694259944223,-0.6208076243537164,-0.9705983664924133,0.24203578730676134
0.30981548165152634,-0.2828815204138241,-0.326995999172551,-0.4090665620540116,-1.2835881140251244
-1.5046389598419005,0.11749312778420537,0.2292978355523877,0.16891148936861625,-1.3780362179383914
-0.6415563259239698,2.0377092043407603,-0.21218492855602342,-0.17082226133662884,-0.9275130236389211
-1.3376816256453266,0.4456308264918447,0.21977190393594292,-0.6597164286665654,-0.6097244540201877
0.5062138018890201,-1.6908045488741095,-1.2143583335603494,0.26198101571611826,1.7258567000385465
-0.9374361820417676,0.8239835690180516,0.4490958604673519,0.12055046328957446,-1.2169304294697558
-1.0898175550233975,-0.04534094345352969,1.566579765011074,-0.45724159538973286,0.5616806307855109
0.610460795256138,0.05746096264523513,-0.46309130234680757,-0.32344311356411787,-0.5175651127502758
1.3954454583671723,0.7277201383572925,-0.23208868282315978,-0.4716325704140064,0.5163307592802389
-0.40800745461885396,-1.4675850518800029,-1.110523408349365,0.5806495518953683,-0.45768727301702444
1.3019301068110967,2.021857703025331,1.835791098894221,1.5203551076470458,1.5948913555908113
0.12209526922935722,1.4364869494390489,-0.3708775731858782,0.07404983035195928,-0.5730141377654954
1.5025273242199895,0.6702209559009791,-0.3574265750535544,-1.7167611668238127,1.1135384642975852
0.8974924841772347,0.8982493715417235,-0.6748867376935062,-0.3611372318181892,-0.6628490314272903
-1.3502980221870484,1.031912069615415,2.5840840504503175,-0.8903232922587142,0.18201117467795763
-1.5167748002782462,2.5528765149387,-1.140784012658551,-0.5077432745615271,0.07221153555881439
0.8009933115369112,0.4020586522467099,-1.7881657598847978,-1.0944101713160213,-0.008207793418621167
-0.8852363884843439,-1.3793523797545857,1.4365082398496103,0.37151211231791803,-0.6302700412299233
-0.6370054095234047,-0.30951001879788714,-1.6903549246897787,0.7223996157301587,-1.2426894094810612
1.5635392892176423,1.7435834507040806,-1.0179440297864077,0.6022352728526591,-1.2178243110841296
0.30885518796030864,1.4069953185201423,-0.8337399735597414,-1.5402196777670412,-0.41190835658617264
-0.8726006585881388,-0.5773744711970126,0.4549227179567455,-0.7216285971392958,-1.8216031677187243
-0.6124582528795482,-0.9360393314799663,-0.3107770465723144,-0.33302270481001,-0.8610324753796322
-1.2324462968562147,1.0483691038636493,0.45937925046867106,-0.1734132182960321,1.0047752776826406
-0.8484940936175054,0.18418394151408454,2.02975536647463,-0.3248736103151956,3.0215354969044204
-0.09172621786307861,0.33696001418260735,0.43369696793256235,0.4513435258608456,-0.2735364964248482
-0.739143294988847,1.5061341690559182,-0.5866314782967812,1.2102656707741932,-1.09264460273385
-0.07450841046181715,-0.6213051071488043,1.0330256557900368,-0.042251853359577415,0.4897918137268044
-1.186353168703386,-0.6934284492288917,0.04422580133370853,-0.6360993897089696,-0.6358313855044478
-0.1821392873006026,-0.313644700197259,0.5762468334600711,-0.018973308099499975,-0.6925186765928977
0.9057473724346595,0.23895426359639046,0.4543620116320609,0.6248862056783896,-0.23662806177804882
-0.5776976142473766,-2.124603490344429,-0.7855204795309573,1.2206830994364477,-0.7200039668181054
0.20005034847845587,1.833177003151877,-1.635035457093639,-2.283000931370559,-0.8056216512611201
0.0842703587752678,-2.595997124879554,-0.34084013592573037,1.165865582560766,-1.9054159504052348
1.1824902792580734,1.162644607038902,-0.8312836050543804,0.9302136448767934,0.9764868612369073
-0.32905520376623243,0.7608468433520593,-1.5682110224445867,0.2536195652629366,-0.18984017644298773
-0.19837339240370366,-0.33605413407223567,-0.889927061856901,0.6391282746242819,1.0591868068398678
-1.4475535604623342,-1.0745951396924451,0.0766389055680976,-0.7989093261458898,-0.27978084939807113
-0.09579973251247369,0.9852373963572245,-1.97432230603325,0.688374377826421,0.3856545164862911
0.5504497357324599,0.5071617663309356,0.32639166592715513,-0.1263728039013722,2.4013185301523396
1.2584386427806225,1.1499875314726529,0.16201626151715376,-1.455242656658367,-0.607934123649348
-0.17278097794302633,-0.7272442480303702,1.03792280552765,0.7428566548845162,0.15866380795124524
1.3648581489709342,1.4553192264472568,-0.7757304413365412,-0.1064340119482811,-0.3194350177993815
0.41760614704223536,-0.22761421056372586,-0.37131339804502894,-0.23075514279637127,0.9523929420813808
-1.078266290660636,0.06709108971580123,0.6209194736099866,-1.0176884753430153,0.0803522857840057
