-0.012918420176160393,-0.46897412139016725
-0.6390589211441544,0.5780611255320187
0.9734152888899638,-0.10906873969859132
0.38366767935093216,-1.6189846320656045
-0.4733834805089212,-0.7682322091387278
0.6532344964607308,-0.154683838971509
0.7291191993541207,1.0649259107936966
0.9086822846492238,-0.7950454837940811
-1.4566161258699577,1.5755770973602168
-1.513025449178465,0.44155898332254556
2.075380894151523,0.5031105702490094
-1.3343471411035361,0.496908528710741
-0.04726531147932133,-1.2899097730107618
1.815847976645101,0.13921058316777568
-1.1606594273251674,-0.7045400380450578
1.6099456967499004,-0.7636012393674467
0.3572754357007132,-0.8144812326005335
-1.7476758974827158,-2.257558758997326
0.631460047158791,-0.810393672853172
-0.9936303047802274,0.28426489294211993
0.2323970113543989,-0.04646448496032878
-1.6022509111203205,-0.6800690636352897
-0.5257171688369069,0.07772084014900311
0.24397722215241413,0.4821052160410071
-0.7965851541371304,-1.2168548640943986
0.002252753753102446,0.7844427823663809
0.3828324861433136,-0.2811360063445373
-1.2461509500646608,1.0773721319659015
-0.6830511952997771,-0.1139284269166052
0.2697969087818445,1.0425602440549053
0.045107483976924934,-1.6828555363547404
0.15782553343872002,-0.15791903195971826
-0.7250143518337085,0.7952589887736634
-3.9724438645790072,2.298560657766964
-0.016056732760110055,-0.06627080455644718
-1.071803537109476,-0.9581797583305548
0.13046384726299745,0.2455901692439124
-0.6950055046660634,0.8399587000455485
1.6544037591779923,0.9324803362724626
0.750412494799949,-0.14286753188658136
-1.7807829428946171,-0.06469231810141653
0.1189813095208172,0.00784709215624043
0.1428641568521005,-0.27989602428074123
0.8568521595490346,0.05443231548787539
-0.5352251033757367,1.2645551177406464
-0.24658713125636772,-1.2951099624146138
-1.6559876762562835,-0.18028264596207932
-0.441578875188078,-1.8856115509195335
1.0600466305779013,-0.3500381595958864
-0.7694994629865625,0.40863395464934793
2.0426519602740547,0.8644466303819952
2.3577500090112613,0.10308105171383446
1.5854397006866463,0.02858067191909547
0.6927642881280165,0.17754029873806598
-1.6300897897502913,-1.4854801297024447
0.8166647788672525,-0.19647190437658474
1.2328635742088336,0.835547866875268
-1.1301917181462244,0.7114542726765798
-1.2693068405698964,1.3206116123767766
-1.0681750234529042,1.639436544608206
0.07436801733091505,-0.22745421011732966
0.43205958744191564,1.0699128228205432
-0.6114109601901399,-1.0044496032216577
0.07040780347999627,1.0078805104999073
0.4940629360246411,-1.1749817236983853
1.1629732629497438,0.031785155096525256
1.2427374830988116,0.5545455069139257
0.8600454387714264,0.6705447794400107
0.06984249117587568,-1.2371075582747697
2.0491743485461007,0.35985720293707707
0.058929719893176816,-0.9907673333896402
0.6147594317733245,-0.376774074804788
-1.8134636031404097,-1.0955031373962514
1.0397176410609204,1.346405443487062
-0.4858743478112946,1.8414990523854826
0.222482441763489,0.38222379749587887
-2.6126938052894744,0.0144018806596405
0.055887046203693586,-2.296639692973175
-0.4595402453888992,0.7386287613683628
0.6541482414712928,1.2850148053294999
1.8318899402217148,-1.2623439660816111
-0.8088689452369371,-0.13908045148038034
-0.7816959154177758,-0.09414338359912318
0.5595568534633066,1.856468487604157
-0.9218600656368624,-1.5826753510828409
0.3796539037398709,-0.3815565737889239
1.7644912024552108,-0.8801483340732947
0.5206186971691045,0.21857186831955683
0.9020285092364685,-1.809818178421857
0.9570421232818876,-1.457891620665279
0.8437996259753168,-0.025783695171218604
1.0885851208221078,-0.08627854889069318
1.7556126530676437,-0.57020438892241
0.02985890841321305,-0.1606902892696811
0.2783264908647207,1.0580111971926347
-1.4811524681568355,-0.12722118055035786
0.6895258079734707,0.1948010181019001
-1.673725027313544,-0.7547097830088407
0.546855925649737,-1.070343480775067
-0.05709615704219785,-0.4889207648549339
0.502226451099711,0.5290673082590405
-0.4157408790660911,0.0641465188484747
-2.255401676086905,0.5588813457242128
-0.11873232363999749,-1.6739273496055318
-0.40143573234698327,0.987535319159361
0.019454277448841324,-0.4630285358697038
0.9071746741184836,0.5882854306670982
0.49872104801158235,-1.3751167255941799
-0.24591227726081727,-0.1460549998902579
-0.46596501709352955,-0.8365866002452829
-0.22946314868062165,0.5229836077561544
1.2514482293047027,0.72904425959363
-0.7782080173715151,0.7510673052792292
1.7441788311398632,0.4765168239346914
0.35250614462356783,-0.4298482097936097
-0.9445030521576588,-0.639929850835908
-1.8438675446557338,-0.17509189366436034
-0.46946912535702967,-1.1259220504290275
-1.3820103849766812,0.16130532833253336
-1.0545183327340288,-0.824503935071204
0.16637948100091576,0.6218832530424677
2.0950003184964894,0.3461907931528764
-0.2783337939378072,-1.1619762344334108
0.7328322850549209,-1.2493451197176353
-0.9043992003868745,-0.8256301177873882
-1.5390021785212704,-0.19379354454456593
-1.3587921537785992,0.0881161388469373
0.9882603624185634,0.4571574558954726
-0.5936951295340173,-0.5685297779411683
-0.40877551175212234,0.12668428781235477
0.7364545682554146,0.3571145295408807
1.9463090298045618,1.0622928396855171
-0.8551565134907536,-0.5260689670569524
-1.270328415914975,-0.30571571474527065
-0.8652700997752296,0.0595220375108722
-0.6389116461898704,0.36315806089287056
-0.15752575955395928,-0.675118649907579
0.7419436876249834,1.5983465398209316
1.16694238702327,0.17345929751549455
-0.24448979522597683,-0.4897213272803586
0.8977451976222051,-0.29234606011302167
-0.11299358604506383,1.7406402645564623
-1.4939234644835306,-0.8512959419856496
0.4808205436813091,-1.3160308554413966
-0.14728947823163957,-0.6301533040978096
2.0116975392690146,-0.5201333177365239
1.2519259373379388,-0.6109739220894198
0.5422970780383775,0.7669538822242572
0.012557369952410986,0.24265520501259666
-0.6362537405544504,0.3586687065598105
0.7861772877045151,1.031385725132215
-0.592021154793451,-0.03888836135581204
0.8810363780091511,0.30873837261856885
0.46476926163201343,-0.7307195408685478
0.8722005429643331,0.022164099765259484
0.016493353840177947,-1.250386190513704
-0.7309440058436993,0.062189047271906675
-0.5439249005803088,1.0383115933891167
1.4839381480236717,0.35393384336906825
0.4520800699735262,-0.8453393339587829
-3.483398526064113,0.45012424790115063
-0.20654473886019128,-0.5184709904257631
-0.6137770778365322,-0.7991649235689923
-0.7308879161901448,-0.7195654653362885
0.4731338963519905,1.3801376340394789
-1.7340192428529666,3.117710838404004
-0.06050609899928171,-0.9949075655508975
0.8186410738516413,-1.0740683113522338
-0.1345781708916365,-0.3052516494837286
0.2537049476490755,0.34897295931956995
1.0179927542845626,0.38322772951984324
0.8295451198072497,0.8878040239601002
1.7027377917093611,-1.718567567505252
0.18755516088738697,0.7970559433967553
-1.7558282562631724,-0.6713711097544227
0.3076097273992318,-1.1457404632924664
-0.9326927999740542,0.6292700277093247
-0.3856485623140749,0.17106440933978836
-0.0684560339038008,0.38017992785925886
-1.7777201521391668,-2.0854958081151045
1.915519726156537,-0.17318471867282262
0.10485985345050822,1.3061314372590438
-0.7327299623689666,0.5783748878335588
-1.7733266242958055,-1.9075827760288164
1.663085134318702,0.26058273165003354
0.728884378138468,1.0178271747659147
-0.48548329114690064,-0.5720067829091051
-0.9308029865143645,0.1164825448938748
-0.701056094332705,-0.5931926736853077
-0.9692955627012525,0.741497284354602
0.940214270286993,1.0694539659547266
0.38533095138781487,-0.34942913397156655
0.9718113391551932,0.805793466534385
-0.6726096112788172,0.3589737538259297
-0.935507389685386,0.8927068648753632
-0.09971892647094124,-0.05206420784733749
-0.5289656297901741,1.4210990729604993
-1.4731957532645226,0.258682287856477
0.5067384366479857,1.859891881118102
0.7821765396822505,0.8096984590585955
