1.961492804450339,2.396851979178157
-12.552927990257986,4.196314012202635
-2.848643566470967,2.3134114905234537
-0.29609800992844937,16.997671851561833
-1.6581751214291707,6.657615791254115
-9.122431680705562,9.876599751538112
-9.734103539397886,27.014708585786835
-20.651320347576885,-3.3975093151150566
2.811023627286086,-8.772161724491742
17.202227952308398,-13.302156211055067
5.983547364853241,-1.0569428239942447
-9.563599608486392,14.257795561655064
10.922365029000675,-12.406448948742959
15.190822213480287,9.760503995261228
-12.660557911455289,15.562243868485353
-3.5967109329587528,-2.9343633155664994
-0.4891585027850338,-3.4580135260898768
-6.290731670561543,-10.773564709422558
15.203748954081478,-9.823397544887468
3.7004289253690925,-5.284698723227271
0.05429803273697287,-11.581518041101157
25.987928264148046,8.228953710121928
0.2745855272828881,6.193564361736295
-14.529138950209799,19.97476246682177
-8.098888968865886,5.997002789487835
-7.61133914149997,15.949644295389234
26.558155344721854,-0.27516142667232835
5.386174858932177,-3.05685921915481
7.282665876687217,-6.199367727491184
-0.5458508025841304,15.237360063409405
15.779646359255906,7.66918376205064
0.7483542553806477,19.819350014434733
-1.347072413951155,-5.094617097095825
-2.5152980508166727,-20.751938569383405
10.594835686140291,0.07621936983740119
1.2940381976425335,3.3863556805817074
2.3992836573463503,-2.757077364843486
2.5299870823903774,-3.8808190480241658
11.426375849004208,-13.150023793276478
11.968549531917613,3.5091055010063936
-7.536300535570547,-3.191738514790824
-8.982981203969103,-8.399006615167949
5.206959189883203,-6.411139385885236
-0.4165004756693058,-3.083994873216546
17.810665524345513,-8.954234590950772
5.6884002022505165,-5.324738229052827
1.1567673891278338,9.049387029576557
8.705638088279645,3.782656228069981
8.114151796042881,5.61573363101912
0.15816524319645175,-4.448106797407301
2.346860617750647,-12.792215503418232
-15.254817733449553,-0.13791823270843873
-12.55864547438298,-5.318669927219454
9.657356238697236,-7.611467559811835
7.006959447241133,6.334098966731933
-7.46691327227578,-7.200589997597454
-4.104034767252299,-2.604280889507153
-11.751819627015,3.018215086110787
4.454864895156529,3.878185919684645
-22.348362788654097,0.5328530437490437
1.6788964215659925,-10.755627326958216
6.486196831423681,5.55964739364976
-3.174845605524742,2.874594145630695
23.28108758316538,8.150808624392791
-2.038655464134884,-5.400220281019652
10.335690581872836,3.3859240778692214
6.576280690215265,-1.3538707941752999
5.350701640334351,10.299410947969474
-4.481198970059899,12.770509575363075
-12.454283427414726,3.4352816034485087
16.23294647687292,7.610341176299546
-8.434599982840272,-0.44557879630320585
-3.901118862091992,-10.934652235141634
9.659121864482342,0.2167948144140205
1.8800824246058756,1.0666630958223358
-0.6837832548754719,1.8983210257620895
-15.14344389716095,-8.52731017565062
6.773687979046706,-32.08210283161483
11.151428150780202,10.598219312410121
-5.334285932964503,3.534957111293859
2.1994900489439795,4.926034823746443
-1.559686589330769,9.056310842020503
0.5416038932939902,-24.266223561684374
16.151191220635482,4.814426803650614
-9.013389800797361,-20.505326644186525
8.11521478232845,7.531481368484876
-3.4591719522906645,5.993232040874151
9.563882482392257,0.9340081566829257
3.2324369504344705,-7.043841320610346
3.1646992755599372,12.937111805727277
-0.3884168039784668,-14.511549472567845
-13.326957844603802,-16.992966502708875
-5.463937990900173,-16.571629470463588
-12.971165229299972,3.411217187141938
12.335155282652185,0.11801213835602731
-12.186772336288591,9.241372511924748
-8.937589592553337,-1.3315723970277844
14.353522639113319,-18.907846089971304
14.571651020567383,1.1814123683158657
3.8218159364956694,18.499306151764063
