-0.5018765534625859,1.1984409615817333,-0.44410440464137263,2.6531370850577556,0.9569616191978075
0.4751264385064909,-0.34565297417094965,-0.3172903025555584,0.5727094648543076,-0.7133313240272193
-0.1790414745506007,0.9222312641087377,0.9163190859889703,-1.1133389654807013,0.2713196437490049
-0.16029949488646644,0.8011361780478076,0.7884859434111761,-0.9666794102108236,0.8527518200329064
0.6361840852745008,-0.35908667702742747,-0.9749156453938125,-0.5830598553063948,1.565585739294271
-1.04696603261974,0.9686924319591164,0.8827367350973715,-1.6592941591262913,1.1979670464914385
-0.5138419609466869,-0.14428095686929457,0.6035194253065028,-0.26534504480975873,-0.21510845769646167
-0.36730768268028063,-0.387772676152645,0.8070435776699005,0.49249507288820854,0.8754230059160252
-0.44229186041317853,-1.192415021507622,0.6028535450299916,-2.4367813563303797,1.0938954718719958
1.0431143642153433,-0.5139226315517378,2.3334763382599006,0.5509348910283915,-0.5057723846528637
-1.3226115544298234,0.2650917756470984,-0.44905243613704315,0.2087050367794379,-0.8929682959775482
0.7700749219645792,0.2656419884670775,-0.21224529475526,-1.3948084341766531,-1.9143662116069091
-0.31067040895673365,-0.34826118368270953,0.4084261808147157,-1.087330802767599,-1.7347566472105784
-1.1987375608763784,0.39493379640761805,-1.207024113185539,1.8029161313537336,1.383717180108882
-0.27808316587622467,-0.13135009571827702,-1.4354594444052298,0.630103568782776,0.6721092636625098
-0.9842842582315693,-1.8028340144127992,-2.050953053870819,2.3559270130004526,0.2120744106463289
0.711679461957437,2.788111690825984,-0.7220357050245164,2.0108003171039264,0.7834690020904957
-0.9403632986929661,-0.15410142754287942,0.5128682223299302,-0.8491254521981845,-0.006728578673368834
0.4670914921384946,1.2113036150112428,1.0275143780803413,0.44759294315945436,1.2703723128629194
-0.21934822879355148,-0.8664636805933223,0.10111517713285846,0.4125016252663723,-0.35702755370865646
0.8069079892022794,1.0420234262528687,1.5005559967607238,0.09267871712407602,0.5035845017731695
1.4955146999245872,0.380693002665393,0.454077480997712,1.0492229050569577,-1.0043882890816094
-1.4252792298221941,-0.20781023120197598,0.742791923979252,-0.6749791891979473,0.8849230461466622
0.9239591691817138,-0.14311088291308915,-2.0586620218464886,-0.6124496177417622,1.992826358664691
-0.48558406518698266,-1.744075535430848,0.3019093195540079,1.8533237031156617,1.3510321704476078
-0.16835506445931547,-0.2663403488860963,-0.29020797216818073,-0.31004136186995596,2.0482435381554116
-0.713191755100745,0.8720538199005791,-0.2452832632571337,-0.7455045361140412,-2.494296990979193
0.060269193885183425,0.0640349074087018,-0.6700004591366098,-0.21073060931361656,0.6249735373166164
-0.782058175161552,-1.1236346692189274,-0.11427986128911449,-0.9146734854691826,-0.22030309740957496
-1.1397076929111214,-0.2982575187275308,0.43788659141372305,-0.831628196974781,0.09234087354773209
0.32555168011490465,-1.761396425222703,-0.916549027688727,0.9004243495991257,0.763562747865541
-1.7830870154008054,0.6899568345522233,-0.0803374497834193,0.05688335468111288,-0.5516512340732413
-0.30797718488782316,0.2223648467513941,0.354636268936636,-1.4065285532284115,-0.15068657248390047
1.1058842473168689,0.3994584298079081,1.2642978275068275,-0.3937898440506296,-1.590655448363854
1.5672045970930812,1.5526061021059145,-1.3102723680728612,0.7198673283114588,0.40707976268642854
1.0217041085740644,-1.3120015119110675,-0.2373854443210882,0.4892451718838792,0.6920764685340114
1.2247978548031302,1.6337697453341282,1.3105962528839767,-1.222288007413874,1.8992758957419067
-1.424789428105533,0.9877692591249149,-0.7569176459913608,-1.2064786561231526,-1.1162454725169997
0.040905036814645135,-1.2577767389295562,-0.3001050436572577,0.3873613844384513,0.9309827359126412
-0.7828405750178579,-0.9202886989967036,0.30145636857878744,-0.542489342165119,0.20390241299736392
0.3959568323330879,-1.5478659198462923,1.1598742708070366,-0.5651371254818404,-0.48465917932940705
-0.2634122490173701,-0.1533363086525809,-1.2076545781616421,-0.7836551749777877,-0.5318088044218201
-0.6621571955360743,0.8610855666628733,-1.3656299798949907,-0.6561678417331717,-1.855823897954481
-1.497110094663901,1.8064085756215835,2.154352725669905,0.6724247431732804,1.614727598037505
-0.009484809498082664,-0.9219291349575409,-0.6173154926802679,-1.1849452500812299,1.415285177464462
0.18089273577748224,0.7028011184274129,1.1560265540874273,-0.09092613783166975,-1.3940195529090462
-0.881081222204426,-0.9761484288580736,0.6620579319377752,-0.058430379322165195,-1.1907872643120891
1.4161799406042301,-1.1005734248238572,0.421841120189229,-2.226132649321318,-0.7178671823195257
-1.8110240554417716,-0.5835026476685184,0.8402891302465886,1.146473534774742,0.04950866910495741
-0.7028202322750432,0.3019129341917077,0.8135936424348222,-1.8256445445380836,0.6307537570890347
-0.674037135777819,2.1654108626207758,1.0931762025193048,0.47315191541279633,0.6717439181318385
-0.08330504759186126,-0.05031170414005761,0.7768897779546962,-1.717457393658286,-0.8861685540170512
-0.25122302690414045,-0.18431471388002188,-0.9104615276703708,-0.1942577913596857,0.2970091110084426
-0.5861187985129233,-0.36977381560453376,-0.1793801760201383,-0.20767457105497292,0.6150172652636793
-0.5705601483168381,1.2913156227376492,-0.30444268601474905,-0.5267918451535265,0.6039831452804079
1.284382520110043,1.6702428615196705,1.090596001042583,0.6499140147972717,-0.07301997382511954
0.3916984406037904,-0.6676755936957696,-1.5363268673384256,-0.2950000201777812,-1.9235154121571083
-0.4548496446288065,-0.7902992165236309,0.6775228438937988,-0.3000103642974515,-0.6944952432167115
-1.3983505861641718,0.32987588080038965,0.25337826457991036,-0.1510040559786362,0.83217137159184
0.2746585508792759,0.19476075423077815,-0.12484897991728101,-0.8897061248148164,-1.7564818803909692
-0.9151318122465321,-2.0114868597801174,-0.6858577578664996,0.8815238907246274,-1.4213084191119918
0.2394313498695606,0.17659828958190624,-0.85742648889929,-0.41745030597421395,1.2746096650990293
0.976132788748747,-1.7110352876370416,2.050194709393986,0.4717870848531466,0.6788969834611269
-1.260024349632061,0.05588194005149191,0.36662826186115144,1.3393112381229493,-0.5692617033700217
0.1814986683633148,0.3332894273610742,0.4530258422181577,-1.1342073347632011,1.1653211958323024
-0.5049314341193749,-1.9546355789378282,-0.8582735103132231,0.18766366019660846,-0.6985171424358197
0.02750311492376256,0.2743623568203217,-0.32856665037842187,-0.916542069149474,1.061568307385491
0.0398705480668144,0.8422942119096328,-1.4860237839971921,-0.8636550986314403,0.009605228075577529
0.9111769053756255,-0.34341309765026923,-1.1401307635604996,-0.5394438472587868,-0.7111954012233415
1.602523325316125,1.4932116878640656,0.5598522810966094,-0.8956913371299352,-0.915960743938793
0.6654684748877804,2.2827411123387504,0.3201104340028246,1.366690622523774,-1.7014758404402275
-1.0613345204361662,-0.5191249628417366,0.9833036490364971,-0.22708023098784574,0.3351910046012235
2.830390428878209,-1.570458047020293,-0.9816411090050684,-0.31306084490524727,-1.0640013041425695
-0.2519237641963272,-0.8362243371800431,0.9891255862744848,-0.27887314356278364,0.8034483768489341
-0.9071666277137144,-0.3606288755140156,-0.30160902819855506,-0.24779687391387303,0.2592437393598119
0.8183262678302556,0.8793999237789677,-1.4965529681678678,0.06370403014754769,1.4237205744397043
2.2180019247415688,0.674848895200297,-0.9585066076948461,-1.3248120122961267,-2.0728718769545607
1.4091699382161984,1.480678977350709,1.4989286929558947,-0.17392008916384266,0.555262601186582
-0.7666945042634551,-0.3144143285306983,-0.7919806767103958,0.2367907494114043,0.17548754058346744
-1.5321741919039638,-2.235467950941904,1.2777400447132319,0.7942212045463973,0.6230557294781628
0.17129595358802388,0.083883051561968,-0.9797636041614254,0.776098943675187,0.5585742508104747
1.3701836763036208,-0.6044972493483173,0.7587394787586367,-0.49459084526315206,1.524230149336953
-0.053535811440124315,0.005756412710708326,0.8885450443263085,-2.326382022121507,-1.0004518490127636
1.6202504940852516,-0.9639705645743359,-0.5416474416825584,1.1469593478262958,-0.9442183845503764
2.765878303940976,-0.10631462953589571,0.42250983619553417,0.8775037753782543,-0.10709738482050783
-0.5959403813453255,1.2473850134162991,-0.19115820091096147,-1.892005104452966,-0.615276606305725
-2.433021682897193,-0.6855208407250657,-1.3384038315872062,-2.0316267802843346,-0.7776843165117883
1.7416943663877988,0.1828411405154041,-0.40093880588854214,-1.84594384142649,0.3793919267169499
0.12436640434740649,0.2561042569057767,-0.1144524538640182,0.7308946505892757,0.38693582719686914
-0.0030390109805988126,1.952496251320022,-0.9646516983297753,0.5125785265252687,0.279273656749313
-0.4247948909803819,0.003970895842205626,-1.0113702342638848,0.3956294919469256,-0.3465063416960084
-0.2550826728940875,0.28003010389815786,-0.08131821021383441,-0.4058904586792046,0.9989279165475955
-1.241600273219942,-0.07566205680595504,1.2957542254406316,1.5403574846910684,0.9731064062682832
1.4128449777215946,-0.3868925316731226,1.8869940968103882,0.4370037863651342,-0.5442761692178902
0.7229715324095081,0.23820135472304554,0.653392614963335,-0.8008588575461401,0.19653813159781908
-0.42655534044297466,-0.6902536938314956,-1.7810822327541271,-1.6838119392066875,0.7283110414508874
-0.4946254551965623,0.3673521955907957,0.4539534001232944,-0.6612369676552006,-0.36909549398015573
-1.629793371545742,-0.8161675989202171,-0.44854980763658603,-0.1463360511030136,-0.05111536141944911
-0.040634306595661654,0.20969624830919226,0.3569746369444035,1.6570517022221243,-0.35799671668828237
-0.2216981032470498,0.17918530231983137,-1.1723018910262202,1.1707965344869786,-1.4780588478894303
-1.024641714842381,0.16427303872734272,0.44400315347249036,0.10408721398866547,0.36465972075125086
-0.5259738888821852,-1.6699295217161003,0.46666446592427874,0.15940534855941374,1.0607214553145932
1.730612529921711,0.5414719838874155,-0.6661658474428757,-0.809463429168619,-0.3478023986903595
0.4773298221586875,-0.07951561843474382,0.6937377572355335,0.6174961617487602,0.6430393538984587
-0.821406279903361,0.12433903868205655,1.1924862286245739,-0.21995274130648904,0.16993258321996835
0.061229340451417355,1.7351368025192588,0.3220739749579165,-0.3765014444612674,-0.2502058221174539
-0.029922174105205812,-0.4517878271514552,0.8581785516723014,0.2811004274740735,0.3532019671083624
-1.883809627920883,0.008972008518716077,0.3501392758304959,-0.49236957796375014,0.6694639636599584
-0.6245708226147575,-0.1788455841295517,0.4425158449375004,-0.024247341179050908,1.8009196864216512
0.42835385769875134,0.934911026976175,-0.1963168280949833,0.579008976065762,1.2623989465656822
-0.01656176479098747,0.6618358955924157,0.3882937575997401,-0.42811941224500916,-1.6320632561963164
-0.13972957855278414,0.23904889703352608,-1.0836404155107402,-0.23609136369192374,-0.3912075691899892
1.4520312201343926,-0.13758439815372497,0.25415276715242086,0.8135747211847034,-1.4138005823216084
0.631414864264939,0.03468086938844902,0.10960217724040354,-0.46156706065027037,0.5984026107233963
0.9616482518482052,-2.3095704437652986,-0.01314999425584696,1.3448254900152665,0.5798836940909979
-0.6204700212941675,-0.38621523139143255,-1.3293416566163372,-1.0615851694147593,0.07508086062345047
-1.07450933859691,1.0607787598871847,0.9441388610432123,0.5508066137143365,-0.8258014497771833
0.2599026038033043,-0.41162676919552804,-0.23477241441968374,-1.1122839526126107,-0.1532589041855667
0.2928023275483453,-1.2546775215414723,-0.004730312497540496,-1.1929992901334239,-0.7902177053993185
0.698374673841824,0.40432513315568147,-0.28356379199967685,-1.2863117447543115,0.6120254926372437
0.013107125002062037,-0.25210014243918616,0.7949744445977688,-2.0110656755284513,0.32167884985459017
-2.0949808400847916,0.5636664654969016,-1.1552822301642818,-0.1811678609449112,-1.2570222906715898
0.8748471775126275,0.3619644270035678,0.3815707234279433,-0.21267867779057276,-3.283953013674404
-0.31379341439404396,-0.8200075733082027,-0.20974990190188958,1.0373967008914422,1.5907632972922359
1.072203939479592,-0.20101835001164808,0.04640461439434543,0.8429367155064829,-0.2530208286293613
0.4054532352609178,1.4887647261345742,-1.1316978120805312,0.633420488642565,-0.41415605321995885
-1.7543757647667257,0.508189289622014,0.453840483439701,-0.3294628523781553,0.027770157675461947
-0.13892836533604858,-0.07311629189665665,0.5705636248979814,-1.5187111641098519,0.9273306609445884
-0.9095107489992855,-1.1432628351870049,-0.12243254059640592,1.1629926647148867,-0.39734634325664053
-0.6596765912575776,1.920030622135154,-0.009298275459340815,1.2026443230557209,0.628030570239397
-2.5105596371463905,0.29601547214517954,0.9759826600627317,-0.4008426767186606,1.4763922596604213
0.2622768906133656,1.884816422342156,-0.6032608243381306,-0.6500233538699637,0.16667595167324234
-0.8186927541163603,-0.5356860417019351,-0.06092367910185592,-1.2115697430250991,-0.16518953149221646
1.6715883813362369,-1.0533471743192486,0.25862890113055786,0.6981780462869673,-0.9444147480752729
-0.7890317372276999,-0.01989430181670262,0.5298329354185362,-1.50982637511018,-0.9032528525770643
-1.4680231710848817,-0.22225196048004559,1.4866683957265199,0.8311020395486156,-1.4009637797264447
0.3203662684250317,-0.5647483499259153,0.03637063675200223,1.1287127448324557,0.5084252337790417
-1.5462652573792721,-0.4329271754474551,-0.27454471033119243,1.721323348691317,1.5841539895365564
0.6468595393478457,0.07195201908419926,0.4369001373982294,-1.9741415785524963,0.12701562490725826
1.2981940463413713,-0.7662858372708914,0.11349539410192658,0.9472272088747834,-0.9729536246830116
-0.7636241641119411,-0.00797969203290268,-0.24903381684687814,-0.6516918250881611,-0.6247148347873566
0.3263212156920182,0.7532193831400881,-0.6134727029023865,-0.43260886346033145,-0.603260587776306
-0.04686152247593206,0.21274479890479656,-1.402000547666467,-0.5947847703941291,0.2118210053471394
0.29914766239114593,-1.3700075828058655,0.6016390780829127,1.4494734913234084,-0.8036618411926355
-0.2762014218294115,0.39994032221619397,-1.2763392566228928,0.12617121061740796,-0.4755554516208986
-0.17428640320116429,-2.4477847103118404,1.0475489571493317,-0.40974989682852225,-0.2732216246709232
2.318515693433585,1.1997892706948858,1.8883054986997232,-0.33550900315307625,-1.5014008118335478
-1.757244007473939,0.5039652267306715,-0.06294856725909825,0.5258531643319023,0.6255427742805222
0.4400929028509561,0.502077218522713,3.297778127409631,-0.47079853405750144,-0.5912106678276844
0.7957109315877626,-2.6763566585965077,-0.14025291010076074,-1.0821227208676008,-0.568832828039164
0.5735548150086611,-1.488110750937695,1.296368309876125,0.45856146988127,3.084538201049797
-1.368820649533959,-0.19238303643086793,-2.1754947875712602,-0.11851615285997608,-0.46822181762393195
0.5172400192941116,-0.9183494754486655,-0.9893191918602419,0.7312116787768146,0.1374284843647827
-0.025954751037499793,0.7847476465141197,-0.9311792530507956,-0.20855577003638254,1.3951906121661126
0.9639501168161231,0.08349181035068677,-1.3873820924948288,2.092699055215244,-0.03362676257945149
-1.0423848148854298,-0.5470087125404937,0.2505154458948663,0.25490699407907635,1.1178656639995108
0.8737099635406219,1.7960111228165787,-0.7265651339568253,1.4931982780497164,1.1817213835268605
1.925806977092777,-0.29419318930148747,-0.1300314170534249,1.1405848868394775,-0.130362963603985
1.2899707068889776,1.120420174744996,-0.35911136202466754,-0.9785882411097176,-2.0525894810058762
1.2587813765745337,-0.37334099031742063,-1.5949566737341223,0.5003415342511996,0.46994815499261233
0.5053513204319144,-0.3557291003476795,-0.02560019191434577,0.6312649758912391,-0.9095953483426461
0.06879381276892767,-0.06371582967085204,-0.4207468822219961,0.843242279221293,-0.04114417172493533
0.1684100289224489,1.6485087336996591,-2.2629396913623894,-0.20538110470266793,-0.0456784639058441
-0.8887676939110619,0.021671918660943344,-0.033540710829289715,-0.6785357001386507,0.30761982878724176
0.02346047010482051,-0.6577854572127215,0.29032918402675056,-0.3456384828395969,-0.2641373357222292
-0.9160174168958438,-0.2903672815236364,-1.3544726730536265,-0.4715222696317133,-1.0477620592928119
-0.4817006934847266,0.4743827804208229,0.05696704089920239,-0.6738567763140355,0.23030104554542377
-0.9268533095845295,2.191682384460878,-1.1394119252121069,-0.9899464080961363,-0.293056503692478
0.7843069430769362,-0.30658393713243154,1.3479786057509913,0.6391464846036232,0.7032523174572622
0.0029760448755292335,-0.8252949607376455,0.9226293263616122,0.28359020387237005,-1.1884423040645642
0.9407310033606925,1.2133866419343833,0.2903000235531126,1.1458613839535527,0.7862476943508206
-0.41302526214351093,1.026817679715147,1.4360096697789488,-0.8016100793127016,-0.6564230668843907
-0.322498490057653,0.170560283800621,0.2789046013188129,-1.4867396867816172,0.9263058738654044
-0.43490095429190445,-0.5819192069538709,1.1228254347814848,-0.459603592982852,0.0011231529156684418
0.1426035612207154,-0.9154395962757111,-0.3852398532957309,0.9090578708225883,-0.9527315993796178
-0.18409730552965223,-2.0511873611807827,-0.36998347735324955,0.5419006336432426,-0.14039839116358427
1.8454889400623278,0.83982934495336,-1.4247479020983684,0.0748379633667852,-1.684411157941951
-0.6825459335498182,0.7717365019209312,-1.537012013504908,0.351500816783973,-0.8228277364090829
0.7418447674310512,-0.5104914017160057,-0.40514965688164734,-0.589483839434378,-0.8086100401923169
-1.600202972608469,0.07831232642157279,-0.25633807482508286,-0.712970729585978,0.27534202582529477
-0.6885718708677886,2.1429884527675918,-1.4969718121269695,-1.0919448427295306,-0.28456948633593215
-0.7495284157143571,0.8337210838442382,-1.3679952087797898,0.6424042886554587,0.28123763956585246
0.4124838488266074,-0.3956486627530387,0.16149660702080695,-0.7586740718442335,-0.49384777305102945
1.95830064642535,-0.10296557029125294,1.7040966319372148,1.0781613002502521,-1.9383269752294046
0.20834543105248438,0.27011436259861277,-1.2149673629345152,-1.057406354879527,0.0190682626897273
-0.8802308454307431,-0.25583259091668886,0.8776442498565069,-0.5408496846362204,-0.8841772025121315
-0.27160144644679224,-0.11684361800598765,-0.4880586401254481,-0.6279079674946602,-0.08467803279752341
-0.894698401916548,0.9776466136794432,-0.23188188379965174,-0.18839624267200003,-1.313424977515742
0.06809809358437437,-0.9174098675534097,0.6599177622188535,-0.5371519318124964,0.41331829987790664
-2.637371702729501,-0.4756169817198733,-1.0151671855714013,0.9172158693014647,-0.5021387817087486
0.2721274894338792,-1.111594931864775,1.4635812838122628,0.4227918520228683,-2.9437985338343506
1.204771350912652,-0.1828437086565078,-0.31642549380684615,1.2617163056107334,-0.772499454506207
-1.6184590680464945,-0.4181465418856471,0.002238640786953549,-0.8728747360212992,-1.057955791001255
0.13827424450145637,-0.19575522975629445,-0.3141909844755482,-0.5531259226735316,-0.3695477570742139
0.17862778665106194,-1.4381647933476225,-0.01668128853266563,1.4633237014868186,-0.7028402894167459
0.9306280378798863,-0.21862761232056552,0.5137566406062939,1.6399218847784756,0.2595585656912835
-0.14815516154512653,1.321260786345546,0.8553629688546179,0.8881984742763787,0.93110109285209
-1.833826193419218,-0.9843218436512967,-0.9901355763272682,-0.3324520713193138,-0.27471556847344664
-0.9754332695671093,-0.1607745344871483,1.643793828566475,-2.857104556409995,0.25046009220106624
-0.16690234740048318,0.6069892104727773,-0.08228506756463139,-1.0242873616487413,0.11625523508075826
0.4239910310445125,0.3588676758032501,0.9900084810174844,-0.8791571312443699,-0.5740367959755951
0.710693950849523,-0.03577426389047613,0.20898982851103892,0.16052180478306247,0.5507493331657933
-0.4948603367858249,1.3129596709167997,-0.06175901242698296,1.1017226749462454,-0.40669567977909465
0.76158187119882,0.2834037848643937,-1.649749749753515,-0.6937215594354902,-0.316530748562615
-0.1539406544669364,0.21681060912794017,-0.16276733274627472,1.3130537909704616,-2.0045739725136813
-1.0523592881743289,-0.33794691989923586,-0.04529220677609975,1.143671423134426,0.26499355411075515
1.7687140749733767,0.5802692777401651,0.09853235249870862,0.11328667334065612,-0.5136658420079294
-0.6768713801348571,0.7432005162444864,1.0865170446515995,-0.4386391601082826,-2.64885421531284
0.7087805937385038,-0.6458653341596293,-0.367218889033832,-1.4589453573610849,1.2972472384234635
1.1571478083179814,-0.010407178458268064,-1.0062295639367744,-0.7138589404336582,0.5393500114248948
0.49341133448413116,1.1382789633704973,-0.8712091464066719,0.7320129369963809,-0.4309298628591804
-0.517346932498708,-0.42849029434268626,1.3097287382599492,0.25273710206948335,0.041509877230646065
-1.1246957157906228,0.7967167947890493,0.17806254159059257,-1.0157317303067925,1.538427777740177
-0.28202212030179485,-0.0868085896299123,1.0408048044136338,-0.8757662559415338,-0.14388877130566102
2.1387165978292586,-0.8267115568319243,0.14996068211679572,-0.44210335488198554,0.625729246917269
-0.9002514356488982,-0.031625632705449894,-2.1196899108720237,-0.578517897231015,0.2316432762761714
1.5553549052524813,-0.32824178985648644,-0.3530389115173954,-1.9358286283605428,0.1815881669287365
0.27574834513011126,0.6055791579668428,2.289659665079944,-0.05760615912162212,-0.718834727987421
1.0433297887805126,0.5590695890016923,-0.8338656110638094,-0.07980420384736199,0.08537884161972382
0.786075858922581,1.6314126358769823,-1.1700847929020104,-0.06482707045141489,0.3978501637154727
0.4289915232568874,0.325158715141978,1.0537552179027752,-0.975924769764983,0.049056179880132326
-0.9184221439998873,1.3935085509791711,-0.4370335439074451,1.075485722944588,-0.5507133162953464
0.4621478454436942,0.2543893752396349,1.303492095113632,-1.3182192537088087,-1.1419355906431907
0.022145535229567713,0.46569024643061774,0.35573349643165103,-0.1021455879523072,-0.9396652481582747
1.201665409046052,-0.41808372172022024,0.36663738906902765,-0.16405569455571528,-0.0727504726848928
-0.8912529516470259,-1.7699784631723927,-0.09121725303671505,-0.2740705416824409,-1.1381762781835472
-1.5737062624343288,-0.0848871165551836,1.1157967396547366,-1.2680520028075868,-0.17726967240562402
-0.038323011193802034,0.9094477669542359,-0.5943519082633619,1.9787343829220334,0.15875798952150422
-0.7688887009336061,1.3061221649039365,-0.2847684803397931,0.6070380087115507,0.438187410499698
-0.058508779561047095,-2.7205042966152675,1.6778734727577118,-0.7799813889441783,0.40663051803558736
-0.3902920500664738,0.8446187050878454,1.6949469383901548,1.3716636591406783,-1.8429490868944725
-0.6194945146686985,0.296388210784994,-0.9139508535414377,1.5816930829237068,-0.7054049639555349
-0.5177563354931266,1.175254682472618,0.5608370738378237,-1.6601532810209356,-0.25646709281095786
0.23536652320514356,0.6719096439953541,0.543463597672181,-0.6670294703649108,0.41004134145911003
0.48311788494848756,0.28788882554646145,-0.007945431414864437,-0.17486407790153327,-0.11779401294295237
1.0271088895801381,1.4378155539610338,0.2824719213335446,-0.6993851254859031,-0.7534582430239103
-0.19231242853521957,-1.1579312901503183,-1.7584283595676116,-0.3566606789717948,0.04613116795030244
0.10692343479095656,-1.1433546457423867,0.5239890534827875,-0.47613745254926004,-2.2068133837890196
0.7105262817760499,-0.9416009190918978,-0.6873792799721514,-1.452360992769543,1.123950969780148
0.915084732644422,0.32566734390998764,-0.6378567331525516,-0.9469761253045322,0.44933578035226285
-0.6153217741755773,-0.9119528013433678,1.3346115156650191,-0.7106372115963793,0.07267766822635777
-2.1614380683038243,1.8634772899744787,0.24269407785522762,-0.731274394658997,0.02578529427578226
0.42979484681404345,-1.9194276005959114,-1.6224633811214884,-0.9861032138058934,0.8682630008529415
1.0575907111396754,0.347866076718188,0.2652876589918447,0.2192029228862023,0.20226724981308927
-0.17718126222473143,-0.42338563717059335,1.8616186106038715,-1.222204835415106,0.13432223203414756
-1.0946504234368784,-1.6832853128031249,-0.47437985869559096,0.29950518654985636,-1.8065486424016652
1.067330389259677,-1.2620829458192961,-0.4450482583146732,0.6875017262932684,0.2798317048956764
-1.5156148946773607,-1.1661257481809502,-0.2849112756307632,0.15370768281537922,-1.1662479565763113
-1.0620851422143478,1.1292168328315735,0.012886420536525662,1.9054262336950756,0.07385857479859892
1.4276758524198987,-0.16201155647585017,-1.5462778786176603,0.2518399100665804,1.8709939635180912
0.24736950951672243,0.010653177825954764,-0.9984280638934254,1.4354363046588823,-1.0614916190587398
1.1247629829355184,1.0738347331378137,0.6685163323573758,0.09951865164125294,0.8535057117769139
-0.10603577569793411,-0.7274829326304666,0.16629201123868673,-0.1814592637473185,-0.8903809378665002
0.6896087331346081,0.8347439579032281,-1.106160520787566,1.1610340010139244,0.11751354035874736
0.5810805858474811,1.3138265176219368,-0.14885390009902366,0.27883038820661954,-1.3325900611394352
-0.10876222537998613,0.11699463346646004,-0.2589768459104318,-0.11735863027793582,-0.015819272180116105
0.47338969051986163,1.2470881574676012,-0.2515735152703506,-0.02818022154358168,0.051588936055739686
-1.3535156863839017,-0.5397209024324474,-0.18828797253119753,-0.2978693405110922,0.27272601081850695
1.1090938244907118,-1.8172079523009914,1.2609971897888035,0.5868559733371772,0.47509511181692765
-1.043899745333919,-1.1994188581417007,-1.3421943802177478,0.5164120533245627,0.3070247913002205
-1.3993778313146006,-1.910743891139716,2.2583492960509113,-0.6310743464177339,-0.05081402815993953
-1.2064854265400553,0.7523331032798813,-1.166790178170274,0.018723948033623664,0.255727836923947
-1.6044262722195568,-0.41828598207802903,-0.13164244216517998,0.4819347688261655,-0.8912938209279967
-1.7101490560897286,0.7242997774205409,0.05241590572861965,0.16110513326945808,0.9723275860518155
-0.7713285816478892,0.5705992574347868,0.20522368554726533,-0.813665853280426,0.06643113391608957
0.38725286160072686,-0.6149356882696823,-0.4498464032892993,0.1434481407258875,-0.3352242739261944
-1.3360166025491516,-0.17926330056113673,-0.5320515850321099,-1.7526885340522842,-0.3461057548587209
1.467353986703637,1.6981585671127364,-0.7478242461277158,-0.24018574367155926,-0.3941404937907073
-2.5140316039615014,0.551893014693299,-1.1064708359841262,-0.24041741552582396,0.13145726621187362
0.32519212209392445,1.0631429061938005,-1.057070611540581,0.029704609866268338,-1.9724045999920674
0.1374205770857946,-0.29203927579532224,0.8269822121350398,-1.2457616330017984,1.0511424998095225
-1.1214574041794754,1.9274342088421452,0.7046740898982154,-0.11477518033042622,-1.467488386926956
-1.2014145930021132,1.0136744349363969,1.1544616336595215,0.19065016202482876,-0.12944928857289817
-0.044433822231238214,0.5387379688803962,-0.33806507935945734,0.8700058854759245,0.7493449723131731
3.3883379866138283,0.2666706212004774,0.26973111197495364,-1.2813383359312458,0.1923902166990858
-1.8685221835982007,-0.2177370624282861,1.6956049951881673,-1.0453895357513363,0.9567271287957566
-0.3475674900342181,0.776271372869616,0.0648466720980948,0.6222677035100936,0.43663719520247835
-0.4288064147649975,-1.4011392955508342,-1.3755229318807878,-0.5073646937120142,0.2626121865983804
-0.33282851961854504,-0.3435991429876313,-1.3663752285034614,2.583114805830165,0.05463054834634788
-0.11984489238220468,-0.45436500507774497,0.5872723810643292,1.801138313876993,-1.5595550588151001
-0.16492276723134863,-1.5292406291927394,1.0563144889293061,0.7895433145926966,-0.12834636537598598
0.49754563809030483,0.4790436913073627,0.2965953160346038,-0.3484928138056231,-0.036602871208819915
0.06647586438733917,-1.050406066498672,1.133163790547862,0.6239075264429399,0.47007748106356395
1.0497729959129236,1.3829807477293234,-1.1938898456512164,-1.20982827391254,0.48979770291657204
0.3543201285720783,-1.0407915411388047,1.2664371185076673,-0.21680530215341282,0.4109789999534737
-0.19736885349414607,-1.1855416469600257,0.3749380887248914,-0.7360504489850066,2.1559914061262484
-0.9640364851952546,1.0709648797892815,0.5090494318668317,0.32544063363842685,0.7018388305063886
0.2790625838890337,-0.23121373889000388,1.268627120181471,-0.45558053212881766,-1.162175860353581
-0.8280829507705664,0.8713229936930826,-1.2210236544123487,-0.9463283719526931,-1.6934159655683267
0.7021512967867228,1.085979264726505,0.9437610148408762,-0.5694981433498961,0.34653860331261116
-1.1162409916282097,-0.47504819864448394,-1.6381551152389933,0.6894987049807304,0.862723512784361
0.1308550833969425,-0.9350347256539912,-0.2264150438513003,0.2178962181662876,-1.3147056751906707
-2.115886114362368,1.0882320465044628,0.7719935247423695,-0.3323316774022234,0.6874463111179869
-1.0748603532522538,0.4139054373173342,-0.6130609707435315,-0.2521546646992065,-0.06389847323748991
-0.9075093655554192,1.6933326233198678,0.6119129846067618,0.6898900481038092,-2.1750192662437806
-0.21014481613273966,0.23670213310944144,-0.26479597761375373,1.2193326293357947,0.039065758648294896
-0.7602229362287993,0.9609100931346791,0.32262533689711675,-1.3873900559023615,-0.09668049475897954
-1.2962619832118987,0.95464474330314,-1.3685594510849408,0.9714785343939796,-0.6996263225609968
-0.6958555270512031,-0.4284302573863392,1.2786996883248487,0.31869968980878893,2.404432386243083
0.826624368907262,0.36566246667259783,-0.5912594908023917,-0.0882751162758648,0.09358409899453553
0.7203455344785882,-0.10909993179306353,1.3116871768964609,0.9867529027579619,0.46432315225695636
0.7837503746817528,-1.0181885346800776,2.1547066237151387,1.465631694111941,-0.08557713286701106
-2.305291504112035,0.7603715805671142,0.07165818593966239,-0.1277615637890399,-0.9599024941183323
-1.7278196588985477,-0.25793219454289523,1.8533144025236967,-0.16056466728284666,-0.08987947408871362
0.024441925460192408,1.4455872715151619,0.3317048398062231,1.0977140139906292,-0.6228166499370655
1.3551643909652498,1.4849535161927183,-1.4103237055940627,-0.498270458315301,0.8963575686990961
-1.4997249496481595,2.4605029321369654,0.7229546686479836,-0.4453043255072174,1.2230988324475596
-0.7632466375984648,-0.9872234703547146,0.36637638290936486,-0.043990015203338,0.895633949113264
-1.294625736638522,-0.5557392289031745,0.30390164237185846,-1.073689233858693,-1.2151572215852622
-0.3732543703227269,-1.6921471159335464,-0.00034460622527123695,0.70738026463612,-0.8270523956351054
-1.323341482763527,1.291267459875533,-1.294234564256777,-0.14860633036068818,0.34249680739824084
-0.11471364085680594,-0.8515834412768667,-0.4133962622396336,-0.4323881868131484,0.322509402519117
-1.5262145735348673,-0.7559452610196966,-0.2594176713327183,0.980186382092447,-0.1828278649544131
-0.1904326915035686,1.2012878550945705,0.7259991666139962,-0.16964312626212452,-0.3559971419505285
-0.6913516294139865,0.5980438060306748,0.3476152854494658,0.8646676866060133,0.16896666611215722
0.11695352934416586,-0.06501573732394096,-0.13588909636919552,-0.6114941130148298,-0.8065883390134726
0.8188755225772307,-0.21812992215334379,1.3977416268820941,0.03011494785118199,0.6344181373661569
0.024458234166715567,-0.010767713412571333,-0.15423251387051534,-0.6095299703074463,-1.4737049306787897
0.9153758874223005,2.5516224605674322,0.24988950758548908,0.2658557091052212,-0.7815082498737718
0.0674218273316645,1.3442002246737108,-0.06350782646462871,-0.709583326934956,-1.7151826905769392
0.9350994341372302,-1.5910545074988867,-2.0511425002039547,-0.1574675193301466,-0.678533684472966
1.953311606680236,-1.7371803097567997,0.39955710208894796,-0.16665280651135475,-1.192740825002751
-0.17865709017641504,-0.3829535405668652,-1.3800155665167761,0.80934071798679,0.6969874495485461
-0.8176621957096584,-0.3341971526340116,0.5093680416845925,0.6737720101391458,0.5980195847641533
-0.6651185226520027,0.5076681383989817,0.9913240759650012,0.35308952152208545,1.530733276025341
1.9411730426427687,-0.435679751097578,1.5699230364370136,0.38443160275437144,-0.05503674201580315
-0.3059053693194948,0.1952323443240198,1.4772990002758992,-0.25068871163394923,-0.9984863907941562
1.5435053064762543,0.5770904656952955,-0.8308432793568519,-0.26585067850159416,-0.1506651147112693
1.0699300218567729,1.9813626501228618,-0.5104860408244957,-1.821295453505252,-0.49016360651221086
0.7843974962369196,0.14247329292774616,0.1373259015471285,1.9322494546218996,-1.3448180029048478
0.021669478116666748,0.1947593383428189,2.39867906412588,-0.38205227101620964,1.0250795174660068
-1.5288652751999252,0.7182123581958435,-0.4816198941027092,-0.056487153951579605,-2.8927771703515983
0.9984381200344349,1.310917549881828,-0.15700976145306028,-2.026296437840111,0.1097526635185298
0.5288743330312444,1.1694871419168114,-0.1486760312620507,-1.7969119031766305,2.1786276441685968
-1.334504876820387,-1.2969468978487722,-1.4037978681386873,1.544957363026541,0.6707764178696367
1.6870005467049778,-0.9280292839177721,0.18684688363904248,-1.6909431998603897,1.626880916540221
2.386052904241104,1.3613295248523718,-0.9674724267916381,-1.4512004156780502,-0.6049307195541608
-0.20394295119648076,1.8808898004513281,1.0245795921188106,-0.0006745510134068589,-0.763623705283377
0.6463568913518914,-0.29663099019389844,-0.3493056669927361,0.47588146839036266,-1.0734905741341616
-0.5784213456152738,-1.3458287558747486,0.702271784296676,-0.07696942588536518,2.5102829010942656
-0.4564746577333105,-2.155576819222291,0.91550239260428,0.5143147866979425,-0.7548566203225633
-0.8640976952453682,1.4867690606874093,0.11727790595995587,-1.1254266151968084,-0.28749141967302755
-0.3577185793800402,0.5942384682714954,-1.2672776926572036,-0.0623005513694242,1.3630814373545974
0.7593991287574136,0.009935624673111154,-0.938738979528066,-0.6002039800975433,0.7250027446420377
0.5028177750532181,-1.386045392613532,0.4684170576450533,-0.5879458215325655,-2.3902029662710365
0.2979296269471123,-1.3997405114068429,2.6170388308501837,0.8593428665339745,0.6407767029237215
1.155825012445492,0.027814196361687405,-1.2901523730139712,0.5441296468013452,0.2276745250819682
0.07136713575307457,1.612885504737451,-0.43239317823248036,-1.082888203544689,-0.40144838490689366
0.9885158022028319,-0.47533328001321135,0.6657555436601048,-0.7245012304865113,-0.34602210714783505
0.6554180630231757,-1.1622095155890264,0.4752883032024735,-0.09558285388965426,-1.6295463084385977
0.07667418574035902,0.5651091138989909,-1.2400342165446148,0.01972794777723807,0.4991882459551074
-1.0855733846029285,0.5697205108665772,0.6119813948255169,0.11005714622386893,1.4942226332974575
0.35053436698456336,0.39244592991046556,-0.07586399071715383,0.6233897140748778,-0.392966127858304
0.6453395747751247,1.215765270263955,0.056224688772643035,0.9118344317404302,0.5158359844200068
-0.7738350720035031,-0.013332277685794503,0.6285273520829516,0.07215994572575594,0.06855009992913001
-1.4242108585641626,0.4851250030050206,0.07977489910644393,0.4496498816863031,-0.9007132617450445
-0.0891141943273073,1.3359696509189147,0.14554242733115721,-0.773155471348796,-0.5606506919928347
-1.656248733281083,0.09896251880884002,-0.30453418855226094,0.8292077673253461,-1.86843513366971
-0.4783216691771376,2.124672133802946,-0.24592633678282863,-0.007283533634934861,0.06371782498349779
1.4791928253224713,0.6211495660192797,0.7848697543127361,0.49705885668750205,-1.1488209103220426
-0.43132670762957676,-0.5168104343191579,-0.5476854651707683,1.409721194471514,1.186645568910655
-1.4360240282877175,-0.6470055128292088,0.6121989846768012,0.7179025019670143,-0.15894213750341415
0.21104929025273123,1.5540488358605697,0.7641280210668648,0.05400882952989786,2.094333501268792
0.8182804314532911,0.3144585442910841,-0.06783580360676228,-0.32745741636417325,-0.6319819956437303
1.078922038762158,1.8130500441703068,0.8793876427474295,-0.11182112935893251,-0.1045580278383675
1.4979860400706038,-0.2284572843349869,-1.0020632712753543,-1.427945659192934,-0.8112641513740075
-1.5734325906433237,-0.07300961848174715,-0.3114687503564324,0.33887472441641986,-0.23868540072185365
0.582850940092141,0.6614703459739417,-1.0113297573444588,0.1594127808142731,-0.047589556320183225
-1.2397275990360939,1.5911278305177166,-1.3686897136766343,0.25288886783169795,-0.1331541227650215
-1.1447334954939192,1.3709606006580681,-0.0047067045879809555,-2.274203978882067,0.9119996785092843
-0.21941393032076842,1.1443724743194803,-0.7759740514462129,-1.636244335994689,0.6632320307325283
2.0130903050264517,1.938028352081128,0.4525828205336811,-0.2441307097099885,0.5602713756020341
0.8070069870595207,0.5027869839713789,1.2583416027058396,-1.2023486539202974,-0.11734921842248454
-0.7748779823166582,0.9228426528960781,-0.08412461397851057,-1.1072210921219274,1.1043921027529244
1.2778504282822458,0.8859954328693879,-1.618754911672673,0.22341163578577397,0.615352042174294
1.08426611248547,1.0967760352006977,0.2029816776097967,-0.007016144283327083,0.21754162502562116
0.8701595526345353,0.43765672987134496,0.057419115398448815,1.0288936242026634,0.7402849389959056
0.5902348296921234,-0.5240789388310049,0.08740580949363222,0.13610945597604235,-0.08944420846480018
0.9013733461921762,-1.7151914178958394,-0.11798065692008917,0.13686716521499726,0.1373275989018491
0.7660759951419955,0.33924907667527365,-0.9137895983100922,1.625045725606488,0.19602589387667832
-0.16799470158871202,-0.2734075104936593,1.298947405034271,0.7169922140668044,-0.9927459968649623
1.609215591767285,-0.9667443196957829,0.5362815560897366,0.3931262227370132,-0.5913783559906899
-0.27588022076936247,-0.41737461635337575,-1.0983347992498007,0.8445155840230061,-0.41345982737920495
-1.6895377320047678,0.8904510408439393,-1.336844953497943,0.12640429837462158,-0.2286913379628806
2.710326327736688,1.650291015477319,0.07611451987183318,-0.9503954145052208,-2.059926827688693
0.21067440340780522,-0.5149196998369069,1.1873644872436135,-0.25929347765562144,2.525462731022782
0.07816169052827121,-0.7092565180729788,-0.49179412973678627,-0.4287114037404556,-0.4162733846843098
0.030755782002325052,0.8080266749161094,0.8053348407116939,1.5572068316488819,1.289936951297952
-0.17153120824483348,-0.8381721379409127,1.6346203491229114,0.12153374897494879,-1.070291413447092
0.8267781651156026,0.40703139619574014,0.6379007211914578,0.7169037403962328,-0.5559095273045882
0.024303057082008164,2.1607992866768435,-1.4409733874279524,-2.457378608879129,0.6779757966790704
-0.7601351068559489,1.1831567851756795,0.334923309337539,0.7539338444015237,0.8973261826701873
-0.021271442993277264,-2.192144566737249,0.2559741036748184,-0.5783484139768573,-0.06478373462853357
-0.30116205911120647,0.1688516635959629,1.3878181311651296,1.1670400235511855,1.2165282432668643
-0.376371030181972,1.2104351712404045,-1.1845233930441144,0.3479523483906999,0.937299298337637
-0.3584054951697762,-0.5201036442435454,-0.6745929493204058,-1.8517633811193124,1.2260440400075094
1.9672208138779017,-1.286641530276613,0.44591458894647856,0.08419585249085926,1.1374639558904929
1.3668176616867431,-0.576124011106587,0.4743511760474854,-0.034601166631540274,-1.1278637994336054
0.2095091729431907,1.3064888684852063,-0.5996903783093916,-0.2221621216620974,-1.3727416958406302
1.0451246192585648,-1.6919472545371876,0.6203977142696808,0.8802824061851908,0.8643591662913088
0.09099608486695727,-0.08765194147444696,-2.782322342407748,0.06812562507440138,0.1105360369171086
1.389145288434408,-0.07008778935323734,-0.914470943352453,1.3959865324421454,1.8207797025677819
-1.0057956712734695,-0.4421525115810325,-1.4596406919208857,0.5324175515944483,0.006932134433280094
0.6379863049465767,0.5361547513840027,0.0491277591024427,0.08859983122170013,0.5656304849997668
-0.6300324675863206,0.8554637355220363,-0.43445565223572646,1.4192775691503876,-0.517735809966742
1.096463168201726,-0.48509664063645724,-0.29757993572577546,0.591572516570372,0.793920517445803
-0.8283872894990619,1.4477380458743068,-1.5135668325749205,-0.5607587970086901,0.6822299822088279
-1.7681402696255548,0.2305505373141708,-0.5754015139203184,-0.9037047630088765,0.4569628742098398
-0.3825147525060096,1.8467378771274638,1.9948017775743685,-1.7774099290253806,0.9842334031719973
0.055685285567519935,1.1059198151744205,0.5661087960376571,1.5156200411383025,0.4011139699980741
0.0362871010945145,0.46474170099718703,0.7789893415815502,0.4600198446539367,-1.3974016581695352
0.13894196533801637,0.3127869072998002,-0.07437567343338657,-0.16303198235066385,-0.8508358419195045
-0.9150060723056186,0.09458912273245622,-1.8594977086851547,0.03160973873508269,-1.0862902632920215
0.39447711675521235,0.15544473091945213,1.8249124679515627,1.6110370590298593,-0.6666137898823445
0.12422296699073086,-2.3346337390189995,-0.17271320935997964,-0.30696392739457584,0.8797967657506078
-0.8855552816651808,0.5052337919138629,-1.2097969463718776,1.0508109999908346,-0.9155995744481507
-1.041897590512051,0.7368069518056783,-1.0113903973542622,2.431082027660535,1.3808213889211103
-1.0806855396886579,0.34779316209962297,1.3659009465027043,-1.3843104715524972,-0.7515438158704574
-0.24175972022389702,-0.4628426511709196,0.9648453036070633,-0.4810331919737933,-0.2946561992546783
1.0389107456427458,-0.8579301488951165,-1.531854739200741,0.33520157790075494,0.5640211029517737
-0.7534229675718025,0.5935961729061117,1.0705064442273664,0.3641722063129719,-0.7522591008976808
-0.16419775618531943,-1.8276114671622892,0.5106004099893479,-0.3741305521344025,0.3472695212158853
-0.10347041421547089,-0.9319334306047636,2.0457157853567893,0.8401962178987437,-1.3577784025508801
0.4521310481696572,1.0386552755282372,-0.6784303436066395,0.1932936884974821,-1.4879197290070507
-1.1750303506811128,-1.1843973748935595,-0.4033955418298489,1.8433420366686812,0.9611718338978943
-0.10446614211691978,0.17918625319896317,0.038140411842272036,-0.3165725425009414,-1.4669376283083624
-0.45029814596890005,-1.1131356879473016,-1.4314956083130912,-1.254533146603306,0.5872359080170517
-0.2851243830188049,-0.8384200476735191,1.294448217733799,0.824936612222504,0.7193725124732574
2.076144754442261,0.10512356425088935,-0.1693700926713281,-0.7469609520635371,-1.8401203926437193
-0.606562366004995,-0.05519221543547918,-0.5805101486108851,1.3558367615653761,-0.08290030228356872
-1.9892450224499552,0.10994841707247659,-0.4008122265671158,-1.999738882509286,1.6923566335706162
1.9741077419684785,1.044309511440467,0.07135083237248543,-1.2484446274503167,0.3121245370967613
-1.4700715914167282,0.6301539088377641,-0.23283638008983626,0.8921746920218047,-0.05558209209265384
0.8578611489919541,-0.8631074619134301,-0.28255408677866883,-1.3444466342351171,-0.4140430610350589
-1.1642760394415972,-0.5215152674726404,-0.6333588621949682,0.17525177531060043,0.7918370157333434
-1.5022859709164649,-1.5997252476460713,-1.1680910683431698,0.1546012673386772,-1.5750789155074998
-0.268532376283401,-0.9580228507088852,0.9863614750908719,0.6228041101400404,0.6349025721658499
0.32721420386779126,0.7307086127180562,-0.5693152544744565,-0.7089098591734034,0.029006187896552873
0.7915203219238678,0.7257163920361088,-0.24023217188892368,-0.9059676778223349,-1.6916204498445886
1.6513614062391453,-0.6411698737942314,1.457792622835069,-1.178147933700152,-0.6960436136056495
-0.5311371087261926,0.7549906433911686,0.202648297885847,-0.018095380295714586,0.2000266358891939
0.8639440575104093,-2.717746453912495,0.2474320874547261,-0.43702846904072384,0.865090451369123
-0.4374056281000883,-1.5001425081531845,0.11451366926481894,-0.11911681398864139,-0.3760807494727465
0.018022170106608705,-0.8170490543723327,0.5155637248516586,1.6545640564936597,0.015075296524302853
0.6577724896869916,-1.3198698015069736,1.1318032622695513,0.9788725125279725,-0.07451686357280782
1.2827670138366436,1.531135521590374,-1.0821558688845216,-0.4361849937941641,0.7790118308230582
0.29749223175987827,-0.346752229891973,0.10867746912765205,-0.31462002818761925,-1.523901077296398
0.6397995385757793,0.5887889920142938,0.42803110710578746,0.7741323494867292,-0.8605539476211499
1.5021856600628218,1.0736823946478242,1.457921461089,-0.36037729283622877,1.1903823465735044
-2.1639822049640536,-1.2486646874732585,0.16109947457937876,1.6496315859905928,-1.2547524312012472
-0.6043153893664703,0.23901728250730214,0.21970770055544508,-0.9952488000621191,0.15920744033503745
-0.3322829770849414,-1.1564928724747656,-0.3501926813703453,0.0016750630454136358,0.7199833212647051
-1.452868567924162,-0.023735485569147407,0.9060168204776826,1.4354741731902956,-1.3169643234382427
0.9997505924850666,0.5993689680435824,-1.985038894667098,-0.8307153466680393,-1.2298786686753298
-0.07897572824767107,-1.1810859629600703,-1.2862476391803377,0.26835268543999413,0.003172411063147733
0.27804927879410696,0.0373062033908165,-0.9229573963757283,-1.696839638428858,-0.22507503785135674
0.8214109943074379,1.6212224177050014,1.0761018715506674,3.043410753086715,-1.259719346902827
-0.5665397270745103,-0.6841626457904841,-1.5329247288296362,1.4897820791063545,0.6858561478042347
-0.5911477266875601,1.7105347466367353,0.6890695354183435,-1.2766463307851736,1.1475935575793834
-0.6753840121526545,0.03757661746702873,0.11952786470468107,-1.042613564727304,-0.021430656907329704
0.341449191049861,-0.2348372498417256,0.8066112098875374,-1.3443310686750833,0.5749671661512157
0.4755457096655775,-2.7561429743858437,0.4546664909478612,0.5622167204622068,-1.4888451272923195
0.11679489118701795,0.1916158393022077,0.6398585256537997,-1.4600569326060946,-0.29505872329446375
0.8504970530800917,-1.002599703041152,0.40771537943035535,-0.9678313786981488,-1.59215862022307
0.216631629188017,1.116854023623264,0.2353511995290578,-0.3922074086106322,-0.5565064597733527
0.7452059271368294,0.25264664203063386,-0.6549698246554838,0.39108007045666326,2.0364182173849152
-2.6605426292932495,0.4797811779843676,0.08984439554384216,-0.30092515589640656,1.1282021089675862
-1.581080817969045,0.3762215714124745,0.796781757977622,-0.08046633566556348,0.8213374721375157
0.19270514548365378,0.8497921680055431,0.46123652393897574,0.0919399572584556,1.2694975020735888
-0.6106962189435874,0.08713724140379289,0.3845021485301407,-0.6345788749495715,-0.6005459094223113
-0.6932406191359264,-0.7674864963561446,-0.8844783501319547,0.04746588454536745,0.9587762421876229
-0.16229449811919772,0.21628356887786293,0.7487358039465267,-0.12232127873173838,0.524804381939165
-0.9556037120849876,0.1027375025419709,2.0274649950084846,1.512921301367334,1.2356603414333245
-0.01679249659990594,-0.12402343585511107,0.08866101135617611,-0.39939044190515555,0.27798891438247497
-0.04354172778220771,-0.649541492892978,1.2055383308235532,-1.3929375365085126,-0.3266406631283566
0.18444660704312027,1.2468901906261411,0.814310543026753,0.5478590712878686,0.9386291446839983
-0.9383891071195952,0.7698379652098577,1.5983473659415917,-0.11107421213481057,0.34812051993889714
-0.15501533977596132,-0.1159237063382073,2.3194106260398555,0.7678280025008505,0.07540767996502111
1.06023590103418,1.2195295973604783,0.4881248289534944,0.9947585520856475,-0.8760700155205745
-3.025128967344702,-1.5867941186603431,0.28220373073354194,-1.2209665059995876,0.59300179684747
0.8602462639107261,0.6663277801408999,1.15201899258509,0.3940068047267215,0.1753013462369592
-1.058475276018003,-0.8054783434025644,-1.2213381942792534,1.6077288334982691,-2.3360239534188536
-0.13068205946038042,-0.5504711385565876,-0.5685422357375937,-0.9310162474740791,0.803569346629558
0.480773633952859,-0.468566624249256,-0.7508378571883497,0.4353256188066605,-1.3422306550063274
0.1262755467100445,0.15391344420057548,0.9314997436142112,1.5220837073326468,-0.9366031346589326
-0.8523951188860361,0.4315510184993626,0.525570349660592,0.5403853239029085,-0.7041982670691557
1.1351590408520558,2.0060354578655715,-0.4681189686767362,1.9775938600376275,0.5894427126040169
-0.29069314558301756,0.5350194007089074,-0.5062969435071563,-0.4346607164280728,-1.3927914819358085
-0.39896770428112577,0.601441844074425,-0.09478611888328176,0.2150645608887262,0.5748742437534309
-0.4578502807652482,-0.00662533074690016,0.5138460499436979,-1.2325351797279593,0.038933031830284764
1.4588727324801185,-0.6219876074129251,-1.0323402249101896,2.270302472488832,-0.11729696377818809
-0.14558971438655735,0.777177515387124,1.0716155648454522,-0.8440867611375368,0.6902390974669484
0.5262981745000376,-1.131792096345304,1.657217311197048,0.8421996176662438,-1.0185756764681058
0.5885016393318387,0.8882106535036727,-1.7302703862750075,-1.0025196135786378,-1.398946063958607
-0.1786706970187534,-0.3494370003187895,-0.3505199835389234,-1.5757927990138931,-0.878389263262617
-1.0328300538048367,-0.866103490407804,-0.7966074462585537,-0.3132218872355385,0.026057804816622857
-0.11055600709394384,1.2007686917742366,0.32421105209769147,-0.3830591052449971,0.39156696539002334
-0.07810571907887218,0.09494333429042776,0.9178286071098382,-0.6243685163419522,0.2963604985268531
-0.4566828199508865,0.418461614207797,-0.33181735846290866,0.3330713145020072,-1.7142134052007363
0.06256129054898497,0.2998075100334018,-0.10021537691445347,-2.1648209664383096,0.5894701071615399
0.9930792482665625,0.12211397250546371,-0.914844368815672,1.2403721740593885,2.015635027654732
-0.23747966299947293,1.17443018943063,-0.20981703476923083,-0.381742473948295,0.7524518002282191
-0.18291402053083017,-0.6227610779033858,-2.258072180434087,-1.1953584175288283,-1.9013653475536916
2.61625676294791,1.5286838331983708,-0.8159134798845221,-1.2973422512661046,0.46132790845768934
0.19510266210512353,1.3131949666268443,-0.46383882983590996,0.6685251220270791,0.6898741270622178
-0.6493367404155129,-1.18067408307372,2.9051323027841147,1.3863547504881126,-0.055457228276494595
1.1281441173580367,0.31638337659996985,0.5806915210760644,1.5151334252224966,-0.03574268282852451
1.5890192324878374,-1.8174266629325453,0.3870558560646032,0.9576604259533658,-0.8697886041064447
0.6165695161108984,0.8965260680742374,0.36291458848112773,-1.662189145618388,-0.26923174889464324
0.13750585514768104,-0.11269008498496977,1.4004948361940015,0.19675131313671015,2.1910567287711054
-0.41922474163506057,-0.7762966017509219,-0.007477165089893785,-0.005115952045729801,-0.7020659153803362
-0.8345653629891857,0.6155673196463562,-0.09849819768246368,1.1775770828788181,-1.3522952077683283
-0.9080814744700256,-0.6405433323644251,-0.8071225009448112,0.8298235586930779,-0.2438313025170506
0.39942118938021803,0.41129399107277065,-1.1274487024465885,0.5511453111307434,0.2855139418784619
1.8759937041853243,0.26200255409850365,-1.2662999465757483,1.9377914195880501,2.136017487092102
-0.6385580740016477,0.9617213902978984,-0.8739418085003368,-0.7020247849725625,0.6612206735685886
0.41755421691763767,-0.4086948366558354,-0.29853403141625445,0.754677454217246,-0.4690090833747739
3.070246024470317,0.8076165151653475,-0.8004925870290336,-1.9893047742856609,-0.4755679065323917
0.8916792910952279,-0.7107336822906778,0.5548558769858818,0.09050429775383455,0.2428773214167116
-1.5282945773477046,1.3162701010477558,0.3377067280826484,-0.2986834326809851,1.2680855325586282
-0.1572682710706241,-1.633231133796458,0.4276000028584423,-0.18731248657331165,-1.439662212316448
-0.7761029092428428,0.6917424213403642,0.4167248897267454,0.493008609084555,-0.5820528757218439
-0.22835609784949226,0.5950535214976702,0.9117505871020335,0.6590913353376466,-0.48507152118049934
-1.1802012634585657,-0.179927213832396,0.73686623142893,-0.8243466961130463,-1.0610091988191754
0.31698995813538894,-0.16269585207993043,1.5186898448652884,-2.1723630358518027,-0.7173217316322198
-1.29614474319189,-0.5430339915957646,-0.28361516025151035,-0.3793340960185205,-0.4903557200023621
-1.4587244286042214,-1.7349472067014595,-0.13453677601864278,-0.8816378246828873,-1.4776977327159222
1.9069223689958834,-0.023871149487417666,-1.7710547115470372,0.9106807128210904,1.1070858589397061
-0.9142247372022276,0.8509521083494119,-0.6659355905206542,-0.9650732953292994,0.5434323739814533
1.2949793342188642,-1.5262741640933426,0.5309413296959508,-0.5882019680397981,2.043274102270093
-0.9386881312910889,1.1518015338627317,0.7411638751917471,0.7850417377404157,0.035731189318819793
-1.1183761958310123,-0.35611377890936324,0.5472732131329814,0.80404285773373,-0.3199366299813128
-1.7978193517374257,-1.0668844941312492,0.6434877555680488,-1.7974805531165285,-0.7355811333172533
-0.011414719759490329,1.285786106221245,0.7745024859988174,-1.9474230614227628,0.7656170918817296
0.7066400047740942,-0.5354624897532975,1.3485793608004335,-1.8881275589355226,-1.4717058428305605
-1.3593382515663697,0.8425700924979934,0.12143239198340255,0.7192185049450005,-0.47765222418083897
1.1713956230109803,1.4767911783915135,-1.26714434973604,-0.6610312885720202,-0.7425109265014549
2.133826616165924,0.6888285447624535,-0.7618224017177647,-1.3952800622949213,-1.125953155645471
1.0887796329848733,1.2190655744048713,2.0671747886585923,1.5411373121858758,0.9238689673308003
-0.4580498897005826,1.7197010258175411,-0.5395715643780368,0.7536936520603769,0.37696465045229227
1.0638186727181744,1.760193113033803,0.7662544539090523,-1.1233432801829981,1.7877622842749277
0.34988877151720604,0.13146518734050175,0.3842491855958802,1.2370565951073897,-0.0002883475251002896
1.0753962569393383,1.6985026526705063,0.8347127190400041,0.5232181068394178,-1.746741872195171
-0.4297786951880533,-0.822391893797512,-0.061700943732716125,0.47613832668631223,0.9208647685766268
-0.03735275143424234,0.9094047768126462,0.485224348383958,-0.2698308300175508,-0.7102579534061829
0.9180845808074181,0.7493893478385117,-1.1858655326390621,0.5152125968469693,0.148869999587493
-0.27309070973721283,0.5937791559216848,-0.619881085110043,-0.4832305665843683,-1.3161961089160665
0.14284562141127627,-1.1614464744880801,-0.6636076599756598,-1.3480199478099912,0.016144026460311028
0.7260104643402551,0.08487092478208326,-0.09373549526326412,0.029018277086557083,-0.03438350073328568
0.8487969715143974,2.2431664609220507,0.09671054263479899,1.3077663982440477,-0.9034762675809522
1.3448634627694338,-2.162366534856028,0.6672444247885597,-1.5986622399623396,-0.23538211987539137
0.05387028868287378,1.4092241437466801,1.2776267115911077,-0.5261880513582636,1.5507440413073441
-2.004071216574686,0.765715312216061,1.9028747208518635,-0.7650463945028871,0.473859769173951
0.06411074906620597,-1.2376751060789195,0.9222583716739252,0.9706204026638426,-0.6624412419912622
-0.8249550661801883,0.46631287615934885,-0.3029353751901023,-0.707173169746802,0.5965737486352457
0.8233541265415343,0.3754793966881169,0.445251159335264,-1.6569649011033762,0.08436620420956951
-1.2402729719028427,0.19372671351664805,2.3966069425212413,1.206744665052469,0.9052467174036
-1.5729921429276323,0.888636569848359,0.3122488805664034,-2.6865780308284455,-1.263773832491273
0.3501948104856258,1.9849031015762222,-0.36588952655805074,-0.5836979304410899,-1.7728594835443632
1.5542325651403102,-0.8344138123002708,-0.9629729572728071,-0.26231227202813845,-0.19791160404920666
0.5577137113305412,-1.248866261242509,-0.3786387374443783,0.40725829506968764,-0.13430980461242573
0.6410308120962452,-2.000965351496783,0.8537062714255325,-1.4686039573873269,0.6494416953897976
0.8607262512302561,1.9458026789778882,1.2486407538646278,-1.6727566062446662,1.8790032274746502
-0.6171980121906745,-0.5353070666865445,-1.3556459734481383,-0.4621989734539528,0.23043827647626525
1.2048368892949712,-0.6725305284762609,-0.8282847320623281,1.033561668072801,0.027880024693088493
-0.23921465489684832,1.3987527955235448,0.37326631202718447,1.0324350227359782,-1.579794171632393
2.0993534392591875,-0.6343288684396656,-0.2783609606786426,-0.5927287978215187,-1.6412726940285471
0.9993759125985563,-1.469717013536137,-0.12062179168084666,0.645064624776333,1.0095421699913192
-0.2575732143862245,-0.6804995324861911,-0.027435660580075065,0.769350023757486,0.9876610500168244
1.2741532643070528,0.7148783522915283,-0.6636889450262913,-0.4947690079242149,1.2075228426855242
0.7007625357993091,1.214926732861515,0.06781912793788565,-1.1803722171463162,-0.7705115387106913
0.8830013419127525,-0.5766675539657184,-0.697080762559109,-1.001138654071838,0.9543034071595866
-0.7701365030730792,-0.6802774005941448,-0.2191657366774161,0.9442021204270142,1.724642802469581
-0.5104788428415085,0.32332098302277523,-0.49783857675800064,-1.6004931649199576,-0.4782783049053725
2.2957030694812812,-2.0949796717048903,0.28418318463437237,0.6387137375285048,0.46284417414465046
0.503033282633957,-0.8951862610774514,-0.015118609745667061,0.9731883045206368,0.47944510522016104
-1.801270189304531,1.758984260025338,-0.49543772735798236,2.3648138616738392,-0.07254506014520838
0.15795310193498982,-1.2933747946775103,-1.3094873065801207,0.7011203143141849,-0.5541237503961551
1.8568497073190753,-1.1034064288093108,0.39569491036559196,-0.16423042304521365,-0.3599825056311132
0.5862095606134,0.7260127342331393,0.5963711269597429,-0.21305996527819415,0.30195245257139564
-0.6794006157576661,-0.0741112283915129,-0.2767451762001571,1.5185690003570418,-0.5453945046255222
-0.04610684023265021,-0.806321212598886,-1.8503118497256508,-0.22368581136371446,1.2780535784360887
0.5454900197566368,1.078458769990203,0.24032563249020816,0.4779796812232528,-0.5181834712489166
-1.8058852578155704,0.5043592506144637,-0.9446893073080392,-1.476579855874137,0.5792963778469824
-1.0185648938397582,-0.06401793567979566,0.7293006324281839,0.6332606392819654,0.5727477193076946
-1.3946017129445143,0.14920461818628875,1.305406925418764,0.27822477723588285,0.880652998609536
-0.7434691107095147,0.6084290565394475,-0.9389363463959782,-0.18073772659048076,-0.5410643171909796
-0.4304740118941963,-0.5072802886046448,0.4067189683630319,-2.1942976057369874,-0.3131980067322958
0.771996100013767,1.1139038317164707,0.3770429535573637,0.24221790447445146,-0.6315817952326187
-0.49846054246783855,0.9514947629520292,-0.5007173581582647,-0.44868850799424126,0.15225477234346452
0.9046909988219646,0.8377726344618739,-1.0012089673533617,-0.31438302109104727,1.70037940850721
-1.242085329978279,-0.05635903218411731,3.2464545880899967,-0.09278866662260986,0.8457190707053979
-0.0943967867635931,0.7075463700241599,-0.5614989100512694,-0.6177263743165359,-0.5900487936321138
0.07534061001224375,0.5517098515033997,0.7578640524157201,0.21911929173546454,-1.555505160497402
0.17601257926836056,-1.0354120967735094,-1.0448377168603322,-0.5888309535055347,-1.237009588173229
0.47505192374109634,-2.147723584123072,-0.5832041851292343,0.2155409592205083,0.5959792883467646
-0.11582537822739444,2.1589239143096903,0.14123076629561732,2.0782112829891926,-0.15269539768613824
-2.3783917062096824,-1.1967375060509398,-1.6713012507416591,0.732736298408149,-0.532943652149116
-0.8400133852925613,0.22105814583342656,0.3844487776953678,1.9156816746192915,-0.14754653608005455
0.3044589463145161,-1.1093033534437389,2.147691648922355,-0.5494016719441605,-0.16684811688616213
