0.731058803729393,2.330869798071903
1.146946142145469,0.22511912036405224
-0.3683584248668266,-0.11020364147010375
-1.8204767745825214,2.3271426398449218
0.40072122825237244,0.8751969622319195
-1.5289851645026942,-0.2923238399878174
-1.712694878512022,2.1418660154465954
1.6432354215311449,1.638615419604529
2.160016306482895,2.1769071386659355
-0.9417378188434811,0.5537324773274299
-1.4427125038415496,2.2182563167899776
-1.687921540891062,1.5956998755689198
-0.14188127685956953,1.7078476762419195
-1.91405498240371,2.76696751516738
0.38447107548625814,0.8852095752895743
0.39410078860171716,0.4127875020874554
0.7728702379628503,0.10371494862058483
1.922544490920853,1.0146640896283103
1.7701743616025625,0.11982461907035424
0.830536059411133,1.300806999375284
1.5499956447641745,-0.2599319769465591
1.0411029529750473,0.23040205307132056
0.8496566283530719,-0.47478406465043266
0.13309866024814365,-0.7941570208105362
-1.5812057889492714,1.7278769124228646
1.2989433886936879,1.6636109053050858
-0.5189274337282643,1.0511973686457199
0.29586006201068926,1.3388126996912741
-1.7105843307921695,0.007617053924103279
2.3237001375493977,-0.21149539237604054
1.408104299777476,0.23683693844796228
-1.4460736972167099,1.4959956716327691
3.4624202302514973,2.169541723327173
0.8363953980625503,0.9633040123207042
1.3259328741567766,0.19617124487817295
-0.3777300861143962,0.37338337684279943
-1.3972535195864462,0.5678413558546225
-2.472807116307732,1.736127148387209
0.9637809472058843,1.7882889757815763
1.4788517702709552,-1.5375236159421695
0.12699662042362636,1.0515678567292455
-0.7017993427014783,-0.19312888904844572
-0.15941325311454246,-2.009197364590706
2.3733387151363807,-1.5254712170505789
-1.1814850471903269,2.2239019291897613
0.2846825524894976,3.36449824627092
-1.6182289269773225,-0.5959316794196015
0.05364674521652457,1.6413875353317264
-0.6432040313250177,1.63707871734407
-0.6675494429847704,0.4169112643540944
1.7451421776705054,0.753876372510135
0.29444586579573273,-0.39156455091899245
2.551991432897866,0.4385509127552405
-1.6745346969278188,0.45606911155197916
1.280943752693358,0.8845730820155603
-2.1969462503142076,0.09302850304079302
0.8428432408069426,2.730644613773301
-0.29918751857974013,0.08775394575587891
2.1768616611187115,0.5795284909338293
0.5638076190198911,-0.18770548759312677
-0.21762679862423628,1.4664620801829924
1.4595435627470421,3.4643963613354196
-0.5445742197056969,0.7996231460430133
3.269121161985393,0.7279787023723602
-1.8914956789045392,0.5687577867430418
1.5730306067036337,-0.6915584182965568
1.5732481683675166,-0.034119448461685575
0.6092180733226111,-0.029319572038376762
-0.7510607898301602,1.5172193972813985
-1.3299239802753664,-0.9674600343926452
-1.200162042821228,0.7328080803730457
2.923316180071321,1.9094076409835585
1.0640862415091537,0.06457226242619007
-1.6439822055254614,1.8787966293055844
-0.4904024730925347,-2.0552772592951065
0.861796207858436,2.2123095842352525
1.821052138414144,0.22194265285549553
1.8024384641881657,0.19168154711690466
2.1151042610295256,-0.16138751940545326
-1.1185072911196947,1.9619372087939904
-0.47126077004514366,1.7026176680866922
-1.2974030919087698,0.37770753940348545
0.7391823633452708,0.6361622503662182
1.0406234719327594,3.028421860802178
2.0375788243993425,1.7646788379269127
0.8645032477213922,0.6515837596072878
1.4038974847209318,2.2341659667809886
-2.29530992350393,0.34788910380355453
1.5191544871396316,0.2415569266538976
-0.5025684993640598,2.7167427387448493
-0.7953324780935491,2.5968905473028765
-1.0455561179699826,4.259978634724783
1.3833342228531846,-2.1574083658441414
0.0322964970766193,1.6981266491408258
-0.7450874830905267,-0.4647412219068441
-0.6509103758843608,0.9095002007865006
0.6527181694554391,2.1257753660021157
-0.046772940659013496,2.770137315813141
1.2265792201907564,0.6644804130402187
1.5560405674067002,2.6299069609043513
