-2.8371961571413427,-7.740190281177992
3.2495323663812217,0.11975840057036802
-9.53206880714717,1.2267408072881576
-22.863870622572023,-9.59486725814623
4.702576737849135,2.727428359762789
9.117701492822855,-5.353786110033033
-0.0868542694386103,39.387330532709704
49.49295733914784,-25.993605323889156
-1.7305628264160027,17.99549506800447
25.66220559241878,-19.700188305413004
18.994464221653104,-3.225144810947649
-35.46276627734225,-8.851368936348237
15.710163762899008,-8.837522712924228
0.6846186861679437,-4.850992464588661
-2.5541728275709703,25.59160404454807
-0.11693784822918474,-13.200271677111925
-11.745255571923707,-3.241288054879565
21.590093806948087,2.341272547988247
-22.356752778720963,39.12337876680991
-0.8976796313741042,-15.64117172629815
-25.580611866162208,21.754911729961528
-44.88906352347075,40.92019004389219
-21.33146855136486,14.60212204765146
-6.906341311191232,-33.05018626120481
-4.953452958611129,-2.3956962889058273
27.081718366925422,11.026928249447739
-9.185440380677774,19.391842711136157
-28.485724427012908,8.6434591514837
19.887106425933172,-44.00326484985752
17.471811339292998,4.071922572867706
-25.757225100855145,-15.945954847911217
3.4789780223432194,-5.548981960984818
0.7223180733874042,-1.9188917371744272
-19.26578782058915,-22.913689985283487
23.210096818371355,23.348790655069937
4.606659121644882,-11.455789201601444
-31.67374394486727,4.179602201793615
20.07485352259972,-26.407179144895547
13.69344712704425,-36.78250052815939
-14.095414396086783,23.35807638233789
-3.822453319386029,0.3711983293650871
20.814164959617692,-2.567924890390441
19.44460306644812,9.30476576191094
-7.521407443367345,21.777129756126133
-2.31612987089787,28.55136089034627
2.7487574140186384,1.3464255901330486
-1.6781562819693108,-32.176708854174706
5.759855862014106,17.26014219906215
9.847984767344656,-32.29720897476267
-11.9311673215622,-14.199488740996626
-12.255887474956591,-12.658680960747287
-9.052697711391561,-41.02298171451937
4.874603018250102,-28.85719547223688
-9.413038857207898,18.12371118538666
-5.272581840870921,11.584806839461033
3.627663712029179,3.999953297731989
-18.551888137095666,22.360979047117635
16.089589909426856,-5.85284068651438
13.652881955342878,37.792913680200996
-22.78748421157531,4.2819173457481465
-9.150621036882708,-23.237337419292658
-24.01744318575453,10.765208489281633
-25.1919568200545,-4.982577136038553
10.404419654786423,8.235496872807213
-12.8092383712268,14.437785464546934
5.1578852416848235,24.497233334538688
-3.3972192483019583,26.62349818250705
9.440779649482373,3.951579824753061
-17.795009078470276,13.25811453824889
0.5628124049757315,20.870133784870042
-3.3821977503563576,-9.450336678872882
7.485344955983528,7.684559549327352
11.942016091877193,16.087278864394776
14.894718646052773,32.532638901077775
-7.700385149854527,0.13624059525474586
-23.88404036357298,12.633149206744264
-0.07602563992495748,6.837410906444809
-4.398478306873542,-18.75228148634917
19.1128442422675,2.341726026170633
11.207674142230042,26.465953361022564
9.695451042588656,23.68930303091827
15.402053730180253,24.50103402603263
-18.081831033461764,-14.774763923814653
-8.277164574058624,-2.560126631199676
3.2748123018524513,7.213555840602343
-21.50871363737887,7.148567656503671
-7.355984871568037,-14.857641368871045
-9.984621570812783,-2.3241311509323266
-7.146547600933699,8.129896774595426
-16.13830867003547,-22.880402867227357
0.6537873795516917,-6.671868142634529
-3.5067084061417946,-5.807027515450507
10.745951267750922,-9.33348278581611
-9.807642363851345,22.978254901918596
-6.569072688637862,7.127377034461562
-33.40045134193521,-20.26068517158247
-5.820231583093012,19.00262220732074
-36.51151331553099,8.53112385175592
1.5152902194672597,0.9892772365581397
2.7324667044708253,-30.270052361030057
