-0.17524617283850438,2.7646246603603095,0.7228270378202963,-1.0124781234008597,1.157520365968953
-1.428131951967182,-0.4837670971343857,1.163104842634704,-0.371755190353031,0.5344499207442063
-1.9903932358910945,-0.5188985385403978,0.08083140549423871,-0.18902441901582517,1.1424857848024694
0.5191223249733552,-0.3779741935988094,1.0716672159025182,1.1101386821646066,1.0913937837103478
0.9843686738365376,0.9582292209951081,-0.0428190496484732,-0.2193053263138399,0.19684876931194184
0.1911122548527011,1.7409474028946956,0.35932182061610146,0.8556987930229052,0.49297080578594077
-0.7672676036692568,-1.1743601408217001,-0.9215380694803122,-1.3329736747885763,-1.5277511859886155
-0.5419971908137422,1.1904825240795835,0.07300490448027737,-0.19811254767743938,-1.1689352207813997
0.31725017579267434,-0.19220751262219402,0.39479515431729195,-0.5329965600340142,0.8868080896755299
-0.6662836366236202,-0.36736724063281007,-0.3405130822431701,0.2903824646498054,-0.5943039107584517
0.32617762983727805,0.20822309138809136,-1.2969139243513033,-0.6615852102746874,1.454642553884016
1.7554913408756858,-0.43198667559685383,0.541808055553904,-1.114493034507996,1.7909009213512168
0.13963106862548177,0.8516034197609555,-0.46312905748370486,-0.13710089162968203,-1.9653354936519436
-0.39110051775527316,-1.8681071658230983,-0.9564326505641084,-1.8610501319172137,-1.4543888691054268
-1.5514196703222773,0.3525802560729887,-1.428021532393738,0.3392329106597765,-0.27535211056260717
-0.1214940880006242,0.5825916332249809,0.12463805105903157,2.0454044401918026,1.033310417132309
-0.33122982591822675,-0.009250006986180935,1.178775448308838,0.9033017009068751,0.9220060599343064
1.4026146166157787,0.7707446191820364,1.5671774071775963,2.4018098922627598,0.10406064410496409
1.817043467294596,1.5225751644939887,-1.802261786328522,-0.5527332737265883,0.11630010885949832
1.7226159459931392,-2.4685424445994286,-0.38127917748252266,-1.1978269894800644,-0.12152484586676991
-0.039512520781038264,-0.35403898477141504,0.17263444074573933,-1.4893342084906778,-0.19994708303319522
1.2540612456971327,-1.1311900256390428,0.4698677656688283,-1.8348129306919077,1.672140523891969
-0.46294325830915345,-0.9065328175953019,1.6312141141780743,-1.6950876144548455,-1.7219777623107413
1.2863595654416746,-0.3979907838161523,-2.365966347307418,1.2146691418555369,-1.2771079604996385
-2.0828498531258477,-0.3540139227688748,-0.3416129072080009,1.8411215705886819,-0.312326283934056
0.3748101467385447,-0.21253202871044385,-0.14319605755872444,1.9145097273760674,2.7801320106145035
-1.2384342945881102,-0.49005601258874915,-0.42374593487039325,-0.31435129984441684,0.46359735880693326
1.5450258110497965,0.622441597245963,-0.12196731530135119,0.05352595079552298,-2.1421708372297994
-2.8415191791110948,-1.6138194340713836,0.5454474065563206,-0.5200997253301668,0.8410635070517234
-0.31761665620187823,1.2221671776442407,-0.04476909413786706,0.03630615530242141,0.2457313795635805
0.6616326830226338,0.9321507778102174,-0.41686762028644964,-0.7585231471642423,-1.1664435272728035
-0.17280205259956066,-0.4622223256682972,-0.5936905239712331,-1.1597685837989367,0.3216827498478501
0.9525980951697258,-0.5551020730253656,1.1090628485620038,0.28235246750892207,1.0632050663591597
1.8227696216508154,-0.5104502734112829,0.0007364907132252435,-0.4751561385312345,0.3248303185221201
-2.9006222069125847,-0.21674491056665937,0.41383750816392806,0.358699702419721,0.019215774593750116
2.7309490677643433,-0.019636059349199736,-0.7859992922623626,1.5085859215951698,0.20686125542030825
1.2566262267393318,-2.238599281126288,0.25786725493005885,1.453503574479797,-1.3085787174771424
0.401635238157301,0.5783114566924954,0.9058898751828742,0.08121640574996113,-0.9663341000359191
1.5619255828661345,0.4031453962666816,1.3309252945479868,-0.7224630688309627,0.02759947585526496
-0.11861233062296553,-0.8284332822488535,0.6220252522955538,-0.17342937053435276,-0.8620564223133906
0.6153472137955861,-0.27454415288797734,0.13873952270606738,-0.8421085425182577,0.7205607985021393
-0.8709217925524506,0.21004053918414461,-0.6789290822097361,-2.3696914861988256,0.4065726260467516
-1.9764410045906118,0.7890345589458527,0.1969706400391561,0.3176811773238009,0.6252572860222573
0.7542767075718508,1.3497974086750588,-1.3222880615314205,1.4627129833362555,0.033399553796972216
-1.257692801438559,-1.7301007382791223,0.9429716171085666,2.414725032195197,-0.004123124956753771
-0.08885075412736143,1.884914483059141,-1.7477764945384853,-0.17349607566056002,-0.5168241007401391
0.3575068771108019,0.6334349826561624,1.0970350780109885,0.8783337205240854,1.1823190803197283
1.0506841823442095,-0.3185453804225403,1.6633636445619278,1.0213694057030216,-0.9303463297107455
-1.4384696582525807,-0.4416603087210782,0.035249768138862894,-0.021940736799754296,-1.0972652480732328
1.007662970461476,-0.1702093172643417,-0.8820235107158179,-1.6399812653566603,0.007892619505465874
0.4859083944137168,-0.49402081136293435,-0.3586545669168199,0.04050111746916585,0.5673107354001894
0.8630272021205706,-1.5334795202921838,-0.3449657235074583,-1.276538014298975,-1.8250747302739674
-1.081252036956864,1.2894104521141359,-0.08082042018081746,-1.7298838254768987,0.15747880949938417
-0.9918958026799415,1.1528992919414685,2.5107589932307546,1.3036833152223604,-0.5008169441956156
-0.4015797303636266,0.7340109590919517,0.8822759278836936,-0.1575932064245206,0.22262097384195167
0.640199618411816,0.32519788250738446,-0.7781415751104859,-1.1959113107821056,-0.6260708775465349
-0.5254553829440094,1.9117056786786866,1.502493811080564,-0.19401458082472695,-1.3639803847229708
-1.1459455008091104,-1.2116927956540655,0.028152047908736093,-0.2578632406601598,1.599158463157423
-1.2422625317749378,-1.5547317400886451,-1.7394524653357166,0.39402360345476706,0.46806341531764467
-0.3525788969981182,-0.2946963595061046,0.2749585711009339,-0.2757906465270426,-0.4016129027988742
-0.816952823938651,-0.27094739769028264,1.1023276676291194,1.120940183338012,0.040483156547821364
0.1642921381716098,-0.22678860270640913,0.8205912963174392,-1.1994134085813049,-0.4316672900162567
-1.521039336451321,0.8166529452552999,-0.7771685819162165,-0.9093646958272683,0.2844754830165044
1.1829899432482334,-0.8538955182676614,-0.6804041691572628,-0.03840588070234993,0.01766584902452022
-1.5558618255728693,0.4396603976571284,0.42031587128262843,0.04467330059094472,-0.5797957803734808
-0.6365989337660631,0.48614835509701565,-0.38009394500583926,-0.12511116538926373,1.9303411619554025
2.3991288178544594,0.33800476268312035,1.0051411453801677,3.1634087122095322,-0.1965978458273835
2.86270200957229,0.052036580327664714,-0.18609425491435297,0.7519577348898661,-2.2217746396564038
0.3780076225617704,1.178653359575561,0.0025020086789963114,0.4604288811777332,-1.0045284480729637
1.2190146985496897,-0.8842557952582746,-0.9743345052647534,0.33353354243742356,0.36072968610868933
1.1448930694389647,0.5280202925137616,-0.7542914120120099,1.7144908241786234,0.17133082194981056
0.31077104999894917,-0.04310034900759138,-0.8937994849313129,-1.3212328862303302,0.5289082451596856
-0.19602369571598272,0.8237585966071541,1.2142550052613272,0.8056202899172011,-1.0546081400034613
0.4732292846106634,0.330345687124456,0.7939684001966929,-0.6778382589030166,0.8553040601974828
0.332022503342407,-0.7491058421339362,-0.26252109092604176,-0.08328899716558828,-2.9078801299523156
0.32088858854265034,0.5154750367705198,-0.3117641562805249,-0.6412631026140354,0.26198383168215145
2.1553089554412144,1.563438772081114,1.8301400572337192,-0.8581202528749952,-1.2686545758258712
0.3562043999791016,0.31703312709360554,-0.3469008393648847,-0.6993267037141216,0.1592476120439277
1.487230518740503,-0.12173233981325435,-1.8314049047945495,0.1468361381561364,0.7705982261238543
-0.7979455709699697,-0.392936994122047,-1.0048411245572688,-0.8203563585994291,-0.3599687635247131
-0.5576679438618265,1.49251088610695,-0.470033558216739,0.33881240517905126,-1.5155673152669846
0.702450412574648,-0.3774763565366956,0.5311427471198801,0.6745499015497123,-0.40646407748330865
0.4704157353055277,0.830390328637336,1.0119865838331146,1.088096967124866,-1.620598819937172
-0.6161393753726593,1.4391581354007208,-1.2194846816337717,-0.33618410834037726,-0.177405206900716
-1.565858103893308,0.09880124289619772,-0.5692797734059784,-1.2678433308985781,0.02203865675100911
-1.267421394760265,-1.2163642114136834,-0.8439323759258797,1.0419701043483995,0.4448860255511301
0.24866632094430546,0.05755568351123129,0.2636991624523448,0.030225540110780075,-1.7067728376783033
1.52372584427303,-2.525501195328783,0.9224437273858787,-0.9097523832805433,-0.1374876044694556
1.0757256900975367,0.3097200414467519,0.3119137803819224,1.2197057228201273,-1.146005048625282
-0.15883942963913708,-0.9433359993213178,-0.6017522519247552,-0.9361411808899628,1.3413479618065534
-0.04651259641634171,-0.6354176066284083,-0.5735259430182219,-2.469393833086417,-0.6207843715016063
-0.4803241293571832,0.10181498696613411,-0.32822215109653025,0.08508684940117574,0.1593828534810633
0.3577968820962217,0.6826759081408222,0.07991178447395517,1.3753074392896076,0.04515512358991581
0.2870895589022868,0.5402243738578117,0.940712139674483,-1.8709417571051585,-1.0689513531270491
0.6955546047507076,1.2971653360155464,3.0433993943294717,0.7178331529873845,0.45340556945080396
-0.9670023102986478,-0.44518549160429316,-0.32513682680579925,0.5574777877906483,-1.6828417279129673
-0.7900850655097559,0.9981365379790755,-1.5302235926743708,-0.9714474735600708,-0.2881485645965914
-0.017457242729518548,-1.13077926110377,-0.061599766148606384,-0.7239109134763468,-0.4375655020656002
0.8323869455260976,0.8657293806999264,-0.5015940490919145,0.711974115730019,-0.4179207919201445
0.10607662125968917,1.3800673353484945,-0.5792156339605269,2.6286533046065426,-0.43292985118006766
-0.3011288402446732,0.2543666306905647,0.11314353078416706,1.79695680310877,0.3473332003037015
0.6003964128864261,-0.05340398340270323,-1.552067076607868,-0.35444623053089575,0.24559235214154973
0.37861035002010435,-0.48172918724414304,2.6029835046301484,0.007191046776719871,-1.4040957588063412
-0.14096896671298334,-1.051134767038534,0.7155276009267988,0.8723790541733588,-1.3615707703105413
-1.743019647328014,-0.9552707045346246,-0.08656181285619871,-0.04113914717009025,0.5338705538889337
0.240877656586472,0.39082632244300686,1.2784520454696053,-0.580552239328053,0.48383485352656785
-0.5375260550472517,-0.0392690573534686,1.6748511834212736,3.5456517166130888,0.30215677197205354
1.103698779753762,-1.8647801527343555,-1.615133722284698,0.8142644976727949,-1.2291157726976505
1.8321580506114528,-0.6642651448174485,-0.7741234270238818,-0.04329363578705996,1.3503069121490192
-0.8126321288495747,-0.6516559309801195,-0.2836219587894794,0.4444088048150854,-0.5880112541692722
-2.840335539129728,0.22158991526737848,0.28395933437435117,-0.3803457266201395,0.7735856527155954
0.12092000828069903,2.345586597969735,0.04592530727156138,2.26986248424297,0.10800849076128528
0.6303908887989946,-1.1622969638799623,-1.4411037802840208,0.10302988775650156,-0.5277451147579547
-0.41250222752444765,-0.9322201801710694,1.1872112596315967,-0.14041634468147413,-0.9298813737457806
-1.7651101053810403,-0.06186601082459841,-0.2518502369091219,1.2827347439963983,-0.46176908285123824
-1.7351360104751063,-1.749917205762121,0.2731299487384832,0.23368103591383835,1.4084863296121852
-2.0356949805398896,-0.9588991902010485,-0.18209406435149153,1.031508969000996,0.8420973830653982
-1.5455146386238527,-0.255347394287059,-0.9601209675677604,-0.08944040488079011,0.12757652104306774
2.520670863601424,-0.5776254573608083,-0.9811553438383647,-1.1668920045524727,-0.2774403521945876
-0.4373675083817362,0.927424297708278,1.4504785901116408,0.6222977426582871,0.24821274308762678
2.660894868626978,1.7401468916605338,1.482453745686429,0.21426033320841134,0.793678435275716
-0.43654217351077984,0.1592297997846714,-1.9764304734885039,1.0195606537306574,-1.7041909955383092
0.18669426800206015,1.619140646516861,-0.7661756590608663,-0.8608197687703444,-0.24193623238116874
-1.1278159720277172,0.08135995452067411,1.6672975854730014,0.48034523145325275,-0.22518567686614838
0.01026062955513218,0.10088198344871484,-0.5489255299483631,1.6784479998407524,-0.5039641168887493
0.7443757164035366,-0.6043060052282514,-0.7044638632052433,-1.3302911350460536,-1.0074579985485064
-1.805851119132858,0.3318612733204326,-1.396510353338297,1.4774974891638728,0.1467196413835473
0.4829024541270038,-0.1824042424680839,-0.3821068155451213,-1.136415839609012,-2.337492423019267
-1.2644028940791399,-0.21667636061682424,0.11981484923106335,-0.8200342985078881,-0.8375444069969129
0.13550595274933044,1.7832484029122524,-0.3640562772815345,0.6045172445665331,-0.8393320760164148
0.2348469244301938,-0.11599072502640208,0.9285712463948924,-0.2675312978929822,1.0919773597220153
0.24084285307658157,-0.14789582501866066,-0.1967109545487984,0.4023986700625594,-1.624064620113505
-0.5236378066684705,1.5620046084107602,-0.6785735955746993,0.4017665757898016,-1.9489510405395785
0.5330572786624089,0.04299435550006151,2.223916113909626,-1.089868662764345,1.422854789578006
0.9521819336804267,0.785181162529747,0.0026223286566839795,1.8738599430581673,1.4333304512479568
0.07455283720545196,-0.6554568721106699,-0.33397126132747157,-1.5875601280817035,-1.2325870166204287
-1.0990380404846316,-1.1162123663676695,1.8856471651570192,-0.8847913042090173,-0.6683114099580549
0.8344650429719573,-0.39017836680727286,-0.6857843998821035,-1.023032709458073,-0.17308330384961584
-1.5660783709520614,-0.1517445162410847,-0.43897047300225406,0.16869721378949817,1.4656633989659342
-2.505051336475637,-0.7526373993626371,-0.8218856801620097,0.6393699657646845,0.9930812395221897
-1.6005797606298784,-0.2578283614264994,1.0915494323488941,1.0466347632217796,0.4728627206852308
0.7156188408707865,-0.7248048564138997,-0.10834564253002636,-0.44170611969649465,-0.47421783780559534
-0.8828988419311782,-0.49548983934176266,0.7661355498477685,-0.6462546622160438,1.1953351641377614
1.4414062132518446,0.8351933237204275,2.1803029806405423,-0.3987168489464124,0.05953763619602468
0.43499697808284676,-0.3951629373847339,0.3768659690964003,1.9155545227820414,-0.19087223852095722
0.9229475525192556,-0.1291240745547484,-0.011366771217485423,-0.39429929325145274,0.369196537579387
-0.06671613692539723,0.5109716883174664,0.02508436166245076,0.5920624874574177,-0.18202611829260437
1.0028864149196701,1.0065889832439365,-0.5021522262796976,0.005838521257915013,-1.00194021401584
-0.7504048757703207,-0.04484991995539854,-0.40884741733251406,-0.10877351144186803,-0.2525017260191406
-0.2157251991587297,0.39367415888025725,-1.9555380951223176,-0.6943182987315891,-0.5927467409546361
1.1424926838525327,-1.3221824644586497,0.26232880306023676,0.4397405075932152,-2.9799962404563196
0.24622194611302398,-1.2097735872769728,-0.20341637334238885,1.5309430578731271,0.4867035403370244
0.446206802378106,0.4888218322486127,-1.076309953912984,-1.0752385341676722,1.1018169933867619
-0.0022277572328979695,-0.7773084727592787,-0.37998797976487436,-0.8914157596239125,-0.7202461274380938
0.8103105215892474,0.069908130395419,-0.022829008058124624,0.31383722367723443,-0.05828530081670265
-0.01344494492697653,0.02637222927017255,1.0456899400271513,-1.6139348021306748,-2.2492774036574272
0.22389911859060418,-0.564726407334686,1.010850013940152,-2.0018970848880944,1.1423803235352437
-0.6182785585426864,-0.20815889262238418,-0.3868151819144068,0.46787155906460837,-1.4871707906526503
0.21119444773656978,0.04041320161380258,-0.18811796324889787,-0.2893288342883332,0.4163311545507242
-0.12270453765837276,-0.7233281492327011,-0.4095729465494004,0.5747682615745088,1.0090301841501657
-0.8057636566463172,-1.1038756998524646,2.5639522491486586,0.5969932307172743,-2.2645729440122295
-0.4350917117148034,-1.026663643444076,-0.5727648411843387,0.8992058378241157,-0.5857602487932316
0.38761762219928975,-0.8596692478051647,-1.140330518501448,0.8083662708474351,0.7643024330932413
1.2718402879883,0.30021435078727393,-0.3251513211004458,-2.2921137078273106,-0.6228824210282558
0.45199370499877783,0.22159747589356288,-0.5777376666216271,-2.445086210715736,-0.38048341746408415
-1.7500930631248874,0.44796795272714657,0.850262769247989,0.05487344261557616,1.4122857259066284
-0.22462238575728613,-0.34511964666080525,0.21205285664562348,0.9363761403933204,1.6627573151073
0.407662921463818,0.14272242756200712,-0.6744173418906533,-1.31934308610051,-0.5378739663648189
-0.7117600698359582,-0.22357654162086107,-0.8972500395937206,0.5309958841389667,0.4128333072523777
1.0843627630456503,0.4611119318810011,1.2452948124633727,0.02564163881613582,0.7984704924678218
0.9092964203869028,-0.13357125149060184,2.1560888105169593,-1.030540806628817,-0.14209386670022006
-1.0150908358649269,-0.06618326271649318,0.20974030733767912,0.15930677673886148,-0.9984947065207513
0.8483094371981625,1.3628479845764656,0.3099293688231056,-0.22786613511661333,-0.555280775380293
-1.0463420808066182,-1.4437612961027926,-1.4766844393868577,0.5498941456680188,-0.1082082844070492
-0.6784015898802096,-0.6830039727954416,0.18195380206002845,1.1895823495652156,0.7390640903225654
-0.01265091742693102,1.7249073687292675,-0.9554880086544237,1.2031317400124435,-1.7351620524137488
-1.7120279352032381,-0.07908475735252886,0.44095897833286235,-0.06584583096390863,-1.245145431114629
0.6116413060143534,-1.566806252652973,0.8830711187776591,-2.136801408751097,0.7046509230906268
1.7137329481154029,-0.3292865280555142,0.4251014609103745,1.9380790788898177,-0.6347740937785319
0.29116261216052175,-1.8148982771509998,-1.0536861393484391,2.050967533094442,1.1280071768977498
-0.4540480957827305,-1.3087098406842066,-2.826297681374436,0.6811439473632063,-0.4067813666566658
-1.6420816297779892,-1.2572496290395925,1.9912965094217145,-1.3821759102268683,-0.9085997094200154
0.13556610062885271,0.8516276981945557,1.249894524733335,-1.1626344357233793,0.008803271657069456
-0.0540081231457912,0.22169573052462554,-0.8096411600580723,0.5843690933856387,0.4370922498788515
2.1815909760971905,1.3585455180095376,-0.8873446297398433,-0.13103152188666495,0.20736862649597876
0.2667446547539953,0.7026765715145316,0.6477293408293203,-0.5983036876591689,-1.1220853351556925
-0.6350482119412193,-0.4599612593031226,-0.8640555686242666,-0.4273796616676539,-0.7979918308498087
-0.8912596456938642,-1.0061106807256375,0.1924824508438241,-0.2520361108901665,0.577011732938942
-0.4049058108815668,-0.22103852014105876,-0.4953202284464624,-1.5614149395664283,0.16323755334001905
-0.0673483007289821,0.4753506156962532,0.34296617040456057,0.8895168620716463,1.845938827370795
-0.49646456241408854,0.03953130744713027,0.8025195632273624,-1.4874933759610418,0.3819015533023785
2.6274830610574718,0.05627928902831272,-0.21080109959620055,-0.8659748732453643,-0.47759826916464504
-0.4410592194734134,-0.8312943939633297,0.965115490272282,0.6468901462181272,0.13103873410375758
-0.09008794305180585,0.11523934858866867,-1.1455316431537024,1.5600632976603734,-0.589372525156755
0.42257999516079053,-0.5944122462185715,-1.4892404055819422,-0.8904290657793612,-0.7151334956248683
-0.6384643637763905,0.25142870828998287,0.3769587112205075,-0.3231953359118258,1.0300084230662958
-1.2841051857411794,0.8584657088251625,-1.4129476830895122,0.35213590088374275,0.33176829526987117
-0.4535196725558165,0.8305480327549826,0.6889987437194447,-1.7583924815831522,-0.4667133288523137
-0.9032608660648835,0.0883360581184994,0.9114940042147913,0.03845114502694597,-0.6607546778458171
-0.10589889191123036,0.5943331089959215,-1.7431775103009017,1.2816182030809562,1.052418714014161
1.6491699257194763,-1.1883077861432096,1.0838174607616085,1.666470625959706,2.49694354489337
-0.5834258718057261,-1.801912389501942,0.5160682495011285,-1.267556537074725,-0.03660357291955149
-0.09132538726886841,0.16972082977647437,-0.29932049582646486,0.16718365314366093,-1.0689509127695802
0.8483270954992215,-2.813553088501871,-0.7630315083463293,-2.416021387386075,-1.0005995606191302
0.18833276472763863,0.7431960714672347,1.6053741361937939,0.7903093111922572,-0.5474064847149459
-0.9278916485420927,2.4210856350114973,-1.428705371400601,1.3494250417547258,-1.0631302734578614
-0.4130798126697868,0.2425741385934751,-0.8287219623774407,0.48360623446582907,0.8370281213824904
1.3841911094486423,-0.12838366600180784,-0.2190552046386423,0.3273460037002536,-0.6199965465087981
0.20738427915068447,1.4971745378320367,0.40692882326440927,-0.35088335390627134,-1.910972163417663
-0.7060643531647445,0.04997601968804323,-0.09941775950002084,-0.19605924612521033,0.10129638496569575
1.111333091481264,-0.23974965068560894,1.2911257475721438,-0.044683006500942285,-0.05248034279794478
0.30607305778568844,0.055786382461194176,1.642365189525309,0.7494869255328247,0.9680155943706042
-0.27665376820467924,-0.0677303971410348,0.2674946158122219,-0.27351286688558946,0.4058562230296711
1.2861225993194116,-0.71051108268998,-0.5414147649916878,-1.0366787979958199,-0.3923709259313216
0.8729696195597274,-1.3015148932545708,0.8968012979104953,-0.715281604692959,1.090620936205728
-0.24496591996833883,-0.4589348576189225,0.0414840917340566,-1.4576039177843731,-0.48377310279035546
-0.3112201181537555,0.32600525200647007,0.7698846612833595,0.3417691912495865,0.6202897975121512
0.48477956298936553,0.8017372012698291,0.781718289569586,2.8585262335570443,-0.6754824991427857
2.4244836221660524,-2.307551566065159,-0.16599098180639166,-0.893884386425809,-0.9010551569580723
0.010193021617836816,-0.6895414455629028,-0.4083939803091183,-0.7849720280368471,1.884394311932358
0.38569674670005993,1.8272665143536022,0.3421114863248608,-1.223765156485566,-0.5277068927533066
-2.0818787093713023,0.08837870892493747,-0.8678589293147814,2.2551349604782556,0.10170885644716998
-1.1534079485850903,-1.0771076029593616,0.6363727483711611,0.1498849909219403,0.004758565407470975
1.511751398542328,0.4164320463325406,-1.0972083605147307,1.2222654068140666,0.5914544705313045
-0.11581893257489001,-0.04931933414634522,0.2829084632002644,-0.11897586156657061,-1.7736086381624971
-1.9198305015415067,0.6026701901243665,1.0325635620562088,-1.4657532347575952,-0.01054221030284041
-0.08117040547545258,-0.7744656756280358,-1.4413662446755198,-1.5229328906412103,0.2831362758870152
-0.011238391203480398,-1.9855633796201326,-0.3808571070838931,-1.3529334913594038,0.3482767694673002
1.5335806750743675,0.5835019064599599,-0.9799745939946128,-1.53597284022793,1.1087928280022954
2.267802771753251,-0.567947688112288,-1.1881392776073287,-0.46160655168204445,-1.647390268589373
-1.2409774851793407,0.10031100146017116,2.5381864397830967,0.44412803587430094,-0.7911325456381186
0.7698238015012728,-0.5847394432083791,0.7975796763113931,0.8553065118942185,-0.33599262089193715
2.0663969923779133,-0.4598181740167346,-1.7162088398364896,-0.47434897504291185,-1.2841370473111526
-0.9727555736456005,0.7808378521855611,1.092995533562337,0.39939070005750266,0.4308086561124083
-0.04333316397926144,0.21581609744525665,-1.354093079930428,-0.7294336124902117,-0.28458832553203545
0.5408281696663545,1.9775082972556448,-1.8585184748241155,-0.9370301595544489,0.8209053439581441
0.8671372783781247,-0.27840964765621695,0.11983977185892543,0.15869469871877123,0.22741047385979093
1.0772784980358325,-0.7528146769545272,1.0445956732233668,0.2605372546171675,-0.5980650271491069
1.0766199504267,0.5123427221075623,-1.0744693299925139,1.0345082518160509,-1.284156801955951
-1.9129497313942332,-0.44785342753754737,0.3981600305825421,0.49783266794173586,-2.3130821161910293
-1.6981099250165121,0.49641663461203384,0.46231613381278325,-0.9703928534245774,0.664596070251656
-0.783866185517641,0.19394467955390293,-0.03725220643609746,0.9621929791770627,0.5230995467920232
-0.4184840716091293,-1.6017627030290011,-0.3217506705430273,0.19762973287379096,2.1277297257606347
1.146695110034808,-0.10155249500032029,0.919496299018873,-0.05285936668879389,1.481182038243258
0.1998114539776091,-0.6126841019575934,1.6128243591564313,-0.11828525570580695,2.3993294016602023
0.5818094189373588,-1.2365999237808813,-2.089744415644129,0.24635327903616386,0.6361872862023306
1.3249915258976368,-0.507998607783186,1.997184606813324,0.7544259929851669,-0.11811899709649178
0.5245238901909225,0.5923750510804392,-1.3697518155637334,0.30984678730308507,1.8231651273282066
-1.1536561540376018,0.3469181409369555,1.718763852067132,-1.1900309637518907,0.2782855196128451
-0.1582378286639432,0.26284043183027334,-0.787915850459965,0.5471422947695985,-1.022692409126322
0.3104020058900929,1.449108088193723,-0.07183937850280062,-0.6117045309357373,-0.42896613739777906
-0.38749595852146695,-0.1378060534259576,0.24190370639550868,-0.6732817942923258,1.2815309201712672
0.37505355411077024,-1.1060920255691218,-1.5407504629937914,1.3943216745496472,-1.6474403701435163
-1.7838259888358157,1.307987082708169,-0.1827296443986812,1.0616363309513652,0.08261142218247516
0.13684755860109948,0.46623718095485445,-0.674200527629103,-0.7821928595842451,-0.1543239566688957
-0.44395452429090004,0.023891710515683097,0.05152639338644833,-0.2926891341288579,-2.067425724670379
-1.0922550689017774,0.5205252725628916,-0.30724231908283717,0.18569622623908344,0.6695803599836512
0.42765094008949317,0.04814913413891113,1.1129716001005039,0.10006864647330733,1.4871975442838532
-1.9887069131112838,1.254201537010814,-0.7867702122268857,0.5764819236013171,1.4996192153307841
-0.2501831415292406,-0.2629905762542462,-0.08555646341593093,0.4106713267154835,-0.7326039146958904
1.0021209672370728,1.635741469995238,-1.0165092884626308,1.3177654788143096,-1.2513448592193848
0.6334590883410338,0.011463011259621661,0.23225989903600955,-0.3121085892450789,0.25069994573683146
0.38130886712390877,0.6771396648244756,0.03657499564193881,1.1790714431422136,-0.7481111292776437
0.23698248962048057,-0.9976089476014001,-0.49226498846045263,0.17736959148590709,-0.9913863352478007
1.178195303580039,2.356134501937867,0.595994637606829,0.6094397485233567,0.38295833598695117
0.198059342068661,-0.13789265675914353,-1.5540572358141809,-0.25630451863701703,1.5197201550435084
-0.3069083174482049,0.49682629851140875,0.013961679943883887,-1.5195599052141762,1.0099453054433154
1.4038479015165282,-1.53010309650999,0.7082885952737603,0.0018383766526693017,-0.4074160319670086
-1.1528287599595692,0.48645908131127036,0.48705915674082934,-0.9611619530927403,1.6812584473905001
0.5716985559882923,0.6695827684843793,-0.0064089084830866285,0.12079742673047922,-0.3468944492261377
-0.34158030302298686,0.715662388265395,-0.9800538150990484,-0.43359523388846755,0.349190487365262
1.1754598216569203,0.5938845710235404,-1.03298832587416,0.048537116502325596,0.6341401039307286
-0.48010607408828493,-1.779796486953046,0.5396124731438627,0.36805405173417416,0.203189549915599
0.40655943968354435,-1.032060620985695,-0.8140124730755282,-0.1024067806054112,0.04517184013547496
0.8790393182360712,0.21271160619039758,-0.446835831494293,0.6732171762796362,-0.658959602829974
0.2814519536268367,-0.6475278855907525,0.7590257900886077,-0.19084808122128832,1.798040136404077
0.06516379890848482,-0.35119230484462516,-0.3731692438671294,-1.5755709594922533,-2.196011361287017
-0.4586749074591229,-0.9679611270741029,-0.049222585302468154,0.4929838720481633,0.239695447834375
-0.013598104790624718,-2.6826170926557,-0.78549955085747,-0.06424139619022026,1.5505862655426734
0.4615855966556438,0.480099036031762,0.15377786185883768,1.45184709567745,1.1178211869728254
-0.33852692726163475,0.9854978923329628,1.0847672836847446,0.3161059031256093,-0.45056935790961905
-1.7900988824372663,-0.17668536834876974,0.4708999503231189,-2.2023400010519976,-0.6474447814514038
0.25442940865362396,-1.1634667424604739,-0.9038838663716482,-1.6592420041455742,-1.0186810210271644
-1.1548898663247744,-1.4469469955000838,-0.878437864637363,0.4130733348887714,0.3850448327580173
-0.46493588497605864,-0.04908342626066281,-0.8116996625786099,1.0478940168568038,1.3295356908867002
-1.1397583825449824,-0.5361832276365378,-1.3717333048337477,0.8822070894491305,1.4197018570937014
0.155689989551535,0.5160736154738427,0.2691788275217596,-1.304271307601121,-2.1255314678689317
0.2984672425345881,1.4783686674028218,-0.834419566837644,-0.6618952519326298,-0.899591844108019
-0.6190894134015172,-0.5099966127553832,0.17952966576485796,1.6584719583500522,1.061336016830363
-0.9053516773151263,0.8747972059861381,-0.6469975973769146,0.4260627714718209,1.5830764710388419
-0.5422359613044836,-2.2906231754342934,-0.7870166812237281,-0.09226747296241049,2.12475707068345
-1.4578048722756725,0.3575601662692691,0.688693252338275,0.3525147333270621,-1.2461709656561037
0.816320410766008,-0.0583582713517638,1.1684993375710593,-0.3498612361399985,0.06677432945701825
0.8991715666455297,0.7691975879608604,-0.9151912600824526,0.07351879883169059,0.44316972381074554
-1.043752747658542,-1.5992475625879756,-0.6929467607362828,-0.12906953819663383,-1.7270772798021559
1.2897015245962904,2.268309997809737,0.7440557245881452,-0.8021272573363902,-0.6405202168924375
0.5857847842284268,-1.0163610277059012,1.7638539799562891,-0.26851818177589526,-1.3382885188760363
-0.968762745175339,0.6169722673289921,0.3728813797357341,0.8282330601191863,-1.237457941504656
0.13981482126683673,0.7799306039929549,1.8637049841314655,-1.6776177246294426,0.5907651390270369
1.2764847748324029,0.8050247679706458,-0.4553264060449577,1.5214685491745756,1.3178430869264801
0.031323790596550244,-1.3671534904789164,1.4577867653370156,1.4224982338075685,0.8577444454891117
0.21198629642048594,-0.18575313573697125,1.033986408741125,-0.18139947284463245,-0.40005350718272226
-1.2929107128998163,0.13413630199408474,0.7870280622059027,-1.0641725671169955,-1.5494788647586113
-0.16735999760259876,-0.9512096238979658,-0.008491690693930513,-1.863155397622383,-0.2763046257033967
-0.5627011058140949,-1.525215948879598,0.9365585821317747,0.5719818130941302,-3.123228419318511
-0.2915841726919872,-1.391270987460925,0.04662364017415474,-0.3207017504207431,-0.6091698646300162
2.3840206105876844,-1.6888368294176135,0.15661050524493136,-0.7211891669927413,0.27626700652160413
0.28030770185718035,1.5532075364610543,0.19241238113283832,-1.1575990434587624,0.5156320241246278
-0.13478079514240274,-0.6246699874218765,1.2690056734193158,-0.38502407538387134,0.17955275921051184
1.091486568028777,-0.2255488925193226,0.7482433472592142,-1.6800365042873138,-1.4180823915546121
0.696079352509305,-0.31574499776871956,-0.7444238008077715,-0.42403910482919316,0.3434227710661129
0.673301562072713,-1.4449612353345695,0.311640734217269,1.6287469013427385,-1.3451996924201448
1.0782006411341591,1.3595947213811805,-1.1107650833117666,0.8253863110225653,-2.3659737065460984
1.3923105693927513,0.11284706242276936,-0.19740526259973418,0.5444050852781457,1.5895661883709173
-0.07881759449435832,-3.5143084533446722,-0.18984360231099343,1.1926071014939579,2.322250046677014
0.340512117776505,0.10101039737383075,-0.08613573529401242,-1.3111948299953704,-0.12749214464672295
1.595211466356109,0.27719440617152385,-0.6784546696568006,-1.2722653320452162,1.3272465002928464
0.32196911721939003,-1.2851781352437253,0.812944227177794,-1.5134075152214632,1.5094824503629405
0.6463199522626,-0.6312998365692722,-0.21729995437364058,1.0874284851306466,1.5220787414623569
-0.7960843637620337,0.1351943797935483,1.3920293964202155,-0.45891235031594046,-0.5348669133862384
-0.773075922773724,0.3987542411798387,1.9787842174891335,-1.295526391045435,-1.1038611727812082
-0.2830469310210813,-0.9467208804628298,-0.45692294860630134,0.23858544605067916,-0.45693704246082456
-1.4284767168627333,-0.0030144974667413154,-0.7666852215167973,-0.4655606113310414,-1.38176423560738
0.28312872470684614,0.6184726862881715,1.5923561931104886,0.8191453549075628,-0.1659250442971632
-0.6488079800102895,0.42455133887518676,-0.3068064019862046,-0.6936947900666559,-0.15512171070730862
0.380166761326439,0.4597662735718905,-0.1901949489886773,-1.0020466370351873,0.051989594300971796
-0.2897786383750833,-0.7354440961806189,1.137041684705032,-1.0624263762313462,-1.7854501495254886
0.5139730858508487,2.677686186566939,-0.29562454285630796,0.31513465532698237,1.2934049107127386
0.30076379670944126,0.41149906916226087,-1.0892658597538938,-0.8890997182432463,-0.09728184727548261
1.1499828011223165,-1.458753386116639,-0.27888576188235426,-1.5473988134513081,0.9841116229382644
-0.24912685065801843,-1.012788017096724,0.3837905657248911,-0.09363887839996474,-0.9468978257326522
1.2831439344788083,2.4473484020594904,0.5977943251153875,-1.2166364656229234,1.3769833936083253
-1.112957038889844,0.2246241649060302,0.23424573969568968,-1.2318310539514006,2.1272704471852415
0.03827426394232899,0.5719038636157142,-0.3555127458121174,-2.4668370947571496,0.7395681743694575
0.2101636094150546,0.13264255002897468,-0.41256244538942793,0.30189561133638015,-1.579733534994708
0.06786592576152096,0.11866498605265599,1.7425887413911858,-0.5642078548013986,-0.1952430960526802
1.0431784948713834,-0.77109728353473,-1.230197697447465,-0.5156939696623778,-0.2869048888343543
-0.8369671473365491,-0.1592055204583991,0.4170870156306178,-0.44520671535522094,1.686321935563898
0.03904770059657701,0.04617275598398354,1.6171454540449777,-1.1560271875598314,0.661183529492588
-1.5827135082360584,1.1557739172727306,-0.31496355114672026,0.17108995179488581,0.12375205474498131
-0.8335665646719056,-1.2476190256726165,0.9620889618774632,0.05621998901393141,-0.6801113027797331
0.209145411696555,1.0023515650517267,0.49758417086479845,0.4695188304725399,-1.1765990882030863
0.8882978706045991,0.3992938593896423,-0.7637920841867967,0.025551627197707677,-1.19994918414744
0.06365501471261538,0.035754415317987044,-0.2165149999425312,0.21640773642391536,-0.4200840894657496
-0.7544555222540221,-1.072344407379635,-0.21016245997343908,-0.35947664765355913,-0.38529174780296194
-1.1869895724187631,-1.373896663422067,-0.8020029961657692,-0.05709560149978471,0.28495017926006955
-0.8453280193657823,-0.7049522157316864,-0.02472603786651179,1.2983593233649184,0.18582900059869384
-1.2551607585412379,-0.7530256715132104,-0.13051081784832322,-0.39351975054386,-0.7054051311270022
-0.2559379238041027,-1.6052605210277167,-1.5004809765722056,0.8130966157787293,0.03273623317431157
1.2999842020048813,0.40115526268096324,-0.17894104326243887,-0.7892989760970144,-1.0648156016348955
0.1011779149414736,-0.43876308446745615,-0.7286753698904231,-0.9093049984687988,0.6235148624477488
-0.33403008331195627,0.9640668279501999,1.0424715678419967,-0.24815171332276093,0.42870035397418854
-0.10198950575716244,0.46596548745806765,0.49144751687288185,-1.5791721512862056,0.4271168712488928
-0.20426776034443092,-0.33120155358088255,-1.042168903676368,-0.29803581801540036,-0.5186591324205551
-0.9799336048880807,-0.5272006149577622,-0.1533620261128151,-0.6959509462418192,-1.0189863230438752
1.5951619434753503,0.662552622754841,0.05681179399551938,-0.11305172869222105,-0.35419274813785057
0.29572408709958764,1.0102799001477807,2.247065302957642,0.6053272503956337,-0.8949971214911537
0.6346129733588937,0.24574172777838113,-0.6935466438032845,0.5101939675310521,-1.003351031828071
-0.7582914725684632,-0.2866029002547655,-0.8959607369629053,-0.5018981935183043,1.172183116006458
-0.05915542869917371,-0.3645150792409729,0.5799492454170179,-1.056550906588611,-0.8956992689271099
-0.07562862741362428,2.3605479331872488,-0.5144579585478858,-1.5633556334650625,-0.15789426615892554
0.9446493464406597,0.6547102990036132,0.7179634245486176,-0.5689160165497447,0.5394443662483944
0.06297254281714755,1.016347723393769,-1.7802851464483405,-0.13949493201573598,1.6304322216144906
-0.38571133498507976,-0.44715218456459094,0.5278157330551189,-0.13001644051436256,-1.764919797373076
2.1445031874344656,0.6418407467310147,0.5250339401655529,0.9189032034046262,-0.14735148085798333
-0.4254666757035158,0.08558414227005172,-1.0338050708955986,1.80268851924468,0.1926324718833508
1.378571506964837,-0.2802066030700739,0.800593475648251,0.8632071187800079,-1.0364248974804908
-1.1282415227792701,0.5706276546532912,0.15091507123343825,0.5817687919682668,-0.8161995162571735
-1.128730890999439,0.46598383931485043,-0.41266208423692113,1.1796274456122327,-0.2721397415216233
0.92761441615738,0.8596706652104287,-2.1432526289241283,0.3613124253369164,-0.462140902800141
0.8263386417130208,-0.34291705758955654,-0.5753064257667653,0.0836723833406876,-0.916080019924562
-1.378257560612814,0.13108957421376718,0.016584789514139848,-0.34116645006512175,0.11603669772307221
-0.7822606949350103,-1.4738797609354246,-0.5369608582101761,-0.4456190923576548,0.45518421292936245
-0.9825654770520751,-0.5736572423960649,-0.04605462956042619,0.706147114686897,-1.6362704217603383
1.1862798006415143,0.3065673644443638,1.2447988595951782,-0.6252840999100573,0.8472343866040256
-0.11276993646366335,-0.7706945824426504,1.3874799032116898,-1.491643532462159,0.024422521046524467
-0.260906108110149,0.15869638072895678,-0.5731518062903844,-1.114939449895185,0.11392973999936117
-0.7925319909953945,-1.23651614561478,-0.10975171536284456,0.2867693963247174,2.0681070681244735
0.04672602663855365,-0.38191633896759314,-0.46833660990081005,0.5592511039918403,0.39188232312377425
1.5231883880565165,-1.1667043934691443,0.08601396136323775,-0.24148409191090103,1.0952311164231667
1.494859200669134,0.20143301382358886,0.38657790834486866,-2.7280103880712683,0.9583172225138918
-0.1166627438590592,-2.0377647368933043,-0.45658615833444627,0.2707633202895644,-0.31277551846888274
-0.6589926914415584,0.17632310373904453,-0.6059048184871332,1.5163670313050719,0.03777866688085364
-0.9228740578956325,-0.18461167146376353,-0.6107561068213468,-0.18134543300668154,-0.09069024750047025
0.9106103314590125,1.0027166172829134,1.7155442457170333,0.28862579561797924,0.39745665714982253
1.23780813164717,2.326895685965312,0.8350538390527397,0.4813761279607155,0.12614511745576276
0.6276284892393934,-0.4500097475628363,1.5158263029737453,0.8091653231756752,0.31542291789782456
-0.751014608465019,0.38958465069970016,0.8737188390655916,-0.8922413148081433,0.8215891148296954
-0.16737885706555214,0.5456314717493129,-0.647456391179471,0.07718016609047085,-0.3311838014042115
-1.0126042417535275,0.9798783709299395,-0.09807374467883584,-0.6082286012927841,0.4003020790246341
0.7153780163254017,1.385830270043455,1.247205795356883,0.6559819074188254,1.0382763428601613
-0.7859898797144759,-0.8238830132921234,0.12966182829233072,-0.7262468670341231,-0.9215633845181411
-0.25960615581449803,-0.842740498052536,-1.1046571578708169,0.3818983081268994,0.5560225675421533
1.1875829304317267,0.00130494757059031,-1.9276718930232282,-0.6922731109096283,-0.28213566082385333
0.2253845617467804,-2.3255044259376882,0.0828452963663664,0.8897657732726688,1.2021177011222097
0.17947529009527072,-0.9495326193474185,0.08721801764282353,-0.7538717776101626,-1.2971151511939432
0.519780093587117,1.390502507358327,-1.2336767954998689,0.8703661998989917,0.021611473002573864
0.25804016991085876,-1.8634924337657617,0.7782885029952175,0.24315953683421454,-0.9219317647564856
-0.2900748511095124,-0.6836585967283246,0.07271852238125293,-0.10501818921259266,0.5351475726505364
0.8477492785184089,-0.5275567047204315,0.9273937988705718,-0.4234448564610637,0.23607378164533485
0.8432357903568994,-0.8898547934895515,-0.696733266504131,0.08725287527135168,-0.21345467805230636
-2.3517854308349397,-0.1271379043342472,-0.2412733671257185,-1.0438852085126746,-0.8300256825262519
0.2872712339058856,0.4537103620889426,0.021463163128544398,-0.5600023291758802,0.5137551123683698
0.4003848266071078,0.6485820066281093,0.549682784175531,-2.2216030799946607,0.6491611906421504
-0.4185281559664385,1.4316745364012315,-0.38547639775063436,-0.0860284604204632,0.8369859231635122
0.9137788617558082,-0.2080599770163949,0.09812391511136101,-0.023057505361071172,1.6175505025553458
0.6375023759848407,-0.039885973389905724,0.2083813995521397,1.850044821121977,0.3449568886328572
-0.066472036052903,1.5070892887744267,0.12177074789966846,0.980238916294567,-0.8900658707419443
-1.8690859483092663,-1.3586990156855465,-0.25777144423668774,0.6681421101680703,1.7138168908448665
-1.3596442429996645,1.3506983084265942,1.687701100016685,1.8134784401490005,2.2466274392445285
-0.8073371350529726,1.9800305149063093,-0.18883880006157122,0.7772944760434902,-0.13622385057766548
-0.5234547462130303,-1.5399030198572548,1.3683738100020546,1.1157062452473305,0.22410498864393108
0.9980214322735496,-1.1408356320502995,0.8771624853977623,-0.9782293046174481,2.9926643290422508
0.8072984365569392,0.3135721186020475,0.6943042369378518,-0.265639956180178,0.018368837541111425
-1.285527062898599,-0.6785874952749227,0.4999851180625211,1.1365170192568612,0.062091698257795716
-0.6303010512765698,-0.1980885838609858,-0.39535097918329165,0.6668303210198999,-1.3147150966031993
0.38230201023406774,-0.6890886418413654,0.19856619987670518,0.2369818975335035,-0.1342908828332045
1.2466338192225932,0.39866066843537745,0.04796243659514266,0.14944512891993933,0.6278901035079686
-0.933119635590225,0.8359257003926238,-0.13644585992475258,-0.07975648590486722,0.10677622457845394
0.8135317581382511,-0.9689256392071346,0.24417775779118608,0.18751752024096924,-0.4435528826975557
-0.3776497869118925,0.41978442067849814,1.9476082633555962,0.36713857951635415,-0.2057139661514161
0.66051784993907,1.3314883754972096,-0.09594759517022583,2.4368775196154107,0.9683587847630404
0.49119978724120056,0.8850317851194929,0.4527856076481719,0.5156288512969053,-0.9587793702604391
-0.6708292474181095,1.1002025533494502,-0.11204373556425926,1.2329870918599404,0.8290146714795794
-1.2180218747326854,-0.1260503245212207,-0.5237269229406813,-0.8861745914785025,-0.3183353181552506
-1.2612268573735081,0.6949913364310837,0.5987560614029935,0.060910763854621,-2.085976128214825
0.30648547518564645,1.2316443677866906,0.05591917851122576,1.486354863829805,0.26327521738964565
1.0214929816689455,-1.4697295534742365,-1.59590571348318,0.09657201948054486,1.1339924142349629
-1.3885921698737589,2.313228940349484,1.4606732449520958,0.5378031313637801,-0.7224630596616145
-0.43470144069684963,1.4258114318338337,-1.083268739030132,1.4708772169134967,0.7269927088256891
0.42416114485672574,0.9263962952218359,0.3699528762784773,2.0045262420096823,1.090000876394385
-0.45020874001811895,-1.2951236741757344,-0.572757173718048,-0.6764302339116635,0.14062439930107054
-0.4440496177485588,-0.1508116018760169,0.29650106878785204,1.7330677499278138,-1.287577861919042
0.47826522747847505,0.1393087714454975,0.020975392177550952,2.8338781790658456,0.14262610132532444
0.6896479467656824,-1.1211835098070086,-0.1961811240022344,-0.009888019044005818,1.9698952075134228
-0.08183905474266544,0.343843284131338,-0.05961860864712945,0.8841831951820763,-0.22935352666371475
0.20417259912319513,-0.31547676216976195,-1.4275400466921697,-2.224842142274044,-1.433349558569774
0.12351558878578683,-1.0536345093734247,-0.36392981996971335,-1.0260760336433772,-1.2058935207227974
0.8011581424508425,0.43237512497585634,0.3450012823544656,-0.00180324675959453,-0.23678974915639614
-0.8914163001437927,0.054436991743630134,1.271838182141074,0.6698569001217425,-1.3921176375217472
-0.7102377414968741,-0.4641461018484404,-0.28967871200112566,-1.0683497649659854,-0.2947353300877518
-0.36464755187736697,-1.7501756355123368,0.6569780380833552,0.24775944546546624,0.8470166352529966
-0.5019785393822226,-0.5845329730648611,1.6010835268784722,0.5241079379519009,-0.2625967953861164
0.31256308239611835,-0.9577626487115628,0.8571932382371504,0.07181786111287183,0.5137579751672822
-1.9737495601729396,-0.9817586416272603,2.05610034611871,-2.078289504100546,1.6368988117562095
1.25943996689749,0.18176906600969245,-1.7068866415002022,-0.059521296041447756,0.8915688987083419
-0.3075564240447445,0.334628416290646,0.7483264499193066,0.2947757366441708,-0.5433639750758305
0.7472972979983095,0.5836494923814627,0.2454179697799129,-0.9913574338535249,-0.9144286063638918
-0.48922589057261506,-0.4846453058574728,-0.5357923903066503,-0.4272331101044912,1.2002410151743657
-2.1204247080723864,-1.0566388771970396,0.15477208292437777,-1.119929701539399,-0.8565317572182604
-0.251811905047947,-0.6188565770810698,-0.17928115754417265,0.033145378303137636,-0.32401417802697485
0.5046364520430701,-1.1571867652958168,0.5348267850225822,0.4757207041895664,-1.0106829774976
0.8966830149871369,0.5880325053562209,-0.6640397280427536,-0.6571031082112718,-0.47480681099052363
-0.3512410292481593,-0.8019166148244496,-0.5515547077820075,-1.2529145199576701,-1.2967446513575658
0.49233591442477925,1.1807810592467134,-0.32713464843139883,-1.0668501035947462,-0.2539013024790334
-1.1346404274314834,1.3379124265730338,-0.6339431026337894,-0.7694195218052496,0.21096876467413495
0.0672130792576958,1.6755144480287598,0.7780210901680923,0.08913264309690458,1.0194112792615002
1.002231159095284,1.0471175923375684,-1.4787807266983555,0.1683981140711118,-1.173184356636614
-0.09875811894718865,2.012532829871684,0.6589177864871224,0.5087249946407968,2.0667030312145496
-0.19514369902387985,-0.36280692058424396,-0.9929810974300244,-1.6643290364653214,-2.227872507217296
0.02977466715611945,-0.20013992791432866,1.508204753063314,-1.5526380520489529,0.6476200362702936
-0.20343073858328098,0.5198914466454704,0.4895226277820416,-0.16837036448086415,0.025517222695644826
-1.3392051891010646,0.40291339819714805,0.757561020977492,1.0133757430931234,-1.8269611785708848
-1.5551851222785964,-0.028897250986786114,0.8165596565909826,0.5880129430418845,-0.5408574687075396
-1.4912968376324354,-2.3163581640198063,1.0736530020864725,0.8996153259933237,-0.6141142232386876
1.2558320636820484,0.8112625518092617,-0.9856337220914805,1.4360782716926646,3.091247039338141
0.17538597249499494,0.1736139876222411,1.115731607130266,0.5960858723925399,1.8944636506325532
-1.2000922678813182,0.29823381217139927,1.1435692005929563,0.1154314779441379,1.81062305902914
0.46849635930724876,0.14019617093263678,2.26352802632741,-1.7579228300182381,1.1710298691063301
0.7273608549836783,-0.9421256988809036,0.6949948284716295,1.9043230926761432,0.04098174044144507
1.0453810101189833,-0.5193094569058988,0.11034090248276712,1.7620851710502978,1.4579844807670232
-0.7719473218052012,-0.9862852279906255,-0.5457720033115663,-0.8578354791818453,1.089713878840864
0.7870330838718306,2.506575043113713,-1.1149815525761226,-0.8376835297900166,0.41143804066215783
0.941218192388366,0.5941504701821063,0.7262268906804473,-0.7304699190215097,-0.8740695320898108
0.5924467243047028,0.18755541193673747,-0.1537723715489439,1.2333763831169868,0.20356363308593792
-0.9136411259123347,1.206906088065405,-0.8762224575516548,-0.7008688895861481,0.5107592845869947
-1.7613699398842302,1.6549410375874147,-0.6732541658407027,1.0311687754715675,-0.814261298452569
0.8825826659869782,-1.0874967647957032,2.3570040053295447,-0.12993415027558056,0.92769250413834
1.6628406045468742,0.848915120520579,-1.2380473064964763,-0.2736901793639074,0.7196268122340201
-0.11257205355760676,-1.352895009289512,1.9608264504379702,-0.23577105430237286,-0.9592912560522074
-0.1268957319478055,-0.9460518860754213,1.0937458762443657,0.9305684782225864,1.2334832423590971
1.637050956001822,-0.45284928686633147,-1.214306052567806,-0.7427008032205719,0.8690000604554019
-0.4298980182566619,0.35017593191769647,2.2836468450767167,0.37076158624250766,2.6525172931699825
-2.018341530533561,-1.0557949691571982,-0.39991521984195305,1.1689031382731745,-0.04894720495972692
-1.341670241951596,0.5740459219397815,2.306287152180485,-1.7988869754386037,-0.3752671459390262
-0.796468586988634,1.3269745449993675,0.5218707515737645,-1.939443682698397,-0.018034486250193132
0.6123530153904958,0.18614033183427076,-0.1555171838919207,1.024288587150912,0.7479357216205329
0.7608014612171917,-0.06462626818758295,-2.19093280844939,0.47395554044179755,-0.3146088853823123
-0.08662842871053122,2.856999993588684,0.6495532492021464,-0.5433916875218066,1.4919638342885113
-0.14690594408232893,0.6721345713480865,0.24282421022286024,0.06129327185837061,-0.26877194449447056
0.21453783521561362,0.2622840655985813,1.9070033281517758,0.4402583381953665,-0.8685003144843356
0.6491701231188827,-0.7124826953534673,-1.0932805723322787,-1.7607714342625325,-0.32099499173412
-0.3036014857766164,-1.0280349576305747,1.1027618246303097,1.4741581485205009,-0.5082457727001148
1.029811734184819,0.6562989166591773,-1.0712516568353014,0.21007515203166405,0.23203305350824754
-2.2440657899274807,0.26977176410288894,-0.3168307496435643,0.7021259830014173,-0.916144047256379
0.6501129348064085,1.172303801356406,-0.7471194925475803,1.4678476540981045,0.23944784973818165
-1.5477868687941272,-1.882871640474785,-1.3828290074712102,0.2377307345270514,0.7420823733614146
-0.005016410550649547,0.4224627103638013,1.5334649712613344,-0.3430486359000269,-0.7792515005512458
0.6543157150477598,-0.17271247655837688,0.4059592918658095,0.3129123574196823,-0.023704608431672533
0.5307759772000128,-0.49660451778923664,-0.8321410449587328,-1.1668363000952804,0.8366797817914936
0.27162085369462946,-1.3776351861282548,-0.07093025972200535,-0.6667226411091275,-0.7658263846959361
-0.5123004114187881,1.4866098388022397,-0.427564247799326,-0.24756998883308964,0.7022867369053539
-1.7651067673717693,-0.3718873500167063,0.8233419754643759,-2.0979359251561194,-0.8734707812222495
0.014720457168866366,-2.2303120371601723,-1.5423075136634772,1.0113502292706533,-1.3082087822661344
0.6833628111428235,0.9031555606469842,0.1318602554798044,-0.4207620214015697,-0.3003464050539411
-0.8660018285562148,0.8871782138613166,0.9329424281208128,1.0957643314009253,0.05123598839987762
0.7215046049008474,-1.9475202937724994,-0.6822444751077842,0.2683879112315994,0.10245055361741455
0.1332279482501346,-1.1472701934913039,-0.9388023698144229,-1.3646427957755896,0.06994642264378753
0.4744835174722834,1.5298165610182384,0.025064889672749464,0.5683117307454719,-0.23880151843296257
-0.6220643034252109,2.4290348092106417,-0.8522186835939053,0.8367632752350703,-0.34719266148864486
-1.1739507514161263,0.07934448611648036,-0.8459647010837549,1.7418282317678684,-1.464325380894026
0.8399265089425928,-0.9606924848796768,0.16753441144154874,0.7450280669092325,1.1836373435005236
-0.58689492242288,0.7192413851659385,-0.24469675800998517,0.20932239539544423,0.15670632889229605
-0.33966020407804903,0.00317602788483586,0.4547412458962339,1.1426298558091434,1.9529693314593102
2.1602442730595266,-0.5368903721169012,-1.7591777765386674,-1.3123187032070536,0.2230791221141228
-0.053508488605272186,-2.119167031742547,-0.49541083350596954,-0.3805347484445394,-0.49047032220762227
0.8145575044983452,-1.1600662225356853,-0.4785879118739532,0.9024733363568598,0.4652305853241667
0.6535384541666821,-1.719771693738036,-0.5998150607437143,2.1973225984726628,0.27401124724973236
-0.3449252785498772,-0.061073858872760636,-2.5569643689778156,-0.4837054914315167,0.3105991117641072
-0.556464474956622,-0.4681873519442163,1.2927802229599994,-1.2287967488575338,0.2575034720626537
-0.05654369144276627,1.0865867095105493,-0.6306975170105477,0.37433124233474063,1.895790549896106
1.3126178469405358,-0.29201674418376605,1.4554420856981525,0.8805440963470086,-0.02044667016602687
-0.41515781568257726,0.5747919635828581,-0.151040983882361,0.6066652976152559,1.2110291905738513
0.05885700428581151,-0.5896097610873143,0.462690028154185,0.7151034059270778,-0.6503186647732689
-0.48588568685117656,-0.5682051300895663,-1.6155758205119037,0.029776778097860414,-0.7362680025050562
-0.16725531790096063,0.24812852163614757,-0.8880331385176211,0.3200994619842514,0.3386304676688967
-0.13137708033813883,0.5230657936900769,1.308842412794435,0.2449633637448428,1.1805974107629378
0.287954348894232,-0.009807172682959208,-0.9107468496394604,-1.1501982956645886,0.36888843875537775
0.6926550749247922,-0.3957611321111331,0.8015762687724824,0.985939079386673,-1.3442993499733593
0.8864571099842101,2.206993070390196,-0.9343288606893952,1.320604958337477,0.7669217037231879
-1.8261032811059694,-0.14948368212056654,0.753411727408821,1.6919228714391488,-1.4497207198867903
1.1399236973983502,0.6041457876636099,-0.777435001735764,0.28105583386007926,0.40260397439174866
1.1988083256468276,-1.2961664426768877,-1.2275969555754724,1.7442252658979898,-1.060625198643207
1.5661894781743313,0.0721892583245583,1.9111036874103335,1.464183010964711,-0.773801710242256
1.3264488600573479,-2.2470778950163144,-0.5428024701095815,1.5126072195788216,0.5815604145884755
-0.18702499841979822,1.5829481878138267,0.8711438259669966,1.2440069585028946,-0.05555458581079555
0.09281968124308913,0.9615918319202379,-0.28258731482706756,0.406775182342999,0.04191824711518306
-0.629194395349402,-1.9515735646572223,0.8118503871351269,-1.6610767794027632,1.19028554650943
-0.22584236615561873,-0.15765271158061478,-0.9823062238238806,0.8923548981552105,0.8308982630808889
0.8178600474270558,1.1401624101456203,-0.7169202240416287,-1.0478454676752815,-1.2022184736252604
-1.8825465133234174,-0.3909681256363497,-2.8908562607035617,-1.1485753903278921,-0.14170227202231667
0.9790067431167909,0.1351306256397833,0.5264265842028295,0.6013748790449939,-0.09938179827735306
-1.1029008830562301,-0.07765453142944752,-0.3256231926992254,-1.1014194153289871,-0.9016813167195113
1.8985497215374751,-1.251109724069429,0.11724825551211998,1.5165993616083557,-1.3709561373649548
-0.49099196881366153,-2.0633695727369523,-0.5720437296303035,0.9429882976347393,-1.4474176030606447
0.8767302903207619,1.632107369541223,-0.852237635185938,1.4180025698443521,1.4593278317803486
0.2959828267994744,0.539615014961854,-0.8291574500679298,0.9403495826430912,1.946692043391208
0.9605329487983667,-0.6541863972666121,-0.19082128583026273,0.17213128527834887,0.2720728261447509
-0.4200910005323325,0.6057945840315065,1.1968042457645203,0.31620933252819683,-0.34837317601193213
0.14867934369733565,1.4861679666773198,0.13472221435291992,0.2291343724608029,-0.9377598536442192
0.3515880791724279,0.43814718443691986,0.15971188902678052,-0.6014353498362165,0.516438279760771
-1.274862750473623,-0.6733225514939832,-0.6472218731828663,0.09650958665781713,0.18975465036169573
1.056062390334534,-0.14712706766257486,0.592738272582803,0.18033626041542947,0.3022551263826109
2.3436359789185652,1.1887286872234042,1.2460301328192627,-0.12172476200738698,1.4214360918091264
1.0410697795287285,0.04924195585584111,0.07737970086065135,-2.2473370927582765,0.6467020694110148
-0.5857115310177405,-1.8096479693478893,1.1888730849859657,1.3571876201685436,-0.6452264819940106
1.4967164062992753,-0.10460330982110869,0.7264543963868156,-0.4511149918814309,1.5612883560456667
-0.17845989599409648,1.1842885246934434,0.369960155836328,0.5777372406657958,-0.1329054145332882
-1.6685307659198063,-1.6257895420465613,0.6298560721519981,0.47756886148311073,-0.8121437555271679
0.1975537534993906,0.09637006362051734,0.3573287469794712,0.7922366270352577,-3.3392131859781857
0.098494376679297,1.559552324985809,-0.41905783612034425,1.5468706355392638,-1.442454931840158
0.5267429945812209,-0.8917406133386803,0.7079136090866289,-0.033801016352490165,-1.0919832264407583
1.2608335361434326,1.0607678534670457,0.428635884627861,-0.6092491954984603,0.26853114916508425
0.7291049172066647,-0.5146387407300516,1.7290733887678955,-1.9131320517138033,-0.5089343349706946
0.13348694701726396,-0.6153070633031766,0.5885318058503083,1.1776351212010112,0.8636707289654768
-0.7076141984293761,-0.3338875242782294,0.06383794277774847,-0.33052803558099464,-0.12861396956158366
-1.1697611009250344,-1.360424543790099,0.5769928785531602,-0.8012558933943106,-2.441075754720639
-0.6779125514027993,-0.5732720331829729,-0.4636551928788751,0.20686788073983825,0.21419644092188972
-0.5317992307552541,0.8864140504401324,0.19112082323367915,1.6438652514728247,-0.9488141056478111
1.272674915500207,0.5216937065080538,-0.7151950840149222,-0.3969653409484087,-0.050992241260517136
1.3200797774945985,-0.20690350945743205,-1.7768931631936453,0.4021852213785396,-0.31414058199339884
1.0452381190792295,-0.4707706600421106,-1.2518402518243417,-2.2831633767394153,0.41798932752147966
-0.8395289909145047,0.7145076251275123,-1.9190479625772294,-0.5328601337579028,-0.38911286320454086
-0.8980692044618026,0.16042145666007657,-0.12945623938453663,0.8693108172255144,-0.5129604322587085
1.2902668731244888,2.2384802956972782,0.7422016420680626,-0.36050956228060843,-0.5235783008523384
0.34738179467821917,-0.5403142519984595,2.089779135493718,-0.45682146844443994,-0.27256122337960276
0.13477606176594314,-0.21125607362180773,-1.1020294661486885,-1.0486349456916846,0.9316026580984959
-0.49301405346135746,1.851948603439295,-1.2314567193234938,-0.293460270022965,-0.1890373596795557
-0.9436180370547352,1.9132105996107405,-0.2959515184201318,-1.1271131829011019,-0.20147858147105258
1.346889480719364,1.6617993309858807,0.4075969731402534,-0.8713768443248827,-0.0545555435123858
-0.6689857295609383,-0.6603590815858482,-0.21527345467597708,-0.4244359294903195,0.11406811778052456
1.5797788238738688,-0.36091570453356403,-0.6275740422414161,-0.4100087363387474,0.4313836689701623
0.3179349022249317,0.8237687700616517,-0.33195631711782964,-0.38564154080555035,-1.046391612485817
-0.447715497604719,-0.20002951517262954,0.369029324820076,0.14341189081859124,-0.06669013196426857
-0.5016112039413769,-0.6871037534238401,-1.4925731718363393,-0.8891091974400461,0.5563965106318853
-0.14921084057765263,1.3539984865661565,-0.4046086820955966,-0.7424097254624114,1.0350279576181796
0.8046627279621702,-0.9934984405292498,-0.8166879441153735,-0.0341672632329435,-0.6381854843954436
0.2074951785674249,1.017452827349152,-0.513956265311407,0.48147167038620303,0.27047376389466765
-0.9908776661739829,0.161160830206983,-1.422608066413794,-0.05848029388635969,0.22498458987471473
-1.3964877654041903,1.8313807985789494,0.862055949820164,-0.9243916711305662,0.8239624929149689
-0.057146490389198536,0.7829063808946874,1.1587706067899226,1.4542396440595906,0.9390807998763641
-2.2605291497159046,-0.0948499746323257,-1.0177590819566606,-0.6267896891944436,0.5278090130544718
-0.7039732862457948,-0.1774155225674355,0.34356853662962245,0.5666547567559606,-0.3589548215728312
-2.269840318759184,0.49258526275457376,-0.5709260760954719,-0.23697495534397411,-1.8437809904223066
1.1013296611248937,0.32851845674426544,-0.20012469510371522,1.2909084416393803,1.4828976908471112
-1.3655642094345102,1.0443177908564099,0.8875291239630458,0.17951515279561606,-1.5988148735160144
-2.1982246442854825,1.7688254795704303,-1.5656025732887389,-0.10100648270123778,2.3198402914236405
0.6675612036879601,0.8792075258045384,1.2539317184180423,0.0772492819570697,0.3402265453699221
-0.038815952689794,1.1792259682333408,-0.7119439819326143,1.2241939346308857,2.0193555755066703
1.1283108452155477,0.8447503277436657,0.48447185586923514,-0.46268764417394065,-0.5502688860709726
