0.08755540199176418,0.060905840240487875
0.1337320301340559,-0.13475587938320385
1.8563064482000937,-0.6848531487491935
-1.048287740764831,-1.1376673862281468
0.25319365950386885,-1.469703465197008
0.36290850822062737,-0.682594213132627
-1.5927798202453063,-0.0530665329590954
2.7058041697693542,-0.9090626230285184
-0.5034168701205899,0.0764977388999526
0.16111840643402944,-0.8691342474061247
0.036421215756701014,-1.1364701104861867
-1.3423057413633135,0.38541079038343673
0.7905668584345225,-0.3201882802549025
-0.9721560142642104,0.6652440528046814
-1.4449227700950433,0.3681012382927826
0.010058717548147437,0.4660755310854265
1.1262172336457512,-1.5837562873802604
2.2287277255769116,1.4842969395289014
-0.41404254045313144,-0.2810138727794345
-0.2956933409517743,-0.005012826016559434
-0.21472539004475416,1.585021494177805
-0.8361779279553626,-1.5790009865745447
-1.1651421508651363,1.0155381959252454
1.819509019868281,0.08367432531693043
1.2725158867760957,-0.4518832053190331
0.7326213325328386,-0.2903967829017801
-0.6630409523461855,1.6018505457159513
0.1634822798266735,-0.8530679567255363
-0.3535204856921757,-0.16788200625006683
-0.26153768805611954,-1.1123974037156352
0.6746689707816639,0.39080537514255465
-2.8151631266581796,-0.4214305769571251
-0.34111777189458964,0.16163513561880707
-0.5572149571053205,-0.5557667938141552
-0.4730960239296292,-1.4906756669402754
0.4428368458210164,-0.2840129374579531
-0.6310569091555396,0.7662584318272109
0.08879120617236008,-0.33623148039761674
2.453745571512602,0.23479500671749573
0.11844725157843701,0.5258206988596995
-0.5028906482535036,0.8680897964714408
0.10014741574925141,-0.5504859349149323
1.4883405849919298,0.05982133603731373
1.4090533477005005,-1.5464449862675131
-1.5230181352221481,1.2522812402007555
2.975206877180478,-0.5716719210699363
1.6360742642304233,1.2866579089230232
-2.0379032299320023,-0.6723355462518064
-1.2211136684366073,1.6327300899988173
1.4148585248975023,-0.6773430515499408
-1.0300053736154349,0.3720030151742509
-0.27023864129519554,0.4172798381511835
-0.18670308581243228,0.9475368011834262
-0.6327211045478774,0.5347874640021292
0.5437407134774631,-0.007180452822340357
-1.1510246537001123,1.0740913168806399
0.22502200390408192,1.4348532521085386
0.11126050159240346,-0.24074155917112738
-3.2153691289130055,-0.011266418551503501
1.2339743497403293,0.9129386053214751
0.3828229137438157,-1.124593525525867
-0.6495263035428079,-1.5668079526885665
-1.6280794002529275,-0.7145510144670267
-0.8597153466557083,0.5458451306041889
0.13607740600807616,-0.7754673404263728
-1.0344204919920112,-1.308364737926878
-1.1855243908663502,-0.26887956293084125
-0.18290742249273423,1.3439984431717962
-0.5135328075933934,-0.021648202245252032
-0.893139544277968,1.2285808716985966
-1.6314991845060882,0.3025376708302736
-0.7799033499235261,-1.2769969746053944
0.7110323201091067,-1.1691022845152235
-1.8835340080560397,-1.3034868628928407
0.533136176115406,-0.9680120657054603
0.15403006218417728,-0.5822258404377493
0.32670852058059724,0.4197905504187763
-0.7094739219903025,0.520640948640974
-1.2845362636671938,-1.0561468343616196
-0.4490488811398725,-1.1322895679159997
-0.9440921511703602,-1.093993721756632
-0.4166039095885873,0.14198946098796997
-0.35283845220861,0.7370669795146311
-0.7910942289778681,2.031876714974097
-0.15280879136332298,0.4082031432696765
-0.23267609516534496,0.16524504845769225
-0.5076829311469944,-1.2060392770837216
-2.3755348487896715,-0.14223973319825567
1.289319557820073,-1.2187236795808167
-0.5805780413990228,-0.26477163558140415
1.7832653557506672,1.9884560800721365
0.2898407391611861,0.24941926558395788
0.7582737804765377,1.7357645887701998
0.18403981285376966,-1.2626327000354627
0.2751402350475381,-0.320488366265061
-0.40922308294638465,-1.4645354692670718
0.7628202161172138,-0.04726540217514222
0.4063410519927649,0.29494016292436
-1.3557788861603774,-0.039513006306350684
1.313230750087359,-1.2425584962473308
-0.4168701999672514,-1.0610351096701187
0.7759980618319141,-0.6774662479437675
-2.433985871655333,-0.44131357008680977
-1.4651012078471728,-1.3030862127126353
-0.22570604580641865,0.18233817243318054
1.000030449567228,-0.7953941234072287
-1.4733816475215145,-0.4386647936125731
-0.7526907960162651,-0.30162547788225286
0.851951988688971,-0.2545664231899096
-1.1514087192521483,0.33227197822796534
0.4774587769790656,-2.7302463467966795
2.6151225349225244,0.7992550979329259
0.9415016087335316,2.1895338564973637
-0.14058716362138154,-1.8429689599654024
-0.4234192925079469,0.20347608009058296
-1.3136079224018857,0.24370494461418793
0.1949566361531114,0.21926786990378003
0.6510035197079377,1.0233493559214428
-1.1744818938920711,-0.19441125885883753
0.8654879333890576,1.155098691964026
1.128762674485374,-1.0518478388655692
0.2639619627316169,-1.3278662019852652
0.6633545588112612,1.2171162604654633
1.158734842923687,0.7878645546260317
-2.1466279440744,0.3705671411939103
1.60289780902983,0.5687910056022776
0.37355601472786365,0.0907206346340951
2.582260650488265,-0.23395269833971466
-0.37712881634954787,0.5763547057837668
1.1037251839418578,0.1490589701419133
-0.42443848504087744,1.7547602118833145
-0.07520523027237308,-0.17022623561462039
-0.650448068057186,-0.42302495604036905
-0.4263706652448969,-0.6659090567407815
-0.7802085679493879,0.026990470662570064
1.469533572428058,1.482746495823471
-0.6139577823563697,2.7633524282110735
0.002747151695134771,0.07054781871522607
-0.1666545207214219,1.563322820793197
0.22340564888875003,1.0963702307587908
1.3524825494080506,1.2767022288601746
-0.2164241668432485,0.9362264330640764
0.35792165948415466,-0.5703320858019879
1.781778774716043,-0.7737060339737728
0.5323930037567542,1.4371354423539842
-2.1858092478211977,-1.2735368257481714
0.06877575455448287,-0.052899676674663304
-0.5620461053309378,1.9575620313501543
0.8460543816167825,0.04960041564304431
-1.1748169707418632,-0.9708619176199783
-0.00748764717641707,-0.9544631715358575
1.6284397972430062,-0.6745315506866552
-0.013406361417958028,-0.5128913001251126
0.9210398053708778,0.6929211140569018
-0.23452963804006538,-0.37573834309179593
0.7582810089859063,1.420871548561839
-0.17936885345304018,-0.33754339295831554
1.7377211198427835,-1.156516486181691
-1.0084054595674121,-0.9483038920368112
0.27232515930229223,-0.22383817893199134
-1.7928684022677008,0.13959546477802748
0.15222383218006683,0.9031687527059535
-1.4355985393817543,-1.2862187269391088
0.10143619435429277,0.14332454347638934
0.8540215914917663,-2.247046128053919
-0.42326202835603827,0.5334402724410354
0.48131035845350895,-1.1231658262271458
-0.5001784822246088,1.7748971647252274
-1.7957189633461974,0.4364597184948293
-0.9182180880037498,-1.1186966281858959
-0.057723850652266685,1.6351877483740007
-0.20147569695918915,-0.4472385603446166
0.3796255890768248,0.41259995753194595
0.034914226186768905,-0.7104078131320778
0.22009030317459793,0.654693863466628
-0.36774613732124006,1.015157716834355
-0.3657640228966434,-0.2183208941019809
1.1361641648336616,2.6088818001267216
0.17910106141809162,1.1270580230717668
-1.4851971242982385,-0.4763989542636864
-0.29176076723307187,-0.7000650324085451
-0.8057714120564532,1.211303734957015
-2.065273499902585,-0.20409114220782873
-0.9390946976715104,-2.122712950522612
0.2092145100295809,-1.6200362459561224
-1.0650393644710892,-1.0180737756850091
-0.31954768970928804,-0.9050526066206572
-0.5721030516770427,-0.9944298736413112
0.7014318816274324,0.5777007536746571
-0.0546962328941688,0.23144905641560626
0.29178129082328325,-1.0778232906767775
-0.047620370049051716,0.05348189340967937
0.44869820006633687,0.37364833586811624
-1.2890308045764813,-0.4189762550164384
-0.05708416864738844,-1.822360343981885
-2.1148287853383474,-0.3928568965830305
0.9411796258344494,-1.024534557676031
0.11906484587946703,0.40046989235985275
-0.3327401141646209,-0.42277243708269036
-1.8767679190520705,-0.30811319037556617
