-0.6936345735035699,7.48772630882409
-8.831637068181749,8.951164529619092
-3.8671498239248665,4.2858016024706345
-0.719337141642076,8.124546734660509
5.21349706303172,5.465348555736101
1.8091834217001375,2.2799012700883523
-4.712568343606129,-3.6520481597031225
5.558743521168085,12.867485853105507
-9.152322593602024,0.746858185027766
-2.0593090866957438,-5.423805476741599
3.0818633132594657,8.543628618568912
-3.598936370718148,3.5500536026858116
-4.670678956171201,-1.3387070116876734
3.9187767984233695,0.8943619152458826
3.640280384829588,-1.504227217284858
2.1324929534389248,-3.9209185953993595
7.054692453578148,-5.8614116922526645
-12.605168594971897,-3.905689827576289
-4.527614125704695,-8.532966079070892
1.121674586242382,6.8667927526566
4.849191432279688,7.752664740675218
1.7012585839314376,-3.9174613151050366
5.863303232023966,1.9188697833469253
-2.1540074337942783,0.4265459461027563
-4.2951101986454985,-7.77861649992079
0.18379297603007527,-5.902069328066316
2.2420167246882072,6.39447094346385
-8.174789832901311,0.8206489975293605
11.700216365940097,-1.3037431532912571
-9.35388241508437,-3.47809588054741
0.006451883530273372,-3.561367736981942
0.5370767028579491,-6.5395480149380925
1.757804029887374,-7.05492707233448
-10.284221224778497,-6.561006383640651
3.316236265494778,3.9603549466142205
0.8668927413748564,4.6271607985950505
2.257490484462252,3.1263550966032483
-1.591991085206728,-5.938780024948391
-0.2621252476251391,-0.07068371085597436
-0.5939292357919241,-0.6086246576738872
6.2443243408552025,12.586824398946643
4.401871548074381,-5.955250560299825
6.312601466234617,-0.6157307891608836
-1.008784968197163,7.344519263772672
4.470982318200931,4.618495322324929
8.048120219834654,-0.9315374732610087
-6.139538055212225,2.117561518026962
3.4539752309913228,3.046884133725711
0.9017971964512047,0.12209136508901142
2.4571100628909144,7.757470387084556
-4.133332920266099,-3.0346273003931854
3.5977830849073635,7.3034057854730055
-2.4907733004527906,-0.726981822372726
2.068986253388133,-9.20577789009226
-4.2042721002758325,0.4067875690084892
-0.7134552091500375,-3.157847922483931
-1.4801018722838002,5.487985438726609
3.302456140140489,0.208731547582248
2.7148980825185487,-1.456666916125056
-3.3671351552251867,4.438769118294812
5.591054639532848,0.5019556549378742
2.942536368255391,-3.234767111369757
-5.862782279938728,-0.1484002652817864
-3.2999968911876794,2.938596695827508
5.645505974145047,0.040238626778068554
1.0257551993773366,-3.2507914101569564
5.901725359421765,-3.2871803030482254
11.045780259441363,-0.6012374242296489
1.2918984714543695,-4.0602137516332615
4.999733752908561,-4.592662711876407
3.6398466420445597,-9.242078437975909
5.0880316945588495,3.6155252543994205
5.330875766255504,-1.9407067537842466
-1.3322501026356044,8.712184770704365
-1.370942242873605,-2.753397511784332
1.8274223575415034,-0.5758845777513282
-2.138992730705631,3.1065369621373473
-9.215360899299192,6.122017517881581
-5.208847589761297,-4.976636428082258
-7.69612838302626,-16.287468903192806
-2.285020446334367,8.563583256641717
-14.852804154085574,-8.413171679425032
-12.967970013255698,-4.5745335143135035
-1.8434054602403696,3.58574630773259
-3.581598814698684,0.11471451518047027
-14.440038878091588,-1.4706030506548
10.990949491019675,-0.5520376668916529
-0.368649162474716,-2.6739273124636638
-6.179098803011457,8.04137146197577
14.982251738914854,-8.220459626526308
-2.872512169431259,3.511984444184201
-8.368295252644078,-1.21680445479307
-1.3986997664451613,1.8025615279946423
8.194122193494213,-5.475757773747538
3.6678906906126736,-3.3898590600122627
-14.524485034811574,0.768648607806252
0.5049741323228295,-0.6007574282797861
4.420508094163829,-9.94918328208471
1.3630612575765388,1.409321802656057
-11.142809437555718,-0.23756720837613132
