1.1031825374467745,0.373386907769424,0.4121398029291448,0.926001986242649,0.6942701337803034
0.48209741641516657,-0.28567771416257004,-1.6144687024188265,-1.0693950622210853,-0.9247965271243073
0.3002170809879744,-0.3832078525793022,1.0088941060081578,1.0406451752084136,1.2325464550665086
-0.37886514188106457,-1.8219558447980786,-0.5594987915014416,0.44878801798369633,-0.0438301258248713
0.11618830782998218,-1.7433712899007254,0.03531805342516512,-0.32684783906228526,-0.7158752138404589
-0.4378822850399088,0.98192130633087,0.2541855259184604,-1.3273272297230425,-0.41515290447246556
0.19134955037931556,-0.822566298243318,-0.4401960087461076,-0.8319638279763171,-0.6051225883042248
0.5666376802123525,-0.03157662702050489,0.405537819443377,-0.3456831792841235,0.7260689547050405
0.41119453170798115,-0.8926119968420049,-1.606195563544627,-1.947858980186723,0.6244710697292675
-0.23183047113541244,0.3589530275555927,0.3621830498994179,-0.49575148059182417,-0.5952159433978786
0.7496292446013685,0.46496458408079455,-0.20677955168295428,1.4121540328051656,1.251876452361846
-0.896198085606916,-1.9134088736221926,0.13777642611054092,0.6961066709143611,-0.2613032760137256
-0.8120087768807751,1.76603478365794,-0.9502572049186284,1.1784731466231906,-1.3732816974153421
-0.5265385091990002,-0.38228188080721015,-0.8189074144350448,0.8938841696473326,-0.14850799678995827
0.501724442683566,-0.6853028801132051,-0.2978680733979862,-1.1942776605728682,0.6587736036784095
0.844487126580168,0.9985266256629346,-0.11357803405891635,1.9784778743969789,1.1248153758974389
0.15545931415185857,0.5710484460538621,2.821294631189863,-0.12565735326703606,-0.17529198508557609
-1.4146925849082517,0.7386306086949733,-0.9672936555016948,0.6915802071693063,0.49846680839032304
1.192364413569423,-0.4272959838333121,-0.8457264415135061,0.3860968620159413,-0.5264087585186048
0.21283877994354108,0.012440883570849298,-0.5591168923654485,-0.2027186313139479,-0.2810391659477566
0.8006937297436891,-0.7578931906904235,0.4696317392764639,0.263385025722738,1.176721151158282
-1.1357655325423812,-2.1530970183145235,-0.3619112581945194,2.071195594894788,1.463731721710767
0.907588067636184,2.517245628022954,0.42994112862750494,-0.4624953721287432,1.2634614218764455
0.20402809537170696,0.1962071015964864,-0.7615330314387759,2.6285911920965868,-2.3832098044680348
-0.3160901883372035,0.14874559141257954,-1.0720581741090733,-0.033731156211755445,-0.9136189073250442
-0.04954104867591143,-1.8358346711357856,0.10774860467640691,-0.630736560983277,-0.04171957590244369
1.2550059375098783,-1.365290994768295,-0.3651646904816768,-0.537009379118255,0.44074141174089954
0.4528594708770117,1.4756834946819863,1.153080409861691,0.4894347706308556,-1.512514804563303
-0.49827528138860233,-0.8862734351109908,-0.5143422714849429,2.3611843274385724,0.8996634958592014
2.0377079905775632,-0.8003073033466909,1.0152087143137853,0.7798136220846216,0.3717056075008272
-0.5781424595455334,-0.41298309268892985,-1.8978275821195407,0.9771824661635671,0.986939797300929
-0.4127482183193748,-1.0814944860472464,-1.615338259549931,-0.7019415907868879,0.4770330545061599
0.1370398801378573,0.6410642106399986,-1.296909340666087,-0.5396451427822112,-1.68141904662916
-0.7515202548302518,-0.2992922361238908,-1.0042024756241321,1.2861234604826641,-0.5617987357748748
-0.8300448249914845,-0.7993726971009395,-1.1284760523813264,-0.7307148913767433,0.12961842258099374
-1.5089285360392337,-0.21069594551070622,1.2159371656661426,1.2365835499020643,-1.7809878938557009
1.1197527419878117,-1.5824123760972575,0.40304494717950284,-1.07022393562825,-0.12656754945429213
0.683471203365325,0.6236361731368744,1.8305016427940413,-0.9614478098998291,-0.2002311557794085
0.2987546620939428,0.29711867149574295,-1.4901203772342437,-1.6619331720272803,-0.8697522881398478
0.48568075120236964,-1.1424486909047622,-1.8576591647521252,0.9577695948360255,1.741131509441717
-0.8849143034810156,-0.9932217604574178,-1.2268528326212835,-0.43339174561483595,0.30253329574190346
1.7807997085786724,-0.9850700834592967,1.7132026936483573,0.7604385875793558,0.01417023653371714
-0.3717826246979592,1.8480305979392697,-0.18972957087198192,0.6623621597584252,0.28790342924057016
0.023106515369443626,0.03679246297632663,1.5717237666532382,-0.1562618948375135,1.1393117770110206
0.43560264499262735,0.47777230891602784,-1.266325708767942,1.4905784097768093,0.41030811137899753
2.141308442504939,0.005323897906771438,0.29613691596255054,-0.1976975607398653,-2.368533614436025
-0.6897160029017461,1.2420682073416867,-0.6182692818487822,0.007348835242493123,-0.5813597106713626
0.1067040658620552,-0.6472629688139985,-1.1904877280001722,-0.8937564629483995,-0.6946418760591516
1.4316848802697144,1.6324265132790858,0.6360519442564593,-0.6075473634248851,0.9880443053678893
0.12976040309381415,0.6673484464766368,0.23678111169972005,-2.0221322235156065,0.0637228992855667
0.9027407553388732,-0.4565265014993944,-1.0414962863636446,-0.9777400773326519,1.033337841679627
0.10389749767513846,-0.8209735963806768,0.7742210094191422,-0.14994864178983655,-0.16391037161240388
0.5468986942518905,-0.9732682699327262,-0.3028275326902113,-1.2506481800590215,-1.3460297388148086
-0.56218168073534,1.2718905668944036,1.1327982043942355,-1.3092960558781086,-0.3142183523109173
-1.5180888640273154,0.9761335045691453,0.5055770256559134,1.9534763605896661,0.10823051365928542
-0.1864985668750666,0.705632968201676,-0.6334446554895765,0.5132973907966704,1.309131925249019
-0.7592374136986246,0.4809081190739677,-0.4374034659105842,-0.3068805096753622,-0.7153883410438926
-2.034929407862464,-0.7598111921992527,0.7463333822154451,0.49201738355597313,-1.0834094573410273
-0.6131029737705221,1.3635244808610756,0.35538139906066896,-1.449646017366767,-0.7621091777963848
-0.674033983011825,-0.024824105213524912,-1.2165389843538503,1.1874023407565912,1.6611740379607358
0.18937063338152102,0.2226804207958481,1.2131901047819105,-0.5280438754987878,-0.8341089068460251
0.18962344716149013,1.5080690406376565,0.4488274008890448,-0.5895885448065187,1.1555676770371397
0.264590830513964,1.8886434571224229,0.0867245717186624,-0.37262776597099523,-1.5902248922828393
2.0567364953963136,-0.2390846240955009,-0.4348734821518566,0.0858256722887769,-0.035914418364893376
-0.1604354233119516,1.1094936277905398,-0.972601526821351,-0.11778170633425979,0.1328719400791133
1.0107199098515074,-0.784510827167065,-0.5065603478079379,-0.547021356541398,-1.8863775321999823
-0.9033190015542293,0.17907441792617462,-0.2364556735392472,-0.8325012119008408,0.18077174609291044
0.9208879476581547,-0.4928759914096606,-0.7012820917198256,-0.35813474443452564,1.1598847948194073
0.5643071614657906,-1.1817065710063352,-0.41556889976936884,0.3823909961016185,1.2542994193135202
-0.8073222268752045,0.8188638007895952,0.7265878357571686,0.5480795171602775,0.9053395052306186
-0.44204421491216855,0.1836775990006431,-0.762265587508346,-1.1744707190284056,0.15846023562013312
1.3609158049105645,-0.9459521220152581,-1.2944404358630148,1.1155759351956254,0.6265852360697152
0.25433783921876724,0.3060266767274308,-0.19841687842878789,0.15911367977444385,0.6618316217314615
-0.7128480069146962,0.4686162614034565,0.8758942542133108,0.0398162128157142,-0.752530034618427
0.39866045417029394,0.9263784222385245,0.47334167151121986,0.06384815286491435,0.003738134156774348
-0.8961518218428102,0.5584256442445916,-1.8979206505885489,1.4363349192853474,-1.4656871268440523
-0.40177212134720675,-2.040192097290149,1.0911267844904569,-1.0246030923645157,-1.4676168825238527
1.7855682660348218,1.7390214962665382,0.37346093955918097,2.1427601230928346,-0.721514336478617
0.5755744362698794,-0.6913041187113955,-0.2403762756101706,-0.8259684627770794,0.9730594811157272
-1.010070362938587,-0.29170903309399104,-0.30933157265617,1.0879902609777639,-3.0399171798313684
-0.18157568677802033,0.6939757680554897,-0.5455526461702191,0.5397337872938582,1.172598156333326
-0.8090738736784243,0.5985847776198365,0.532493341231595,0.7909038819704125,0.7983071092941493
-0.2340971960342597,0.633948575290385,1.1737547994673574,-0.27075568636208835,1.567272695490937
-1.137169163907508,1.6249528862296367,1.1735979631992906,1.40806542981087,-1.1708603001492637
0.9894679372470665,-0.27436212477111555,-0.8945413193301824,0.911247713020868,-0.9603110774048084
0.1344864749437867,1.0850068857677508,-0.5320057521395656,0.24718135308371897,0.5173133853956186
-0.373856422689793,0.913192943919756,1.4273623669652191,0.3566939465035845,0.4051572663989909
-0.6203182020661305,0.9220237559122783,0.38694859208327004,0.5809497775521936,-0.9861554811382475
-0.008147007903332072,0.5208953682655234,-1.9747435409906575,0.6794769136027622,0.6924286735980384
-0.6974036380722186,0.5130500616782693,2.2383771441164475,-1.246343210612391,0.351135343945717
-0.3130247176742843,-1.5994802609981156,1.3037877627506171,0.34462956987747323,-1.6127842744988359
-0.20868580152744445,-0.2402385166385661,0.21952658467878466,1.6193957850311003,-0.47609397742502235
0.26787083867563594,-0.14512224996728476,0.3553048814400955,1.786929915583238,0.6009108574505463
-0.918845760703841,0.7381176180488895,-2.147526894803628,-0.11527750636207276,-2.0715613431206705
-0.4075216553514075,-1.555809850199918,0.31299444067927606,-0.40495988636731156,-0.8987691262070305
1.2049440550253936,-0.024591007886954865,-1.1201597471386822,0.5647720996113941,-0.265808959697276
-0.013043065591411515,2.037847389174734,-1.0342365814407946,-0.42286280769110807,0.5770437361212132
0.6387237127247951,-0.5515275700261167,0.8816665713634058,-0.28958093117943157,-0.04743189161275546
-0.48287240618244354,1.4868591273056955,0.6541539565852811,-0.03326273993806444,-0.4582591191214972
-0.0731806720602372,0.9011021368572224,0.3785159004296258,1.9714632393125064,-0.4670876283818603
0.1070563718099937,2.084291539294541,1.4511916827117748,-1.4443663629227945,1.086090423618153
-1.6886332752569284,0.5651293745478905,-1.954763562755507,-0.11851854377920489,0.9156128501602696
0.931832013281433,0.933884985162236,-0.8000880717144029,-1.4773059337861434,-0.2688253796277075
1.0632226279469021,0.4496332392407391,-1.4428058388805427,-0.15083215090503088,-0.18225734944625072
-0.08222070171171551,-0.6103621021062906,2.7282964240994634,-0.3470669104477544,0.04715790523078113
-0.0678389268814559,0.9535585294763971,1.0638547782533634,-1.036488179401622,0.030888014362673435
0.5261621806392257,1.236232453956165,1.8325233141235386,-0.6561060762131959,1.4870397232413386
0.14710808261813316,0.20302148048874646,1.614186146335385,-0.9254202923640653,0.6836273887381661
-0.29235187684633707,0.9845691064522168,1.171360152835876,1.6233746500545487,0.2651977419051616
-0.00461695624633364,1.510719921594984,-0.5640626726177014,-1.596566878542016,-0.1305510518348409
0.6686937166525588,0.1528722977378633,0.9724836823670081,-1.46726493457907,-2.1560310961401368
1.1815273742352115,-0.5746258236736768,-0.23869251709168593,0.6973212456072624,0.4960720625299821
-1.4485264091361205,0.17584519997145928,1.164332265044466,-0.346235354373983,0.4266252054962787
-0.42979493769564436,-1.2264841998744178,0.15951567269008773,-1.4095327938038853,-0.1411741948668771
0.6770484439417476,1.842234053857744,-0.9860678117101049,-0.42696437165101897,0.37614774947295115
-0.663723523614731,0.13098670184097158,-0.5640081261101603,1.1671819271582728,-0.099106014963668
0.3574572569451611,1.4357272088335353,0.8891564381905156,-0.2947033643493088,0.20040011643784986
-1.0385029360290063,-0.7997230694479462,-0.002328703265708595,-0.41973229760260533,1.1552328738288462
-0.9037093838080691,0.8482626157744544,0.11673251012255727,0.5188226629337788,1.292428732278319
-1.1635553790175164,0.3235140302330821,-0.8372345049438679,-2.0207472025890887,-0.8055297517524476
0.9390267049088444,0.37029281349301507,0.12602092528068173,0.7493650477602334,0.5783958028941006
-0.011578756285394528,0.5006962537339397,-1.3821772358645086,2.6588062080389347,-0.08794665987297651
-0.4184860044091493,0.7578840799790479,-0.4491246098122145,0.8776071437361502,0.7050595068256913
-0.8182237816686198,-0.020471646139772266,0.5881163325267725,0.6328611272606626,-1.9039912510665655
-0.2435727743358583,0.4049253855164091,-1.064070462785877,-0.19033699379532557,0.6341577589022545
0.6427195587516246,1.5950514951881902,1.2037331014794483,-0.7263825447196787,0.08943762043820974
-0.09361599699088068,-0.12173446652235467,-0.19790358997164764,-0.9714058922360567,-0.16714965052275443
-2.532103108405184,-0.5240594076723988,-0.400224809367181,1.0719126169729583,-0.57674612150603
-0.05257924689903814,1.5549018866548945,-0.5933230019958269,0.06715228308821643,-0.12934332059304338
-0.8034246463976844,-0.8556555328730936,-0.9732912861544113,0.5847705981541991,2.9173808983425813
1.5951608322752042,-0.5219400843310817,1.0562381114659263,0.11603956671771436,-1.717047735281067
-0.03509421062679687,-0.7664892045899789,-1.0664870812186098,0.21685145006911205,0.01597189447303232
0.1729141885969945,0.016385794484132566,0.3277478087928978,-0.8337362200193127,0.22326092803220432
-1.9533434962616165,-0.6377707635080874,0.026849187803083707,0.05824445921022577,0.7972894586427384
1.285967376872927,-0.145300604695322,0.6437107204607658,-0.457310454113877,-0.13252150019578998
-0.20693483756419132,-0.7515402124284604,-1.6874911530673657,1.5255298728678255,-0.7003186697103676
-0.5937089334270201,0.12451864355670567,0.09291751825177,0.5054765288891088,1.2766185962267431
1.7007323932900442,-1.8771377453417857,0.5127938377034298,-0.3984949791631983,-1.9470041824844324
1.0090329302615402,-1.6279444646012289,-1.630756738125571,-0.5583912226294891,0.9709837998250133
2.152835882519521,0.32305487835861985,-1.0351640456034044,-0.3202239489960159,-0.3736846613351196
0.44794965750049215,0.7620808665994745,0.29974807868835673,1.1637340289146048,-1.8589247184894244
-1.3741495945450124,0.24535792157183506,-1.3972985476457318,0.564813254056041,0.09109716698111965
-1.3463085092512366,1.9639091944332614,-0.5144952904456167,-1.1800411006449052,1.5555386138137306
-0.10452221003961838,1.3436984081869356,2.2140531436765447,0.36938601568482105,0.1502355822682186
-1.8062542037526794,0.09584502074051049,0.43010670923580113,-0.3968271160828575,-0.8435216945266684
0.36529840126050406,-0.3208605641965532,1.1653783168291267,0.022280194841784295,0.3089109650819583
0.863632560001901,1.0707276964397763,1.805228380109307,-1.1526458096250973,0.10554256797432375
0.8754795216495833,-0.27636933647748213,-1.2277203050027625,-0.30123618206706615,-0.9015891376627001
-0.004047794670754014,-1.7994462046096482,1.7104649652715358,-0.35545632392534765,-0.6803749482480271
0.28881257622732637,-0.43187320369515125,-2.106680893334531,0.934388025159826,1.437529925079651
-0.11897748922052993,1.3065737974451717,0.18849741357402616,0.003219221012300597,-1.9959489131797636
1.4933738590945438,-0.43680705119747604,-0.2891871985641385,-0.06275383594534008,-0.13859362176188333
1.726317191356397,0.5200961372137958,-1.5423570380678824,-0.6233056409941203,-2.07214086183535
0.8767540805735975,1.5516613069196243,0.5504588506971008,-0.5686917434127525,0.7237969590150849
0.0031086672199243082,2.3131652119931494,0.10179632942189341,-1.157014393036015,2.0726414299702522
-0.9284831414271494,-1.65612524285873,-1.295994785659682,-2.278149013562147,0.5628736018427706
1.387777806035258,-0.011666620222129161,-0.3092371503817007,-1.6035608888772164,0.6502885003779239
0.24547865742092229,-2.0270166333196937,-1.2145154266720755,-0.6735223931189586,2.07677369259266
1.0720849451483612,1.9513050730982144,-0.6808099306931329,1.5823606740962946,0.24365554248210844
2.8218927313477886,0.15402353239724434,-0.040532355280235036,-0.42691289397981785,0.43356136925187416
0.25643696915025777,0.002035085070992911,0.701259415616702,1.0230214447737125,0.21312192887004267
0.9489682465015091,0.29379871732507024,1.0621352863725526,2.3716408175018935,0.9034497954364146
0.4564018771526345,-1.4335542135424284,1.228620131225055,0.8429195923981899,1.2759606827846897
0.030823896935660573,1.0502801494731548,-0.47568787764502996,-0.033033433762729394,-1.311539678309777
-0.4151763738006414,0.6580755551395447,-0.6201772452785943,-0.13820503015030677,-0.5425635590873865
0.06536401231659582,0.8423722506596943,0.19958948360302411,-1.7057853024098628,-0.6865473766505802
0.17847668817290008,-0.39988253522085837,1.2871398617904142,0.1705048615699776,0.9469033081647261
-0.4453626797918201,-0.7905568528352821,0.7594982689732189,-0.6876266987666201,0.4367936048596604
-0.9488469756827711,-1.0424700557728692,1.425128710654364,0.7355143154523257,0.021953409210729923
0.6687235055602145,-0.9558774283590187,0.12089744279994621,1.3491801447088678,-0.40180689244775414
-0.9779325235361495,-0.37490456182599746,0.5536308238114575,-0.8230690213006011,-1.4196654046667065
-0.5554284405810311,1.5025660906195193,0.8030523558766726,0.34805345890546646,-0.3785668810858353
-1.0931460873581391,-0.54373132673825,-1.7444584055115526,-0.8738664889181041,0.8953315055826165
1.4654767381788685,0.35651857260154124,-0.09987127596585446,0.7917670728530791,-0.1259704183377064
-0.3997048678423194,0.12208314247358755,-0.6383139224857695,0.5378666362195238,1.5408003456329589
1.3872356643858343,1.7487692831081938,0.301417419294766,0.2579834994536754,1.2644147842224418
-0.9437882438340287,-0.32783732111884084,0.7173922112194822,1.6867407337918712,-1.3531158577883402
0.2051210920934978,-0.12871506429970905,-0.8294965746580011,-0.22149826264590747,0.34887594191736115
0.8064260274563846,0.09578050102052112,0.4136468972318042,-0.5274134567798242,1.1239697571389216
-0.3096252318678137,-0.2878933181905065,-0.364974761369396,0.3307416845071825,-0.18068637510101215
1.5568312321204805,1.3243319035915602,1.5372975483181694,0.9367726781867926,-0.08318666455312324
0.30920209709358765,0.19837153587269588,0.4301976502408461,1.1338825016768164,0.4488766270299107
-0.12227682586559209,0.25109271011482437,0.6497669218345918,1.906932963514057,-0.7876869242470136
-1.34896654329792,-0.14932464186298058,-0.45540170545898145,0.1605427534487778,-0.03849635253042131
0.693846448408657,0.20913078130404,-1.6839248110578506,-1.2360479428123856,-1.0613184303406122
-0.6988508635033958,0.15668290273738586,2.0064855289201806,0.4740874164720154,0.16755302227445504
-0.3180898314826816,-0.9798826423698707,-0.8949108652237787,-0.1409644084808763,-0.6721120314850091
0.6914864347355387,-0.4065947790720792,0.2076229353511651,-0.1893000786321605,-0.16717339040270773
-0.1290821773003254,-0.6387475799483112,1.20399854052154,-1.1462645017109465,-0.19056426168824117
-0.3301747833811195,0.7113188843858423,1.7273992629329162,1.768922561889099,-0.4006982104649171
-0.5708919970666717,-1.563009428626475,-1.1011422671151847,0.2211497879695065,-1.3565507670840165
-1.195525307029554,0.04356061607353693,-0.8367550801329513,-0.34708150321746933,-1.514273960091811
-1.1789057177513256,1.747070156689564,1.5850314708320716,-1.0309387566267807,1.7962566369938056
0.09323225114320029,0.4888730447187314,-0.6565821409603637,0.8067837586246064,0.7683781611236302
1.1771007845332468,-0.6094471627149518,1.0151227628783845,1.991178090037158,0.13106848194492282
1.5486768934423918,-0.984299796686566,0.8284668987848207,-0.7398627568315215,0.5557428738675291
-1.738327359838176,-0.8471946531021073,-1.0564435448451646,-0.43088145938737016,0.7524475200079364
0.930324244879351,0.782907649629108,0.8730147292356578,-0.2071958584538222,0.8650433639603232
-0.5570426426933968,1.7831794777361067,1.645453606338143,-0.9450871561940362,0.8101298871274696
-0.03482611101736395,0.16230063025354904,0.039441187631774385,-0.7137989359829855,0.30531617093876456
2.2883610641883956,2.3911690759997843,-1.4154967882961929,-0.7469140515413668,-0.47149330245945814
-0.02709445661913255,0.9059113192341308,1.3223937797859466,0.18768061430902022,-0.5279174433165713
0.44008870549887863,0.5084625063398089,0.6271926176011231,-0.5879286453428715,-2.0884143642715522
0.3004473429507178,-1.1889704458534696,0.5741606243239221,-1.2140416001224694,-1.4426989219260624
2.143573332854151,0.7219913406976098,1.0464681414864458,-0.43438862907223663,0.41120749875164453
-1.4535924958124635,0.2635605621787526,-0.2077320633192843,-1.5544446074345628,-0.275561274657179
-0.2662138475565432,0.8337677209408535,-0.7352093957756354,0.9504932532342549,0.13046754723308202
0.5547125191511805,0.9213951206818204,-0.9485610726586905,0.8804591361822871,1.2957594456174424
-1.4085318694330708,1.3350805383151965,-0.3613641213818368,-0.48046305048331095,-1.2926981793597798
-1.2787572818088606,1.4126656223203264,-1.5966192978686848,0.3549064668619195,-1.200773355731671
0.49660712154109327,-0.8808233313335201,-0.7242659433783967,1.0567362096383255,-2.5278330076284115
-0.6862044497143508,2.278000149390107,0.1209017224910229,-0.4088796286497018,0.13034225636698832
-0.3030066139427881,1.3626140043472148,0.48501456950189537,-0.11789704659932457,0.6450427811917657
0.20738535742124428,0.5601535121874699,-0.6104329114398253,-0.8663960172108098,-0.02307113071326697
0.3389589626803727,-2.285797198574475,0.485213176685735,-0.96712908700583,1.254268219528983
0.756441015412884,-0.39748382998089865,0.39124472033625146,0.24355705516804207,0.003942032372203677
1.0815922257818904,-0.2570395825233007,-1.548150659129738,-0.10029580436195117,0.3341023467248477
-0.5491625669778833,-0.9017681799482022,1.4223343325468005,0.8470799857704296,-1.342275900365896
1.0267995828207883,-1.622281908012136,0.02521362358567521,-0.3303945287986049,-0.9003601304749352
1.8836294451534294,-0.925056537334062,0.7819751662009016,0.9733828815558477,-0.8355461418762195
0.0812981650934432,0.7948669762765173,0.907780215735804,0.19278494974264693,0.25698374783011024
0.13379439347478733,-0.6579798042024951,0.5291669910505619,-1.5531671284516761,2.403457245845721
1.3028926291121594,-0.6180500000906171,1.9041945037004395,-0.44419038731020116,1.695286154510207
-0.701463128424338,0.41093689995524907,-0.5317296901162124,1.1643058670408286,0.9506282275691446
0.7496064197373378,0.07349175866097464,-2.024499586469661,0.9138168963972565,-0.9040790294864506
1.5360476557676896,-1.0855781623784226,-0.13650559764508066,-0.7505872578569935,-0.5683569567567079
-0.09403567959076894,0.4510792855222458,0.8873153133926176,0.00819682363577222,-1.2064777342980135
0.27723650436158254,-0.12937592151949612,-0.5611357636830129,-0.5123377748965715,0.2314129133122937
1.7784404353120888,0.9474020666691915,1.5620083831666156,-0.7814005391724755,0.38598485200707666
-0.533527506046688,-0.09139857373473993,0.022213085432526068,0.1008106591179871,0.39515643503213643
2.5913443631419404,-1.6119088518656883,-0.14896397496901725,-0.9019887391865611,0.1434205795369756
-1.0268075747973975,-0.3158448691094139,-0.339048727800129,-0.34040803931220553,2.7177244891816943
0.14225626958328302,-0.7178366811306918,-1.255316126596061,1.7448112468180226,0.3884817293505115
-0.06625140649762004,-0.6210588028988814,-1.1721464138052409,1.0703257268058841,-1.8995271098981559
-1.8366873757541184,-0.42362046992603986,-0.13154885745210806,-0.4493610913411824,1.691937107208083
0.1471406729514994,1.4158883098963833,-0.3712588713981429,-0.45379982610621017,-0.33803620229737125
0.4520305818190073,-0.8611792098469666,-0.11593220517475689,-1.0457590643064774,-0.7781778694972106
-0.2017709822856398,-0.156740337737013,0.9641251835680519,0.8079284683986935,-1.2836257941493205
-0.9199016186932523,-1.0313052746196976,-1.27222833299897,0.7340241657004924,-0.132818099299344
0.9958830340723639,-0.3413521548422038,-1.4496913352931173,-1.6499415872156544,3.2465157793753123
0.789208961929187,0.1528013090921594,1.8609046142415213,0.35427451313645886,-0.2759678824769721
1.2794053161833319,-0.7374565103235717,-0.4160007838387708,-0.017204412594667415,-1.1613295587662664
0.5072459393559657,-1.5018201573422294,-1.0488654416148067,-0.04692300575223251,0.6075834466632482
-2.095432069711637,-0.36378109954721294,-0.934962915891944,1.0055705498725458,0.3354607370136736
1.1336147764095432,-1.2244688719885468,0.40607294103662245,0.19321828041874578,0.2760801488683878
0.4164450245248836,-0.8766672257389485,0.948199102242602,-0.8501720318427315,-1.033546902858819
0.1962276189266119,0.17344216790224876,1.0310979482876683,-1.521773276778345,-0.3104014094913178
-0.40357258096131954,-1.1951747001986575,0.10039271477678809,0.324697456931456,-0.27464313506622356
-0.714998155310151,-0.33119897265069126,-0.408120280158868,-1.1630950886864315,-0.41153449169988654
-2.1031130245619845,0.675143724130351,0.9699012644452764,-0.7209071965357904,-1.190328133210017
0.6498673875322324,0.2579109146902009,0.04974991055627756,-1.6061593848674047,-0.31526208730928523
-0.2231215067957818,-0.18141348529470053,-1.3234638127832636,-0.29878202421422795,-0.21410081023828942
-0.9350100865908988,0.3306930455622935,-0.21332390468520457,0.7477350233863389,-1.5117870936432076
1.7442366221937557,2.6845222041915067,0.7071234376230533,0.46987593931702293,0.47303224930840043
-0.8365151444016493,-0.06461589255498255,0.7159715078004618,0.02536159565932868,1.0471827604405834
0.5944937439444135,-0.4296217575273026,0.9820537179663077,2.04405003802133,-1.2263850071382814
1.5117334225792338,-0.15988273194239563,0.010207522374069997,-1.3145233083049523,-0.13843452090863373
-1.0706780861137377,-1.1786537543839215,-0.5599576039554589,-0.672042859859865,-0.10811442964157648
-0.495684368625803,0.6606594413773164,0.09840471336348461,1.6431005593013426,-1.2137003773391992
0.3106620320124264,-0.6605808000694101,-0.91927368372706,0.7570234596787998,-1.185597456820546
-0.8304429766552566,-1.4706507434003109,0.5165395616064828,1.053416523156953,-1.1364416162356152
2.336860722023347,-1.7591593479618688,0.7873594297699565,0.5139048995409481,-0.15863107812804964
-0.1285454211118316,0.6656230509807739,0.620353059640711,-0.1550000094958866,0.10026415721590555
-0.4034747554781928,1.714978491288019,-1.303204884882188,-1.370735429011374,-2.2485526835104115
0.3349083214094931,-1.5477494242005652,-1.0965545177154998,0.6879267943128569,0.7898890969123349
-0.3583119800886015,-0.9536148210892459,0.4816136172116839,-2.091013739698037,0.7524164996239341
-1.2825812726290227,-0.610565032047393,0.0008624896164573561,0.4487343032793946,-0.5316412250869661
-0.43853027310092774,-1.1997173654798126,-0.32626093581050125,-0.6158598388484728,-0.4032830645210102
-1.1340620788506635,2.5440636350174866,-1.2423461374597382,0.34177265933077927,-1.2943847466338183
0.06639506685123704,-1.3636899081610465,1.5552357243405233,-0.04690664908800408,-1.6667237537105744
-0.9202018558915278,-0.20418729370009753,0.6282792436936715,1.202402030825929,0.16599279169830253
0.10269059167790488,0.34213071317733484,-1.0328737856293357,-0.4129552074274739,-1.8821199504317827
-0.7800794588514717,1.2202240934740562,-0.05400493913871796,-1.075512639691386,-1.4402556023397723
-0.5495631284010767,0.7737807393938723,1.2511902871938478,-1.6399109352429797,-0.3369975202946526
1.105377890157162,-0.287383230146074,-0.4346833759291108,-0.012110824403314398,1.3940104678861365
-1.667051445855772,-1.4139775296741823,-0.46464036133862724,1.4697894778833756,-1.1027033613285828
0.23739377160278272,-0.463345261882518,1.5903530527133132,0.24616613051251546,1.050251068447485
1.0038672554208374,0.14460509111306752,-0.4083323377066175,0.39363933614565483,-1.035406974092988
1.491367448365438,0.6664399532665042,-1.7071396582480254,0.22539723030672404,0.5894046650241356
-0.13546748291564162,-0.06838893963230412,0.7337672040076689,0.23279458111338858,-1.8382749804434626
1.9908880686867632,0.4228002331384091,-0.14115910908479476,-0.5601116550407266,-0.827873554164029
1.2097814102736457,1.2858800695483321,0.1126446878099913,1.372352295222581,-0.3349837820857833
1.9995508684421428,-0.08767886912910991,-0.4663603176339131,-0.24399729005329812,-1.092496388745559
0.11388440563062754,-0.0007561662743266491,-0.89748354001129,-0.6162859633831502,1.247811581808805
1.7701018376914694,-0.28200744726094457,-0.3564842869816515,0.04472842322826057,1.4748569990269995
0.6325710385890222,-0.15962367579640643,0.6908945393127833,-0.0883601407539221,-1.355073261723871
0.27055751179599524,0.33684836081096603,0.320309321449918,1.5128808525066595,1.4372145024354714
0.15208321308960185,-0.7364059180957202,-0.05120423204480168,-0.17164246545348247,-2.5469045811481577
-0.4590855139539418,1.2272152084897547,-0.08587414191702772,0.33597930791597735,0.8701913740726499
-1.0703165528734382,-0.018005239991849005,3.374143310674821,-1.2691724408076128,1.0781413751846392
1.4353703032644345,-1.0098506098367073,-0.8538840092314804,0.21597994195949846,-1.2374780476820821
1.0439884629824165,1.3748638197405585,-0.5505775978706545,0.9195597714670849,0.7615056976113481
-1.3143170371169266,0.47425270597426156,-0.4823453938164758,-0.41176394744486516,0.33079960109512796
-1.1203853785787983,1.1738913719059307,-1.074327550907629,1.3289686479025415,0.6777788264292678
0.453564267181495,1.1410513572384162,-1.328723678759247,-0.5574601717890015,0.047577857005680006
1.55898011825972,-0.7600227607627195,-0.4381964871667221,-1.599955140036283,-0.041865715552788035
-2.798877514574403,-1.411417628193982,0.7301979189195921,1.7201745009048688,-0.055811306617905496
-0.9768359752945495,0.022046797402742003,1.4019634770463092,-0.6921779720106043,-2.3494675828891345
-1.021898812889562,0.3458602340439638,0.732964569070756,-1.396603293353377,-1.5077107409986585
0.3610538268672019,-0.9889296082488258,1.5911405895422936,0.9822000211766897,0.4605408589670074
1.0727895679318138,-1.8974856472094441,0.4209949450311154,0.6199352242483643,-0.36349944827896974
-0.5071898837420911,0.24724252429372398,0.1356654606674913,0.14367676335899787,-0.36673026976452316
0.8430855800023862,-0.9602013522734048,1.456435131534945,1.5393565751276805,-0.5295522941712815
-1.1574052353000965,0.11252117470032057,1.0911529715341477,-0.02783715244656113,0.6816395986174479
-0.3417452616536509,-1.6991894403997037,-0.17100860097017467,1.0130438559152013,-0.6412869786366158
0.5621646903044669,0.9420448822512576,-1.0818820937859166,-2.639884255557545,-0.5603420364493353
0.48475031138379127,-0.2758163093491195,-0.7474287183735387,0.5031407296833297,-0.4066833754530583
-1.9681130649730219,-0.7274107832867464,-0.033162557840478564,0.42418505758392405,0.20997200251581793
0.5386558210098042,0.34841619338078456,-0.5351429532491063,-1.710104781798795,0.49509267052263967
0.4756744482906343,-0.691468657615535,1.1105286216875798,0.7543602326813696,1.3479188820628418
-0.6734397210939072,0.11807602975678126,0.3307139546415898,0.882974682272573,0.8009683087985526
-1.4606303378322107,-0.15279824935817526,1.7500657802207187,-0.23645285736034688,0.7961828685046856
0.7237008174364903,-0.21734856259534008,-0.8275654384527673,0.15721245380184845,-0.13928034537160452
0.48669241001990704,0.9356757074838226,0.12712798445574883,0.7840656562254221,-0.7895587920639765
-0.43120750454485207,0.7173068352436757,-0.5651525107345867,1.5322173503985037,0.5440009681292391
-0.1951551194750208,0.4035613522719615,0.5811721427701231,1.7107551034324364,-0.2205406756505786
-0.024122932721028605,0.15959643530235457,0.16226070940907908,-0.6742700939073147,-0.47275554580233625
0.831612867542985,2.1127827048714223,0.08023639462376997,1.3826748805632836,0.17972186140734608
0.32933906897621057,0.016392600892494887,-0.8060120072638298,-0.33927041444820083,-2.2142984545845987
0.6109846306573015,0.19581391470949516,0.9412500505157638,0.9141002713831318,1.5570223866714838
-0.6983560420106589,-0.6588360625024047,-1.6164234721938204,1.0147178686648202,-0.9114085000353941
-0.9668973483525098,-0.12936444657078633,-0.8712694460045008,0.01161032931520856,-0.06342000834135518
0.576606916422034,-0.5733734447388377,1.5282109579749037,0.7833151801755217,-0.10021369732399327
-2.3126285354556466,-0.1766393226601671,1.3103432974896323,-0.5285718401476595,0.08918733301929647
-0.2422761047222274,0.5943606123096011,-1.0951015917507123,-0.7487712657854069,-0.5232837324528073
-0.600534789945856,-1.047272644212699,-2.4553660092786305,2.6335434194434324,-0.44578649045048585
0.13442997007191804,1.218526301758536,-0.7952301648639515,0.35342410927573004,1.0313826609387455
0.4219772061861001,2.1561579768936046,-0.31737023380318846,0.5882176996540756,-1.9677396901334194
-0.17023230224678484,0.22579727656280657,-1.3036338818154731,-1.5689166194705595,0.8469800333159156
-0.10244964781383673,-0.21712770997912975,-0.2927991175793922,1.5089122226091891,1.1275294145086547
0.5678728845978469,0.4694764452503068,-1.9611493174708925,-0.643732806108887,-1.371346890805157
-1.065766660167037,0.6293467790905685,1.2973376018658926,-0.5335460360835224,-2.264537185626983
0.13627121308693474,-1.4163796854434316,1.5032954858194425,-0.46831321186737773,1.116153249264868
-0.12474924119298346,-2.8216104867125402,0.8635608676097647,-0.7181930105699916,1.9840797474604743
-1.0846787210065552,-0.41582263252316953,0.09475521525921218,-0.12800268904723386,0.3103361803904776
0.8744457341832609,0.8615580162941817,0.08031562341170866,-1.2352624776023258,-0.10855043404903082
-0.3199487366429981,0.6153545765801878,-0.09170046770911496,0.31920324884635365,-0.13202534867523624
-0.38099239434163157,-0.10436705116205201,0.5933531454471325,0.07850791052760901,-0.813043466249137
-0.1922079193917313,-0.5486412082619317,-0.04035809174805735,0.34143086254795546,-1.0924489336877132
0.7515037360008339,-0.4711233599417104,0.2760705170883839,0.08676553612035222,0.02180518276717808
1.2676432892878078,0.07791602564111995,-0.1771975316824262,1.3121072497345583,1.889985896198797
-0.48365685741847775,-0.02115723599651639,0.25875157025563456,1.0093388650998376,-0.09125139933233828
-0.4306069868171996,-1.5424888841154036,0.5397100876054887,-0.768910755869436,-0.17944773777897893
-1.5976611357850439,-0.13814959583934017,-0.028574909797932424,-1.2317432865511477,-1.2004467869341258
1.311936761000638,-1.2940880399167018,1.214142428303695,1.276306443750294,-0.8419450923414463
-2.2546141589895625,1.7612647994032582,-1.80277870492045,0.29075732671177756,1.40145669942473
0.2842207224959096,1.3053624790732763,-0.1585866093747104,0.025888530933275332,-0.6469032556845787
-0.2782032237892508,-0.01019327538518058,-0.5134141541023802,-0.3461417893039862,-0.5493304655573532
1.1307130657839064,-1.234424558948321,0.5248858382069553,-0.6612271016110431,0.2233200742106793
0.34315033630039266,0.15283746235956583,-1.1279011219544453,-0.8366468641636889,-1.7763110686589902
-0.6530868790257673,-0.18557582526413438,-1.9380752962148569,-1.2412068015245905,-0.8235175065759349
-0.8345260786866149,-0.9933332152041615,0.09714413451054102,0.9534688626304573,0.37707062796496854
0.4394950554316377,1.6083118216168806,0.1730298745759251,-0.17957257926847017,0.28601270317876454
-0.3565603144998167,-0.5633515157842803,-0.07351751350940983,0.8321148133218773,0.9036127749057291
-0.28472657608511576,0.7182675368898735,1.1553770802909593,1.5927744611082701,-0.5910716287914098
-2.3510900279417304,0.4939989607463631,0.15961211601234088,-0.7137167376891242,0.8005995099522797
-0.7049440556229603,1.7887942372177217,-0.6751459285427815,2.332210830573904,-1.5933459228368194
0.7406344079626463,0.12804260575253423,-1.697690241336025,-0.9834212603970305,-0.31377207421134484
0.2507992926066325,-1.073393904579055,-0.7318246001322384,-1.167418899948471,0.7641966513197074
0.9036918868988034,-0.32791736499166046,-1.3739476172251923,0.0024163531776844613,-1.4246887929169871
-0.05400336527453273,0.13897885849648764,-1.3043796051238166,0.7837187751054022,-0.2388094292042313
1.006046980350185,-0.17844585592316015,0.5809375131115369,0.5491015869591238,0.5501115702492883
1.5889707463339804,-0.5662383324420892,1.8644100253129077,1.977578602646524,0.13903810121469545
1.0120896363098422,-0.32641456447030504,0.05695741461848014,-0.3698576693906277,-0.19620363046828462
-0.1620415029423102,-0.7036999528952068,-0.36779816545674204,0.14892516158547556,0.23030502711560172
0.9717241118848137,-1.2793474071982756,-1.540831950846357,0.7684121822183604,0.46998736777618916
-0.18393567663965987,-0.4473088283017179,0.06905557077298223,-0.3879312097095516,-1.653674527363006
0.20430371698509303,1.1669627257569906,-0.6724454970593152,0.46999429731325326,-0.8353914035613537
0.827919925332445,-1.3793070777096241,-0.45080934783692533,1.0404114145420327,0.21906216421481678
0.6801570246611782,0.2980423794739794,-1.968181559426027,-0.7924498011665556,-0.40237217806654796
0.09682428422368977,0.15079105197181863,-0.2430269878734145,0.10433060774426539,1.0253771066064734
1.3574703838127635,2.087942936577821,-0.23254424015791356,-0.7450613434949122,-1.8731732049822845
-0.867789030718761,-1.325949563122651,-0.354669518274737,1.0997541070586527,-0.03721314773302255
-0.5867019516575949,0.4549422235720246,-0.7824066724248676,0.7542347612249464,0.8825251829215242
1.3681900692450177,-0.17937021023038088,1.0682418734639574,1.493455850540574,1.1965283862355285
0.45990195420374796,0.21571257146508802,1.106161826252349,-0.18485904340091122,0.7837248519036206
-0.5970600101421052,-1.5098475535421956,0.37865754440509836,-0.2027501890382203,0.36110357480853356
1.4070000069888313,-1.671538562322668,1.5154229212211805,0.10414787839051419,-1.2013721752563942
-1.4381121507939432,0.7828158679702979,-1.554324107314552,0.7997106269922294,0.7563005289164169
1.6060660652863905,1.4608293252358588,-0.2492865486527866,0.48532542565710607,-0.5964726025376345
-0.28281373100970825,-0.36194945337151235,1.1709816082389746,0.515138380078983,0.36063478767621515
0.6112496869184385,0.23373593276388208,1.1643678677476468,2.670400648154233,-0.33100144062615683
0.3380509844496388,0.5160321911160275,-1.1998311906998536,0.24774044939737624,0.9934033735774783
-0.6270371719017385,-0.6577295421451795,-0.5624708468871102,-0.1875439613597065,0.023692228223502688
1.593017647585703,-1.6113871260011152,-0.5265868727157349,-0.8723440216148114,0.27062365249855164
-0.861919357965089,-0.22270779271618935,-0.2757242454665267,-1.3347316815666055,-0.2813235739269698
-0.3926667386856957,0.250133856681771,-1.6439792804768352,-0.11060512289119309,-0.26887581486886547
0.2887574661108634,-1.4011004682008747,-0.5502692991558982,-0.04276272412305106,1.072686749410268
0.3456803168803806,-0.1545106201880512,0.6628077142715234,-0.09153579748101615,0.9385793381245525
2.0495562158173364,0.6832059231622211,0.6478347672830941,-1.274381852179262,-0.7611537492043683
-0.11932472291038367,-1.1402083590283956,0.0099916823260413,-0.6474319062254785,-1.1639998591857421
0.7497738563810744,-0.4020981209170819,1.69629571459351,0.3329979520575462,-0.7194377346773801
0.6070664711035503,2.384546429661523,-1.0897433975299518,-1.025303008602731,0.8971112052678044
-0.2108334612419195,0.4007847310569994,0.6910003062185112,-1.0711470630223145,-0.07562095758666584
0.24779889445556297,0.057567431780685165,-0.6837916298090214,0.32302520207606,0.051191801908453016
-0.09466216626399125,0.018893056950078254,-0.3968747988914684,0.6365172381302823,0.3985794016878093
-0.4248837404890377,-1.6388799910480583,0.2651001389726165,-0.6238924619109919,-0.8925817970945447
-0.769468288746955,0.760147479047861,0.44652117295325416,-0.574754918987786,-0.10014902250865543
0.35229094559611485,-1.221673055087558,2.1950834411884848,-1.3621049637622158,-0.1410892517886115
2.0999551905623544,-0.2684568462515077,-0.13536845606441048,0.24121914511924436,2.372312426782251
0.8514214399363836,0.1477696120598163,1.4298810954867631,-1.277601764224072,1.7241280444051539
1.1856102970650733,0.8751073517845724,0.8590917624862033,0.8615359198489144,0.08909632512311808
0.37406975188672925,0.7566814765992554,-0.8898320270587308,-0.6457222759356026,1.7105407914544148
0.0011384262457305857,2.637736880996564,1.7142000029401747,-0.5984233921719372,0.17547030545797485
0.9773213217519464,0.30852888304403187,0.35282258253658266,-0.26951989502608265,-0.5665332879228772
-0.39996935002495543,-0.6791158300517064,0.6489839656909946,-1.2322081941551435,0.5162782810139025
0.6629180728484618,-1.3854429447177476,0.5304230291615095,-0.06313616865961409,-2.038396047411461
1.7172138435828888,-0.06031310941855257,0.07234783693610669,1.552416202452478,1.5901086284743375
-0.47537343331090604,0.4604743715683321,0.30332851174602216,0.36943728750076676,-0.7462287630127696
-2.1252299248264306,1.1945273562862928,-1.6571557323920556,-1.0756237434020455,-0.14397240557862348
0.8592867997513065,-1.357883426810721,0.389169905098947,-1.242374412931401,0.9447798478862912
-0.4013566020809465,-2.656799328087214,1.691250492154488,0.47257656796604647,0.8051001838707424
-1.8946747833404225,0.3795330173573618,0.17421585446242624,0.4237165727915881,-0.3384271748350336
-1.698367476520018,-0.3847043366756726,0.10581457100539167,-0.21883229408350163,-1.3194047496539065
1.679413021127606,0.14011563216297784,-0.26204818388896345,-3.213408574365885,0.10134806827012052
0.46008760069008237,-1.1683260565979634,-1.1737265297555315,0.8501208734637372,-0.36635370945525453
0.12876304320503665,0.5818485525628536,-0.46048176044842226,-1.1889234926347085,0.7066862797697219
-0.1868389276315608,-0.9515110537777839,0.31641547740821124,0.992206330420383,0.0407989677233913
1.4708788983571017,0.19680718238939857,0.9999686116572154,1.2475856194669943,1.32192853322531
-0.7011981651282206,-1.3751431090094013,1.0086669389206877,0.4166013047863169,-0.388561617416984
-1.9262402073199618,0.2950170476613166,1.3997763883530672,-0.303050680435826,1.203329328191035
-1.5805087478652675,1.471050962792248,0.7121171120123865,-0.22582681452884884,0.38948931817089616
0.26747549005527627,-0.1406973434433481,-0.47899770017809734,0.8701088097540132,1.2736501025431022
1.3857412056004745,0.350476527822869,2.040190384474027,-0.38099833649305187,0.8709316620293933
-1.3697699679028839,-0.860389765610829,-0.8626801964483551,-0.45330271869396016,0.6295816523265723
-0.7685671034615631,-1.5876262330839894,-0.20794104514981904,0.7571140755210938,-2.2568601217899786
-0.3652277264030211,2.553803834410537,-1.9555607176446639,-0.9041309184623983,0.026088273990230084
-0.4223580622811658,-1.0618795242455223,0.2354871287157119,-0.0822383795451545,0.3610611427527437
0.3912563995655642,-0.5919696089031529,-0.10002420113332838,2.0812864712737498,-0.6217285140687545
-0.6038261861776372,0.27517947974264945,0.40093999445136197,-0.9030818108466528,0.4266889179320715
1.2117268867117859,1.1129372512716378,-1.0676707614689749,0.03748449742355368,-1.866086352981998
-0.8088341764866677,-1.1758172414788608,0.4791432595122033,-0.37768313709275997,-1.3630336027322045
1.7712348430143046,-0.8987862920251096,-0.10331362159498617,-0.9698238202300423,-0.4082345844891253
1.3061257722322723,-0.5690417809151687,0.9164566016941128,-0.35870288882973084,0.13558778005383487
0.7365272546700572,0.6907616459918718,-0.3023014313930785,0.041885840125950126,0.3207255128656174
0.013348687663199625,-0.5913263286450668,-1.5175244123171066,0.405678374858885,0.7872210086508059
1.349560741799278,-1.1553871067931971,0.6903528209176113,-1.5665212347223734,0.8009680575402112
0.7388165389746997,1.2481483054442273,-0.3366937059250145,0.5668296848967679,0.4302466603125092
-1.1829096908569448,1.3212431590534677,-1.886733142886848,-0.9549220156174231,-0.40993874270830366
0.3634418946246193,1.0089692403302202,-0.5245494763956686,0.6258843349049672,-0.953146643859543
-1.1158025899848691,1.2121815154454845,0.5127236800191438,-0.25025640772143753,0.1668680679429955
0.5976033025975436,-0.5973257188814048,-1.3922806866453072,0.8434544928985043,-1.7023020555244361
-0.90075224838606,0.2758588366463726,0.5584302290005779,-1.5465891067019228,0.9225673907078109
0.23333046866212534,0.3770034003868923,-0.42680496903446424,0.48017406158500037,-0.5869776236697716
1.8060960830028727,-0.45243185859221563,-0.4108031509236693,1.61868176622877,0.9395856058359849
0.5879737910204642,0.20450582868909048,0.007178738920721653,-0.2666486453331933,1.054128109162467
0.18480572163228842,2.1210084931381292,-0.21554050596626478,-1.6576190906778323,1.4416949608584901
-0.44214446265167007,-0.2515836940909368,-0.11815819216577762,0.7998686410713985,-0.560577119011731
0.9064067149279027,0.3770741444119724,0.7139149301544565,-0.3929288129493837,-0.8544639100744179
-0.24207882542604198,0.9675814877208113,1.184892613290629,-0.7884726298716696,-0.3288206704116513
-0.49235743124645676,1.3611585309339154,-0.3762305249440745,-0.476011310164042,-0.8629591341617232
-0.7178368266821041,-0.3665929089712782,0.7021860127313339,0.6367261278777615,-0.6622017248652283
1.353651413425764,-0.7867839776929793,-0.0795807446626771,1.0298838276568414,-1.389854309579868
0.7130181661677524,1.098725280886011,1.1137843566190775,-1.7810928643181108,-0.08899858755546135
1.2717956228073783,-0.7130940803891099,-0.8892113517021349,0.26103378501628943,-2.030390299718529
1.679664591566091,-0.6079712407189415,-0.9176423656972186,-0.5830124625906064,0.48732112466806377
-0.7106786210424368,-1.2874932835369155,-0.7217947558997565,-0.1597809703131383,-1.007083530543089
-0.3997539868429006,0.03298957119235382,0.18811429034090096,1.5777707393689002,-2.060058634844965
-0.2547634375572919,-0.10828734362217565,-0.3183033376504344,-0.382609610209799,-0.8422643051416673
0.18985603542565085,0.16118562042726844,-0.23687163164646705,0.34891729341622385,-0.11204191858288572
-0.491053735192072,0.34012554533345246,-0.6544490190319794,1.6738704588234827,-1.4831575791493536
-0.4780174460453144,0.21929414262870123,-1.0027325853253135,-0.6305611739497494,-0.4993288611865161
-1.1123668338112915,0.21046557293524043,-0.009572268502197416,1.233403529420047,-1.1188341402276443
0.3860470930362916,0.22055475238849184,0.4227715086806458,-0.02962561068537817,-1.3105498029578029
-0.15296238819053634,-0.1681248535420254,1.3771198422905457,0.025649379670547298,0.3060627706757275
-0.7348486015158688,0.42825908948592334,0.9420651574904222,-0.5725990137146661,-0.882994953708853
0.8613080697710654,-1.4682757439174456,-0.10221253677447871,-0.2805270364992584,1.2239221136178282
1.08855889209408,-1.0225063083330974,-0.5583966954300882,1.0803927260282524,-1.0417921037905715
0.6793621924291017,-0.6748007283048338,-0.7997252042012025,0.24496175471761092,-0.2501129334607048
-0.08198344999906185,-0.819111760368969,0.3629471650530159,-0.3203671115797941,-0.5592775607938414
-1.420081194951301,-0.09240643698026209,0.8869879634126877,0.47827511480081125,0.32563783827443454
0.2479518876276854,0.5253056053820859,1.1005419272843684,2.09565095837876,0.9125801696294197
0.9888107865405371,-0.7747950127179133,-0.41696767374746924,0.2585088139767881,0.3077657096530039
-0.6578428258330149,-0.22458179493127062,0.7117592190970731,0.5541698395933601,-0.013963675223465576
0.3396101905178522,1.4537295012776144,0.6104883235326737,0.8241834342136671,-1.0158634395042716
0.11255202021280536,-0.48877100690561937,-0.1852562719168286,0.7705596697472152,2.213664351751164
-1.738413789604665,1.108223683899439,-0.7596724715197322,-0.6114027354272724,-0.01901653131874727
-0.03348960914604978,1.0394419066817602,-0.4795870782980645,1.1487116184183563,0.6041253239272778
0.07876599620962885,-0.0031779096426046015,0.007443416180822906,-0.4828973698046419,0.257222576838141
0.33519242806700517,1.1717500816340667,0.5969720890521513,0.38953704555459406,-0.8843262358535439
0.47288591293751925,-0.2909660498447177,-2.221790745482397,1.1084741765758392,-0.2943997551351045
0.9125104814384861,1.2234927592330298,-0.6373068231139034,0.8405649797619116,0.31126462460318954
-0.40904744082369765,0.9538783222575509,-0.6212537725340598,-0.37881084016713423,1.1741881429356937
-0.4308122770686336,-0.9820555093866657,-0.845773475179946,-1.2438524864156495,-0.9616573103420893
0.5362937962595501,0.05298476514110791,1.4364389731465765,-0.4298880340399829,-1.8600676688711701
0.740550420609031,1.416926245885345,1.9331306637099253,-0.9037642841825033,1.800045094437817
-1.9364957242941614,0.9953156356831302,0.23201844304070599,-0.15277132899435938,-1.2813731736051213
0.5009732379402052,0.766063473252889,-0.6086705307259794,3.0603944651750066,1.1381162919598515
-0.09231100419194044,-1.1890088906244145,-0.9731379084503692,-1.2583111631722028,-0.020206412192518685
-1.196341338840201,-0.7524705115733998,-1.1577308719222466,-0.7184367460119558,1.101320076925316
0.13651018616946933,-0.19697187193986243,0.8166961817616192,-0.4236962763799927,-0.5061918540916455
1.0945203846302456,0.3386860826914047,1.8125407493444103,0.05676528077223551,1.2075749519467676
-0.02025764763417446,1.1273527933419587,0.8695367695569411,1.046104374429457,1.2003386118724024
0.3404104262204116,-0.8439347776470939,-0.9276396799635864,-0.053722678236176734,0.7665160422019445
1.5757475375338372,0.24300320551204863,-0.8363996184154134,-2.351002008203465,0.14083470381042032
0.26360195588855184,-0.7509689055063966,-0.2114538249017716,-1.9224237531079178,0.06410022452890583
0.3064258500141622,-1.1604122102644923,-0.5314288931055517,0.17655081301389028,0.10602968015565804
0.5982780021907195,0.8903103303027545,0.7687071779380522,-0.6732302011253196,-0.20650288914569231
1.320752831153167,0.04759622086143792,-1.0657450775005126,-1.5185038611221817,0.7569734179860818
-1.2999937026528998,0.14752261925396357,-1.2413241456766202,-0.9678645594944268,-0.4449767556173643
2.240800668940826,1.2602539091768998,-0.4944501608261533,-0.8003944344319263,-0.3349191491639272
0.7301951859052893,2.6558449970984648,0.052237290101206285,-1.2974848073979863,-0.7020889495347189
-0.8415171746725215,-1.536006369916699,-0.4097301862896239,1.1735274786992698,1.6928804157568333
-0.33872617888239775,-0.06281742368265576,-3.247604964466455,-0.10208135546529574,1.2684586846453096
0.46703546373485905,-0.5069275749353794,-0.18665052381975133,-1.0188565911215512,-0.7445051142978412
1.0737361201143993,0.6262428993116639,1.1416599672201408,-0.03234223226614573,-0.5039780699739015
-0.4710667782235626,0.33941850190006895,0.17194083999101803,1.4074030095111947,0.16676721367242625
0.9817478389059545,-0.3564685734112138,0.3406190225527766,1.253617754253189,0.5062063989121123
-1.1373090615266914,-0.004901831591246608,2.3658172194153564,0.6782718006104346,-0.08708447520965473
-0.33342050441509125,-1.3309594982421054,-0.6922441053003611,-0.17757082385761913,-0.1701271150832275
1.1239712332680734,0.09601609559367935,-0.29557743668553094,-0.6190203633764702,0.4997287825229621
-0.6089803118157262,-0.8609875117053456,2.836753861972815,0.08949085215010212,0.05822937347950122
0.92459390852688,-0.8246316503304715,1.0375455034267744,0.18712236394935555,-0.8422150605611812
0.5926997496225254,0.35731452066428854,-0.15372387961746722,0.8155475835536558,-0.3515432996578719
1.1812951027232772,0.11667891177034441,-0.18905664049358956,-0.49214799976812434,0.3849221183360161
-1.1181894881373282,-0.21605351708563217,0.19891076117908152,-0.6211333585354476,0.5303025227383976
0.32185564445178194,1.4143212820464832,-0.24644595207338585,-0.28954351083842833,-0.2122992160969265
0.3710316500682259,-0.3502040300717498,0.4862262693515723,-0.7723097750066469,1.7955221234135734
0.15174380457737988,1.1392445282419212,-0.5813610665942573,0.8943075552290835,-0.928593110064627
-1.7723905079915525,-0.02873163995243676,0.344693708366432,1.6689503506283176,-0.3984531686408342
-0.8086724828585452,0.6217956044999647,0.6462235779401406,0.6180974200346343,1.0311935674611383
0.25530511721378624,0.3105071183769925,-3.9001146677297496,0.16288591954953685,-1.2945970071586452
0.45922587045671004,1.3198174301004664,0.4119603047671591,0.2938073052525791,-0.019138841442780708
-1.3688575597452537,0.5537938205182201,-0.4244801151155226,-0.3401157797652824,0.5092908407101037
1.2496051781602246,-3.036707262001689,-0.3318423862915604,0.4961989745864328,-0.19220468713373595
0.04960706988016308,-2.0164268621732857,-0.8508575984778677,-0.829126353628084,1.8000207609569203
0.6087462957912808,-0.12096047843687296,-1.0871766069599929,-0.5593070663664281,-0.6174974250320885
2.1721124955133764,0.6483826161050016,0.780497102813616,-0.9819284035393362,-0.7875446600388806
1.1562605691161558,-0.9217424829099383,1.3938242956262659,-0.12177689748578123,0.21922828725045582
0.037459506282402646,-0.2697673158954519,-1.4848054263204526,1.1250853484810577,0.302281407885841
1.3479301280593818,-2.452482622795539,0.07324184212000852,0.8062470432279347,1.8515608679567814
-0.697019255214021,-1.070120990999677,-1.684185188455168,-1.3850397822148042,0.17153811165730054
1.1415547810245599,1.2202537384409748,0.2767608163019531,0.020678921971795546,0.9154598264802913
0.15860494539804723,0.730145568039538,-2.350653840432684,-0.7339625881119609,-0.6538334448543323
1.8877864217865798,-1.3012409980181419,-2.6310683809792157,1.3225188511735084,2.119051897212395
0.07248661976531785,1.2335291001828992,0.40609113270087194,-0.30142583267834433,-0.2679202780845021
0.18114890212459972,-0.10703800255892695,0.039071062612285906,0.4579418667478558,-1.3052125264852914
-0.7752037733169365,-1.227934210473277,-0.19186031262304346,0.053643759840752384,-0.33938309253137144
0.17865261454982842,1.1974834557929332,-1.224325340905945,-1.1763874433767176,-0.09996745698147251
0.6948172249767954,0.5840136398273674,1.3376088388176055,0.01939456339835665,-1.0810268596779689
0.29422748506903895,1.9442607689699003,0.5246104723942496,0.5279986211279573,2.4010156912313914
-0.16483133070803388,0.05734331734687014,-0.4849006271469562,-0.8817329062838625,0.03755540878383749
-1.5525870476007817,0.7492160447972562,0.9405951542205194,-1.0254658559038388,1.2433634117569063
-0.16335993998985338,0.07970847161449558,-0.07288185578968356,-0.25382535192252625,1.0090458206620614
0.8313746997995264,-0.6149266664720469,0.04440382044531645,0.2356122530614448,1.0805165008664688
0.02107348769903455,0.9081564186953295,1.380549754664961,0.19225832573243226,0.5839483622592054
-0.7766281196010767,0.7391241481216692,0.09229110936650818,-1.0033618971359861,0.7209957952685119
-1.480708871215008,-1.4467602084769433,-0.2656139773218563,-1.3116045705211588,1.3435950684624165
-1.2648658130684474,-0.8784393490924793,-0.48973332916986734,-1.2549547521201079,-1.2737001804374681
-0.04053514755298662,-1.0176674512702264,0.30034968736878515,0.5204787859765205,-0.26087465839752966
0.9052558653676802,0.6066415109727665,-0.8454723141392181,0.57859667561089,0.7460282157093562
-0.36688099148997866,-1.284590378787819,-1.31581776758525,0.34738392579807215,2.3123239210842947
0.6671744475412784,-0.07591843567181532,0.4201267399454189,-0.9579556179590706,1.407854377577781
-1.6178755443499768,-1.5358564166444615,1.2054577956366788,-0.29789581578287694,1.1030412757887165
-0.6045505131472352,0.9482471684195412,0.6037251000500472,0.051863333219955385,1.8770884672080304
0.49002703377002604,-0.9220747590417612,0.18734151018333692,0.02259601450374554,-0.46313806454752904
-0.6940463193979558,-0.07897737388364896,-0.6785339510613339,-0.5130151027622446,-0.6744625966262594
-0.3766124677183247,-0.9476800040305633,0.793478434034203,0.7499179212339762,-0.6805239400559538
0.3259033075246029,1.1231492158119485,2.349153756631493,0.8647065496864585,0.5198724149230665
1.6590574117623351,-2.0710589804854016,1.494199827854772,0.44574718583377587,-0.3216422186346101
0.8491014882189495,1.6039208710127963,-0.86407987807354,0.35419302356576604,-0.8596686297155633
-0.39407320064529083,-0.593282854055183,-0.9061808350463354,-0.9391882834723787,1.5989004100964765
2.355904200109242,-1.3388320641342626,1.59411138781036,0.22694817235511655,1.5381553151442922
2.0017862253670264,2.5642529860682113,1.1532641636110295,-0.3475989333231166,-0.975208770266747
-0.5103439175697596,0.2501989200452069,0.479768231041263,-0.5556436665777372,-0.8381604979081653
1.5616022770022584,0.6773620443304572,-0.09395311977768622,1.035854978435918,-0.8471656993508803
-0.10649431642783172,2.11076678002709,-0.40659085488316565,0.4829892149203294,-1.5217670542772845
-0.6716307532167809,-0.775813429978908,2.1199185524213253,-1.1942370530980644,-0.29528377736849326
0.6823738150446753,-0.6901230978269899,-1.3991605953750326,0.09008469610419038,-1.4634771691133988
0.8394310349122182,-0.7894396701316081,0.41442916560287263,1.249010547125175,0.23713150476617426
0.9514282857989329,-0.4025620197514251,1.534476930659996,-1.3561523706631742,0.810441630040809
-0.9000019347146637,-1.7665113782330495,-0.18296671531259268,-1.7710606132643028,-0.586613706800366
-0.4847028645718256,-0.5275883293408639,0.5251742067654741,-0.18771127697334894,-0.19834400897192495
0.21386956385674932,-1.0127156161861741,-0.17851610820485916,0.3290697725129227,0.148013885386102
0.013502198319196258,-1.016522979673961,0.6088519592718125,0.07208565541533016,-1.143393919432384
-0.2582237680230324,0.08680334039186964,0.24121793964217156,0.16818499565078485,-1.9822941554546105
-1.6497838871426356,-0.4789214148756857,-0.9271386661827806,-1.6258993680664076,-0.7357609080434266
-1.2973730397596026,0.9626079105376569,0.7000893252014946,2.3172900688984783,-0.954101817124285
-0.09391274145606968,-1.2634992208958338,0.7915953425887372,1.8541931912597376,1.2150317574729237
-0.5369275025752067,0.4700229744195691,0.6865579712277097,-0.042368934689532095,-2.052636296225547
0.38414885273103977,0.3573587067109243,0.44449704506665677,-0.16026892136611923,-0.20837149579203065
0.42024934174780526,0.6602723992606178,-2.122093665083874,-1.6119080883056338,1.3474897756592037
0.23326870407199776,-0.32868362691290715,-0.1956299486186786,-0.4331161748011819,-1.8304961242965159
0.15766425191521158,0.742715056225403,-1.1115980156449778,0.24580066465574385,-1.2709051304882217
0.3985707352206991,-0.8036580866448207,-1.340946359878463,0.21008354466287849,-0.19317288363605736
-0.047320211905363965,0.2866388544448755,0.5255013414176181,0.1638586375249958,0.6490410452222591
-0.6033393469189767,0.6086801346853463,-0.5679398175205934,0.11087569251075229,-0.1718787541791891
0.09401927048187722,0.759099549292855,-0.10009366184635914,-0.0285585915088426,2.3837592750410916
-0.3854362536893587,0.6428279682879376,0.5517210462146527,-1.4942472461285228,0.9218881682324009
1.7621868668242826,-0.706404384660421,-0.19611311633901185,0.03441802918678005,-0.34831700459980136
-0.5917139551992106,-0.3187667877034458,-1.1157743205305777,0.37466869630490207,-0.8705987172115204
0.1788520542097303,0.16500667572155203,0.40406434572051125,-0.22563800348204197,-0.9603566611657535
1.1324909765449431,-0.3377365047007663,-0.974036215840799,-0.27630301543955715,-1.074718995339321
1.2404887739471124,-0.44040613382680915,1.0116202860321535,-0.693587089885849,1.24926676176268
0.10517766936256227,-0.6847586015907569,1.0706508808820279,1.1325411831590315,-0.8584964021060756
1.263021593517578,1.3992915369101977,-2.4111599567327087,-0.36097457829207197,-2.391404110800726
0.16823137790974843,0.2552881843482718,0.5442926248842703,0.7723295120023009,-0.1723587108913976
-0.010172987301525114,-1.2396400651477502,-0.1910524976659564,1.74485484256472,-0.37220106843663514
-1.2580862531939525,0.04575196860731711,-0.7463925177202227,-0.949357971775476,-0.9006424407239262
-2.1829311450256585,0.031019742837373545,-0.4698586076306003,-1.582195112008946,0.254007769517658
