0.09457904413719033,-1.4325732034802305,0.4243789411950248,0.107887349799951,-1.3746981019273303
-1.272020370996974,0.23190560103708488,0.14531864527847116,1.667525759272999,1.1008057631182442
0.41824544334536806,1.1887617736979046,2.6265907858481223,0.4346520929961932,-3.222763292597569
-1.3088572783947485,1.6381791154732357,0.2616871798669274,-1.038223265205556,0.6543726824487148
-1.8841816536805875,1.3060658595530148,0.7550242095052767,-0.31003167160880624,-1.6766571142808326
0.44986820142708317,0.08367454444422688,-0.15092595437318676,0.2584649212745564,-1.0293529434606197
-0.19431799463014443,-2.3813439174680853,-0.016924396111334682,1.959178094110091,0.8437653661704072
-0.17004988965602555,0.2525267300948181,0.6539428271951762,-1.3153529267402135,1.3957698799027995
0.2157375470358104,0.9005404904900922,-1.0759751428299182,2.1228198748683513,0.3364487749821612
-1.2428174565973185,-1.0001730875039898,0.7849112249395892,0.4949032083534267,-0.2829118690901155
3.0007647971794777,-0.1855966348271558,1.0978995038050943,1.0656079878220241,-0.7455694614823706
1.1403846162673752,-0.48105318042576045,-0.13786208350711984,-2.6322301273654825,-0.44973744327081544
0.6389248579516552,-0.0017068685898782696,0.7662713416166778,-0.17644952712182863,0.3527567026413815
-0.4932590334948696,-0.658459992088311,0.14329502416975268,-0.07101206981099459,0.21475084612833464
0.9422042545643001,-0.41105376616732686,0.4763352660426777,-0.8065809886919575,0.7631257125330781
-0.24598258978936452,1.1387696305042403,0.6443756211352825,-1.210604883632311,-1.3850377195583186
-0.1758459446255335,1.3025156454123377,-0.2244671484415904,-0.28874103736264806,-0.1810665204825092
-0.6603153888703542,-0.4622161960295351,-1.7264309535121343,0.23694923714568747,-1.5979781319107513
-1.3682346842865227,-0.3266769778737273,-0.054351144349324525,1.1509114981573716,-1.2056374922529882
0.32842062381881515,1.4377167842128353,-0.947397493066912,1.7812848772299763,0.4305653343421316
1.6437480571078693,2.4627436409700483,1.1362788828222765,0.0615191875811175,-1.674131755476676
-0.665033248301427,1.5358522579209695,2.0413306686118413,0.4318211669761491,-1.129799402550134
0.6130530813342521,-0.9789852688093734,-0.09667398914615516,-0.8333438083932945,1.6089188139032864
-0.6798033490780583,1.09820190406958,0.6013363537548336,-0.7176958716776123,0.3895482652661842
-0.18773158519762975,-1.0190916792862812,-0.6202297390635074,-0.7061930566817108,2.3333841948615106
-0.43854735492235936,0.2940694291120858,0.19317142102205595,1.4086787957189595,-1.091851982177777
-0.6100235257161983,0.4144867498686195,1.168667924339628,-0.16581764672566843,-0.6057206926223722
-1.6028107093402941,0.04974514460586117,0.5779890608536652,0.8876415710513587,0.09023029219546345
-0.5086171029005951,0.31906660708769535,0.5719814349116042,0.25695033612148527,0.7407762827243308
-1.4987083485621888,1.851597626380097,0.5755788457123666,-0.7768429595146212,0.3153717852155011
-0.8705921285260277,-1.590163812220961,0.41992820845220474,-0.7640856178000474,1.123800574085881
0.22307102710497625,-0.8186868066319297,0.23543892816666295,1.7494960799010262,1.7212523686032921
-1.4806900710777726,-0.3258865520953381,0.5004434416636585,-0.6322911203839959,0.009406834771866126
0.8816821192894299,-1.3104415299645313,-0.7256492496461462,0.5968569008305706,0.43170780350271515
-0.10676131485544352,-0.33365196908472833,1.2711588750733172,-0.00014254774520276197,0.38063263282230086
0.06855531104509428,1.1229336653116846,0.9438142652352267,-0.05773590766467331,-0.5420738737108628
0.7635860324104541,-0.506835120429419,-1.5649366386441435,-0.041015601447084625,0.5649354653457245
0.027196565451301457,-2.623345125938636,1.000508721272038,0.5142855041895319,-1.696915563888043
0.1844671793367624,-1.1156291043584243,0.1342691273482976,-1.8932192705412776,-0.3894602313271816
0.6009470905659205,-0.6323867364215628,-1.1191720748646579,-0.5037005432471691,1.312187715840375
0.8356527839579403,-0.0485669501350186,1.1135498701373516,1.2832843388538795,1.2934257531982576
-1.0602381002520445,1.1324516530790985,-0.44635468151300367,1.003804998538629,-0.624073615258543
-0.2302203969909307,-1.015842964317221,1.1623325108547962,0.5828321500066501,1.6470910600480237
0.5340633657140467,-0.36096262019057834,-0.0956053546433112,1.6205358621204724,0.4139920977687521
1.35736377604164,-0.8791003964098106,-0.11743909864813337,-1.666344744064665,0.9798240255858591
1.3552331969631977,0.7098099889078855,-0.19081380055138317,0.04988472129802122,0.6240319126395553
-0.3539121301087496,1.8242337421469887,0.6870947861558027,-1.1048541665212193,0.486578714356721
-0.5636273273967516,-0.9669521574752808,0.10005938823976299,-2.745799397088271,-0.2002993729713133
0.34716451345390215,1.1403195519766804,-0.4937086129684929,-0.5372357721595635,0.7334504392529646
0.27176211372800485,0.6474736056772167,-0.6015792104357502,-0.2839516216131374,0.45394407411790416
-0.9196537266687144,-0.7815358467530278,0.04010526051481042,0.5366755620150793,0.5614757334618162
0.37261742577707374,-1.3770570450470982,2.259924142148841,0.31223183094200097,-0.6073956341538693
0.699962621012655,0.579388968387606,-1.9909228179402279,0.41304242515194206,0.24572672433421067
0.08659369809441368,1.5314246946658736,0.4564242101327164,-0.7826739706740099,2.198759877565459
-0.2499479264862003,1.0133586134987818,1.7158364919083027,1.0665256729484256,1.1834913473767286
0.3397903249187323,1.2789008509739632,2.257560029764086,1.2528756349364103,0.30571010951540584
-1.6966391617019128,0.8540576128112298,-0.26566105189323436,-0.747347192842805,0.6005623230568714
0.3934793836967722,-0.9659259206007131,0.457109507115903,-1.4951743768009842,0.45375726558842305
-0.9734169497866505,0.6427217541320024,1.5585654920861585,-0.252205868199717,1.0235520846585666
0.35523740563921113,-0.8376214752696306,-0.21539237468539763,1.8919436733095512,0.807405832958016
1.0687306481902872,-0.2006834073598211,1.0638948114548736,-0.9512869819349978,-0.6076647551322664
-0.6457311296846784,0.6908557711302464,0.24623858887325176,0.3439263194181624,0.025971795089306197
0.6113707340546969,0.6866404343256222,0.09186979792696237,0.15056645789772558,-0.029623231434901087
0.2897404298062768,1.052997459081122,-0.07857621149581341,0.639961931350223,-0.9700388835722877
-1.1476943972607752,-0.4329956593672446,-0.857000693302103,-0.5264603170333909,0.052764760368167754
0.4442895562073269,0.9772547428538793,0.23146360551764045,-0.28207890531008567,-1.0335135447138608
-1.329115472323592,2.3639915640793387,0.7617472281485651,0.43170068510941556,-0.3810258096417104
-1.2588454160737426,0.4461523623531926,-0.6861837102519521,-0.2728573736399329,-0.7109704986807515
0.5637067491745386,-0.08919766878170017,1.5910803148573338,-1.2960310617891015,1.309179826172123
0.5190787119757034,-0.2608454724989635,-1.1712322416109575,-0.09956186807259203,-1.0313281528707696
-1.3193018065001973,-1.9281537325255516,1.0880454520601384,-1.2147521938465766,0.3111167357240836
1.182639792839595,-2.527003187664504,0.08595792502989266,-0.11550010378113211,-0.10238437783848735
-0.26061020324963236,-0.26457530734470847,1.1389193633204282,-1.680149927666509,0.6258468762676185
0.17544848340129968,0.9603645678346675,1.9783524171706677,-0.19139852710678887,-0.39765095818682034
-1.151431826804575,-0.3760949471752174,-0.6923727786295925,-0.7677066486417903,-0.2515547841621355
-0.9174718985286439,-0.7474180858217276,0.1186807220963388,0.5899897690078549,0.038068935469021986
0.24147654373119493,0.7750042476098141,-1.1367530614436676,0.20709936985484292,-1.2238705736770694
-0.7604953270038908,-0.07123991338945691,1.1352124647987287,1.066953236853736,1.627995333340656
0.6634301279911677,1.1577663969274996,-1.842997875274901,1.9074920123911905,-0.607734225395452
0.10770772020223184,-1.552914140478295,-1.5888968473548504,-0.6229891166853412,-0.2502746761075351
0.2736374010635979,2.492234753164284,1.1965366625548488,0.8267785540443632,-2.058919177267033
0.006111359597250249,-2.0574909557527112,-0.13730595861682937,0.32365185809048574,-0.9405449136814136
0.6197060006096098,0.04608288802735215,0.8081084459445559,-0.43575317239905204,-0.039593471736945884
-1.9428379226400971,-0.8482903410761268,1.010241747722892,2.923042659291293,-1.65153413299115
-1.4747060829453182,0.09639833929932427,1.4738463983917973,0.47074275780030833,-0.49891597620811406
-1.6288326324508986,-0.08915236565590941,-1.6307620834182734,-0.3625288492878643,0.9639410713010532
-0.09109873544143471,-0.5871543626967156,0.36510467897831766,1.1042513919763464,-0.7928525192740677
1.1516358690483635,0.5098105644623899,0.026035655540765958,-0.8342951788630533,-0.30563982390395417
0.33769348676370897,0.5539398038275006,0.2889460419018817,0.6763201947602014,1.646065031995279
1.8828568111777448,1.0282669300900817,0.8917189605107306,-0.8753224182986761,1.3681260693276376
1.9427282749129389,-1.3541075879608393,0.7951016024600374,-1.1342364452266713,-0.3658339888847285
-1.784795627818379,0.4427169461363035,-0.6865298781251542,2.3063896812882128,-0.7064004091465564
-0.07248787861531927,-1.9263268745566122,0.6879890209483663,0.4439084003726219,-0.9814006231935014
0.1312816142962762,0.18470097250893577,-1.3774466570565351,-0.528518625696802,0.08798925133351317
0.6469761910546198,-0.9547800684481416,-0.32335623647024125,0.8996274042671691,0.6427430169675062
-1.782579624256735,-1.3431031832637539,0.20833529194591155,0.3395716107286397,2.8581888024269753
0.49196961875757356,-0.03810691766087122,-0.3019250141459905,1.9383197378697918,-2.1788029453522935
-0.7943848765159298,0.7044542252637452,0.06581600451673701,-0.46419874124042304,0.07866766341117896
-0.7205659975353725,0.9002005918970097,0.8151362202888465,0.9551250273761599,-2.0033671221398768
2.011106140672449,-0.8941097912914934,2.068280109665342,-0.6884515236833139,0.22563948684262505
-1.0129457304326281,-0.08531910804938105,-0.8688530602616817,-0.039332567106827664,2.2547312987447783
-0.2727879685800915,0.21378441682371402,-1.1711781111245596,0.5634067969270141,-1.2457964409539994
-0.07647661075451107,-0.5425834075258014,-1.2665515707593722,1.5163089125615485,-0.056076571283872716
1.7147463304481387,0.5380524163498053,1.302951043663027,-0.24196000784460175,-0.5368426677542031
1.1208984443910095,-2.1577503590118154,-0.8330192094974442,1.9280854341247857,0.11801646500336979
0.2277646785316315,-0.297516601978431,-0.2796501216900308,0.8969404155506834,1.5945606888859283
0.7317179859977287,-0.9980312665389331,-1.1130396353288075,-1.4010109453809854,0.0038986027925813865
-0.6329302590888763,0.9277711292933662,1.0193108467408516,1.7603116251750714,-0.6053580328434177
0.5588755208594485,0.6975884695963575,1.0526074458216468,0.39503366547853086,0.6171595338467073
-0.9967648441469884,0.21707620832497865,-0.05278073599861976,0.57751619199292,-0.5567049525245273
-0.9275020596109936,0.49406161020331046,-0.09042648321743871,0.7400570074562308,1.0121289798582171
1.5593823954720685,-0.5267867376966601,-1.0133291891138931,1.595422599217554,0.21349431289341686
0.4368355118814019,-0.925751257830881,0.3902433955695655,0.41851142312640455,-0.5119638191377501
1.1006386459694637,0.7585903559876446,-0.45525193233944267,0.36216032802212955,-0.5286535587076083
1.0569168812679595,1.1404815196309646,0.28485399803048667,-0.3663976199195249,-0.058044370137723345
-0.9040599858764607,0.28671979075165543,-0.4824304673711394,1.1010406547776852,0.9289528245681646
0.7954569481470362,-0.4373797361429051,-0.5084856797201032,0.46048879347674776,0.8858723387789985
-0.43778988948540176,0.023047329193926703,-0.48230311383980273,1.6934957699556017,1.6607224344575071
-0.8492782753609499,0.355825437857435,0.2786620316450458,0.32605868638732544,0.33917989307072266
-0.1886836456065242,1.3158021593380085,-0.4869865850508915,0.3960816450621928,0.9017239976310716
-0.6012368520389512,1.0584528848548558,-0.13563074677721212,1.1616471548046818,1.5791153473990482
-0.8196556694480853,-0.2701115750406986,-0.3051638418345396,0.9684297030771931,-2.421043564246613
1.1824736875486763,-0.7862804241929771,-0.23134492437118956,0.20243107783782333,-0.6078667249186402
0.15630737701316708,-0.5607425043827491,-1.1475991557020333,-0.9233715288470193,-1.7122613787083165
0.7527496008540131,1.5323157858612573,0.5009589900629391,-1.4786900819953814,-1.7782464730578447
-0.8516729375479937,1.1229899128904965,0.968125149238723,1.1376476174338506,0.08883659483328563
-0.9852565395271489,1.645815213761782,-0.11382786483551273,0.31043831198851607,-0.1358632841247459
-1.6310028002777313,-0.9526908416222098,-1.165151009008007,0.5448263447201901,-0.416848622824121
-0.7847545640422564,1.0197363388398923,-1.2117945158279788,1.7678726353364815,-1.4200744698179268
-0.6508655023124026,1.0488878674825455,-1.5459123698553896,0.8242377127225,-2.3084320185520033
0.6617223329297949,0.7905085751460486,0.19879360386851017,-0.36989879959541777,0.02010554949861138
-0.3891605901102906,0.047773164008748044,-1.4004253850352695,-0.0688649226759585,-1.580556137631668
0.5168948581253185,-0.6085418425166875,-0.006357996064134203,-0.753205204291073,0.3576142096909301
-0.3381703275312888,-0.41082678604056133,-0.9287360228467677,0.4361729899042954,-0.3628039014601551
-2.2488100783990275,0.9074753516426499,-1.9528477610351518,-0.17309423427580647,0.28757219504037973
-0.3392024208560564,2.0853869504612845,-0.559482891964979,2.446066860602593,0.3420371190755822
2.3646866303900103,0.2986048510107542,2.2139926777570635,-1.6914246432613582,0.6280248475529302
-0.5136404496569832,-1.1443982014718785,-0.447357521296949,0.2430300408934569,-0.044867039056973354
0.35461584087808334,-0.1941198313722817,1.4821507502905968,-0.14866167561707938,0.49076766029136976
0.3331630191332832,-1.3281652784045208,1.381044642029852,-0.42878432220797363,-0.023075126688018976
0.02698342820673115,-0.4243095791303983,-0.6925925347941628,0.514711299416205,1.0676136406598702
0.5438707711834109,1.1149401316431125,-0.15962603104782813,1.051483027701534,0.5878767277639961
-0.13434262667328642,-1.144984870454289,1.3421277536351053,-0.5552300796095402,-0.18980997983361483
-0.2165594687772205,-0.16332758141893428,0.887377781558585,0.19141850574949018,0.18057656348738524
-0.29466207681346007,-0.17606684507054693,2.0937811269623916,-0.7552108273574394,2.566016017031131
1.7417680535769555,-0.7258020101674151,0.06453028711115064,0.644898373593151,0.04707829692009475
0.6996763578318581,-1.8713753777433446,1.0407424623391186,0.15745159269152134,-0.35920084883656783
1.3511234477313432,1.4875600123377932,1.745880894699102,-0.21519574698849983,-0.07479043380086636
-0.636900875604072,0.13385392708700578,0.25995524949649174,-0.6943023832775433,0.2756882535163682
-1.0082478254243417,-0.1950258725156341,0.6516528736271147,0.4947338820754641,-0.825060765242622
-0.010250212199395375,-1.0432600349328918,0.1476529902841481,-0.3826083946901353,-2.8171771514834414
-2.741972327587028,0.5141848071813283,0.4167422511077027,-0.06654713636164869,0.03661812876229837
-0.4186362945001417,0.41274653040516107,0.7748305901961882,-0.085095372268604,-0.0907216820783164
0.13794077768641627,-1.9422533381618108,0.8793660014517581,-0.03793385717976016,-0.3619457097772547
0.7735820356241624,0.25555322286935245,-0.8290749851761241,-0.35885376398973445,-0.1175506107319509
-1.6597687591503327,2.4333747914094164,-1.424502724515204,1.5491410840438309,0.9635479724608375
-0.06914762292704724,0.31217371403495237,1.3227107594829093,0.8571810554415419,-0.1081254206967203
-0.7909602321267502,-0.927307046559133,-1.0566569180622603,-1.2676079172914598,1.417781382117681
1.4678937364455895,0.2941022005955272,-1.7658718404135096,1.1668358966253725,0.08305622571032108
-0.7542477160457162,-1.2704265767772147,0.7478059429775048,-2.826553600469626,1.2098098138618885
-0.5383569733842302,-1.4355068445928554,-0.6616596435609697,1.066175342252445,-0.8436799324297689
0.4634156023775196,-2.2800816732390268,-0.4167351497083717,0.780399076232978,1.0446671012698154
1.2626145631925032,0.902102683670318,1.6189607420944825,-0.11619391542702232,-0.6340039617036436
-0.7616879148818163,-0.7363053856700879,0.9150615088014356,-0.5365422238285573,1.2299435167543522
0.8162746796217404,2.5233774328129472,0.8393905582594331,1.0736962171510893,2.0604610721856123
-0.7219950818697646,-0.691853592774882,-1.1143125760932608,-0.9176299624782167,-1.2776754964699288
-0.7524067560435024,-0.3606996574822762,0.30405561908669215,0.20103443192094417,-0.6201144337335444
1.9698270673636962,0.3717874446766679,2.0756406305784267,-1.2229115499222614,0.5290020832699701
-1.0105404549801023,1.879338187106447,0.451940036222745,-1.6608870056759129,-1.3451399585849408
0.28201923346403074,0.06322556205774044,1.603152073129963,-1.2940124543656275,0.014905867721051996
0.28864226320444647,0.4713312191540862,-0.05502732996992749,-1.7848061170098415,0.1376885939179445
0.1077559625210161,-0.7658836419158138,0.2683473691480624,-0.026865785349941128,0.15148092547996717
2.576215897649927,0.19253281772142605,0.7869276717971779,-0.057471468932464256,-1.3535848634104326
-1.1627429516039582,-1.2149721940762803,-0.786807986882749,1.1026691804934663,0.9680472052485078
0.3441666788830118,-0.1817920992801124,-0.6719278913387754,1.8681862632084423,0.8886121230979668
-0.7292025668421653,1.35532116243797,0.2620649960588936,0.30748243313368084,0.13091965829111848
1.8205240660479234,2.6268489749685227,0.08313836949536704,-0.06139321761695689,-0.43752152558010377
0.7778416902002121,1.729034088669661,-1.1890346958008073,-0.6939568908110009,-0.6825862363179317
0.7446499932316762,-0.939280549212162,-0.8577367887739101,-0.23340758592030164,1.131717607800613
2.205298598965371,0.08724085440872363,0.7346444163454217,-0.691085540029369,-0.34698446522912985
0.8231623279918533,1.9844882491434523,-0.5222660787303413,0.5310043921281701,-0.6745640472062405
-0.5023346436735525,1.6589668972997549,-2.0582216396251707,-1.318917276267504,1.2880009441601539
0.5189468962518048,-0.7743083311916011,0.3926936426787398,-0.9459212004710735,0.8182329142928642
1.1749749549745094,1.1772535276078517,0.8430214682262309,1.628256606340767,0.7970071679957217
-0.24402835291958874,-0.4751317483745223,-1.5118864044300564,1.509725568838975,-1.75259151090483
-1.1520944600693455,1.0096244351595582,-0.6758288905381683,-0.21181316075810527,-1.2177055906136685
0.4721416231777235,0.4091522355271877,0.165232950626614,-0.9237019029721337,-0.45667253571926153
1.0662961465595961,-0.551476337992976,0.29052270125869517,-0.22949165318724415,0.7299972449859187
0.5495834876764804,0.7697027329667999,1.4991139395160842,-1.5887409683349019,-0.016742253481855884
-1.7495175228637532,0.29813045520638815,0.33911948485508364,0.8069881723741502,0.3134701477872712
2.3109634711770934,1.3379256518985663,-0.16478851356386476,-0.03271637454516175,1.0690514562412667
0.4779677366566183,0.09494207534198498,0.9491498945412258,0.6851318694051993,-0.6623797318261079
-1.6571499337240756,-0.721167746281981,-1.3411074190895138,0.849762122265453,0.5812068583565175
-0.2105976757381497,-0.10376592925865591,-2.231083814422893,0.8846405404888866,0.5630778566372975
0.32613184905870507,2.197333762619783,-1.671619939719678,-2.0502860937993748,1.5027243528832823
0.45158724409343903,0.2881085202429278,0.7035331768549931,1.662018590482933,0.4020746939601993
1.0905569835162392,1.669642834284736,-0.6881477993069918,1.1211394068578777,-0.21818795170645178
0.11173212251625028,0.14628867892355454,0.6431449150602836,-0.77555845642696,-0.7649907181192556
1.4712915762124368,0.40625639885298137,1.1263691256782495,-2.7654040892661067,-1.5404445400795377
-0.8198442836164427,-0.7154208040654598,-0.36667318786218195,-1.2284473780617104,-2.08313098021946
0.4186629087573089,0.5700375406651198,-1.3379463820736661,-0.6657492871391296,-0.09999631098473649
1.2905690426859235,1.1495569399813197,-0.145719089537325,-0.24295873173653051,-0.8293029024227584
1.3924801439181866,0.09254267585327647,-0.17293341000808096,0.4471834316602016,1.2942467491863858
-1.3721792453566963,0.9640651254612694,-0.6025104479736844,-0.8260925011919138,-0.08006669696899885
-0.6338501502612314,0.48553926364129324,0.009567424269567932,0.3885088199806457,2.670292872950836
0.6975524352065186,0.3351356019033624,1.4246482775928304,0.8657102376510406,-0.39437138321376713
-0.09387962236961975,-0.5257877652127062,0.07936711478051924,-0.16497779659927406,0.8611402573410443
-0.1696169459494498,-0.8406192242116619,-0.6312043240470135,0.9857809069311642,-0.5618452856461778
-0.20407433890493026,0.4629786199137817,-0.3294009804503231,1.771982450658593,-0.5839847540431884
0.8750408631307621,-0.029088950318369996,1.1344898818463947,0.4329910749586307,-0.2641893612967308
1.6476935650880156,-0.7692303542101191,0.9928737477735169,-0.12473514561037743,-1.0409676036019275
-0.18853457627090187,-1.004590634798953,-1.0672610593785476,-1.1114300306101026,0.28081656273328287
-1.0820711291442136,-1.130265974410803,0.4415388622934652,0.12617702846858453,1.2865517287570707
0.7871524594534234,0.11754582286029873,1.3568268237853387,-0.12944070016544856,1.4906107136557738
0.35483075732577973,-0.6220145908597348,-0.8770714990163743,0.44813326988905255,-1.5987272787565279
0.8646151338771432,-0.8327056757327699,-0.6220856147946344,0.33586437323200974,-1.4801232206308568
-0.28230841418789776,-0.26695740848474175,-0.3687935359066058,-0.9238134558809279,0.9005405687474622
0.4725261609911007,-1.5274267298659907,0.08893350618142717,-0.8925360244825177,0.72911228038995
-0.30802395405777794,1.1304110317103515,0.976968498377365,-0.8070571690990832,-1.071749336603243
0.9005522113895623,0.22078084181946822,-0.9611009210637822,1.7122581658999394,-0.3773935668503337
1.3924876972119655,0.4110063225137052,0.15753570868145306,-0.6883172576110216,0.8681283838728866
-1.6075332738873689,-1.1080775555366096,-0.8043960625134883,-0.14327312614984697,-1.296982359353405
0.40141932489918103,1.8713509254754463,0.8228335842271239,0.806161186800984,-0.7849146184382227
-0.8283201309077485,1.0329381837059537,0.6382014403301003,1.341473536341964,2.1429239098242916
-1.0090531201932946,2.398126831430445,1.178900631330456,1.2187678900894554,0.019594699668409158
0.7214074940090772,-1.3482917768131883,1.2456347731976682,-0.06443928486770326,0.7214037255007746
-0.6360337099284112,0.3182000376381362,-0.19978346735163754,0.29909347861885194,-0.30965668950548647
0.603158775402702,0.020484908188891048,-1.5445100822231073,-1.9119380995700157,0.5301250252253573
0.11876139630849677,-0.35198989292028554,-0.21402115874322647,-0.07261270862055222,0.2735402896175728
-0.3562676989593679,0.22027058346249898,-1.1704471678186,-0.21613380055079962,-0.5636232118608607
0.20805547601657706,-0.6593893864243016,-1.6995626170725904,0.1054224656076352,-0.6192000185148231
-1.1374607741548333,0.26281724443520477,-0.6406974447845786,1.4513221646184185,0.276001935787096
0.3883207923121299,1.2238808651911521,0.15731244332995478,-2.420727731694719,-1.7036362096860191
-1.0139061771756368,0.1964583098612801,-0.28853067822507095,-0.27008332469803376,0.7989347697444028
0.21483982387412515,-0.8190561818128939,0.5916518209175274,0.010202976953886656,0.03589168189696078
-0.6307804315725781,-1.8362154697909954,1.0993568502409785,0.4860231782946477,0.19640637695920032
1.3464634585094126,-1.1316980026605823,-2.3858910386077143,-0.28720561824198837,0.978725706817519
-0.4472083818460868,-0.7334980065816897,0.2969722062297135,-0.5063124299550334,-0.711131016893301
-0.5332992893375521,-0.5782101127407505,2.6943096332854246,-2.216412969061849,-0.4710864498574603
-0.6732525429199825,1.1380168641144695,-2.0078339555038216,-1.3631710967032495,0.6260446706745657
0.8648640563074314,-0.597172510811923,1.5094474793727566,-0.19756943697581972,0.36687820929597625
0.6975473362182748,-1.5445901465728107,-1.293742969528382,0.4925483416066662,-0.9633828211956175
1.273241663111323,-1.3874824702890074,-0.06957370433709739,1.8117878561760248,-0.4102693873734707
0.5753732133541156,0.49120257122858624,0.352759822512069,0.4726930543160588,-0.09325288428204227
0.48355342974590404,-0.469277550085606,-0.9021501602771184,-2.3437835119013815,-0.5162754924474416
0.28452412145089134,0.4306631681743058,0.06596053348260474,-0.014700813760944044,1.0803012128357747
0.8973946808219718,0.38939500690034284,-2.465561320578162,-0.37042497638548744,0.36554485796078834
0.04848217506309029,0.1409180055922975,-0.582371095209598,-1.886460733642716,-1.1472700801604327
1.6255252948567545,-1.9581290216671579,-0.5399608549500251,-0.7218312366006251,-2.02571615907565
-1.8640793808342078,0.4814716026851312,-0.32649859219304245,-0.6466291672777612,-0.7346079815736716
-0.5307024779803222,2.8421249698096434,-1.250411310456474,-1.1632926478659438,-0.29635851385356604
0.34870644201815043,-0.2383560801492802,1.919996167425641,0.9461231493236664,-0.5705926814443241
1.5821358022958534,-0.14709300279457654,-1.1747371747683135,-0.0745960422501067,-1.3046251900115493
1.2606262199007265,0.12968107593386444,0.6535072930174745,0.06827582923034298,0.08635170934507687
0.28212372041979333,1.1668957934925102,-0.21107167500422655,0.5038465810962122,-1.0728434938545894
0.1854982637886179,-0.8837836784603118,-0.47541277383450087,0.08674503905530609,-0.14530666696547145
0.8535740915543057,0.38073784464412724,1.095840871090541,0.8467828212219773,-0.2889076218545069
-0.17624029628487634,1.7319201857930102,0.22247450944698663,0.06177360413871303,-0.0961692193941292
-0.4354326902498223,1.8403617138915478,0.259162697223736,1.3903512743623938,1.300096267576637
-0.554723003902272,-0.03371215805736794,0.4884121000517404,-0.995624579265443,-0.8177504295981746
1.4102730544500657,-0.1499635569810301,-0.8477738661264944,0.06958567312438992,0.4757047461371084
0.6274881471148389,-1.2500650147776289,1.1559858506626968,0.06492116265535063,-0.4668288307868181
0.24296378367017757,1.4946269780147867,0.5032252920795637,1.4650661638986047,-0.4206241596194908
0.928326236544788,0.5460967570415575,0.5777180159708541,-0.552752221557492,-0.4127412879212409
0.04871883139120397,0.39899811083087944,-0.8845292326351621,1.246387281888178,1.478304511223252
0.21806856670840577,-0.3936274600659385,-1.788516117941984,-1.484806350169274,0.05684672487983024
-0.022451839320254987,0.09404789490468836,0.12410992359509757,-0.02009313632472627,1.15140592719871
0.08569873972010394,-0.28590976662616985,-2.002974853410471,0.08354889453202106,-1.1462186115782245
-1.763266205071546,-0.5940511621848376,-0.08838268033918228,0.7072945217481683,0.6569568660520707
0.612931152126684,-0.4297638526784161,-0.1456490285110507,-0.1459512234631169,-0.36233718116323704
-0.8828058948240048,-0.5043359746850098,-2.5573380736891784,-0.24358481887363928,-0.18873409938433588
2.25811610868226,-0.9777476210143826,-0.1824931373462552,-0.676841728332488,-1.1393887508878142
0.4529432263396301,-0.7285339461492226,-0.7972475194664864,-0.13743258143479156,-1.7349681936407033
1.530652944719968,0.35282101903185237,-0.5370066186701925,-0.8547800180444612,1.0715157829745765
1.4780389531855527,-0.047589072089101826,0.610038779056426,-0.29685729387099413,0.02862412077530348
0.19722414061745375,-0.05560876956014417,-0.39122778208619097,0.21058629738573317,-1.2384348211383696
0.45194277885723216,0.06327106176717123,-0.22468736506733705,0.826048433643709,1.0757516251250812
-1.1157389017975987,-0.14530050448519516,0.3107043505709818,0.8055667435792495,-0.24894579604866313
0.37359346091783135,-0.8536303703843304,0.26900255075910035,-1.3641060273968257,-0.2373881602203378
0.41196309031467626,-0.991513894487956,0.2583681651665685,-0.8456588712868475,-1.0170659500927106
0.7998705041376064,0.0995958569420062,0.4702676943191041,-0.39297640152254154,0.2679507525848297
-0.863443725559713,0.33708592841472934,0.4426045265111562,-0.2892169005376809,-0.7181312872423221
-0.1046817432853751,-1.3183264432171893,1.426670148797427,0.5946340623776353,0.030605938738294772
-0.06856212728182187,-0.34821068131345706,0.014512606434953265,-1.6643601490467423,-1.0015907743798307
-0.5731467818293565,-0.7136255368855554,-0.39042251972327,-1.932894521794153,1.4294280896572966
-0.07995921829238246,-0.18010068005075136,-1.570895345714449,-2.3727023634167526,-0.4817427125639506
-0.19925139503124548,-0.15604782897258096,0.4772709189528722,-1.820739117137513,0.2722845475967521
-0.8659467206283974,-1.3233406449160308,-0.5833745916958453,0.8946793386176769,-0.8952420236324838
0.5138943851118373,1.871593301038495,-0.1631538072390922,0.4292508870575864,0.6443450130969025
0.6501170086888456,0.08276913971195257,1.6129696665800577,-1.2064818768726788,0.17905290370431462
0.14604066312133435,-1.7101972497404299,-0.4488876796584538,-0.08464472417935028,0.0660038208399608
0.8274400631041265,-1.4873357336523532,-0.5742951812322598,-0.08757020865744221,-0.35773873970010917
-0.8943830267346158,-0.8591700260050036,0.1914254553856803,-0.5083889745629218,0.4308890413253394
0.49168518696651614,1.6434193082656425,0.09908134819595532,0.07523839695831697,2.546913960323367
0.3661379190750365,-0.984307575006251,0.40218564087434217,0.7889628406829532,-1.0938622798914588
0.341554313469175,1.3983437294780232,-0.601681999482379,-0.22457155356480504,-1.378727886424599
-0.6973079418915337,0.28968131438045364,-0.6176750443563226,-0.412404438758854,0.3248713763346674
0.38933539722284627,0.841768089099786,0.09435677302212413,-0.3196760982892043,-0.07149842715327376
1.5347648221048185,1.2353666246915758,-0.9685519030644069,-0.6743789740469718,-1.6262315695036542
-1.5563784003497683,-0.6041764862657182,-0.19503544331443362,0.35765365348071204,0.29442894526091623
0.4228009910427497,0.42510723899884967,1.469606779854927,0.3291719219078845,-1.1304873286073864
-0.8200297813785518,-2.024510130640401,-1.4591562572780497,-0.26195718044800287,-0.5683264444654852
-0.6910076964135123,0.046940599850887374,-0.2603993383495618,0.12138877290485973,-0.9487782786737878
0.12581841882735934,-0.6097181312959457,2.347857236573102,0.3745221174616101,-0.06769566748001343
0.29259591334709156,-0.22379984941426528,-0.8755476250922201,0.6226135370696649,-0.43381240855723435
1.0654421098080993,1.5411759565562146,1.857633273539822,-0.17707149288514704,0.44219115588651753
0.7540906549360663,0.03808323889806536,0.898382625458656,0.7451442785084773,-0.05381643648940516
-0.41949438432717884,1.3235061972784925,1.6535712269829614,0.2943340295380719,-1.0060628482767893
-1.0710287070475817,0.5452808621289644,-0.8246860348710355,0.3931436481215186,0.8346473393845161
0.014653332969384944,0.7395058891622236,0.5082230045992043,0.17632389471193802,0.42967061101309845
-0.7225611216496187,0.5833408114345255,1.613327999791561,0.009421791416848896,-0.3110066452332627
0.014312827548567029,-0.14948966311824924,0.4116055085165313,-2.0507903948606345,1.6804020152163088
-1.130325896322311,0.21021694682097208,1.5208743264739248,0.27086922748493303,-2.506839410229567
0.2397836135053094,0.7336046447966363,-1.3500719612182013,0.9489131483808774,-1.8481918218428308
0.43794611916789344,0.8585245564054271,-1.7294668971978213,1.3305337137994637,2.144761434707445
-0.6034075572481344,-0.6433497329540314,-0.297934242032032,0.036340789041420116,-0.37845206326143477
2.1763542985451467,0.7630767987899426,-0.49271990536671745,1.2530884279856425,0.26496429438727287
1.0342445245891614,0.06354018087623052,0.6880056303105326,-0.9061359174805911,1.0911329786684165
-1.2276208180144745,-0.8061520916158991,0.10570576054419675,-1.1378421197424002,-0.5922427863295284
-0.058079501788195834,1.1733929050707324,-1.3430770353787471,-1.3529166728699766,0.7678084971001048
-0.6755591594211993,0.735795442202038,-0.566931770937955,0.9721622251055454,1.619099679107362
2.2757872074300134,-0.9102419882273722,-0.34148506163231196,-0.598231410322541,-2.419312626231669
-0.36535486557518837,1.2178171538360867,0.7802214938996395,-0.49427520877467157,-1.0841628509905812
-0.6084455341629271,0.20123617594556054,0.5700772075854786,0.7726400720411815,-0.07385195598452828
0.5911171736971897,0.06285968277507663,0.6565843444098385,-0.4156101635147552,-0.3028688660130081
2.1529423282289915,0.6709761999117971,0.13087921299750782,-0.9764697531407387,0.879695571734872
-0.3167632515185687,0.9930744176577465,0.351241392025293,-1.385382742521437,-0.3367231950286327
1.7110672771671955,-1.8863138060686706,-0.4561864055333457,-1.088748514521824,0.08909710414532536
1.3798914868787406,0.5666270217122198,-1.699952789005997,-0.9594630770919447,-0.5005396775053753
0.09966023097453984,0.43589940711116415,-1.1510047871382292,1.0483169968791974,1.5245277181286494
-0.11006628088677056,0.40388725912322376,-0.47040640905080405,-0.869086387159801,-1.821832072991664
-1.6839615298324637,-1.298769971389431,0.18968223654868868,0.032054601319394825,0.30885543757175643
0.11636754404860375,0.5237384570780071,-0.3841660377383314,-1.0608085138226486,0.7312373195572881
-0.343774149087056,-1.7732739730080214,0.10998786554682284,-0.6725619809786317,0.602515731525225
1.5548586925701935,0.8118082859304835,-0.28600332508476073,0.16426247780447933,2.721998136559934
-0.2977818103430875,0.9641748585572276,0.6950542806579079,0.8359528579161948,-0.23006056185359464
1.7624136610949843,-0.0855354446355467,1.0036074559682666,-0.14469303428800528,-0.23537228463036577
0.6181591954473336,0.3711144310346415,0.9902146686163906,-0.09876306070719022,-1.1355227823631457
1.3661648120945336,0.1187194630157035,1.3810238275907805,0.18486879790044194,0.8671178061698692
0.13403569101700377,-0.2070375362400372,-0.3638781405838057,-0.4982876496815968,-1.196500697324622
1.6540340891153449,0.6698617134224757,0.3394070970500204,-1.3841599545898802,0.9337494166823191
-0.3419623400821136,-0.45883713590985553,-0.3752381184933368,-0.47886622705456794,2.155892383322788
-1.1561678184473472,-0.03133035455422932,2.128392416017922,-0.108438926697971,-0.3747268733143656
1.1644251596898465,0.8600568549998048,-0.11770127681597717,0.4589800017539587,-0.9873850422217632
-2.1557440023447265,-0.14062285101565766,1.3831746794661555,-1.020202028932133,-1.0312903666881896
-0.7533449672812986,1.3939715018878087,1.6378409365015794,-1.5152424702968519,-0.048267178409782084
0.8073058157973262,-0.4885576061030556,0.6407647109514067,-0.006407098003230342,-1.4110920010051269
-1.311731076461166,-0.8529195898854919,-0.5871848236669196,1.4199277698535389,0.8080792424965088
-0.015137118569206371,1.3970106827391522,-0.12068862126071991,-0.9963665144319621,-0.8127930654185855
1.5263209631111367,1.3328889215046495,-0.8885730864429257,-0.4061689834097307,-0.7643583732919174
0.5401648459656281,-0.5515056683325446,-0.8603272173754803,-1.4530394620695701,0.5633168602873404
0.4091368850216645,-0.5748266462208108,0.1764832457383648,0.1853634872691359,-0.6668155589867283
-0.2020856135108648,-0.20038210866292414,0.626097353962227,-0.42257740139089883,1.1746171932848684
0.5997191760687006,0.5548016501425835,-0.4143688580983809,0.6514701502013197,-1.75105219604295
-0.49200866968902235,-0.4084991963248655,0.23494500050141298,2.5308716181333812,1.147648013593938
-0.577763798622087,-0.9862641749996625,-0.15174512212354974,1.1989733969417558,0.9370640690519678
-0.6384603028194951,1.3332983367540037,-0.7733875606691606,-0.11677619419227733,1.2714792577022402
1.5433024901212706,1.9835145159523697,0.04837477172595694,0.18234504640197874,0.1456828789663032
0.6776409921572781,0.5190328324482963,-0.6314400941695466,0.7713769707898553,1.3586176007664175
0.07998314095884176,1.519140747543815,0.06767299974826867,-0.14443338611150425,1.001857659410283
1.0121380650768894,-0.3392621115041464,0.6771365858783731,-0.1729062778092538,-0.28067245378013433
1.9990784402574397,-0.4526282979884169,0.14721826890851858,1.7221064064273675,0.04365235788876073
0.7808956222876824,0.8750006276960036,1.1471878187812734,0.07255630475980537,-1.4051291886500925
0.8601972696942967,0.21155512217744016,0.01602207606203166,-0.4787092808669117,2.0619048672299654
0.12343719977988273,-0.19986104900526727,0.16538863350749794,1.4325007588877232,-0.17776798701303234
0.10474216907152699,-0.4153578529977373,-0.25826585271327773,0.1231238383783991,0.5182077396969371
-1.3770854335917355,1.0416175578011857,0.8266802624584932,1.830159091456326,-1.1665810037226447
-1.5127715542308273,0.9413508431200122,-0.3140134742049211,-1.2032108572045495,1.2065333509080403
2.12819878266887,-0.9591318843187514,-1.3627086585502968,2.486923588857192,0.1991336299963763
1.4148222322707138,-1.125994756917019,-0.26864629018263153,-1.8944926205426138,-1.6124060843327845
-0.25596511448215103,-0.032086609637642226,0.6621536715831635,0.30086855258264744,-2.302175352252626
0.6576460766515375,-1.3060876529140386,1.1137021665897895,0.9985006924012316,-1.4527134063524552
1.434321148321003,-0.8448741870721428,1.3642726779924552,0.33421785373284363,-0.29408798025790933
0.6124775380044297,-0.3843934015867273,0.4480193034515196,1.2958170589441051,0.5075760625317245
-1.6487667944378868,0.8569292746806477,1.133312156214323,0.11991725488840811,-0.07657013760886802
-1.3283409095331247,0.23348510035205908,0.60621042572526,-0.8398003651929574,-0.42128408364657255
-0.39247256360522853,-0.8382369330318762,2.003065718751633,1.4725571773072008,-1.5051264396797859
-0.4595203608839692,0.23671645044500977,-1.522159803586575,0.9201627526316324,-0.24768350145978804
-0.2742689229157716,0.9720608340251206,0.7947331940733148,-1.2241418140628488,0.42957264972573966
-0.629813717595609,0.8962182040086404,1.2196572171402154,0.2583975421557406,0.4759434403597277
-0.6836215231654001,0.21463997985559627,-0.41913748196532025,-0.44004310140691855,-1.6414160121233676
2.4924456318318846,0.5575108111423458,0.5505813568497293,-0.6318899273849461,-1.3014581466370136
1.1706765543614492,2.362237549917158,1.180628973558637,-0.5756665174457595,-1.7816491525053066
1.7322350526212924,0.6554855501961845,0.8157203561031539,-0.995591097157454,-0.7073987254721225
0.16282106161644622,-0.09093686685496204,1.9216382393672087,0.47167200038277407,0.8200368751762124
-0.6687118691247123,0.21762681066163783,0.8906854980170084,0.6998883711355972,-0.30585647533584076
1.2391669743242903,0.9657795922345302,0.16318906727854954,-1.3223045063466308,-1.3141467775995532
0.08669633516380726,0.2939719063722077,0.13543901878717657,-1.0953219715375149,0.8619379704973671
0.5771000381372794,0.8750535001115759,-0.3298179318103891,-0.37314371658172146,1.4424778568494732
-0.6111850125437167,-0.5917869103355138,0.8943061495052691,-0.8410817145314597,0.9526541735067138
0.6287917937359928,0.8123172407448203,-0.860979122103144,-1.5399638786150436,-0.3836546651672637
0.99974801298082,-0.29657057442678897,-0.7771433247239692,-2.601530522427914,-0.4093399522504458
0.1539007812236676,-0.11237314369286704,-1.883882832928156,-0.6689575271700585,-0.903813099584465
2.2616379532027158,1.1109131747904297,-0.6296298618158686,1.7373389010116465,1.1557509509678776
-0.6725098869366363,-0.38749664435693293,-0.21142093844926302,-1.499391934324201,-1.0649134467438308
-0.4917230467500981,0.23652315422617023,1.6978441404762323,0.5161205047906688,1.5828056215992583
0.23730472311955922,-0.18746950540077686,0.4764570576679538,-0.15910505595499502,0.5172384818695489
-0.03340428367276078,0.790266103428,1.1617429539391924,0.778424422258421,1.6844562765077598
0.24278471608462188,-0.49799057216459963,-1.0816498271386978,0.3296460128421145,-0.4102244344967682
0.0003614587340429835,0.7003628142649418,0.6314600134791694,1.4843944762851653,0.24505424740346202
-0.06968294011700099,-0.4466788094833694,1.4411118349970462,2.7107237475256576,-0.7787533224112622
0.5422106715817443,2.259036990674926,0.09906854908932049,2.6096369112370006,0.5166725614990515
-0.16748103798459765,0.5755282569580057,1.8996056802773489,0.39627926363119925,0.17144047095460557
-0.7868972583045711,-1.0244129848803998,0.9896452162742726,1.0251998612564879,0.7298094704037781
-0.47064753383794683,1.9159191028873988,1.4062316422567065,0.6707835920590522,0.8853849407808962
0.878843739930971,0.03465106273829366,-1.064091242264017,0.5800259793570054,-0.0012010926562369677
-0.0844249803427299,0.8433733200826696,-0.45838447919876263,0.05881506669724287,-1.228508245212551
-1.0969740947055397,-1.056488259259238,-1.038322602554139,-1.6657428717587304,-0.6128417066806914
-1.8344987044311196,0.5569460950804858,-2.3360225170655045,-2.0498929958814838,0.05500569624660663
0.6841589628450077,-0.8485302616025452,-1.526103808155525,1.0947445634122497,-1.3499659962847594
1.0305504299207822,-0.4479021321450786,1.548394062544605,-0.710386729481064,-0.17906642407303125
-0.43260168960749945,-0.9693962116179712,-0.24116187721394441,-0.9107112208343126,-0.5412796851081929
-0.4551151588232033,-1.0600390061349105,-0.7463314143861135,-0.13717075898631936,2.1265055639213073
0.9163727689188604,2.043685812660017,-0.8130685483180309,-0.9920041945734688,-1.387576098581549
0.2479543898115921,1.1839276188373502,-1.1786403516184394,-2.088175451330047,-1.1708906228014926
0.071702366590035,0.1749121586859574,-1.4402665544883835,-1.1759891193126326,-0.3093772818855883
0.3884492542490391,-1.0157073581587284,-0.7660538255826023,-0.35189418351840096,0.13298637553244216
0.5681954238955775,1.3529005368295928,-0.49300986204581076,-0.7568461741470025,0.5870140561456346
0.636503514913429,-0.3609778814772332,1.7364164856153907,1.5859173035331349,0.7950078447974069
-0.0865495664559365,1.441430924766771,0.11467627934323131,-0.42731540628854503,-1.22153159660537
-0.5635886817436758,1.2644045957130188,0.9717625932381128,0.2946875087967889,0.8094627584739776
1.0247050148018544,0.1701047664117756,-0.6670881047972188,1.3439752982509028,-1.8036466556319855
-1.0508701450489017,-1.7674117841050119,-0.323827314418715,-1.2538665500015185,-1.8773689445707846
-1.1321687526094808,-0.8427056460204423,1.4973260177221188,0.33765196849775697,0.005722209189672996
-0.902308511213655,-0.7225410909560127,-0.008523617210263436,0.3997503163679517,0.44865901715497025
-0.8943537841436958,0.5626457846264423,-0.3696759745089096,1.1639653245502157,-1.2007121469661697
0.6517604018907842,0.003674535811506168,0.11493034931550354,-0.0014885216904930833,-0.6606155183198646
1.5953662403718418,-0.1907799113949892,0.8276830332137507,1.3360096292492643,-1.5317954368552724
-1.3536682771910236,0.7378075999299678,1.1666604215981131,0.8483337147732387,-1.188472556368089
-0.6835171469756441,-1.1683613229154375,1.2726213524377497,-0.3257855368004129,-0.5394268986316767
-0.7230351772405432,0.39839793510200916,0.8800720037711142,-0.6518934260680457,-0.8842082120311108
-0.8774273534112851,-0.8832475523936238,0.8747697173972254,1.3146008500963737,0.8431757277178321
0.049617633815433666,0.8895014341736567,0.0377193264450002,0.7451395015725027,0.3518231368798998
-0.10742863012451727,-0.8298258218131387,-0.42551003891999845,1.0103159605484373,-1.0291059602025214
-0.3059637332536067,1.2603545636822635,1.3865235801854787,0.470577012055471,-0.3629180143111064
-1.7020369771719837,0.9460586994670708,0.6052192696608636,-1.0725823865709792,0.9986605003123892
1.2847249144944572,-0.40347354864754265,-1.3451218008171775,0.6158393182011648,-0.46769209264507394
-0.9186587448687106,0.11951963680170925,-1.1867726001802152,1.3755438910320368,-1.5324431004040109
-1.6731986898225795,-1.5141277709328307,-0.23483214994450016,0.5186146529982403,-0.09600849947657
-1.5296713249290426,-0.17370147837493966,-1.583806728917184,-0.024138049746273007,-2.0942757433210266
0.2969602947098634,1.2113624139016783,0.5747617074509943,0.4699001378589808,-1.6250642801505684
-0.15292194085828745,-0.6386954363382514,-1.172786736119879,0.40999964061870225,0.10127675133165483
-1.2686839013491065,1.5207669523289322,0.3703114395049192,0.6407585389845951,-0.358153845745535
1.0226205725193074,1.7467615952404447,0.8460566380315424,-1.1616418649331515,0.9382711752247683
1.4478240956631583,-0.7383674278432317,-0.3125618664290649,0.6900427829009146,1.488224597890581
-0.3886085586435944,-0.21838756595117978,-1.461558020762537,-0.07849561284132743,0.05497917555788492
-0.3233810362769486,1.368741774032934,-0.06637517760404625,0.6482693454146179,-2.123396728212656
0.42065211483209014,0.9232477502319033,-0.9483267069723234,-1.0277879910347458,1.0941581771838507
-0.9577917225611957,-1.4838076058631928,0.2498890780520029,2.5567798740356187,0.03367270888344969
-0.3028270505639764,-1.353936171097888,-0.34054577823779386,0.08707253207579589,-0.17707975597171238
0.011490946146961487,-0.15828652365386606,-0.6482621383429958,1.2702197284553058,0.3961307811713876
-0.02848999856378046,2.033915960777186,-1.0682618115641866,0.6959659938252337,-0.5988261658913909
-0.7517899435425792,0.480061070881033,-1.335742238235412,1.202022679398977,0.4770819877821435
-0.28506720442122746,-1.2523261727685675,0.3318089619144336,-2.3057049455066645,0.9720223440033822
0.6040107657849151,0.17620151140068355,-0.5983979012060922,0.4016318378836399,-0.06822676778943
-2.449193743687013,0.7541882227819117,0.32888411980635657,-0.11917303027578992,1.2256898131178184
0.6801577042269091,0.3352890282537865,-0.6395317877050092,0.17924239494141073,1.2880283562239796
1.0093410755072645,-0.1321612770659107,-0.718467835902868,1.9492487381489156,-0.5833202555538637
-0.4409933458701649,-2.139450925283879,-0.26803936918596344,0.5499515552223119,0.7553886097621604
-1.471044746555529,0.0734825282104015,-0.8637932795560032,0.20127514881070346,0.9338007908474716
1.2897173433980587,0.18695837107064422,-0.4085085309354734,0.7613157945734854,0.21094227011342784
0.608475414373008,0.3034903211398456,0.22300655004777217,-0.46904711517546277,0.13048026239607444
1.0439641372743922,0.4606179679347872,1.184509891576089,0.04751201871717543,-0.5382329261809865
-0.5581356399519585,0.7302602896786883,-1.508859003571372,1.7592791143233468,0.0772590762017633
1.9503854932226816,-0.14463459571435242,-1.0577974144517628,0.7304204370405637,-1.3596903839207615
0.852934697482695,0.030568402652680838,1.5328476600607837,0.4641180447729849,-0.547880873874504
-0.5768956160695814,-1.1051135241244658,1.0239955420364824,-0.06825226311996598,-1.6025396338626736
-1.836151254429859,-2.2383701174346156,-1.4666014769199271,1.3655877179900149,-1.1772307984661128
1.2375450211962147,0.5429444504144285,-1.2965601715231994,0.6822604645258283,-0.1915170188228362
0.6586160049411548,-0.8803815539898643,1.7639076265119107,0.5478987591877292,1.483004199830487
0.6084048083680087,0.707992027718333,0.322551394865212,0.10584591775534921,0.3920902904552177
-1.1669803963665157,0.21760132182982536,1.10082769022883,-0.31727001637102753,1.4719042902346693
-0.7486213354262479,-0.5300798969466022,0.2839576714764689,-2.224178173448027,0.42852096516348676
0.8793295949040311,0.44130435427072634,1.0580758729833257,-0.28234302056749333,0.4745086009858473
1.7520870292777133,1.060015535955971,-1.7760631197000847,-1.6388102382942267,1.391391982568705
-0.037595689769681716,-0.839065566377217,0.9606741979099543,-2.1152291910341705,1.1034412178861681
-0.36100852896495456,0.5098496340247162,0.08483468809603471,0.9448250329750767,-1.2198160277463854
-0.733542472583474,-1.3501522984242509,0.3641723275475017,1.4223808010119279,0.5208387749972546
0.09469759970116554,-0.38986859168532817,-1.080685601002577,-0.6711394236916896,0.6784235461931039
0.7322449286799966,-0.14866605099689006,-0.1015433383252721,0.7877079130225794,-1.3306247210162283
-1.4346083774127163,1.074925642864437,2.0982305354755733,0.39660616494191636,0.9806404479926646
-1.3378880439955945,-0.06895842037851845,-0.3429540675663734,-0.8658469840146406,0.6700873647927732
-1.3025826551580346,-0.7546187632694987,-0.2111792681399516,-0.5895175470755207,-0.7959420324712742
-0.6634900274824943,0.5534640626504781,-0.8511690646294615,1.0709917401808946,-0.461889527667014
0.1453927078521714,-0.5912510394985725,-0.9077557574551897,0.9240774847653743,0.23630662628353744
-0.2622162461835437,0.014370535458838712,0.04152829972646902,0.548925399783997,-0.7967566493937898
-0.3811415698272796,0.9246954100689284,-1.0787515177537577,0.05786749292104178,0.6041881807795383
-1.4470218748081454,0.5370465887576301,-1.4404467779078824,-1.6342207456735087,-0.3444984907886894
-0.032137603929054306,-2.1481933008183867,0.5494810227412523,-0.26377005985219215,-0.6179903660027994
1.345289663053679,0.21662840911935546,-1.5310999991241052,-1.3261109699429108,-0.8405394862358704
1.9301682641121929,-1.6250213095794268,0.27119218745271234,0.7591891924912231,-0.34029830351968526
0.2672941705748334,-0.5701982291550087,0.4791680246827345,-1.5380227324785742,0.43920608148683865
0.5223533479083388,-0.5296617816331597,0.8577423101914604,-0.09453419645837119,1.2068244047481607
0.4904797769916503,-0.3348541187549901,-1.2814044031877407,0.9006254181217309,-0.27341756127333056
-0.15815852312193457,-0.8555120182583765,0.9461036719583525,1.0204573334063005,-1.507880165645552
0.3077653018470838,0.5306279534460547,0.5776659509838018,0.3824107068695746,0.4294031901499507
1.4311658622410814,1.8778958401767603,-1.0748846152642355,0.0321092167446792,0.31356008718188283
-2.0200361950860777,-0.0815122106239063,1.9119167638740766,0.2940743879271693,0.2883059069317425
-0.11653778540555039,-0.7784571425953187,-0.9390644001423216,0.5476941980117016,0.4689513280181447
1.0732779308767866,-1.217795918351915,0.5510033907602302,0.21029457294669582,1.258564919799293
-0.5065585811937613,-0.6263201964217945,-0.6499394913748695,0.35246064520430775,1.4416724107978736
-0.15182526604674226,0.2593807551519307,-2.7571528102743263,0.41492847225716784,-2.569350081690473
-0.9370408102925615,0.24612753159032957,0.17844225845367662,-1.3567345444968832,-0.32683449173733875
0.867725565623814,0.5651129032702279,0.27614410399498346,0.7077076236174439,0.7472754732903292
-2.3557100054803164,-0.025982226150693722,1.7184282723259325,0.577175842290446,0.9001109557447614
1.0509871722480653,0.9264437712338576,-0.4536220874507594,-1.0714988271228043,0.3647525514935787
2.4979324029798264,1.8448923974804399,0.12990576750241006,-0.35238456855379063,1.4175720523695998
-0.5294575160610892,0.9433740624581493,-0.8722467780577055,-0.207411027615063,0.5067451857888184
1.0290901582334846,0.23806009562361607,-0.8278628277295321,-0.982982542781037,-0.06859374354544732
1.2628565794490654,-1.3924899354346976,1.1035338540178072,-0.09803584205965069,-0.4167503052683006
0.3185869935990958,-2.126615909017368,-1.601889064206349,-1.1345138994052404,-0.9018690986366094
0.6253010252331587,0.05728554679026001,-0.9616121933427706,-0.0011607409517307913,0.3334590304750906
0.10390779776719758,-1.1322588894806285,0.05426261720207362,1.2529925973220764,0.8754299813867298
-0.6168316944015477,-0.1421131864390501,0.8697242206183763,-0.6744085189692911,-1.1940263163118219
-0.4257915698093428,0.7065494800657485,-1.071819539409629,0.4136541536396661,1.0821079993995448
-1.0291456243040042,0.27144222183653555,-0.07077131935920469,0.9818857616523474,-0.11930894369118313
-1.1782571308199186,0.3521113938572497,-0.07278923274011105,-0.3181764230315823,0.32307460518378517
0.05828021880854927,0.6866347190644928,0.019694038766483804,-0.3317573434606145,-1.0628838405712846
1.5702345019072717,-0.5865302785502828,0.8187165846679593,-0.02390289798454809,0.254495539073895
-0.14839288937843453,-0.7243097370131363,0.30990626470671895,1.713341533672543,-0.466451338728371
-0.3657718121161186,-0.25357904269378023,-2.036960425770236,-0.13249991994982682,-0.07776634917106173
-1.6229770642180983,-0.8152798029490622,-1.3571316232625272,0.020987594283299625,1.2229836526057887
1.198094920373917,1.6337892971716397,1.3039290889116053,-0.07894648229495678,1.5902844504936344
0.21224991004406066,0.9088771260369592,-0.3703171374555614,-0.8004557406489378,1.038856194552764
1.9721570761431435,-1.249704344434092,-0.08919946606364548,0.2147102458773715,-0.10972594362948238
0.6194082014002431,-0.8670392173924947,1.233112442044606,-0.3728899285169761,0.9440852930549982
-0.4188438973510335,0.17065419989932173,0.2556003659643371,-0.17080655423605842,1.0395165364191963
0.15210949073017305,-0.41388274014992077,0.4924449490968029,0.9426688567381248,0.32632186355420295
0.013554751878170868,1.7362576543536419,-0.09625563580548037,0.8579200672024376,0.9259231215939682
-0.8968666590485733,0.8438456686188102,-0.5192344506573255,1.637222265616544,1.667424374310288
-0.4969807592063325,0.25683085580475873,-1.8236949567835634,-0.990503639273964,-1.4240048152491187
0.3583695838796245,-0.7710189688839684,-0.44899012651594433,-0.13924449275172565,0.9037587714986205
1.1744731139288063,1.0247215924770694,-0.560839146786558,-0.5855024864988669,0.375692897487164
-0.4785700686927185,-0.8981429269630922,0.11276897141673374,1.0215089701661344,1.1191629364369977
-1.1332612523343417,0.4453705588423811,1.4648887260914567,0.3264920305711165,-0.1920073969221136
-0.3376768177561885,-0.40583508706007027,-2.358878160809421,-0.5232913801471225,-1.8882177324611067
-0.3075193748916996,1.0056532608361237,0.5705316890596985,-0.7636474749432631,0.24770825487485704
-0.03680579104506273,-0.17316692097639352,-0.29410410073585497,-0.03642373507765444,1.2728084766503966
-1.4122257758418504,1.027922262641518,0.6601195833306063,1.4547098937816718,-0.054071656131506926
-0.013689615272586131,0.8792488135468237,0.40826539835499404,-1.8510337365020375,0.3429194864193038
1.5321109544912759,0.40957504385734,1.747428259271893,0.23978981002750768,0.45820947471453455
0.5793566577742436,-0.0561084882490847,-2.1052269964386783,-0.23950432849032055,0.07513453050309425
2.378788377881353,0.30751733859111174,-0.8511424770246783,-0.15965832539307495,0.036486890799471566
-0.6195497512360593,0.807358101351354,0.03191253533357795,0.5838494486413783,0.01871163274533016
-0.6589516523464236,-0.5481961455432287,-2.4134957550971476,-0.9287375710359566,0.6507276773416583
-0.7167816657968701,0.2924096217277382,-0.5034314460170615,-1.0863479797388238,0.7817250293142618
-0.8072475106508592,1.2307315873692142,0.4748373606220304,0.12378555434249679,-0.21426065207188674
0.7180160633854575,1.2269305785553404,0.09761673460534864,-0.1698679492020269,-0.9579982674201262
-0.6972939969621764,-0.7980322979176606,0.9788017461778417,0.5028973753838696,0.5903294465006294
-0.14028849702913554,0.6127915784572338,-0.2689738913648042,0.25993926349940455,-0.28611100849777477
1.0696986365844736,-1.121855072234724,0.6282384838966877,1.1185084737470996,2.293027380416005
-1.4748074672634772,1.0191466092345027,-1.2523959417428503,2.3519201021102805,0.3123270585270222
1.1159765206995351,0.6173442887172617,0.2882584422695958,-0.4839351204221428,-1.3223496540778261
-1.713095946606291,0.22028439776479003,-0.3597094718872699,1.7130348497819656,0.4702150867735325
0.5787841622039163,-1.329976127553411,-0.4815868168569842,-0.4480074077434693,-0.3663955921170503
-0.5633240608358919,0.28346852079509605,-0.08685409314734276,0.24262751522382509,0.08542391710087342
0.9511830731002728,0.3660220036507392,0.15363147627200915,1.003469076880753,-0.5583286501607758
1.7157996282546681,-1.0739577267039022,0.19506735222530977,0.90014675456,-0.36169776993682384
0.9892342615175062,0.42668245915200537,-0.9056061460405521,-0.2834173457758154,-1.1757759238549714
-0.19302213596663478,0.7459732633943542,-0.6461205604268206,0.01089992767353793,1.0714096495595888
0.24661492933156967,-1.675680825068856,0.01629634619134928,0.6104908098823661,1.346483524238728
-0.8811002277848456,-0.7702934927846798,-1.785194862803744,0.4933925954062434,-0.5894687318550422
1.998481232562324,1.5228238671638215,0.7530049417822521,0.08410498811515789,-0.26954417474050296
1.7392305873002216,0.36770809304510416,1.072718271327405,0.1434246044340334,-1.1209302976160744
0.1085620646965652,0.9741934117816761,-0.6972239687872678,0.28506661521805227,0.0386796621854783
-0.3558804312072536,1.3564422899696633,-0.003306719174386047,-1.3314921178948291,0.6647074197878104
0.5577030124613995,1.199852293647539,-0.3483475500441853,-0.054318942677865696,1.8666648785459168
0.8973249305229181,-1.5862056264373874,-0.417783636961337,0.9915805155432047,0.9069601351307908
1.7797762873288172,0.13931890084617052,0.7661590525307996,-0.7261374117831225,0.4126355891879246
-0.022491546923446935,1.185800313472756,2.37050808445212,-0.13774903573999417,-0.06475161696978912
0.35716427245270554,0.6732899247413169,-1.0992287897446356,0.5855519036010788,-0.05553673673303101
0.09517917061255977,1.018699403100849,1.1284707653310897,0.3384276983228576,-0.1358711787386005
0.7249948482567212,-0.3443866675250768,-1.7721847340872026,0.2731974935452001,-1.756978610641924
-0.1157455767543137,0.6941201949532869,-0.7616384339668044,-0.942166604931679,0.11237842727455463
-0.7666222779820001,0.2977593296729983,-1.2353411872789184,0.6686503905850276,-0.8667844259607917
-0.9748047285792961,-0.018942294239033056,-0.6696198195472189,-1.1748804644570077,-0.3150129505807914
1.0703765415431443,0.7864277928697029,0.7906926669242127,1.6464666533632284,-2.4350927263353506
1.1219727603018,-0.453279659076697,-0.022877549949295823,-1.2646441384917764,0.5030185214283184
0.7990550453367541,-0.03830540943042239,-0.05791667305287616,-0.014529272843494253,-0.5842857676187526
1.6240270482329828,1.5032954146052548,-0.5895363487303776,0.002025680714478205,0.5270810765383377
1.4634509094747006,-1.4017553202725368,1.6724601209719663,-0.14291003095632274,-0.6042846881991966
0.17782306023407232,0.34554478801091065,-1.2068696673126176,-0.5370051547181102,-1.0875434253640008
0.2891187298324626,-1.0131850873274835,-1.2548098555168343,0.04008982870296759,-0.70803340937348
-0.4722233480418354,-0.21460558468222862,-1.6573102054921043,-0.5953243403523674,1.0909638392601757
1.5348318150701143,1.0283077977010384,-0.3777936773729274,0.18073658437656945,-1.0404178422896009
-0.20524029082516035,-0.3810728593379443,1.0489410044972953,0.6099194570405201,1.0083245387238031
1.0175355641879842,-0.11286948448170962,1.2318339587759632,-0.5270343958247398,-0.3778405254855621
-1.5044264309162123,0.028462052828322235,0.44102449914859354,-0.622197812663964,1.693459074339794
1.0106000006157483,0.027375974567066256,0.16116975665203492,-0.9352572400217622,0.5768864021618043
0.9062332018480425,1.1784976670568976,-0.11445763639870614,-0.5556993126728869,-0.7398160894733521
-0.9111779029901704,-1.0377155348353895,-0.7296982162916111,0.6194337912860417,-1.0073656052758755
0.05186758574445863,0.36320928862255036,0.31877080012761266,-0.26641269793316985,-0.9578196514325791
-0.7502705792751974,0.002398510711128289,-0.8798568566230833,0.7377708560968222,-1.2483540561922983
0.1582602749787049,-0.5318901736472526,-1.559805227624383,-0.26858810263910327,0.37796086007971275
-2.0998331872964546,1.0617452078826504,1.9389931216899259,-0.05174612768997745,-1.0674657868110757
-0.4124843797281227,0.18395383536908386,1.2202088445141175,0.31792951189834756,0.5543219756221197
-0.6877706917827814,-0.539127493215069,-0.8236601558631332,-2.902461209511069,0.8094056914210921
1.5946706144585951,0.7496325340317584,0.3883299877009523,0.31011132447936274,0.6665135601005276
0.42941521212353484,-0.7807487180461804,0.4915738022125349,-0.5610409586428361,1.339286563946308
-0.49322904135389906,0.07603416167879358,-2.135424630175449,0.4577555799023041,-0.15922922506368134
