5.043989123906099,-4.364947321884743
-1.852928534058881,4.448111599806289
-9.745937379738603,11.755395306072751
1.91273073410553,5.182708688446384
5.840812796594864,23.52766572086616
-16.746443387602646,-8.270439063247181
-10.540288130488676,13.640254771440024
-17.606807540405445,22.725652635113285
-12.697705836732379,4.925004233863902
14.19922712418704,-0.9184444327149148
33.96496635163629,2.664639895522667
-7.798022216205315,4.2525436036746305
-11.139797805296283,-3.085548523422121
-27.04469021197746,-29.289680124981928
-4.461972964725045,-11.855648412637201
27.834907508874185,-10.101658001823395
-0.9322202754028337,1.6486292237655888
-28.464945827790512,-19.01902059734533
3.2304618151142366,-15.928155665469735
-3.378156589850171,-3.604006697872074
9.909147264890304,-2.28628825491667
12.426333453631859,-0.28959593493290603
-25.00423265514956,-4.641617027451369
3.131541697141725,-2.0324985854287005
9.544972531291751,-5.9595209694028135
-8.910708722660253,-15.295454666088867
-14.511537805966926,10.798942923646592
-1.0571333305305148,-7.11354549736776
-9.356754150850248,-9.195210795351477
-9.672716783042727,-8.04876417316375
-9.210533510321419,-13.041284884746275
-27.724541452807834,5.88721920023578
-5.076964450489283,-16.339306546542797
4.072885621062422,23.98034666194779
3.659384724873812,-8.841778210588197
20.746835459839197,8.48550182266063
0.10893868099378401,17.82216561744309
2.025235218935123,32.68080661538627
-0.09062939882177545,-2.5880532109511307
-25.0502193226001,-20.599321118261404
-4.919642590071078,-7.631860573773084
26.81271730276316,6.700180422427874
16.37740745011284,11.421483997203262
-20.164876191902305,-8.095371513111273
-18.66866581200172,-19.675713679242335
0.5861897563986469,-22.10193624371104
-8.94964196085032,3.94086195145185
-17.170924423029536,19.829503026491764
4.758809200245329,-26.631681505874646
-3.159653524051495,-12.912481498905763
-4.242376339064681,24.131800270423646
6.67096836766943,8.223049939001113
0.6891608392470321,15.075129620380789
-15.50840282898307,-2.7979445790385884
-4.509237922379737,28.78189731674172
-21.470516456400055,5.589396698478064
-13.849681146846857,1.0162737513978555
19.10044241214307,-7.710511802649285
-33.572051454001816,7.741764799412984
-17.57139458078485,1.5980294552521315
16.33010024980414,-11.56878924737669
-22.59582971414447,-32.56166798324141
14.8785364434816,-2.457012673357265
-20.90813928702569,-26.458652040650417
-7.035759412718786,1.6629669170846235
10.33551241931995,-9.743730058518238
-4.566847063600461,6.432347443375857
0.3560798014108162,3.0137368983116977
-5.118422714595438,2.232343262771793
0.8244633477129666,-24.320468118412755
29.439407789431364,12.722100251278789
8.9096253211376,-24.502445836877968
12.383359115310283,2.6675590586320426
-6.047899277847339,3.6562241227831933
-8.166051862199705,-36.987063241458834
-3.21228544184859,4.899936882867749
20.60056527214188,8.721134364934102
-6.710163590402894,8.842408966038292
-0.2648610093508783,-0.6233130390530048
-24.09717740074999,-27.528663972025626
12.164941776563019,-9.692528767593359
-0.19472680179119273,27.731731813030308
17.2802903786399,23.270395764053553
-12.381796545399819,17.60728251755694
-8.141938737634305,-7.042918954097463
-9.337981852966212,20.016836758183327
16.246755766706684,14.554981623509839
0.04911407564771331,4.855781435814446
-15.34879725591701,10.711892203174674
2.382766351795615,-35.548136295982964
-4.362140855778174,-14.394317463341192
-21.88206440255836,29.414441714477547
4.348585255666288,-16.762215785854323
0.5557966338987113,11.820233599356186
11.76621938062992,9.883563143836074
-10.710391918917306,9.108235236101812
-0.5255899385220935,16.425532133398203
-0.005577788598836841,-0.9120420666299056
15.233540178302862,-1.1471461250136086
0.4178731975712715,16.65698384492819
