-0.11254998984738347,0.7560113641986376,0.12180915308087374,-0.5476154313288297,-0.9268979177042223
-0.24326764476721974,-1.0727043462281953,-0.3962918638244818,0.45643952508361574,1.866861991973904
1.253722191104189,0.2072861055924801,0.5973339646952005,1.2039360501006349,0.6147481466519534
-1.816838618324578,-1.2502382384827295,1.3140561054432462,0.06975164359103198,-0.09199035548378472
-0.8518784672929267,1.3377323874038893,-0.05148331037509941,-0.9140162931213931,1.0037750291600551
-1.586653668411905,0.5927759454691208,1.974099076385035,-0.27654680830333295,0.45655366414007864
-0.6149226754900379,0.6957295132065346,-0.8578165766019398,1.4361881926884497,0.38399253211739365
-2.1730041160429434,-2.2843995974507894,-0.03765684020650127,-0.7032362422570022,-0.04684250307033392
-0.13855403632803107,-0.7247570024345145,1.3647266928100785,-1.1353719083022997,0.03784874514738868
-0.45447657669180785,-0.5216168618585172,-0.5387819921665428,-0.3170484272862909,0.677871713909339
-1.8575857752116667,0.3219728717142768,-1.0525467222484683,0.6777339119812651,-1.0303210839456325
0.01420651964359991,0.36147047504855406,-1.29229610988544,-0.7047441952176347,-0.9052363713440389
-0.09969799467637024,-0.6395349188599474,-0.15289619886988337,-0.0680033876855913,-1.6628312283090687
-1.9915470690086026,1.266969295916028,-0.33494159238269455,0.3407549041807554,-0.9960128764246095
-0.15994907898688568,2.089980476105092,-0.9069950466079006,2.155481965540748,1.9940062832967815
2.304150904556501,-0.11322692371334242,1.9514326853030066,-0.9524124609130755,0.14468274023961786
-0.829061407667201,-0.4328152638333995,-0.24291261948646756,-0.5419117851546006,-0.9759508508310234
0.4294587266302907,-0.565892160318229,0.5767186794109972,0.13893897993499343,-0.3693852950943256
0.30075745965765993,0.3870719803589822,0.8964823531500025,0.7686874093183585,0.8454085938503418
0.6384511152202179,0.08613063450090176,-0.9751158484421724,-0.4038247928646255,-0.7385858973131649
0.4199767745657166,-0.08255473422791619,1.1621749184430072,1.2571998319736197,-1.6720163050060377
0.3292364359489546,0.11776850701315165,1.0793360787674258,-0.08389257513644881,-0.7968062955474674
0.5093769869288146,-0.7131388481594763,-0.9746851158413564,-1.4097266766161283,0.6450382005171398
1.450676855192643,-0.10686408592257324,-2.967871202769212,-0.20373808869046298,0.6072774452640954
-1.1097231434480246,-0.2580684534547665,-0.8489643448500792,0.46614697606717637,0.336224649979194
0.07592214781208699,0.5962812563821415,0.5516735684957214,-1.1722167133589394,0.5471194094507158
-0.10112298328621148,-0.15950279734280529,0.5314689245397145,-0.7887808039057642,-0.06704200368122604
-1.4885664967431038,0.47411862801248783,0.47365661813774984,0.1380918905733093,-2.500991367780688
0.37787430926539806,0.45743573600115633,0.7680014327513717,-0.7546910850650422,0.46261744487976086
-0.4563375024975359,-0.009289243806356273,-1.154570915098419,-0.8040575324308751,0.7359614681292381
-1.4592567599851682,1.6210382000310808,-0.7528556914960279,-0.9323597130478188,0.6730131310942028
-0.9025075584398483,-0.49705656609587523,0.6216067869483527,-0.5871385322286312,-0.09144759505836185
-0.7328334974794902,1.1259736744668647,1.8552989617652937,-0.6697028747602807,1.2712491995139927
-0.7028475362533292,1.2516747208974326,-0.32202005369486175,0.9653248642021318,-0.28105305733585306
-1.0180884495298776,0.3669510252505968,1.5765394134514108,0.3693805608524426,1.0554803786800404
-1.5477914442786003,1.4096461236439215,0.37339549960001234,-0.8458879187406054,0.22655017975199893
-0.6504320400685752,-0.5805587048084666,-0.22043323463110265,-0.3715222610118451,-0.6047370253672634
-0.3585744166545067,-1.4931242532544335,-0.061555689580723306,-0.03463655798549299,-1.4316997675559082
-0.4457345397274808,0.23593961898057167,0.5099749526680555,-2.146293600412864,0.7510106941102319
-0.4580415270290026,-1.230594158894933,0.3015944879873477,0.8610107658618894,-0.15401273358123954
-0.6390035872148109,-0.5401406500779178,0.645128891419437,1.434675055926464,0.44785370752313863
0.4727873158469579,-1.4182733847153868,-1.004101579067616,0.007504210166289049,-1.1569147990718103
0.24947754249036141,-0.4540100060647041,0.3292099326272114,0.5904939174353893,0.7448797427789967
-0.43163809771843703,-0.9021290061250463,-0.8117150904584796,-0.12342759204559979,-0.3540646637966301
0.2538560811270501,0.8770420019155674,1.724607586602973,-1.8993539255098673,-0.3515173444206764
1.5218602950407165,-1.676309128475891,-0.08320272217770416,0.30021253562794253,0.9656775463412058
-0.7252734621608523,0.525287124950754,1.0001644235528333,-0.32634983077676005,1.4912314495308516
-0.5987167265004455,0.5041350654971553,0.35164522082486427,0.34887972783712895,0.28564146368788246
0.6949483439015397,-0.986596904130077,0.09811757407148311,0.7370297536275687,-0.6646466135981884
-0.5587381419054118,-0.4294798582489524,1.6372730298238218,-1.1326880157125092,0.675800047580804
-1.1008467550683207,-0.1293604075109159,0.3601327301029513,-1.108792077577977,-1.5650494436117237
0.0658764767329426,-1.9110842824046999,0.0714281369721266,1.1232299723940482,-0.019394706793748582
-1.2236525927000088,0.9911134289581962,-0.5146129068832157,-1.7467641416112585,0.040713008946868266
0.4470040039728974,0.284760366403035,-0.22453303796108487,-0.1282656432106871,-0.48786844413997693
0.16297727891932712,0.11408540322768754,0.5012867212321549,-1.5114765727723671,-0.5483199677631423
-1.0505212606724945,-0.4307637528578212,0.47941730067981314,0.20636288935604108,2.763293459462161
-0.347253344793254,1.2265641465110477,1.2199130074179847,-0.5152119180677084,-0.7727729508468273
-0.03938740072661334,0.16631644985245597,1.2461481613171468,0.6624450917335571,-0.05044174806236098
0.6344617710834632,-0.5967989824319002,0.7901141639311638,-1.196781895926521,0.8989487743344979
0.6794023685522423,-0.3186242421145098,-0.47797578326771495,1.469280835296296,-0.0029246751957682456
-1.6370009244105743,0.15078792595626486,-1.941845802976045,0.8783557913355458,0.25815478363636185
-0.9312509170061866,0.33424491472051676,-0.028849965411277753,0.1712445171236427,0.2339690027992436
0.3673621180862426,0.6433987864465024,0.9039911193568938,-0.237142536143645,0.7168769359624578
-0.09692052551113821,-0.4693941921806409,-0.42270233812183267,0.9379094154447161,0.5791150245230168
0.7099307928163782,0.3074679387878613,0.41556962408983583,-1.0477950788453738,1.0358306838438789
0.6391527990295871,-0.8968214083421783,-0.7872077216806151,-0.9147107585579357,1.9881098080586435
-1.0423803525665094,-1.0270764827170036,-0.1629463301805677,-0.921237279438972,0.6183564387164595
-0.4187434995459645,0.5222094030681689,-0.6493503426463372,-0.07333923723094406,-0.800881979731693
0.7082735296965529,-0.649495407235976,-0.4570799588168405,-0.7049319557546319,-0.5908079190778109
1.8747303584902812,0.5419724883960857,0.14995444117968587,0.4911453060519759,0.47484419921717086
1.4871818660296596,-1.6899123232196465,0.7993352330676872,-0.6045703342789467,-0.012598046494792115
-1.0566017595848805,0.839331669959427,-0.5974799979930522,-1.0293447870865506,-0.884918207395648
2.103050077296904,-2.1220433572149764,-0.5596704068694405,0.17642215018187635,-0.16767803638114023
-1.1200375658272301,0.8575552553139623,1.3147329364957967,-1.019958267914051,0.0478815321152332
-1.0168023376426956,1.3572997205856334,0.8287683688757227,0.20831280155209364,-1.0466770600780413
0.8724793382453695,0.2185028472168945,-0.3439282838806701,0.6220306471344521,1.0303482125646324
-0.7879775260477788,-0.37813141767280756,-1.2728021351630787,0.9875229122671585,0.8392092892621376
-0.8917553354850828,-0.45197013332726294,-1.160012379866748,-1.3803543135049101,-0.9815257441076691
0.3545244932248232,0.033731578792321026,-0.9782699211871,-1.1612387135969306,-0.5704361196087232
2.074309697004063,-0.3341959004215944,-0.3955549117557545,0.3195136177153005,0.3607182741566149
-0.38404566698732195,-0.17451570370942968,-1.120197796225675,0.5121577174189299,-0.5232389155703587
-0.2668474026972429,0.5015844748342246,-3.0451929428728874,-0.8882100280830317,-0.2862346178394104
0.9027332515207923,-0.174905887680533,-0.5931035559984705,-1.214830777333311,-0.052328691883911885
-0.7938811697883015,0.02010733338204929,-0.03935984693978915,1.1067740182785974,0.5541618285009712
-0.10529463310769022,2.39564650890803,0.6070896546782727,-0.08076822280854766,0.17124323868806463
-0.36534947880552177,-0.34599049217905903,-0.4869841759329978,1.4149654243267924,-0.5760570147670601
0.5326380391531131,-1.2607229192438665,1.8709377748716913,1.077550572684022,-0.9970566564784217
-0.4336582852907798,-0.056874825510322524,-0.36938675362399476,-2.4419577874599128,-1.1144091721195526
-0.7707894063188595,0.49579393770665003,-0.27475548089557134,0.9562250240402267,0.8597770944431696
0.13294268056194244,0.19446317806998786,2.6694045829075916,-0.7661275893713295,-1.0553782786605497
-0.34168361084186993,0.5146148694090703,2.6128757033500447,0.47937424323359695,1.1064291040974668
1.5461290349031198,0.5956900029779295,-1.3715288838630455,-0.693884199399721,-1.004500281587677
0.028453857974085534,-0.15179293375322292,-0.22968444705510815,-1.495615089439139,-0.5805029399393863
1.3628111605402755,1.2657866255523118,-0.2855586552725783,-1.0591274948333604,-1.3164717876206622
0.3843170837989821,-1.6161524878654312,0.3937787088743856,0.26900696195095675,0.5311471751767631
0.960372738661421,-1.1386246479739301,1.1593426433130778,-1.3221206187079197,0.33810388451177936
1.1715249559799903,0.0060295212421747355,0.9317567680027238,-1.2206972984892472,0.21709520160193316
-1.32283949410778,1.746193245559074,-0.011403575414848774,0.44653883889037654,-0.1429839147255229
0.21007609271735034,0.1045688312794383,0.15320636152103245,-0.3385059147782265,1.161697933581289
0.4677691595479166,1.6717257433124844,1.4041208786472108,-1.1565743886448558,-0.09142948145352857
-0.5196475078131408,-0.5758099347496711,-0.3721048532133112,0.28653141673530214,0.27923790176563545
0.013314675280506102,-1.2919286733010527,-0.10997477785383454,1.4711943232459401,-0.6857986041941283
1.2383069742825157,-0.029813455173337323,0.37000855349890904,-0.039679402683064836,2.8920779110712465
0.8663434550217547,-0.26272430179102346,0.6104995090051158,0.8070366388498136,-0.7099689184395047
0.08102553770028022,1.2046093485849725,-1.2495998556179122,-0.8344748695878333,0.8468080845482036
-0.3034146027077692,0.22330042421659255,-1.003789266106033,-0.8652355786047552,-0.12658150600867352
0.20164002334681397,0.9470407863030744,-1.0288241478729812,-0.7996367146951024,-0.10187585942815126
-0.7092800565075383,-0.28533757404457893,-0.45553415909426653,-0.9106824044974642,-0.08536725008449328
1.3835871507537087,0.004198701505065275,0.2453035995881421,-0.0708431874429461,-0.7912534976530976
-0.8115094532313403,0.8129281787562397,-0.3889827487418562,0.6244181702833947,-0.21725659250460702
-1.1488166254071162,0.7406557085022483,-3.213196839081031,-0.5516611887476922,0.4278681018351224
-1.0971588720902523,-1.3122986837149528,0.8230576909279915,-1.0581377126565397,1.4954021690228898
-0.056086421587047214,0.5737971117328492,-0.3543254123300994,-0.7756454667259647,0.9110394822769575
-0.7915157446163685,0.6093784568526611,1.3619890897841866,0.43537373308070515,-0.22263056728668618
-0.5718745283095878,-0.7432209772754522,-0.5967275646590925,1.4881072641254849,0.9221585382498867
-0.14218713609686245,-0.499570704142989,0.6664330107575769,-0.22466587032060467,0.8710257685119971
-0.006660500907597648,0.22961394501740648,0.9864678698159274,-0.1969886913704942,-0.8321824985481034
0.4429058528248387,-1.1606902086469684,-0.7961743964370955,0.4614819632959784,1.8488974788679071
-0.9494344320781694,1.1076557037321393,-0.8927202966608465,1.0500190826865137,0.12313367494607032
-0.15675205420998375,1.3970269424293165,1.139517928523546,-2.0929571066841155,0.4168307689796493
1.5037599341402026,-1.2261015416584344,1.1958144993916824,-1.1342337184007198,-1.3500887456574466
1.0148130593805127,-1.2077619554983743,1.961339497061605,-1.604330212187334,-1.8328494575517817
0.3573966088665297,0.13921165103373864,0.18085358687862343,0.6809305299107664,0.09168383234954629
0.03495100774957133,-1.1364098643755025,-0.08021208002503884,-0.9219586865740557,0.36948630463412596
-0.3783396292358164,1.06264517582987,1.0366981303431089,0.6760209363849191,-0.5646336929001259
-0.05211557299985777,0.09832939889764485,-1.3694051087635708,-0.8644914094984666,1.9477308056009044
0.6466136212596563,0.09854749229988072,0.29789341676815234,-1.692402313994444,0.024356012020216943
-0.0065697250798710475,1.3091462412082682,-0.28135361967486866,0.2637968992320648,0.9376170499511179
0.20300654093905457,0.18202426286712664,0.6037123955102346,-0.8967886578486594,0.2749413858205996
-0.20180791732450873,0.3902764950107428,0.9438061602335679,-0.6339645889677955,0.8536065961273217
0.9400569691923087,-1.0891092003916247,-2.27501050687297,-0.7645221209851026,1.3797139217711183
-0.8211290645671294,-0.8391468568774508,2.7284085132142537,0.7328888603550504,-0.28141733783293577
1.1699204606054774,-0.24835947937992264,-0.6421944969826061,0.7889857785216602,0.5340738416052122
-0.8823545223811801,0.05316198219431128,-0.3571763371850566,0.90409459702798,1.3032981407213797
-1.661793964584057,0.6698633742784151,1.8203417661756716,-0.5046957058961173,0.6159607029469163
-0.8845873980562867,-1.6010600576102034,-0.8125149153920631,0.21886968535795046,-0.7572718265324178
0.746995542409456,1.081795313925399,-0.37383250360993153,-1.074543840287368,1.0545919743038346
-1.0328301990439168,-0.08444235489569576,0.09975346132418664,-1.175615621919736,0.16543799999115794
0.7491767617973677,0.922689454301398,0.31971690122224244,1.8519940386124278,-0.23124277751647535
-1.20736452000233,0.924162918219408,-1.1840813550331242,0.1764201735702928,1.8916839117204634
-1.448107866557455,1.5689047720943101,-1.672521954632923,0.2503573799258828,-0.8993354202999229
0.10595573197570421,0.2998838418167739,0.533186171085473,-1.1613874546795806,-1.0253786606681419
-0.3491452957817256,-0.6023634756171785,-1.1649345803996465,-0.3952872416802793,0.41309989865089447
-0.6084369759939438,1.5788935377126174,-0.6697512021272463,-0.3501226294686191,0.011156742726070073
-2.0269886923918694,0.12333756965978811,-0.8711358260027465,1.7994096611375228,1.7377461867829995
0.14539845078913177,-0.18239722038200087,-0.6523392595821904,0.07219626669973116,0.4999160407957163
-0.3560674394587029,-0.1857927551634343,0.040304508632437765,0.5325280953211876,-0.9272772287387576
0.45942293305869186,-2.2597933045084813,-0.12334046699772987,2.0922886299337575,-1.2873339022314974
1.5745752225692533,-1.2395020705094262,0.8400255398308957,0.12738264043277905,0.19118565281415129
1.8144830503286098,0.2185782637602951,0.1039822113031633,-0.07512948128895516,-1.2240027780042464
0.4768076075121376,0.1383328501031124,0.5577630964675182,0.3721704186815813,0.6363702940977671
0.6654846912288628,-1.175568296662552,-1.59384972421665,0.016156630256518516,0.34558919757779083
1.1373248161146257,-0.2137767304906535,-1.8945915293837938,1.0250901902147747,-0.008335311387743113
0.3601691188002812,-0.22245795651861797,0.7954455351477032,0.1473690933326054,0.4799369893810982
-0.10466185836937142,0.5158109696910006,2.0077532721238427,-0.2803260392220741,-0.4339806334737837
-0.5383251825900528,0.3055986729368294,0.6287672604267163,0.9151689433074832,0.2911836785663748
-0.9019343347718042,-0.35671325847423957,0.038055097347393686,-0.9243364125832139,0.762261771751434
0.0003428710960341281,0.840253808987322,-0.04809144873619171,0.3958824624774746,0.07488409519360893
-0.31122036323041785,0.3988861304589921,-0.052110279294525365,-0.31620587278493184,-0.27588370682192775
-0.7030672652805482,0.5765164944981297,0.42515537111164886,0.16737675236394028,-0.18960971293734802
-0.8123834931169684,-1.3090310423426914,-1.899307161508212,-0.2109879994460029,-0.3912514854786646
-0.03577151748632276,0.2120905577148433,0.059167004892610106,-0.14284616388747964,1.4040185632830067
-0.4334074791668438,-1.9949318586078046,0.8171145072984366,0.824933046636573,0.3241179639695497
1.2813364526400346,1.7709862450691325,-1.601492288671617,0.318372198013747,1.3847057587127238
2.648232850017827,0.7581985974185909,-0.2164488721070677,-0.29565287916560296,-1.2191836768804039
0.5330042294550754,1.1873298155061551,-0.17355301105729584,1.0942690761759615,2.0948005615993233
-0.08500200267238343,-1.947384636243874,1.0495863761017223,-2.3842399849955624,-1.9205519935807613
1.0521136740692787,-0.7559705088831908,-1.707586998286227,0.32887530954083355,0.4035439477334877
0.15626582804319547,0.2334667411865259,1.8755097954958269,1.0619382777567465,-0.2588558346170167
0.29860513958762747,1.098379172954567,-1.327964851621804,1.700173816294387,1.1243531005487495
-1.0372314474684574,-0.36939337830599267,-1.3901631875943954,1.20103395789141,-0.7004265919376165
-1.048989985515636,1.031418603381858,-0.10128328959553046,-1.0541219483281725,2.1142260935157187
1.171732377043259,0.809505845401041,0.10305474540409942,-0.55692559798017,-0.688820592554708
0.12268157479257359,-0.7034758315713465,0.6895123411955051,-1.4953345396834057,0.8439659189608556
0.5960104278293974,2.1676649890019393,-0.9476810131783854,0.9429722318936129,-3.0135581726748013
0.6205158607897436,1.3753788874528143,-0.5618470211917506,-0.637929276863521,-0.7372900157220101
1.5118381066337596,0.21382717119416728,2.0344997723054514,-0.8846284357946812,0.38007354311618785
1.71666151649168,-1.3323658777507168,0.29136007323753266,-0.6781226530488881,-0.6025580200406035
-0.9306464630227022,1.3570439280318287,-0.5059514611937276,-0.25302686100452887,0.10471236835051421
-0.30638152817228625,-0.09641689592973215,-1.3196375402377765,0.2384776282239083,-1.1523353981438282
-0.7938810056711608,-0.2176561475323305,-0.7274123207861481,-0.7220242842418052,-1.0959693958528642
-1.0064330729128463,0.6476008935445339,-1.1971082977346013,0.12674660514984526,0.3369252295113785
-0.5753247259442545,0.47564641740499497,1.238582791373944,-0.014410146199599422,-0.7370115107401213
0.3261968764995799,0.24188357544084066,0.6436911894383454,-0.5644573755662637,-0.9896860127110384
0.6823423942511334,-0.5942947745796993,0.5206647302174096,1.180807469924569,-0.45782831789667805
0.23041385134108455,-1.2582974795149857,0.5010497209795586,0.8546175808571981,1.5002717254685403
0.6866279653145982,-1.3931863206859048,1.583458145613518,-0.4836800904790342,0.032617905676174674
-2.512781467239255,-0.00899863015158519,0.254212684167691,-1.4648549387664311,-0.8941724245471956
-0.6150641222025793,0.4488161237643577,-1.12851987023897,-0.14002768611322833,-1.3043182884569098
-0.6666912579994693,0.4094228408995408,-0.33428476983501954,-0.8341196970831423,1.2600597139398482
-0.5278293960122734,-0.41932279497440555,1.7730337414147668,-0.6679007655871644,-0.1961191369750184
-0.0005582263179009239,-1.2540084700369702,-0.30023093045806887,1.5785669455558016,-0.8770637010859779
-1.2733591060016118,-0.5580038832770777,0.12972623894535085,0.07139211777109059,-1.6520520744899942
-2.282193000447214,-1.2632782461911476,-1.0612162319650185,-0.6815277494388335,1.9090579234280844
-0.32477209495627807,0.6764059313240103,-0.6947304863058518,1.5014164665467433,-0.12293034913689109
0.34988465070099745,0.2680811153165995,1.1189252929799414,1.109604208096078,0.0536187755807233
-1.7815968461038567,-1.8284049268943987,-0.0835400879344398,1.8735625883830873,2.389155531122419
-0.7871224517771073,1.0285948735245989,1.7255647051188856,0.30463554215471433,-0.4327079944309505
-0.45412824221171033,-0.6385112331846822,-0.017335160942366673,0.7743660763631509,-0.688433781035734
0.8010720643566654,0.39250484223321547,0.6263999128507557,-0.752653493728861,0.16757931374961835
-0.3747841380988412,1.123980666965932,0.5520208752693669,-1.064196029704484,1.202450252765009
2.398847676006449,-0.23272201995923086,-0.2991422200081932,0.007852768763533172,2.1051663816954407
0.5528083884966952,-1.3415814481986308,0.11744800228727498,-0.4485050015878464,0.8480444063827337
-0.7780054418320013,-0.022175546180217262,1.2023154612222102,0.4893515186102382,-0.0077564964930425355
0.7559499176549289,0.27518153279878527,-0.22537272612769513,1.22299704506373,-1.0822497253433383
-0.7719437567804074,-2.7337255688930786,0.868614645158277,-0.5996684516520044,-2.10619240028865
0.8623023292526313,-0.6030849833441739,-0.6583743274436729,0.9388457832566861,-0.6326319579454315
-0.25434904363233285,0.4576001247366891,1.9832245541701257,-0.4230318243410377,0.16659160972555112
0.7806743907627535,0.5406059776821093,-0.8468776740775611,-0.7692672703499943,1.295932041497116
0.7219051346936499,-1.2326681899200724,1.1631675888819832,-0.9256099236070515,0.2908819807911511
-0.03237531612443134,-0.183018643868398,1.7846806563451427,-0.6580329920756767,-1.1194425892910822
-0.5023664150319945,-0.5071944240013504,1.1423747062919043,1.3473237196192098,0.899826822027091
-0.1661997539699073,-0.3844071482785676,-0.1588569557495182,-3.288327867001228,0.8948169999942064
0.685555056420266,1.1266982165454154,0.076954285916442,-1.531398599873209,-1.3784832066146164
1.2168658145830749,0.30814704605244814,0.5015284814750983,0.29567631866849114,-0.20486759274143682
0.8724634980201065,0.374599702734109,0.3671978684661506,-0.6118706382718376,0.15481568223915193
-0.543155081356423,0.24177291417615251,-0.5832812550279098,0.34791007312531674,0.44405883760948867
-0.0954777247050842,-0.5726506987243424,-1.4446656688544786,1.4880065666770699,-1.4027623041029418
0.3586073696244548,0.38312554004227445,-2.343185304271628,0.8095443110485392,-1.3911165469832647
0.5171983498988572,-0.7111881071654526,0.5904835084176495,-0.6316158055597897,-0.47158642224490704
0.11669151935660879,-0.174451514982473,-0.3735170679919401,0.40701470702866893,-0.5246787504974764
0.9526691610398078,-0.6189865183434737,-0.237844771977158,0.6918366431088508,1.1431544801942084
-1.473221400989573,1.324920310207766,0.38716229321112083,0.15325183846818843,1.2321196535105436
0.23912422147260506,0.8690228329692409,1.9716997399924179,-1.5133582574756943,-0.33849217309042795
0.8506982577546376,-1.5078841406562062,0.42482559323860297,-0.3414949593698076,1.2528256697756133
0.05238705521559669,0.25191479057622324,0.783655741622125,-0.6199060356715395,-0.6389873797307138
0.32753869748524,0.8233691232418459,0.7375125303892158,0.6921100147011725,-0.5363009105669949
0.28791275892154844,-0.6854443412763314,-0.0078325731279265,0.03585491365666944,-0.13320235794979796
1.1628935020240183,0.5641303090249064,1.4062396743208168,-0.549784455015068,0.3758260822208565
-0.9255673593232688,-0.20561791112437733,-1.4378902166081762,-0.0033164914959378775,-1.3872284963757662
-0.2104317775008974,1.5805549587798762,-0.1568217988081614,0.47312757860635013,-0.4209860278800986
1.048729620574605,0.7989554554612287,-0.7837296902454362,-0.6939065882578872,-0.39546539077641163
0.7641347707812485,-0.8686766578702653,-0.8955810600564803,1.031056605599731,-0.6197399202911259
0.4406241078667275,-0.19073367798814708,0.3847343377202266,0.4415329434406533,0.24298163252832225
-0.05173032302844966,0.11036882172079227,-0.47318451969814884,0.9998407008782099,0.04617859900160491
-0.2248535806967196,2.1656476467204455,-1.1649223733728253,0.039628350314168406,-0.8143026683376597
0.5831293643435103,-0.4262862057116871,0.11750852211825608,-0.11643899399740001,1.909655567441292
-0.7204239826905958,-1.149380993291432,0.33802955332330054,-0.19252343778356729,0.2881007360778775
1.629870432999086,-0.3917429152415889,-0.7721983353012417,-0.7217581474710155,-0.8499024537716802
-0.2687975126031364,0.6614252350325408,0.811127693323289,-0.48019555583018986,1.0969455236230459
-1.2958830682549072,0.4607950281681057,0.7684810214606347,0.3650763598447089,-1.4255603414576294
-0.9795228860442615,-1.0167515401619729,-0.0869890334434879,0.5519365774234438,-0.9301598503795049
-0.6150554001596876,-1.280454658365367,-0.8014344606822719,0.2833432185628081,-0.19977216069369272
0.539991955547816,-1.7560395664153385,-0.020751966672873216,0.68995533468206,0.6515602297641782
0.2230543496039192,0.3141964614717858,1.182488133555996,-0.11966173016462349,0.7140952882925613
1.4120233720971513,-0.09011082768032112,0.5534783254665046,-0.5099744493756356,0.3249336349333132
-0.005810759361877222,-0.5190201744531592,-0.4455775177478436,0.4047092985841461,0.5485465367859327
-0.7165817044292233,1.4532010757990128,-1.1851502656020347,-0.1518106971700359,-0.18452520638290984
1.1728193380853769,1.479699727783874,-0.7239480063902204,0.5758817574311633,1.2053445158859433
-0.3636094383953793,-0.8815296093142745,0.5143797081467341,0.9935019249877922,-0.4789537284299299
-0.48643568326101366,0.533676910916628,-0.6483339781176497,1.7031024672916024,0.31047863281905896
-0.9376865128588,-1.4534923957153294,1.358202494120434,-0.16497803245790565,-1.1456576325773487
-1.6866090519246115,-0.5193900934077779,-0.5233818571129193,0.045370300463620575,0.18284241981417815
0.1405263894694133,-0.6597332550347195,-1.1931960450720278,-1.380848528861224,3.1282618640796858
1.5311373303539242,0.1716469248356426,-1.117408069410569,0.9728880091861677,-1.084736894754468
-0.7029120867125471,0.5009310482793209,-0.6662532747122114,0.015833948304080775,0.2736445374398944
0.449718279307079,1.0277185163858205,0.7043462315729101,0.3617421988521183,-0.9521853551343177
0.36504764815056834,-1.2449746992699313,-0.14010198013342468,-0.597198749175122,0.4482811575651211
0.3392083926615139,0.33392423605986393,1.3881798445677282,-0.29678608275783513,0.8006708249864743
1.377672028475845,-0.11605593469358375,0.3798196478387635,0.7799042219713185,1.2659203964183992
-0.8817769197495441,0.27819093987732396,-0.7737738048137206,0.9697038928970586,2.3704847106880176
0.8026966795618244,0.640042251797273,1.4718954090380125,0.061247125466613685,0.4219584350248805
-1.033041141240326,0.9316318159623023,1.0236879229634743,-1.9146075393081763,1.3186933448771212
-0.7721356267353218,-0.8963148080089519,0.5811876767399572,-0.6164159954388314,0.17413093445299635
-1.0309538729318084,-0.4662874820638188,0.2435057514215066,-1.0135069876262506,0.6282109587243899
0.0015843931193465573,-1.3881783327692367,0.7979588953846991,0.5148973351477857,-0.6979896216102891
0.5737848243236264,0.09975485635088804,0.05802797740900142,-0.9416993982403511,-0.9613361280838978
-0.7528535914359791,0.7939201711180176,1.26347626340959,-0.9763320474918062,-1.1769856635863964
0.7367080012499876,0.5179976239421348,2.297535787424636,0.27302231107314096,1.9557437345310191
-0.4818948375254958,0.7068397055574718,1.393395451985846,0.46223769984486496,1.692688506932716
-0.20303755586476296,0.18455384826263638,-2.053266519159331,1.3016959156166663,-0.058023388131665334
0.7619078976843235,0.9818725164300182,0.08199556671675454,-0.9153662266139062,-0.10830176821026491
-0.8688212994449535,0.04759530779902132,1.319714278755858,1.0659185235488065,0.7782635161283655
-0.12620774880896907,1.4291608567578413,-1.0056520571633547,0.8234540012250556,-0.333562422571401
-0.7251671741064021,0.07621454490693787,0.5432154694831808,0.5312402591293799,1.5426119560487317
-0.04077360606255844,1.2165053316890766,-0.3441828313021704,1.9133046750520672,-0.8941546205034926
1.4821772568660665,-0.28672779766261647,1.454961432368121,2.1309933432513333,1.835731101736941
0.32384581592485107,-1.2269589476694729,-0.043496679551815416,-1.1285017913320199,1.1222216970790264
0.8664014891085722,-0.1311806198524507,-1.8714401318490217,0.4043766989444092,-0.9540412938997905
0.009327103510218121,0.6596048462906592,3.7620854649586573,1.1652598547998856,-0.6310427581955773
-0.3815685448471348,0.2338340900671433,-1.0589765386399785,-0.45350452449356776,-0.07844720894179481
0.3163066741130016,0.46211041172235234,0.6774536816078658,-0.09602310621205001,0.8810474390415084
0.8972048144780758,0.3796559507394299,0.6164427940493817,-0.1761526569668925,-1.0911422625503062
-1.0000201522384817,-0.5024106282889755,1.5011643761010907,-0.2646889026549809,-0.70413698436499
-0.5103711553626199,-0.1051200180471713,-0.19362985150799386,0.9811200819938117,1.656095907699492
-1.6939285103678225,0.5664483534822928,-0.3595761412014867,1.2315772225101778,0.4256903022841962
1.08968410943096,-1.0043565218204533,0.3584511523109915,-0.09405441896207647,0.7638462457438677
0.7412118056892655,-0.03876572834567294,-0.737682926909642,0.5469064500026587,-1.2404991530953773
-0.7086671216083159,0.6947666139631625,-2.009248830993583,1.279277862414993,0.5878017062796583
0.09995423940758104,0.48053028132151604,0.4048976624153868,0.4407105924070301,-0.2094212456509214
-0.1845073091651692,1.5598309996103654,-1.1704946556841618,0.7411040022927977,0.9516341503982608
-1.2460644469121318,1.6872253428305712,1.385495291515817,-0.582982224712564,-0.5260147663879161
0.24740351042432449,0.06936083543564954,-1.4051047329433932,0.9399359962659936,0.4952659371623156
1.4639993608242234,0.032970350957950735,-2.910212456578934,1.5912789764251918,-0.9859044111484059
0.7464126885495677,-1.1260154152660458,0.38143716298544367,0.24944505954648075,-0.4947226242519869
1.1946103803433161,0.6126960135725975,-0.4711628929288,0.314773040475157,0.09195023385937175
0.04580290281822704,0.27693250712651746,1.6091897715815524,1.9772466970615947,1.178980556738907
-0.5136300933618946,-0.16997865549916938,0.32606486643408106,-1.6203777751894082,1.0910362065041523
0.14373753200749087,-0.21896478269053213,0.29134516513372755,-1.4156388411082856,1.0877775576911322
-2.165039046911308,0.3267001012615171,0.24130966649631388,-0.04810623545605631,-0.8234415144738403
-0.9682928299856546,0.6077888786379896,-1.1819523312682363,2.199683125773069,1.3777158401174574
-0.3944503294220138,0.49212795906881507,0.34935479838392247,0.8958302001862624,0.19440092424931596
0.48800298871613135,0.590210982232658,2.1323563093029247,0.5840380430026194,-0.8859914957131055
-1.2790572820428854,1.59698891548794,-1.7101636798707989,0.5448329355894216,-0.4815985971852997
0.22759688299349826,-0.17115483852794594,-0.02252781339454384,-0.8819115062758285,-0.26749142992752967
-0.25674729520897066,0.5531255419240584,-1.2669782020168963,-0.3652944238596995,2.868913289026584
0.832840401680716,-0.06300613243281432,1.2519632486375598,-0.7750694943914036,-0.7465002341534859
1.8924607212835902,-1.3332768474605965,0.031168446750523788,-1.900911250438694,0.22250372857534295
1.036156337083606,-0.6672533509641568,1.7222967513443352,0.7914932312022434,0.02330170800074401
-0.421636624743176,1.9074778192635118,0.6596020449857845,-0.9773459308329763,0.1537106831545064
-0.8560768384521867,-1.0691667949355006,0.16382251829782676,0.7851832699097137,-0.42750608910728205
-0.07752912834625478,0.5032333722950929,1.4990620363863347,1.106098168591434,-0.08902225162137878
-0.1424366520531766,-0.503776995799303,-0.0859600180251328,-1.199667962957984,-0.37201777675332126
0.12478767600266133,1.8644762246751696,0.11727487701394071,-0.7550652978634833,1.4260328714029622
-0.06148217041844369,0.260085240150045,1.1609490814987409,-1.2036864660219868,0.5656332871839873
0.4556634690106223,-2.3351042860045235,-0.24413925671512254,-0.39872016757119655,1.1216853268877363
0.3736792669989928,-0.6656419193926291,0.017298584548719225,-0.9325238173478557,1.7021206768042285
-0.2209335341052697,0.39500890986193876,3.0718773071521532,0.5842428829962334,-1.4220577712578795
-1.0676464380135757,0.3282963264887356,0.03114220451355721,0.15280056871686568,0.245166788080955
0.6728359717861269,0.7613234533485539,0.35333611390025027,0.7209453096239756,0.7127747543124416
0.24070016493009783,-0.038900946419883745,-0.131262120464848,0.5505400373621321,-0.2829995406169616
-0.3814734438264364,0.4682707164245976,0.030134612723833176,-0.3326002551375845,-0.3014345109344725
-0.6615938647595065,-0.3584508937108962,-0.2059959790038777,-0.213070575718056,1.4283424395066886
0.18208607405771282,-1.6397345441745281,0.9855365906421759,-0.6131939165656889,1.3298624927548186
1.2688958616124826,-0.01132612732098566,2.4018054727986446,-0.48288496405984266,1.1400648087069452
-0.5852221385673637,-1.3728185373862771,-0.9541867453800892,-2.1810092892337036,0.7470581235292943
0.753457195557596,0.9982178608876553,0.6293777254785273,-1.7238454881522716,1.1561228703207185
0.5452047202541018,-1.7327044092975736,-2.529779682810836,-1.0625923417734333,0.8101085575571716
-0.6067294401289024,-0.8829237349719782,1.3047367366038076,0.4411737417690262,1.3424317419487963
0.5295320694013327,-0.1715674791840001,-1.230197231485229,-0.06387269066094792,-0.6129319282671442
0.5366637166963025,-0.9083833204734609,1.0275862778308484,0.08138197430434448,-0.6191723663706732
0.9974912431394173,0.8909663456865298,-0.6478624925495128,1.9402808749751466,-0.07689100570495255
0.10268305146055468,-0.6166354673188131,2.0987936487938113,0.17204674027721029,1.205569498311876
-0.11567560068324903,2.407709430339721,0.9790884337985597,-1.187470900001416,-0.5587224287730294
-0.09086089957408566,-1.5976681321328858,1.705933802277228,0.5084858892658738,0.40255126034877764
-0.005250307211371796,0.29432549875120906,1.7594627732493142,1.1515090512173098,-1.3320806882567378
0.9880756541660594,0.41315196838760776,-0.6118655009883941,-0.814372469706164,1.9404539007518617
-1.4370655345544676,-0.8323545049615493,-0.009609879141979564,-0.42142466280112106,-0.42293370908154404
0.012328162238349807,-1.6805153056019968,-0.7661836319263915,-0.6287178830794949,0.6474899417275016
-0.7943591279973082,-0.3667892172646088,-1.1099868264593817,0.6689143907904813,0.6018512095523877
0.2094224955949556,-1.003081648648563,-1.1294878464883946,-1.4091797315374082,-0.9654461994639071
-0.3051286079615323,-0.2225480243289086,0.5501967594516141,0.5815068165058757,-0.5430445191845888
0.3401784995906894,1.2715912958118332,-0.637679451274968,0.3023792447675208,-1.673929087543177
0.1282825726137525,-0.35373699413922877,-2.351638781101707,1.5907087060839622,0.19376135204972114
-0.19274235525578043,0.23633576589166505,0.09571019718192153,0.11333681295439432,1.3607689957469202
-0.29244507527650365,0.6507680687266436,-0.6880993256083159,1.06103785088654,1.8582145597443696
-1.094419340924635,0.7295740269124066,0.3658267537386517,-1.3359781520028176,-0.3005647831298755
0.33843215891602973,1.8477238502597624,-0.20835875216473163,0.5255597731936361,-0.3024480649609302
-0.025330980030962295,1.64374151782794,0.6474276640184949,0.8619074075290631,0.3828392399047226
0.6725599949971928,-0.034048887799483445,-0.9933945544301841,0.040746813614804735,1.645439272747115
-0.35240179565563445,1.5812332225048864,-0.33194902821909344,0.8398864579588974,1.7550568074531925
-0.042023879972764834,-0.6608337722416875,-1.6877162876554372,-0.38648671248725397,1.4314007748793744
1.0811597557045662,-0.5493656779420553,0.402195769649636,-0.5638332682467604,0.6908511421676152
0.6737937204189446,1.7822069744395521,1.3806284659729064,0.9116654287912506,-1.3200857747917494
-1.3080470399241775,1.4862462414761042,-0.898576776880334,-0.4360815116335434,-0.06569532594429892
-0.1753557222380753,0.8921661886343079,0.9319888544555553,-0.3365786797911472,-0.85633798580349
0.9039975319182005,-1.305746587262026,0.6793576234525749,-0.3622277839124272,0.7220307114463153
-1.1703652987244035,-0.005661191590861297,0.5522671458133087,0.5946077611172091,-1.0989836774604915
1.2485161855940627,1.2886395041620926,-0.6549135258479102,2.4037063645764096,1.1393505831393764
-0.25971627079737,1.2930095025651214,1.5739408460490205,0.8665353617970787,2.3411345513123836
0.8598680630088146,-0.12007672972037384,0.23032200702512956,0.9999481817515032,-1.2966041976715308
-0.6370867399171829,-1.0951341939587327,1.2527805926779576,1.1028716634328577,0.6835544535757189
-0.8111524942634833,-1.2035037900685486,2.0946747172148896,0.20085040125950449,0.986438992597187
0.0272670416877863,0.8950778501379396,-0.5654341628029984,0.44350400424410225,0.7378319491372576
0.5206494492952944,0.8118826055295638,-1.5624917614475688,0.4701741253177395,0.9548727683590731
0.13390377804947293,0.4549398482439517,-0.7345772258952036,0.8778744207762057,0.33094760968322384
-1.7511819870259342,0.789988661941345,1.0202507850041382,-1.71339045995329,0.1920552062807572
0.6073585992365793,-0.30774534945365206,2.4846981153287273,-1.7523542283117373,0.6431848412487807
-0.2629424920995683,-0.9221129671800316,0.012754963044832807,0.006592825264415834,-1.5011918685394512
0.22419671834100938,-0.07432936767142109,0.8276095163813484,0.7395364897878259,-1.2052930555554642
0.4525444234171911,-0.02012017646439534,0.6093828113884987,0.11703942155914078,-0.2586642734699309
0.058283296248272685,-1.6818847045513077,-0.37790622665017,0.10294357016226378,0.3044133043377491
1.0457295001398172,-0.8894664623003804,-2.5424024127325353,0.5915504947276966,1.208638934463231
0.5770705731549898,-1.2281893740494638,0.8279183057560988,-0.6945130211767117,-0.488780305733416
0.7207708581155018,0.6729534480359349,0.9597579202868505,0.4621405906607079,-1.514699453809929
1.0286632070021677,0.06087585781425007,0.5710261665218065,-0.24792754656581747,0.14079834217579032
0.9205417434941353,-0.483058744568245,-1.195731730276823,0.15106971838736577,0.5562614071029
-0.5667027915153685,-1.3786580416718934,-0.2330816746454447,1.5522283616373658,-2.1549230376841537
-0.9706541704602376,2.2750895804441926,0.2779958426470272,-0.3671045847779212,0.7699044929322416
-0.34586102251539064,0.20181333302964918,0.5942454628551933,1.3333977511282102,1.3714328323022984
-0.6168448069358715,1.1927233587197106,-0.9979494231608967,1.5100819023554353,-1.2765271971384462
-0.13651053021962256,1.6178837268922557,-1.864189418974806,-0.8947207272697717,-0.6258405445676035
-0.8309847802076402,0.6826883952138949,-1.4299346229186827,-0.15204013742847,-0.6379333533619157
-0.14109352435458747,0.6939842992656565,0.5705727143108139,-0.2739775924251788,-0.6205059760693663
0.3207038230640687,0.953090154108494,-0.651193025131523,-1.042050485332699,-0.019054332813011735
-0.5526482369704098,0.4521720946952279,-0.283964679804931,0.3276555540336088,0.3241895505014174
0.12867571392933716,1.201770235840124,0.643471410425209,0.1774591019865279,0.32441607124275523
1.9646715553885323,0.16998368259032376,0.33655036623221335,-0.8451144694516609,-2.0493528412124733
-1.9788062901267287,0.30581004310077603,-0.24092930303043433,1.1807082036117462,0.06890734880572116
0.5760526008526242,-0.8460047678124196,-0.8055437682924779,-1.0831011244932478,-0.2566859958483047
0.10929371001103164,-0.10767747451106895,-0.26488586481773685,-1.6965732240854527,-0.5788763096008273
0.7848757920800589,0.2647263202899288,-1.1713687987911308,-0.012887431159643402,0.9822804567953202
-0.5933808869454269,0.5638851736859057,-0.0593808065705085,1.3491195354212757,0.15150113947868216
1.6840020898028925,-1.7615420573907812,-0.08666261671454763,-0.11920583543952186,-0.5119445621095929
-0.1743574356084515,0.6778728493771891,0.054735950259719966,-1.311425593051599,1.6100018135593732
-1.1217864235322554,-0.6019005010218936,1.8540665014236795,1.3237331694248817,0.8295019601897496
0.21081184224693242,0.48351927999018923,-1.1512210959403906,0.46989181276157627,0.4495324272360798
0.9521141960205016,-0.9541713858257787,0.5207293961609912,-1.2306662543751432,-0.20057251781951002
0.010234846357053453,0.10110911564961161,-0.2818493970216605,-0.06056991899323841,-0.6390935429836515
-0.9349538134797699,1.6986186864479222,0.2773995553619266,-0.855955889682039,-1.0119238217166724
1.0969091186342605,-1.6374217787959893,-1.599016381623817,0.5133376725131479,0.4961666552726126
-0.06251703080771334,0.6143388628889911,-0.06876358375651012,-0.2930507708770391,0.5800179581052023
0.34894711340797346,-0.14139910052973936,-0.25433999616407116,-0.9645536770020285,-0.014485342581777824
-0.40206627441018655,-1.231474640088355,-0.3304004481080196,0.245016590997367,1.6702197120750468
-0.47729233938690985,1.9061970915436544,-1.0101613753299654,-0.707669808016293,0.2485365168749744
0.5440655726632977,0.47979279937894703,1.0208210608932582,-2.833098401446621,0.6839229297717907
1.0333489004359042,1.2095406822343473,-0.3233110804136048,0.24922888773041368,0.02897267217082956
0.18637381572907677,-1.2361456364436165,-0.986434946504468,0.10642519028177144,-0.38126235575172385
0.4564621484372044,-0.04774802820626911,1.207514983043696,0.2868533978994061,2.1127460150936304
-0.3680283243294474,1.2397448196903906,-0.23032649886719683,-0.5813395791932995,0.6354911033893615
-0.232363143389086,0.46385450631582786,-1.051484891860846,-0.5211658641926733,-2.3246906773624043
0.7215281099781125,0.6024751170120655,0.27866857796881295,1.7743050912744593,0.4430998630828518
-0.4873198078870447,0.03588145760083419,-1.0947165025832069,-0.8199959575142158,-0.44902332505650083
-1.5744125104146398,1.4665579818239016,-0.9148158168668242,0.07030294613480703,-1.399609224260011
-0.38634063923015877,-0.2703575204542361,-0.9653696398384489,0.9943815781220589,-0.49885958358066496
-0.7432233455492726,0.7260216610096533,2.2261634083146404,0.5120493792110375,0.8083390227526436
1.477656230660272,0.3913030516466533,0.21041007984553303,-0.056825795693926005,1.4969352016118296
-0.7217843012368289,-0.036121561156627416,0.7799051915944283,-0.37076810134887606,1.224331667588362
0.22563309454942812,-0.1880815730379713,0.9652523824469055,0.5057341716940635,0.9517918038441969
0.2684644523315845,1.5547804365973197,0.900233833810791,1.4156561449106764,-2.017355313338049
0.8249889328985397,-0.5760641938774014,-0.25159264163371964,-1.4680519670385017,-0.30635063700640364
0.28331054898416114,-0.949206019909019,-0.01563803306243988,-1.2407063200621748,-0.8950481113072061
-0.4085171624809809,-0.08958175625810308,0.4987752233723914,-0.4712018515162111,1.104990479916916
-1.03118337094568,-0.9597745548357732,0.9887541804984451,-0.17982068128889114,-0.32506041244196343
1.8158795444353,-0.3025589166788558,0.12210929226796585,0.1372644707021532,-0.7886401074766745
2.617028311544548,1.627713267198539,-0.44496289817217427,1.2171763140450225,-0.31466585346688264
0.0441768138312271,1.1515986376984053,1.0651734633129646,-0.7310135210784852,0.21192341261775743
0.08965539032009347,-0.7337954561329144,0.32536796481324,-1.5041665685228682,0.21534641932638718
-0.02747161566663783,1.0193628893435296,0.05835835767076603,2.060088294210345,0.28498044581717435
1.244430457021532,0.103899985874916,-1.0440770759301157,0.051286321132854015,0.16357838635895153
0.7881960610697806,-0.35178819037556897,-1.742499643690365,-0.3962182450874091,-0.4480345725861894
2.727074565278602,1.0178810389617963,0.34514788566176896,2.525499583725646,-1.2549210247588942
0.6569593156008291,-1.2887979847944373,-1.6196394981914584,-0.666422446189637,-0.627143416506748
2.6167497202372463,-1.8712082923966218,-0.44590241160991906,1.8317292678260753,-0.16232420021026592
1.4635100588384364,-3.3576613969331635,-0.2372288851277778,-1.4261629401119598,-0.03640648174642857
0.5490598598381669,0.8675915646216421,-1.0040950421765114,-0.6187019114083797,-0.039638926151299686
-1.2008398678436483,0.2544034391274904,0.3752137416012456,1.259180862844842,-0.9679634948597394
-0.03321855589054394,0.7342431730338693,1.2886170997326263,-0.7909230178054029,-0.08363756845273648
-0.6869954588802327,-1.083076020402873,0.7245443147697599,1.2399507292674392,0.3678899170404448
0.13020272424075988,0.3081376917642832,-0.30909094993203706,-1.2534482303977987,-0.7312743678493573
-1.8217332961046824,0.4148400026040933,-0.22834778056388855,0.9485594497415665,-2.166001183621718
-0.18798858390883644,1.3126912231840469,0.5357513402106655,0.7015557852675672,-0.862104956857079
0.026919201378939654,-2.3722758811351823,-1.088693133879058,-0.10865094851967623,-0.5842895499779428
1.2592490670453336,-1.991160898570582,0.28892174051553354,-0.3641036081226293,-0.2597458782979125
-0.7881197293939266,0.06609356734376008,0.8761990186455038,-0.5574399010996005,-0.20437104405641018
-0.43256412601874,-2.4714534237256234,0.07607967172293482,-0.8046676881230559,-0.834599642720984
-0.15140687336533498,0.2546764680405268,-0.6425714309546773,-0.693006278055747,0.8766341170155395
-0.23194572044028677,0.6098099630962561,-1.1627653208839235,-0.12842955388995658,1.3116630187158076
-0.10302450455960772,-1.2947790269112691,1.0554968073548767,0.9996964630279304,1.5099634912345035
-0.16675736054571183,0.6854253330260157,-1.2753995180116218,-1.0330874213619208,-0.8884311318803975
0.5217594761862041,-0.34447954333461267,-0.5646792769379,0.9381949645246136,0.7140806070684689
0.43820516844616264,-0.5624976405313956,0.024944131554396638,-0.5465275619509466,-0.03200054823391043
-0.3481810459829069,1.2869650549322313,-0.2936437419255776,-1.4943134433805476,0.5458752435376647
0.42896017744342074,-0.22604716565357083,0.6224257296445674,1.1305264849749739,0.24122871225041936
-0.17733063773454943,0.16430925266618948,-0.6814372878469902,-0.6643508470985571,2.3398010777786835
0.6398392996456826,0.7618796531835218,-0.8925030424037983,-0.017438767685474713,0.3026502964576336
1.2701967304098374,-0.5979815917438167,-0.2231842682642935,-0.35346790817909274,0.16517681603416312
3.2017108009085025,1.1584658500768779,0.17623523344754005,-0.599464630442995,1.6991787173215922
-0.19007473016996013,-0.6699670703169419,0.08244025034697373,-1.8134370125048127,0.13866393750135772
-0.31341449094148793,0.6667383793738904,0.9922479240435331,-0.3938564038652081,-0.7014067569560358
0.511102271246272,-1.0142146048723573,-0.5389852193446578,0.6627954328010205,0.04044874777889633
0.10831541994569854,1.6293561583758216,-0.5213769280951526,0.028891704368736903,-0.2885493331139576
1.0687183793790425,0.7086622512740833,-0.22006748126748915,-0.526340912635869,-1.3376747543102425
-1.5515831233737662,-0.3721596263741443,0.46983593067826296,1.5336805261496447,-0.617667743788757
-0.48177789248665315,1.9711656060556086,-1.681262081728074,-0.2673302009028111,-1.7948572099624096
0.2737866829765502,-2.493815631557027,0.38557999151686256,0.8616470101167458,-1.3662169609887032
2.48734686000434,0.2502656714311524,0.4886715623894362,-1.3673054818002626,0.10287680577374873
-1.874833005282449,1.027538076437115,1.2841898642771945,0.8614998269354227,-1.3637525648909352
1.40873271448577,-0.254090300989594,-0.2942598650481658,0.8474410320580492,1.1902536853578976
-0.26487910827807415,0.7168875657994294,-0.032570339421730696,-1.621830939910965,1.041352912551254
-1.0407319903544177,-0.6429383230797928,0.3346568511791443,-0.08101249775867884,-0.863961921369208
0.45420294544114276,-0.01303628481247333,1.299504352975333,1.3015681610110785,-2.4427708860474384
-1.17126770411778,-0.8573816086222652,0.7706731172632173,0.20534844870418392,-0.5746381558079408
-0.17750308647619278,0.21847113922336545,0.381520396431053,-0.027902341206380844,0.29438213251133033
-0.7934067390992955,0.1572240485969902,0.8375395454374707,0.4140876023189539,-0.5328859063035717
1.624583118281805,-0.4891202668513509,0.25628579622637787,0.7030666077371706,-0.9654674155110867
1.1202773305855536,1.0538164765933429,0.5305419989361252,-0.590634453934226,0.06867754758453766
0.5370304491563436,0.35395150602187236,-0.5676062395744879,0.08586825139451879,-0.5581942005705983
0.8995142518678206,1.0747139771042664,0.19723783473306303,-0.3514204694023997,2.0093454442589245
-0.3946710746915581,0.07854870778494824,0.7125971476701509,2.4693689189611647,2.5297072598481307
2.425350699330977,0.5316184498187495,1.0228086606614508,0.5874483824943217,1.324249407461763
-1.4724885774322054,1.047249794805322,1.4685882777443042,-1.0411889769143714,0.40461555568157836
0.8788831350913863,0.014465878961179625,-0.5712432698048079,0.9820635511858821,-0.1503158913049762
-0.9479620242175212,1.2205115021633168,0.951598554584916,1.2763386679533766,-1.4343732462189442
0.10444561608989966,-1.7898943753007215,2.0151055645985565,1.2543590488595446,-0.6155292735674495
-0.8107265998798202,-1.9692392720926333,-2.688678216201214,-0.4883824527669179,1.185451634467681
0.10079995487709495,0.15953627859437297,0.5938881802380537,0.6760702002982831,-0.45295610186777946
0.39704385854041335,-0.8683773965055853,-0.27648641660129564,0.36284424414746963,-0.5827775929147104
-1.4257094910187114,2.00942920190292,0.4828913985188003,-0.08720368564802052,0.8295714431416116
0.052932855309279686,1.0428887426804163,-1.1093955278182093,-2.4033982967390743,0.6764453210403658
0.8688564019508366,-0.8644815760583981,0.33867724542380817,1.1314446912861074,-0.9598336911139869
-1.5649862992998897,-0.9856507041046317,0.25392441708332697,0.28700131429115794,-0.5571423024239369
0.8732772243956046,-0.4998664679261242,-0.9915867078717561,0.046436409083264386,-0.366633258361764
-0.38689430177929934,0.5884031062792425,0.2263932153282054,0.6418994400703908,-1.2250811991540993
-0.30140889304724,-0.040859792633139415,0.13449813270434288,1.3023346260935211,0.8260864302417725
-0.9894946769218932,-1.2779921732377029,1.1649238928786552,-0.5629073101989749,-2.2721588049134143
-0.3444987327550263,0.8073534483974771,0.49112191516880527,-1.1692076195983256,0.32478093756952287
0.17043632834524938,1.2546170573409352,0.37606530709377217,-0.7733525976527585,0.6958918246426701
-1.8067392942425295,-0.5052583277688916,-1.1302812854418773,0.12625270591260887,0.5454577335597909
0.6206472208419346,-0.11446777511438408,-0.08707922299973679,-2.975944488169239,-0.29154613676974833
-0.3821125038830879,-1.2390016612838401,0.15533944978747619,-1.7845965970455717,-0.1542309936865499
-1.2016453661187048,0.0022393744833311834,-0.10532191437862366,1.267238749978121,0.0424057760304643
-0.24968068572599564,0.6963985841818627,1.6165131158495374,0.8072369604036884,0.3317119892291892
-1.0346083622311184,0.42470037677473776,-1.1211354211617357,0.10978059336222337,0.4992056892694937
0.9650090786461379,-0.23226871059577037,0.26194974972709906,-0.30714567478481614,0.1067415272191207
-1.1885799469721436,0.10562339140979639,0.41825353278010735,0.42461353059437795,-0.7474027456497551
0.008118258780284694,-0.004321361228825039,-0.7952118263984368,-0.08202282477734933,-1.910909795700602
-1.1901048574453463,-2.7734122746559113,-1.4017589836142863,0.1758311597512578,0.5209520031071109
0.055033199616313914,-1.553359147234813,0.6340018109876916,0.96789341535136,-1.1937775353293147
-0.8172105065932413,0.571440246116577,-0.5367708374175186,1.2760163237705309,-2.2292253570548146
1.2021063949971682,-0.07128157989108778,0.45077224021173257,0.6401644678140948,-0.5509248207877396
0.968786753997377,0.032931022967928276,1.15406408671146,-0.010169250148096026,2.664536046137224
0.556261979747228,3.2493575400834387,0.2307047477024503,0.5647290987459992,0.4128800979915644
-0.32868958613407634,-0.07197846151517212,-0.8580493175320977,-1.3561408954954863,-0.25672379380084487
-0.456209001516981,0.959372990227959,-1.4201385808234968,-0.5051355878224033,0.8952854769257615
1.2086360470943542,-1.0623288772742787,-0.21975742788169234,1.9608415552723293,-0.12176256680641219
0.3451087720047213,-1.4300185621189645,0.45750168767581173,1.0606230192259956,0.8699287737610636
-0.1465489898881679,-1.0554936475922807,-0.5404697385823096,-0.08334972014693201,-1.7626368220755309
-0.7472416973947402,-1.0261884133425714,-0.6468393726106969,-0.5375968011373348,-0.17846936479012987
0.7273675483467297,-0.2807549979479613,-0.6291981963113287,-0.8322116894926684,-1.323193511238239
0.7570480239982724,-0.5393172534405418,0.4304179477693969,-0.8337052511156615,0.164645905603944
2.7457009792159996,0.18653531640250468,-0.7824318592631239,0.8784561832602926,-0.20695133927037393
-0.9982372543685593,-0.7364601310923554,0.08326545034767324,0.7758110201730818,-2.0982193191910086
-0.6969307331431434,1.3104561405302917,-1.078445277806745,0.05113270462229262,-1.091035222270705
0.15879411516098324,-0.6649360800699703,2.0211617200609986,0.6005025922702049,0.20190910592286818
0.8622138778669988,-0.16114092411207023,-0.9707514043949957,-0.9410387762190574,-0.7602145683264556
-2.7045092847435135,1.3266856369576256,-0.7718247969373679,-0.9990848429399749,-1.5402309446543003
-0.4574351768795079,0.7985186983835989,-1.5862464181662748,0.9207146056061419,-0.25355122753716475
0.2642072519558244,-0.33093328758642215,0.5026887358576285,-2.004672842774953,0.3474183548727861
1.1138000558534835,-0.8033471499541838,-0.43077762122054014,-1.0303233395803932,-0.712201831354036
0.3016446475986372,-1.5213549228126597,0.5201254556685777,-0.05278418721293217,0.649524932412223
-0.897569921355991,2.10071625723883,0.1815826701974406,2.883543914246368,1.069287317369217
0.9899598210815422,0.0863596836473517,-0.6143236831163984,1.1385082345383668,1.1861439030284129
-0.30952437014244477,0.030024002572669455,-0.6646643409015689,1.2260352391597156,1.030404396557136
-1.2350233046946355,1.0596311954608373,0.12141501929504862,0.606640127161566,-0.993490562603758
-1.2380644781188028,-0.5111476080069391,1.9682096047591502,0.46148707304553765,2.3757572285556785
1.131724758293079,1.0461116679063873,-0.3778884835926492,-1.095745719539129,-1.2911872156916198
0.9843167510861236,0.005679377045357982,2.7195274580101287,-0.32975213158447647,0.927836969050252
-1.3670821073107067,-3.6323874698942795,1.7500179379113567,-0.28120435274033406,0.13910850389064341
-0.7377035319480856,-0.6609568897454203,0.6110018342409298,-0.9712487334832717,0.27325914493141296
0.4046375471485657,-2.165815724710808,-0.9874230950194055,-1.0231326770733993,0.04759278279176462
1.2565428640123655,-0.6525428449367693,0.32737181352354217,-0.97681841601773,0.9621634754973939
-1.5091137584771763,0.20583588557175186,-0.8008318312571686,0.4291126262038334,0.5291678995830962
-2.175938501937155,0.7018132787036427,0.539991190167352,-0.5400504241905676,0.40204946437925015
-0.5914004336398374,0.6892836463200571,-0.11503501681671983,-0.7172148764675145,-0.22426681728065248
0.8544636202446335,0.533745753608939,-1.1208221414246315,3.349074088152368,-0.8877287046043947
-0.06163769889320829,0.07841959933992933,1.271665188512884,0.5613775128808864,-1.153968648586682
1.1627479844340614,-0.5962477699774514,-0.8823190354148024,-1.4000022774924985,-0.9561735366203028
0.09148735839330263,-1.2282337748647474,0.7136431451907548,1.2665352608967297,-1.5064480046141322
0.05086309974372824,1.3924857478278048,0.6699463409299726,-1.2791397460965426,0.022809097472903786
0.09199382167825858,1.1581908846297668,-1.05659435622437,-1.3145363970384685,0.3240402970230115
0.4301962022862466,-0.895292462623631,-0.5473430281146283,-1.095229000631907,-0.9581889889449907
1.2222154077855416,0.24447294588604812,0.27901279642764715,1.2379629708660207,-1.0752854954080684
0.46736820937151896,-1.7798953077849353,-0.9325787752988898,1.7648991119628845,0.43455629250845634
1.40436611723319,0.010333217214978792,0.40518715997395316,-0.7179290379566038,1.475143398984892
-0.2627003507608083,-2.2133163274121017,-0.30210863456905673,-1.113943016925043,1.2686038662398011
-0.5599042988603715,-0.6071111787894136,0.6136635112373584,-0.6955306291702466,-0.3733053468667767
-1.506467072687064,-0.6254965226297271,-0.8226427138625166,-1.2455587836227908,0.12071710330164166
-0.23955820407442577,-1.1076877634000057,-1.325133700115596,-0.2214373131944098,1.293601464078048
2.2764452392606054,-1.058453776763087,-1.0714840666131145,-0.14420442720903964,-0.31342622084572114
-0.1528465939219646,-1.1369093529401864,0.3077877301681799,-0.076282515813762,-1.1900516094426659
-1.1678820185014176,0.5166096094831537,-0.9395510017433137,0.6376893669810813,0.08036649203840569
-1.5851220677055518,-0.7364042507081403,1.0384883370714824,0.9093205222681999,0.09555872302487076
0.029034254315852288,-0.9354318755683187,-0.27699510699601737,0.9589604292242192,-0.8811859514830701
-0.8410944512841275,0.21254731510835606,0.8021881085859078,-0.22881925846562387,-0.17691827755150685
-1.2800483281259754,2.0563527419009664,-0.5972342177929154,0.23124278934957113,-1.479702820635759
-1.055359244838205,-0.08599963502184574,-0.13487116373295222,0.23264801651488812,-0.342611433536653
0.23063222142760598,0.5848982060238681,-0.7012858850252081,0.5934857802889706,-0.19643753583638596
-0.4371632221588183,0.12095381918145943,-0.04426591573546722,0.055600777775938144,1.3991244218289378
1.0037109213813151,1.7681867016526733,1.2956079552509925,1.3713685826319202,-0.7235328363159508
-0.2255520330398189,0.5974491241913613,-0.5170867016140821,-0.498544213032987,1.2766771156667371
0.6684229185314214,-0.7337749656466648,1.46552364349321,-1.6851919587696484,-1.3590496477101603
0.17029132644481776,0.3765457326257496,-0.2685895353678641,0.5328254198988657,0.7733587491330349
1.0546103999821967,-0.3531307761668912,0.5050804745373036,0.37623866341011303,2.1344509133099225
-1.7666096871910084,-1.8234820358328265,-0.5742141622289378,-0.5373129895926394,1.045763603221539
-0.29302699397890714,-0.9449860551376507,1.159031442526248,1.9249970468515123,-0.6986456983433103
0.44667498217982055,-1.1593777005549946,-0.13647213688378032,1.940306868111198,0.8037311147388772
-2.248255893107879,1.8893153368343045,1.3614478905349328,-0.8469806516561532,0.14965935025893426
-0.029241859315312705,-1.2209950755928523,-0.5494660007061202,0.1916725695122306,0.47277007735445875
0.38135473718272705,1.693693981252721,0.06432568582221215,0.9159558783556441,-0.08181707195061307
-1.133661322690904,-1.1954459593599993,-0.246209378647135,-0.013016770457049267,-0.06872386582859047
0.21342622589603072,0.9532601630351158,-0.8680613484887123,-2.297991839238522,-1.4309535912587232
-0.8216833880682046,0.3220359951730819,1.447907918624193,-0.025163347217856197,-0.26073683815158366
1.297577159068167,0.7598971394510117,-0.10440656420044712,-0.32502555335643135,1.1631336660304425
-0.13355373697770864,0.26710325609513047,-1.1585003617163492,0.471923458665533,0.9878001496982397
0.7507881482432811,-0.8248925924903732,1.288540520884485,-0.413322466334933,-0.30300231393125976
1.186118098904176,0.39081492720375016,0.6606551621665842,0.11016002878382256,0.9304753169067501
0.10997625818552548,-0.1787334732792666,-0.5637328085603583,-0.9190291661694124,-0.05552869641547727
-0.534761031593152,0.7655151213690212,-1.1799984159880834,-1.0225211285764666,-0.28667862352645246
0.30900953914700163,-0.888494738230945,-0.9702449954966653,1.3446135784956827,-0.9095696549442945
-0.27483264794090057,-1.5079170748232653,0.377886900693153,0.3361954165417923,0.4571520149251384
0.3197223991456754,0.2179619409455722,1.0362252515306587,0.7138086110896339,-1.6952151740577772
-1.4105574195257076,-0.19919758568032425,0.09491897210499739,0.1458805857724741,0.11622796632674978
0.0002431189528006709,0.4744377014690949,-0.9260822640814751,1.6243667023488297,0.2796531428106907
1.5682721280517313,-0.6091158803752427,0.5178382914628572,-0.041795268283587386,0.35441264318573534
1.2446516857608805,-0.48800967283748886,0.3141348804846055,0.2652577416396866,0.6491576120419413
-0.6137971510235603,-0.9146909969714813,-0.4355314495839798,3.1920248035780454,2.8305034235575235
1.2329575482818977,0.38518846860258,-1.071470766713638,-0.2967113075229494,0.5176743661120292
-1.4299174030845436,0.44237252629704615,0.6446771723053151,0.16081367251469908,0.7834675711449083
1.1056212483989756,0.5473639861775697,0.44475224184638873,0.6586008245421743,-1.188609960425275
