0.322963867649014,-0.7304959566573967,-1.4559746409343781,-0.44170298012950543,0.42318007489993925
0.950775261283464,-1.5304347698541934,-0.6076427395855977,1.2624628605376378,-1.0248026642529366
0.1295833799570882,0.5928697708177612,0.34342501394059155,0.4944359691402997,-0.4777844934062393
-0.3363645839542818,0.17571273030257742,-1.3416603198056447,0.17138969882180757,0.8890604413247332
1.249941287450343,0.25043073049078385,1.9506294718493284,-0.5848010599831979,0.30413421299073556
-0.0011518075021153364,-1.5947451711660185,0.4147374389985268,-0.012520393362068618,1.1983543093113342
-0.31125480164040087,1.379908228979159,-0.9740656781797012,-0.7306477452235598,1.2985312064891792
0.6221312933500008,-0.6634686221774654,-1.4087336037600418,-0.9359631241921473,-0.2826199894272085
0.32799847609598254,0.8964955343878412,0.22510587008282346,0.32209821470134636,1.1852374672384205
-0.3536386756572243,-0.7442124426566837,0.27692390427809854,-0.3934193551494695,-0.46629937836449503
1.1370831979112512,2.1636579072441338,1.6135085364589195,-0.37680281532123516,1.084218773970167
-0.5097823678487714,0.023482929362843945,-0.28960135206287035,-1.0257675779572455,1.0305988589477553
0.7011013137071628,0.4381303529361412,0.8462430945216713,-1.9635644885787684,-0.8203146762561027
-0.3732186615186039,-0.5742570882119914,1.8900642349050145,1.6144918597303388,0.23243416048697998
0.2469038916001853,0.23138462404857532,-1.0737535575619515,0.6599563979843545,0.2113891372981891
-0.13385131688344457,-0.6806032296033795,1.9360551496559404,0.3847158576063499,-0.6764637214688289
0.2853681611927746,-0.13689085678197088,0.4316438049702889,0.38006507276382545,0.18817113799925272
-0.12867969353192485,0.003829198333841607,-2.128835148577956,0.27106342078815937,-0.08694103604926837
-0.4423681892627249,1.2905589553314414,0.8163740421373041,-0.12577818179651548,-0.645596194227487
1.1138446191042841,0.9891996487249207,0.3931833402935885,1.4527313921965064,0.9717884583216683
-0.8347172250454592,-0.3477207103789982,-0.2480842279799433,1.0016783807095084,-1.3220901560171288
-0.5099682064587439,1.0515981694195642,0.1497087757523924,-0.37535956987211466,-0.5569291424472395
0.9101855917731686,0.6607232803077652,-0.7700789278879621,0.23196815197772117,0.17095374332139943
-0.6686140254551226,-0.595611460933842,-0.06353231018848361,0.1139875176595976,-0.16650840954389598
0.31989181365722547,-0.23845693891943218,1.6104850001953104,1.1836070737537754,0.9836629971648213
0.39736949109720954,-0.5140206642675579,-0.5003149561978295,-0.3594099871294143,-1.3061358658570372
-0.7237412841299655,0.9877091000803654,2.107168334445962,1.3725560563194814,-1.5102160505278466
0.43047714929617364,1.5825851368809,0.40419462551615654,-0.75425387909888,-0.2727307452209154
1.2256378680090658,-0.44725351804394764,-0.21872882854007705,0.21514380949118223,0.2702412865042399
0.7923654163894588,1.6941156386870058,0.023205791782377066,-0.04479861765408104,1.4731448881635243
-0.31860375507105254,0.13068150177591265,0.17594004383438422,0.6597752500268479,1.3041571451888803
0.25109245049422496,0.5868102581492994,-0.2721995878313591,0.38549596851303514,2.194575852391804
-0.15161302531685183,0.1305940249790057,1.524411298937765,1.8351511916177896,1.485945900226107
0.7443030027809944,0.3481529278139525,0.8227567574728465,0.5651179140055721,2.807294389641248
-0.6139101395329479,0.6497226674311953,0.11126960997653894,0.9955102702868347,-0.004893000039491977
-0.05040220056682657,0.65959442816775,-0.37875512973597825,-1.5582512500328722,0.4963950352306416
-1.1850403408392625,-0.7941011347485897,0.19956361497899608,-1.1372591799358909,1.1479894096194987
-0.05028755699735444,-0.9295536961106603,-1.2568702239444447,0.5636661277447702,-0.314540033130342
-1.4551471508183864,-1.7893447293829496,-0.7838078840051936,-0.7599126785474273,1.867628937121726
-0.9522638846138772,1.3052537683583825,-0.5892044421608433,0.2754854269182194,-1.6373220990084651
-0.08761538576669822,0.8683394900079996,-1.8003901850764863,-0.44748701829612453,1.1900099254667982
0.6571650242641407,-0.5512873978562793,-1.7505060991760508,1.5341775807463707,0.3445660861070589
-1.1963231771823521,2.312039415693393,0.8760742952070361,-0.8169571395587184,0.5788933516595556
-0.14923006793107718,-0.48991379864019613,-1.354734586300898,0.10237730072522647,-0.5358327407528989
2.0257208153173383,0.9037939438886239,-1.746015837822893,0.46738859804973854,-0.3772441725504275
0.6241037450010679,0.8457196258996651,-1.5425132945509394,-0.022655601987569964,-1.3515395183119872
-0.648939505804331,0.34112591475270615,-0.16509184733963495,-0.1709005874158097,-2.2389497287554216
-0.612239458303107,-2.3443081606833496,-0.02365941672004627,0.2969030535264474,0.762462635564241
-0.21471510789766582,-0.5007000815667532,0.717660846824148,0.7782793736461948,1.6698268405596643
0.3179059660858145,-0.990184701824943,1.6613416436589732,0.17574869433826706,-1.0139997454930825
0.8174394223440904,0.2695376065730329,-0.11037423727444957,-1.5757213778511017,1.137884263952761
1.361459711821246,-0.8100377807341149,0.18430242911937295,0.09847214543746015,0.25750706500752246
0.14129729682889536,0.7050434193612645,-0.6476351705550767,0.3645103239224943,0.7768069236259989
-2.313713135135058,0.3547292777155548,0.1625289700444975,-1.4788948145753318,-0.6248258617307539
0.4629832287649299,-1.1347498378419725,-0.059572362313683416,0.30515787435721986,1.2717075839231167
1.7815776500235285,0.0035964337261863554,-0.031418813685220086,-0.057618806288690975,0.8862555852457651
-0.44501989843349166,1.1149380947526657,-0.47781512236324725,-0.23368592241170175,0.1655687014114366
0.21425204287993835,-0.38343873821378416,-0.6350798961518738,0.7046932170532479,2.915889313837104
-0.1354074409096479,-2.022636656451595,0.7100976422075643,-1.6562799533518082,0.9793083979850262
-0.6898673461733948,0.20920750356485637,-1.1974627003678104,0.4522403245916276,-1.2575189756941407
1.6889703370858653,-1.0634391119524471,-0.5754511869860143,0.20208437381196734,0.555430646389061
-0.3790267315100133,-1.247654906827636,0.734382375945256,0.8900245081671471,-0.9562936091240194
0.2451867143771035,-0.3505061772038909,0.018949190811758037,-0.780531931575106,-0.5851780679300309
-0.21866548542628073,0.6280016395856738,-0.9663803468451935,-0.8960825572219715,0.14757122914689286
-0.21574478429254165,1.0449666110685385,-1.6214035125403388,0.5130259809314526,0.5276257071500915
-0.6822440318827607,1.3863862359138863,-0.0025852214077060885,0.03025421451267418,-2.988415494574238
-1.2240392019639559,0.17584337507216108,-0.7180828350248774,-2.572630668667983,1.1885803310196528
0.9187491511260679,-0.5635996238141706,0.14624630998907684,0.4388122477545364,-0.6549453600592532
-2.1295964867965997,0.3219435840657662,0.9251853610685049,0.3898506711781521,-0.4268962465849791
0.5320219162116251,-0.5125140974818837,-0.3902802190956347,0.8287484236194665,0.033819078542600356
0.9373313943032948,-0.004267355957144083,-0.8207807587507754,-1.08943723016603,-0.4633736317443805
-1.1533221197206147,-0.5379678184265733,-1.0965670349840362,0.7914666972501267,-0.6115225142241851
-0.8736638501622592,-0.3652610108613666,0.2877145295911527,-0.20035000731444952,-1.4949056282761786
-1.0976182026810157,0.037460625420499494,1.7823095012886043,-0.03770316412876124,-0.8182146285022093
1.4996872008749917,-2.5193477319838053,-0.36742884664829367,1.0026928985470243,-1.2509893923861737
2.5273192214387454,-1.3556100514092626,0.015567922108300483,0.8099230902044692,-0.23776447334517187
-1.4639957170416238,-0.0528608975399144,-1.8479632357892344,0.13930038259102911,1.5877138972479872
-0.13430671899923122,-0.142855727070332,-0.04905660572878138,-0.5287827562575641,-0.20453321949962203
0.7705255815702627,0.661761753848183,0.33906257861179195,-0.013962364786261512,-0.9279312137304174
-0.6955246000467782,-0.6122616684736877,-1.4387449354366568,0.3063056269389843,0.6654108400783898
-0.7818023658815261,-1.0433391806974246,-0.4739359759225386,0.11785945882719047,-0.3982166832640633
1.0015793143864613,-1.1759037708118603,1.5238601821471496,-2.73632827821853,1.525667347218865
2.2120576809554247,1.1697878912583644,0.25206169355101254,-0.6874660038762878,-0.49123964341615917
-0.702214052105108,-0.2991624177516887,-0.6248531453976003,0.6320267539410511,2.122570586358843
0.006211405053501375,1.2229658514628798,0.9372883703311523,-0.9476763255243327,-1.509398388666127
0.507576862535646,-0.8881540528412559,-0.13796897671190306,1.6034408117705494,1.197953282815629
-0.5963385552490762,0.3277562578818401,-0.46980407685979464,0.3781001627432614,0.0831405379215973
1.3021273279052554,-0.28546223348284355,-1.4355509867584746,-0.4440151292966928,-0.549919384630537
-2.4076509809193736,0.9103636219749777,0.7204085634050124,0.6251909104862478,0.903774443841059
1.2553494202837179,0.6250774525656153,-0.05887997091381098,-1.2186127421919233,-0.5120921905114617
1.792416747568598,0.2371925429066221,-0.3414652711858036,-1.2818193917897105,0.429428641810894
-0.36633048120498224,0.6731116575978324,0.29378111791811906,-0.024193767895922622,0.5502447933844143
1.688761109207381,0.40516349314702077,0.830298015964505,0.8974647000942675,-0.22245228996763253
1.9452103432882333,-2.796148992224097,0.18987592256527366,0.9076621005279798,0.89336506891746
0.5183009141687991,2.3185485119236318,-0.54093363226743,0.19276496212820415,0.7309639833580359
-0.2864239143432353,0.89743753775733,1.0420775063903889,-0.21121891594949202,0.5250950653784722
-0.532972295683776,-0.15122512786687212,0.6923235277641531,0.18285351157973442,-0.08766808129907927
-1.6088933067139013,1.0930299149673943,0.11953321190668502,-0.7870550945392621,0.49965762326799107
2.080065457047061,0.5802876871448154,1.296884642134582,0.17634864359491856,-1.1612155863483982
2.0363613870315276,1.6101181323093199,0.631431258094057,-0.5262042195336546,-0.09210941219775938
0.18266387977600082,0.18635392591828526,0.5352136890153988,-1.1990672085565592,-0.3070858581972176
-1.2165558359827418,0.6591671012035457,0.2452789658811537,-0.22468017365114407,0.658554498990678
-0.899169674224213,-0.29826356653858505,0.9714787037833065,1.7436141435545047,0.9671671437265535
-1.3220238532583706,-1.3401337812903114,-0.20634405888093912,-0.21139411165427222,0.32815700193450287
-1.2426598074088975,0.7214082975415627,-0.3495159627864487,-0.8943895257305885,1.4922887160181968
0.5659972648683554,-0.27522630971268613,-0.776005063960126,0.7507794936176473,-0.18876256766368146
-0.2125694574484561,2.590972377617268,0.40134450574024266,-1.1794259819128157,0.01721481275838315
0.07024554535253469,-0.05973050975899147,-0.2415018573814918,-0.8034152248360066,-1.2513500121857646
0.1300466676721884,-0.6018359336966793,0.13150614768654115,-0.5978190427583417,0.7264793974230647
-1.1362575432361217,0.575679311033813,-0.7193969979602731,0.9611139799108211,0.6722610765908574
-1.7952812003955112,0.6052770104189125,-0.9263348860298363,0.5087501571353933,-0.0560500208220385
0.5078639537596674,1.7919161988729781,0.6299848523946884,1.1389325019267362,-0.4557919310688718
1.6987143437366825,-0.9753240806952739,0.3572875607444113,-0.35736320352240986,1.8474220706660032
0.8641450928991551,1.3917528513999726,-0.48832424202128555,-0.1927780167721319,1.450701849044874
0.4546456946317372,1.0850120145397202,-0.7142775618416797,0.9178309320761956,-0.956616103491579
1.775970373960997,-1.1707139308040422,-0.6537232508810662,-0.02770959101870357,1.5975772967791348
-1.7728682520172878,0.34238065680903246,0.7835788395481812,0.13461008313057332,1.118842748268262
0.3947285227067297,0.7700366866471496,1.2199792672180578,-0.584340727091471,-0.22078633966802383
0.7111788336636804,-0.29888845378305845,-1.1500968367359905,1.2400590864046577,-0.3798483335162111
1.407180292854291,0.6626047160025852,0.1326692633611682,-0.08682844114235153,0.40289139483438974
0.7041053273366042,0.33622205562064555,-0.444273977456968,1.0489979732400627,-1.2287941610696305
-0.18900315724034977,1.3932983953421687,-1.590688344187785,-0.04481258324810164,-1.7446986887187905
0.5667638427991473,-0.4990648607306704,0.617226681190946,-1.4834594966072143,0.5281127753190346
0.4043953831368584,0.12030913050642995,0.2629922880542926,0.40228577562218454,-0.5181791492945105
-0.7025716131308948,-1.0397529640405412,-0.3408605133374006,-0.8702636337741936,-0.2770322331810732
0.325521602553738,-0.514827410718386,-0.7531072845147921,-1.9792714315738944,-0.6909956159273024
0.558860801815441,0.06526986432724072,-0.3005197549182436,0.8193496037032125,1.0944297171169937
0.28714330439781127,-0.18158349942874416,0.17662383053672684,0.015259730195215974,1.4303712691360693
2.207307539028881,-0.09388610337539798,-0.2572970318003831,-0.03179753303080737,-0.061610883723037656
-0.10321591379565777,1.3820428782547842,1.6143438983292453,-0.14675256160705105,1.661646649656739
0.2949662844894695,0.7522735323609889,0.913758184563066,1.0539041040548949,0.4053436780165276
-1.622411325407613,-0.14679510159966602,-0.2970338577143799,-0.4815756035009964,-0.7912199174273902
0.3449988608357304,-0.1791044822516143,0.22653347606785756,1.8454002663256026,0.5150822500477196
-0.6591910023893465,-0.31197833904691435,1.1704164932726482,0.26646438777870657,0.907197761396955
0.18031332993090146,0.7772936455178587,0.7481677231237993,1.6097691436732107,0.6929337223350059
-1.1439725446640403,0.04122626563759979,0.7714563962678966,-0.04205199126667925,0.6896454158241765
0.030367002261931744,-0.2654856821057999,-0.213475927435122,0.027567696369234427,-0.8590544767751155
0.8394136754916067,-0.07369384680021303,-1.503118918689185,-0.39058973185988777,0.09675314893747906
-1.0844329609329135,0.5747476238639304,0.42722169612526684,-0.788144132784803,1.812608774742583
-0.7089809981995502,-0.6189799120396375,0.2399743312717494,0.3845802493511876,0.6615423510198349
-0.28564479564716244,-1.0045881579759608,-0.6642805746101788,-1.3915033726066777,2.193009502163105
-0.07887221512845319,0.6662152854999955,0.3677653213195682,-0.4816806062935222,1.2752083851031462
0.35955015999104745,-1.6193668396431247,-0.7885552675403408,-0.6674687188218762,0.5621542107621452
0.17942651770357215,0.008477636849056586,1.0596829675768806,-0.7027184990372558,0.6052597051277093
-1.057738722186443,-0.39046301235876735,-0.2743145612743693,-0.22720462404809944,0.2654838389797215
0.8144943707031098,0.09308784350973393,0.4688469266689222,1.1239003094182252,-0.5178461353568684
1.6910291081445756,-0.18238171062357886,-1.6977193383564628,-0.6084489095983403,0.06256640421217248
-1.0342508265078507,-0.978163638065754,0.7611042973785062,0.1840411197658886,0.6840495347129353
1.419389788797219,-0.3842189463159604,-0.9540953325424107,0.3378925424219771,-0.946865302440043
1.154965679468695,-0.5121289439741662,0.3239130675653386,-0.6549523767716661,-1.2689906196164784
-0.374931216710869,-0.67831540376697,1.6873613503422478,1.6877507094123998,2.055884613859966
1.4604345613215803,-0.7741717199415212,-0.5124297591369558,1.2290034509058751,2.6296424070636766
-0.5703399121384679,0.8775137207873189,1.1796254842659624,2.4605552304176546,0.21326975982102134
1.6653507654472628,-0.1467013225513368,-0.8495869333825742,0.810972501991383,-0.2756653406495356
-1.302507254813926,1.2061195549597206,-0.24509666467574928,0.11250501744351213,-1.6670196431679707
-1.9836238931444181,1.1992486785124512,0.6040615010815731,0.4185595437425688,0.8503187256813016
0.6417042414245702,0.23639421109162115,-1.437728419928938,-0.7698720177812672,-0.10034536340602593
0.5932888297167357,2.0266189436835975,0.8151535539941913,-0.3725886634227085,0.11296893492919849
-0.3473530467549371,-1.5382195355605228,-1.8340211660849557,2.175976093450597,0.6583293887705471
-0.02956144885816307,-0.12983441844681282,1.335330896161253,0.43043309975373223,-1.2275606452613312
0.5797439154733758,-0.8049606636571638,-0.5585803340921517,-0.9712792190987254,-0.45261707370827353
-1.6521115919424973,0.8338267655483675,1.1841544517200657,-1.3368743156434746,-0.06612140987494056
0.07520609574419863,-0.9708242238938306,0.38681035088390747,0.10106934155239297,0.5907353641590607
0.15667022687784884,0.36709734649607945,1.1053944219957836,-0.48428709444731394,-0.770097084068404
-1.2446942818178,1.821440604720361,-0.1545168436487712,0.40793852313382134,1.313927921787405
-1.6394556932401705,0.7517598052279054,0.9770412807724228,0.9818389947409368,1.7363626691915537
-0.05807683863766221,1.338579233963257,-0.6112971335463281,-0.06856522179193134,-0.6340028889641102
-1.024890647304966,-0.39590914674245536,0.840790981895299,1.2053178661217836,-0.21943448124185957
0.41736361266907385,-0.11144783868816945,-1.3167861631689046,0.26895228674884575,-0.05959242125398632
1.1051840792572187,-0.03594673265725571,0.10090712315782586,0.8922849086646534,1.1822381767605061
0.48342077614398377,1.0515119159467794,1.698969327145359,-0.49518241081477604,-0.9419230508831636
-0.3444194149309662,-1.5767676682650924,1.4596345104408357,0.9862589038639451,0.37472978168623283
-1.1146155439027972,0.5950612412645584,-1.1621792995420777,0.2129284982612178,0.7384685817511955
-0.8881666045052595,1.0768085722253051,0.0928212505149134,-1.8211767556653624,1.2527799871819758
-0.3279734942006044,0.36724758267196056,-0.043271481554058466,0.5574492222830242,0.8575136723246547
0.9089751832704815,0.6586347021288461,0.8329646892840046,-0.213888313943501,-0.2386811260632236
0.8404201787706098,-0.5406311546294175,-0.9586794010706726,0.21041535450269777,-0.018086357839869182
0.3446317576361409,-0.02788631736944296,-0.595010441200295,1.9271002874258696,0.48188812970673567
-0.387270449858197,1.5146673544679996,-0.16605518810222064,0.23798972701466883,0.13210001335487923
-2.6024980987156576,-1.0486706751691743,0.747782852405905,0.5222941662348125,1.1350586296857637
0.5352159520378886,-0.9936322932828644,-0.8407969862226138,1.1798493584339211,-0.6155439610273294
-0.5469556426162252,0.5546491094706817,-0.9994216705067052,1.658710638339556,1.0585144676759006
0.3131819699758596,-0.9028151789449045,0.4963274986680106,0.7399661230859804,1.1980210561788762
-0.545588858598009,1.1261846335576966,0.4263430928656833,1.5930922730717239,0.8039294605076265
2.0690382399815688,0.9093327097346282,-1.1733027806234038,-3.2183691057880095,-0.7148370267466524
-0.22283196305869057,-0.7023486182886649,0.7101421695801701,0.09287882501279279,-0.09634573201340065
0.7887793286666515,-0.2072724326029467,0.004620415405754819,0.6580003320727055,-0.5564731651002168
-0.6630425048840838,-0.0986522966582259,0.36713420531212304,-1.851078345118509,0.9560974294386996
1.0776323046811178,0.28315590579672467,-0.6756754522204771,0.4576946566603727,2.239040042774909
-1.3691083829830835,0.015828353841711065,1.1964435568298224,-1.4041130980272347,0.693591378687736
-0.6553696705297544,0.4517071946998861,-0.05392490098064441,-1.3589115619744863,0.30628746082058006
-0.5299112991662273,0.5725558621687881,-0.5962615314141924,1.3164916240035316,0.3434340148965424
-0.25411934002664877,0.7195824733791059,-0.9533504816922838,-1.1381895968002531,0.19621079701547753
0.579356482136564,-0.6182502868635862,-1.5366610737245254,0.3954315209319839,1.7086428747846352
0.1612873769158432,0.0943251728009459,1.7032876463698077,0.2727602840326831,0.7064078660528372
-0.3518119488449897,1.692215942405576,0.2904113849039816,-0.1816236155884781,-0.9330617297255709
-0.13511655782403142,0.30603294875701637,0.9676296833773256,-0.12066770157081887,1.4140906457073277
1.273222372896115,-0.33427601292704745,-0.5595368152696049,-0.5569065740088361,1.2008179532258472
-1.2892315912035475,1.1747397162674094,-1.0564226480997794,-0.4230134829079751,-1.8045815312317204
-0.12617283380559652,-0.46183528685119,-0.3386429433220694,-0.20077349558653484,-1.0044284749002403
-0.7006760830369949,-1.9944035052530675,-0.2144507851842037,0.054382957225354585,0.6920109819808872
1.2952442625470884,-0.715256457348733,-0.9091045302083904,1.3083960455162111,-0.0496938464100318
0.11802993086972476,-0.7785960968528989,-1.704312205711602,1.7824047601814512,-1.2958910579143186
-0.053085491923708976,-0.903057616321155,0.4115370465380442,0.420330134643328,0.6625184790669164
1.3982479190190642,-1.467092440189225,2.1403218168832385,1.1375815352424479,-0.7994146480734791
-0.06629808650330984,-0.7609621303371986,-0.8551561908024616,-0.38372860407375353,0.33691944714874794
-2.1187206043823763,-1.654884519056755,-0.0793251460030287,-0.3323247457189407,0.40981299582927216
-1.4958555402572802,-0.17489931079782484,1.2870214219691511,0.0831414968882668,1.0984809156016961
-0.954835872866022,-1.3916000554168462,-0.4445861529012201,0.06805612982540883,1.9143237018837074
2.315836429515156,-0.8770426227206477,-0.44300633812269424,0.9101918312403586,-1.432005039688121
-1.6259375109469942,0.24826874574169705,0.5392375206811434,1.8667523213728812,0.6505682012962374
0.572757952138431,1.1700723981155732,0.6942306594700864,-0.9764084853018957,2.1571008040022077
-0.4865121394372754,-1.1627504478946227,0.4058731928618333,0.2277862942027072,-0.8758020097608129
0.48818979135074575,-1.360237660288526,0.12487054013930385,0.7092114889880251,-0.24950532603328973
0.11059888001482451,-0.9585710636940858,-0.4780530875380788,0.851027376628429,-0.8310868554705613
-0.2750841769317137,0.3586151074266279,-0.03281116029789441,0.9481522998470489,-0.40052490067613167
-0.18775682776491415,-0.2108575215090445,-0.2280981190024645,-0.1498054067012794,1.06832286950082
1.2222062113531493,-0.40505916827773114,-2.430073864995804,0.40501179404612747,1.330871037182865
-0.6403628118085305,-0.020928188719665092,-0.9139033725776117,0.2774493196871354,-0.5920029364584795
1.1680754483365123,0.5587913863955434,0.26300822156432957,0.6771906560213581,1.9126310575813
-0.4297830597974868,0.8344882099659108,-0.7991785042710462,0.3958762089274265,1.0698605217215216
0.17499048267637995,-0.34494100031982455,0.012800179651688488,0.745584436511438,-0.8172766157117554
1.705124217690212,0.9365319472237906,-0.38549862295392223,-1.780718650001777,0.6464314110138939
0.2401169496981373,-1.1858450962397473,1.8820493900621211,1.4124351063688256,0.3243712318592165
1.1216173082463867,-0.7613244681453144,0.3927329352103243,0.8530316772798162,-0.016993100730249844
1.0333349081276644,-0.09506669731852127,0.032783635166703726,-1.521567687239176,0.3854800710815367
-0.4893350356514767,-0.45596080731188554,-0.016695896386887354,0.03493840961605991,-1.5736274103128656
-1.2949593794510936,0.9327422011660521,-1.438573704080475,0.7386679482075128,0.1573956951544022
0.7004699724691641,-0.11763721664662562,-0.032172613028780474,-0.7539194858572793,0.4642212434902316
-0.565939390435523,1.1383763670983638,-0.21054136218746075,0.35824087694253026,0.7754441016480463
-0.4274533069474017,-0.7089792088124861,1.183098992750282,0.36154230923907166,0.8640138590924484
-0.09895848067054207,0.591085529839804,-1.49821997930693,-0.188676403643059,-0.7328279797324975
0.14124251723434358,0.41206372738225283,1.9125734435265518,0.3707932213832415,0.35169315899386794
2.531247593216774,-0.9407508918937154,-1.2380417453553751,-0.4926093592620432,-0.7055735152285907
-1.1377945915861447,-0.4265292776533885,0.1358137268299373,0.6373522115228942,-0.06866490823489924
0.25750437375958424,0.8100605393669273,1.5250615097061,1.1546138304993037,0.5946467267583133
0.19158869204026582,-0.07467152696022859,1.340494329831907,1.474049519260808,0.49569523093390644
0.3298713047641935,0.7349314378444346,-1.5273152635146445,-1.356662501395026,1.3118902635206338
0.8350713061689543,-0.22709223758288205,0.7618842782979708,0.7921084896280082,-2.345185644181311
0.49709462830107803,-0.23107193399038092,-0.4568691219923996,0.15684634089772334,0.19205810377131308
0.45231729783833136,0.7568206069080089,-1.2785403191035536,-0.8441311808630101,-0.9497402690394197
0.029150007308031935,-0.533634779580503,-0.990177721414613,-1.4001392046494068,-0.36363857706963354
0.0023313477121446047,-0.061559839243165576,-0.009177375944849889,0.6196440379560735,0.7915579527456774
-0.527839034097309,-0.19563327718788096,0.5493267215689245,-1.0604837916685064,-0.09119293150143049
0.39820507688556134,-0.9127510176083535,1.4847537001339406,0.8720211349063911,-0.3438603337404081
-1.8572426407561384,0.07679783951261528,-0.3932004036425557,0.3490452763744842,-0.26574004546650476
-0.5236236708180291,-0.9743724710715822,-0.8054154134272653,-0.45185863791470304,-0.18536010522528115
1.3386987586531185,-1.1006339328363839,1.0455070918561178,0.8233968807714508,1.7467560597881073
-0.6417828948009082,-0.9485671645974587,0.3842249549623363,0.6499482386547727,-2.699746183347376
0.7854926258943692,0.5786711596682406,0.7942231358571294,-0.6043900336117941,-0.6101026567506781
-0.2586833255351208,1.074758614639856,-0.5652474466154277,0.0425472887320413,0.053873546075286806
1.141490907010174,-0.9673253104680707,-0.8282465435073119,-0.8633186362456284,0.6366927668022565
-0.4191880811369278,-0.05715090732072259,1.042061731647599,-0.04087211553948115,-0.11543321975549195
1.7550277841722235,-0.42880380276017355,0.29867971330890825,-0.0161377530221193,-1.2039062519736448
-0.4771855914194738,0.5373461489047421,-0.4673595407260051,0.3720458747674226,1.304467390182877
0.07245449525970254,-0.48168580773271846,-0.7888877228909188,1.414382789887739,1.044089103130375
-0.6520981003329314,-0.34819443088575525,-0.8177044480991026,0.4782421151856516,-1.1181637048162947
0.487520788886249,1.3964774142448182,-0.18863788023469782,2.061262605704661,0.41307971200247356
-2.0340831469661835,1.0694100900600485,0.3711678868364851,0.31792526168506513,-0.34948799846581735
-0.6674231111622683,0.15981931213311443,0.6614366892178073,-1.4308530786553886,-1.4518487295876232
1.1523642771596785,-1.2251800475624315,-0.37312904760598403,-0.5222569826808929,0.10083643954287312
0.22123981574868262,-2.091929194049981,-0.5420226395733636,-0.22827781422659932,0.05772921818697066
0.6755879953786856,-0.1616862460396915,0.05080326007403956,1.2765828680534812,-1.1676825624016554
0.7798896254437988,0.520543828648062,0.031346963073808805,0.025848455125600918,-0.8587396893113566
0.3558765424333056,0.3935828349197417,-0.0448821010198961,1.1050699287161072,1.5788519992095706
0.2949991391741485,0.6587539360094514,1.145001812849335,-1.5131576930924808,0.3620868359597274
-0.20294716936486562,2.023388836948854,1.4025794905657318,0.13823699983040771,-0.36455437770692894
1.0822960654759737,-0.4250793650923012,0.5145603576585394,0.5253289945349691,0.1114817775662341
0.14148683540851428,-1.3866852863300003,2.00730152804555,0.4555509142181313,0.2934915331039059
-1.4373682365047515,-0.3530793124271685,-0.614114624794851,-0.9059244132918943,0.06649869184238355
0.019281211193944606,-0.32557188896570144,-2.1788932386642865,-0.07245904688235223,-0.22528462553059267
0.7641093137769769,0.08237421908302586,-0.6190896686523383,0.7849511789373974,-0.793069284340755
-0.033639942046682574,-0.07375598474495247,1.5979680921209642,-0.34929554435226656,0.4930890398535032
-0.7343939918066493,0.31525981817061655,-0.243571403358708,0.8083319768366228,0.24094645172582788
0.7385893615252471,0.036903063886959526,1.0001810622659384,0.10230895290437061,-0.2077818456220485
0.6998159024682371,0.050396324573665115,-0.06958672103694755,-0.8247678324681883,0.953812591203856
0.6165047207121593,-0.04043954163151169,-1.035321234933092,0.3658822294725065,-0.2509599279016217
-1.8212189469669242,0.3999626583087865,0.8091148363989873,2.5421863739241863,-0.4140299064445748
1.4518618946772752,-0.6262527078160751,1.4690182017171984,0.7575548792778538,1.076963969490042
-0.36519512991995823,0.0465911264090011,0.38137350282489524,0.6078066827472793,2.0710561526146667
0.5089904650893391,1.235541422517666,-0.6816763413701846,1.824698041852887,-2.064830753325371
0.5077860580350684,-0.7332096374898572,0.4657085938016197,-0.44741610452248165,-0.4001225710539383
0.46690276511824436,-0.734910178580516,1.1111712294817213,-0.6397267460731566,-1.0902393471128595
0.6620450921171506,1.5175459467994894,-1.5087715929803254,-0.6729691001224535,0.1385860160589583
0.12851666224157648,-1.2832681303993905,1.375249506137835,-0.040587991320395554,1.9918210432370906
0.14876997166318698,1.741261228188948,-0.9787554232368,-0.5417465089046326,-1.1640291624286097
2.354773576774927,-1.2951309781995481,-0.8417170395019362,0.47175410226172093,0.7201775641462352
0.6029422306072737,0.589708529367236,0.5959546160219202,1.6180011074431229,-0.5792340142168407
1.5446925348181337,-0.7153469077025918,1.1589872174420455,-0.3353408984121532,-0.18253399845810325
2.4078222513502623,0.29265747853691537,-0.14235612465047717,-0.5843144353538388,-0.4826760760550938
1.0375410663150761,-0.00180270523674233,0.20347426047677597,1.9133461390253599,-1.9100047310528248
-0.4947945083379612,-2.1878332132055816,0.6828672899531667,-0.2983241173683666,-1.5642969805377591
1.6446072564865244,-0.15761530068905077,0.5649511020077871,0.19350030407802007,-0.1446748740417548
-0.02890703247071485,-0.15997482352556905,0.651735875632264,0.47950361098720146,0.19662814364326148
1.2697241445029606,0.11666689190349691,0.3036611226598381,1.270417237217813,-1.3131514037966596
-0.7223799632948954,0.10163243852641891,0.3326399470813298,-0.14357284741910312,0.7284075797601156
-0.4252998330901874,0.9330174854131406,-0.17360935100416747,-0.6989479415525043,-0.5161009802318446
-0.7931992063753209,0.12474503792719108,0.11707234892317094,0.3304796235904797,0.4367141866612524
0.8953158627344627,0.8816777174156579,0.14414820989190855,0.011819941127416333,0.44350583164751295
0.17032707291706256,-0.0842858389027704,-2.6491972748521913,0.7031061777128492,-0.14454679556611355
-0.791983599575452,1.186448444270048,-1.230394598667354,0.20351670923571588,0.4632512647744073
-1.1864967323068603,-0.8540902256425985,1.1739671229760036,-1.4445138618328375,0.7923502969922444
-0.06111290913717364,0.5023936310962948,1.583110099673414,-0.2798202245409723,-0.31565733815138886
-0.25065385336965706,0.3135636620775436,1.7718323115101053,0.6278854430260937,-0.43106461572932836
-0.005000019863632846,0.9867618724774553,-0.44224376894283796,0.9544125070731777,0.6990206323508116
-0.2281059186265517,-0.7909721584654296,-1.021502533148882,1.0164777887066418,0.7883317707584926
0.39047164673487333,-0.457502016680879,0.5585016267111119,0.20958506775778635,-0.4327788366398321
0.005708959598745321,-0.39477944449046476,0.05758356616867684,0.5490032276700424,0.9150434696549289
-0.48819362827294116,-1.1744743854455395,1.5675012129701318,1.6907072063819995,0.6001136365987417
1.6058942949596495,0.0966680461982467,0.09614128948835854,0.43868542212434025,0.04499312012856251
0.48743575656771715,1.4300026780881163,-1.6534996780656022,0.9613177949496874,1.0822451475524109
0.5257690501122205,-0.5439880163801862,-1.2880526737291742,-0.045038577184722574,1.020126649081974
-0.8037846376481026,0.8175340454932063,-0.2689364371848562,-0.2050007220706035,0.0544898602431747
-1.5298272869324308,0.1597099880760183,-0.8675348860191063,-1.401072534842792,0.47401250018502367
-2.1187828112735776,0.48556537467128286,-1.8744238405999416,1.2730923302518045,0.23570894945695836
0.7676587314771296,-0.03686413806341533,-0.7833390914166289,-0.48092213699642844,-0.7139224968262398
-0.2768417336742968,-2.1027142977387308,0.18278744581079387,-2.636983017692519,-1.8918015495100737
-1.1034876245904206,2.7381323248799703,-1.5945865130147039,0.7197717482996755,1.1992032981090843
0.33878018994787135,-0.9510900651962281,-0.11924429181989382,1.8155826491440246,0.26759436477530035
-0.059345413447301536,-1.1865016558671635,-1.510623831324678,1.3550068262712607,2.545386263221726
-1.3874361329616,-0.5338352510612371,-1.14157013523342,-2.5512115268856776,-0.840866284595367
-0.5981525098889479,-0.26007296140045655,0.1634202601869898,-1.0250780185076358,0.07864450752680059
1.1498870593588837,-0.052530789308777796,0.2521931178175234,-2.1617672915228385,0.26134042720151973
-0.3734112144457311,-0.2557826879912558,0.35312067335796665,-1.0878332311198349,0.7924837446152959
-0.03897892482330298,0.3751699584431017,0.6795997040706175,-0.2606075388624375,-0.09603254052317396
-1.5955733329148074,-1.102093045288575,0.14533308845587964,2.02072957841513,-0.8861394989954782
1.5411991532185707,-1.2990217440010154,1.6958248436185506,-0.439535491119828,-0.9163649397602888
1.165598940944986,0.47139947338208094,-0.27756227700309366,0.9082490185116769,-0.10988893279471613
1.446504512139476,0.8009570662485871,-1.4542915132802172,-0.6910369316772422,1.3100605332033468
0.24961855955468587,0.12976302914928803,0.1262021742077768,0.2463288572786643,0.03875951642967133
-1.589239558082062,-0.16434537841511387,-1.0484593759235348,0.9310028978618565,-1.8134416255743877
-1.2205498815621103,-0.7196453232665054,1.2331858341499091,0.7104859132371374,1.3586339676015535
-0.06340909843948547,-1.9419742878461825,0.3491939982140386,0.011008292257112123,0.7386313499332778
-0.2559046076491038,0.34727203824559416,0.3704623317613228,1.1216644511565161,-0.26692762143115556
-0.3796243093698557,-0.15405601247219636,0.22387369370937324,-2.1350648700736055,0.7026911614272918
-0.8071271075107462,-1.151259123402832,-0.8540297113059024,-1.6899823871828814,-0.6472963570578317
-0.10412231132130419,-1.7489064534481666,1.1100026638524048,-0.5195073343108793,0.28619942022255723
-0.7180729867294805,-1.0985961108552191,0.3283348008117074,-1.0504162555417813,-0.04070417585551704
0.615473918353181,-0.05344828884688655,1.894946243432908,-0.8009689152546418,-0.7046136703499851
0.22096338018712927,-0.9123016145454195,-0.08685204367814271,0.30757259324226827,0.16077013370272966
0.6983569365348005,-0.4569241742851599,0.24264915921023936,-1.9730733888050809,-0.5398818933973702
0.4200729188999464,0.15407715466651883,2.5998488160641244,-0.1497160120356112,-0.15134834830078922
1.238750969390751,-0.5026526633953681,0.6052663213049119,-0.7941874290022917,0.10872222103170757
-1.2902156312990178,0.10558543477376026,2.2775914093499647,0.550202425506098,-0.6339881277969664
-1.837292427465453,-0.610397955487799,-0.4981018927174399,-0.8860396167106895,0.40027889543852607
-1.2298853862293317,0.3478553145597861,-0.7620387370609127,-0.41397129065930927,1.7091425426870104
-0.7576712017640004,0.6468908813243669,-1.6592361715654398,-1.0168175158434989,-0.8059535835973075
-0.9958040922244354,-0.4520470417975595,0.47348659314343,1.8029024450519922,0.5185193873235857
0.290819209952933,-0.41211682699484226,-0.6839426873490554,0.2981166397238167,0.09777746773453548
-1.3205976190718367,-0.3338067281023625,-0.19128404555370593,1.0321560024550018,1.7397545194302875
0.7978743973057141,0.37628805581532154,-1.0993317912281664,0.47132184846467406,0.10368257062569505
0.22716913315009185,-0.1459007803610326,-0.18125790837539094,1.3566638850957895,1.8483166409296798
1.4269403597728116,-0.8454731031386895,-0.24229419583914838,-0.007251123789414467,0.1938953574118687
1.0121562647566684,0.9339903977613035,-0.3338926334167682,0.8419366913532077,-0.054200302624667476
-1.8812566786085076,-0.2616684153313231,-0.17378005440707955,-2.4851604133854095,1.5253818624119226
0.7662377262057443,-0.3681487862380524,0.8755596064102088,1.4641470823766867,1.406543927176593
-1.2327406281096203,0.42576019332442194,-0.8890440283420602,0.23236867979281947,0.022015861345844368
0.23340512681846975,-1.2281000043334063,1.6254781914298317,1.2577861253488483,-0.37938769542140227
1.524538347142132,-0.15059510759090167,0.3579983100199783,-0.34061940957177983,-1.9954982298260766
0.40299831589691043,-1.0612958978540725,0.36044139117028584,-1.7525609694561062,0.649107761715012
0.18295889675479057,-0.2866808554662157,-1.442201881779896,3.203562334184391,1.8160206331459041
-0.22907472042397267,1.4300267669236943,0.18666823667532403,-2.5725533656408577,-0.33630709629456995
-2.528641695435951,0.8366474606390654,-0.25392789576033187,-0.4453880446184324,1.3351001825034208
-1.1321678886914208,-0.19232633095116275,-1.5265537222614975,0.8287305292148149,3.1310487230140565
0.3822799768154584,1.4062756080274308,0.12348524462609384,0.20670485020435347,-0.3905328363575897
0.5573823341562059,0.6208132702238985,0.43077556106549364,0.4355916507363547,-0.9755297490347358
0.03769638688340513,0.8031298696937132,-1.087461537068962,-0.19220980033710394,0.20729911780232765
-1.0829681575234786,-0.7799284524501967,-1.1036886214530148,-0.804041998945185,-1.2552019857985959
0.816338537123275,0.8224294628136817,-1.2536008317933154,0.4553530043731006,-0.10956187752510392
2.12085302220277,0.1919477850074215,0.28398190791216266,-0.678690157036272,1.090882301345393
0.7476433409905667,1.5706821894527403,1.0389185588527046,0.1879502484372205,2.6197791436900775
-0.0567792762547711,-0.20133513628106586,0.1483999663150097,-0.5249192845568432,-1.685214405206992
-0.4392122434823337,-0.7920154376862072,-0.29173303062792794,0.8843293174060963,-0.8182359886774239
-0.6908833455396716,0.13415589808067557,0.9316395279615693,1.0237050311425056,-0.36270625041728294
1.0277433974319314,-1.673378640276142,0.0932274836374772,-1.432203547038422,0.6075166812817713
-0.46064473461057776,-0.4176367237206866,-0.12332647186273235,-1.2501753664719375,0.28661396255900057
-1.4016541591531433,-0.6524436381455424,-0.7201480345890706,0.22478679923680045,1.6133262319087693
-0.9688144039847795,0.49075783011203966,1.6440825039579183,0.3144143676234783,-2.2000219953161966
1.138453400970394,-0.9167578344061684,0.3160105730887178,0.8415652803840684,0.11633086097143293
-0.6776568974607398,-0.36341786145289756,0.021390546207040423,0.7368388786171309,0.30297328444482197
0.16000870078897012,-0.05048069880507027,-1.5087064232712188,-1.4970537821334564,-2.2619909449065747
-1.3123928892192585,-0.29334734399994694,-1.3139422435598835,-0.4744462999829944,-0.5876535769903799
-0.26620574444767653,-1.1147847824333819,0.7752793728702251,-0.8679901270340201,0.9499544649980518
-0.2310037178810048,-0.24439337846901898,0.19410912679117187,0.5193971583758716,0.5313901656227492
-1.9174732627931559,-1.5633687164108008,0.12618567673633527,-0.8335909242649017,0.24986136494641062
-0.2606607874630687,-0.8612937405867267,1.3206989818018187,0.9524784626469316,-0.8442168346914893
-1.186584993616411,1.8988192463449327,-0.8254949169496095,-0.4635951409122067,-1.1292895393591238
-0.09820272340184114,-2.72829522476674,-0.7786421255883443,0.08031537525547804,-0.12402091232612712
-0.19251757360240868,0.8742512110046412,-0.22696859074094414,1.113760611682565,-0.7125302552886809
0.6832142322518573,0.19183576304835143,0.5455676651574269,-0.3929284282860013,1.117476485698092
-0.5701415347885919,1.659865742070221,0.18811398778486565,-0.35637382288487995,-0.33632116231680786
-0.5924084343740552,0.2621774646042604,0.7084727228644142,0.8196043545706712,-0.717949614761845
-0.37261716443267007,1.0874860682324548,0.6370505488366375,1.0641407855341634,0.043227828136998374
-1.6338196521192125,0.27832913461024145,-0.2800948633050137,1.0674707110512056,0.7342270316704281
-0.15736523976794617,-0.404112603392014,0.6880581380661003,2.167681793037684,1.7306617751346531
-0.39119307816984994,-0.7237964660773747,0.034432085544560745,1.594850194143229,-0.08107258544610282
-1.7668991061542882,1.9182393268720674,-1.050182670409424,0.22665971553697387,-0.10460518555314215
-0.2765748871850166,1.069083868492105,-0.003938768402597023,1.002542715778052,1.1313981854379114
0.351333229495245,0.4343878976426875,-0.07695078287383011,0.3816271151516772,-1.4500153783778935
-0.6290953243750906,0.5294643179214763,1.1400590729494438,0.5393218538392218,0.20685091613226927
0.9338226062132009,0.3606815044963411,-1.734607278879115,-0.027792246756748552,0.3129564536140215
1.3202557077205426,0.07988571821372416,-1.6817889707938978,2.4454936782638295,1.315451556796109
-0.558476174572913,-1.2212488640513974,-0.9228124218774616,0.14340640335586752,1.6898227520104045
0.8882659916824556,0.5482410762595543,0.6335941823532896,0.7243808272276396,0.37137311795526273
-0.008451904172189674,0.5189569225209764,-1.4914656026906086,-0.9606026793377226,2.497764833933683
1.2052197609999953,-1.0986761724797327,-0.3315918746440656,0.052853998845309086,0.4532001044628905
-0.295104670224136,-0.5043675703492826,-1.0426079360038616,0.07678100363274461,-0.3577518918195556
1.380396876951834,0.7228312671045514,-1.511437838105533,0.8882314286977575,0.9695122560448883
-0.2846824511604799,0.9267843751769349,1.364016991915362,0.20951928648820223,-1.1867937927692889
2.790306954752906,-0.1272878916395184,1.514873151974362,1.034841632909753,-0.7544877508856492
0.12324428507393842,-0.723763699646781,-1.6637558493373001,0.24973643300479736,0.5723564914613459
-0.9215607906263013,0.20537323306874497,-0.9935981629094711,1.1474268403439791,-0.16732458714810702
-0.4396870263656511,0.7886236213878948,0.3567173995008798,0.1185830278746015,0.36975990474337517
-0.12827789507351475,-2.1489295765884764,-0.5072617874876689,-0.5404647376357025,0.1028590230800098
-1.1030923060202686,0.9318044707990367,-1.0515114903234937,-0.4461530332250288,-0.8462471907904987
0.8568247657662967,0.1993934874632847,-1.7251923297933145,-1.5879024289084627,-0.2674364659508247
0.5807698238389843,0.018342790547028136,-2.1284511867335123,-0.8929600242156636,-0.1341474270356517
0.05304732621227909,-2.0811830933985527,0.6531736973648143,1.6676027173117982,-0.07097932122170045
-0.3408448382657742,-0.7896986488457635,0.11614321001322815,0.3591119724768423,0.1818578747843744
0.771083932571018,0.8603393224319658,1.1376697633315211,-2.991145227182911,-0.1908255623010369
-0.3126692417297248,1.7958998830802106,1.6414178080328878,0.3528835517539464,-0.3982678587375617
0.08579890021657614,1.0317103845636475,0.3687127951345771,-0.772129488430212,1.50800560254746
-0.0899132663882635,-0.9442461087523538,-0.3593786872854172,0.2844861395881143,0.9222327030665747
1.0624219546680882,-1.3335837931685606,-0.7121149567023101,0.6054708250851828,-0.5965572976022928
-0.5421980055862382,1.48596379044266,-0.06746956978993478,1.0720706835242366,0.2575009986284436
-1.1839197311910024,0.01717429899945522,-0.40260379907336996,-0.41281906909139154,-0.12079690487919427
0.7779702830122671,-0.18127765163675894,2.4868411861376405,2.3097844763475575,1.5820000875935345
-0.0592475221853111,0.8992364993896288,-1.7517802179307698,-1.6621892765970252,0.8326759914784028
0.14736372913700188,0.12140262020399438,0.4027473328890184,0.17553714677550372,-0.2586978457382929
-0.4645527499205303,-2.9276389305079613,-0.962266160349691,-0.42238647359464165,0.5344401812166977
0.48699500424575654,0.04079820139829118,-0.49716359928859516,1.2064009984452455,-1.6681825366158978
1.1168017724474915,0.9005857357253019,-1.4693964678004674,-0.2836259174072902,-2.0201779389020427
0.16081130260795223,0.4475516437042654,0.5499844434089372,-0.7218315831099352,-0.15599051587778404
-0.2981792061893845,-1.455719613739124,0.22711841911475858,-1.1398501701093318,-0.278065056678819
0.36224314766827376,1.9102345464459562,0.1446043741914647,0.6471461272769528,0.054324978090501845
-0.6321348151607334,-0.3152156592859651,-1.6266319552525808,0.4975845483046745,0.2542553074357515
0.44635663893179633,-0.28907948896061736,-0.09951671373090974,-0.8615043206664097,-0.8163783392011117
0.642481017498125,1.0630321020444937,-1.0222997321908236,-0.6684304228120076,0.812252166218765
-1.1157041762732,0.781563947481099,0.4402230840366175,2.208460921658598,1.1726014835586775
-0.6909114469709181,0.8045714523164568,0.13060360672035917,0.07449941570197277,-0.05822832784069213
0.7086579883216608,-1.397534606728882,0.1500241295066245,-0.0051290161399605025,0.30277134376854586
-0.5220198452454312,-1.6951202840362132,0.7793689306462048,0.6555842813937399,-1.9920510591812741
1.6522392355796571,-1.1630536403538356,-0.1877835931267082,0.21482380207527035,-1.6116548583709485
1.117770540802736,-0.1309168326095317,0.47510801445998213,-1.1828504446830577,0.15617264556095728
1.160566829639156,0.39812574726874544,0.46124130937966107,-0.15893444294148684,-0.8061420394216515
-0.09750854227867958,0.4478791236249399,1.6989791934018932,-0.8397495014701454,1.224939128742245
0.577488629794997,1.0855732788745502,1.4765216608470773,0.0453317013521943,2.3954866589697112
1.5779282090660067,-0.5861237093741279,0.627541491791095,0.030009294661658106,-0.6417427162528837
-0.09556052972112801,-0.7603246986539415,0.34322841385772557,-0.2126140701467267,-0.15833813637241226
0.44737444666104803,-1.2044737092766071,0.5628301780700463,1.385818632860406,-0.33723810916303504
-0.3663146660338096,-1.2373279783540494,0.7638376456327075,1.9207880367802577,0.4371120533622162
-0.6902834219875601,-0.3761147014096554,-0.11437611795647276,1.3599975633983186,0.09442129192975772
0.37330770405614716,0.593278493422654,1.3842123818528917,-0.5519115734950695,-0.2538776343369638
-2.0058732692977497,0.8603108541140863,1.276182139028341,-1.5932118121870054,-1.813140040542792
-0.028012149617555625,-0.2024349926646767,0.6240634131201054,1.0114790557664575,0.023532876211837833
-1.7125450482133657,-1.1165235255293637,0.6330885432086762,-0.4096759152836863,-0.8741950643885155
-0.5743675294675488,1.557795359382551,0.7950211354950623,-0.6457963472840763,1.2451230551354913
1.3134723641266024,-0.22295919009930495,-0.6846961152473559,1.0122423982012856,0.3391504971279338
1.7465684809174538,0.4799242687412755,0.5321543417822062,0.004965790437006904,-0.9262748181539273
-0.08098250633411092,0.818685169367453,0.8877839051894776,-0.1266736321218234,0.19965065376470428
0.6994124930637965,1.0548685713764265,-0.21341421040039993,0.5830429716860251,0.02937922241536701
-0.061258012636688,0.8458626555709395,0.4526204529297561,0.5789393028098966,-2.4757757563386584
1.194028769346217,0.45749500866413884,-1.383321551361634,-1.925235723470736,0.4414573554976931
0.5493533761447431,0.6491537586668608,0.009714539602185624,-2.036746166285865,-1.9261961048169298
2.3248015043149226,-1.0194468647028998,0.4721399216134903,0.47026543243687174,1.3770481183827006
-0.5625650785138661,-1.2101807927048864,1.2261544683826804,0.5824112651437946,0.0954941521274002
-0.4965299504838602,-0.9644942004464551,0.9317600994157109,0.09612249707497475,0.7317264900641522
0.29029975305488465,-1.054699570488395,-0.13464920737967076,-0.842402971586699,-0.9339560964589335
1.422238286161815,-1.1518215675128551,-1.0382677922065129,2.163939381721508,1.4993637010728704
-1.622462690681712,0.17032625912136834,0.07756588354883052,0.502014876291429,0.6405674189561175
-0.21681794872870053,1.0138341073153452,-0.8247950907148339,0.40522750251743794,1.3965174651052106
-0.7146935440115637,-2.6738671038419533,-0.30814254830008675,-0.7975177683385203,-0.7224993847111681
1.0164625921623616,0.24452482928943806,-1.0909218856334546,0.8752598254207616,-1.203154970725832
-0.3536226977666729,-0.395842390934667,0.23360530967617044,0.0012985827592449839,-0.6682894248323953
-0.20525120294857035,0.7533700130367847,-0.08842573140744579,0.052012057670647475,-1.4241682043019606
-0.7162516508173798,-1.289332697338152,-0.2667525832697337,-0.8376053703908117,0.11109936788090803
1.0220658817157635,1.1121013029858735,1.3036243204779079,1.378458458351585,-0.04722657097790151
0.5546099714432966,0.45544427996658415,-0.9432878591803346,1.1670598950299158,-2.15151670589071
-1.0282763823327923,1.733675666173827,-0.3171402891582161,-0.6919579181252589,0.9818021969100647
-0.33834835790498446,0.5023827306027507,0.5713648962695099,-0.34413334067834805,0.8125904087713463
0.43030228723554953,-0.12064298125794101,-1.2772120246167786,-0.04179513895879491,0.6746496841293528
0.8950964439803422,0.5292158811985599,0.6855632017992416,-0.1678947168956723,-0.21272913657826262
-0.3109943665216423,-0.20702152687807776,0.5155477649894282,1.615895169750802,-0.6452596898102265
1.2258895090787738,-0.28261996847240023,0.9106054616985334,0.6099557789479337,-0.5280820311252329
-0.9439421110939816,0.6837864395382808,0.33703091167182175,-1.3075764236500407,-0.22882228075955788
0.9663266597714515,-0.7250147791582048,-0.34237907483208646,-0.41047604396600545,1.238801070058493
1.3438360196470565,-1.4849626957845972,-1.432365291275557,-0.78546848188657,-0.046057382512092473
0.534778614044469,-1.4561113110180166,-0.7642584690422415,0.4735438758237315,0.4128015910401271
-0.7592006061565413,-0.9115875194769343,0.40633146765850153,1.8514860542766247,1.370065926937059
0.004783019983779751,-2.3211797933614196,0.8032058526445456,0.6982054119192235,-1.2967482446818495
-0.7750939758868176,0.36897509478874235,1.0984869054490427,0.3338851227919923,-1.0033962984072704
-1.0742222638400016,0.6354640800743323,0.2463495026595268,0.04091270043205233,0.6871754837038062
-0.6876500505719769,0.10409011070485329,-2.173793688722703,0.07167592000893828,-0.1120456116061065
-0.42650427140823216,0.10990887359983141,-0.20035207691530846,-1.4912904850910407,-0.9814109867798974
-0.33935822017962886,0.5598529662157253,-0.14714849528826873,-1.1846950063542083,1.860134273326516
0.032444144529520456,0.04007285410844724,0.4366931019858246,0.5684308123971265,-0.7433614377325141
-0.6132214959707815,-0.07481922764443016,-0.019002192700586205,0.31336226151258123,0.7668785504948938
2.0239715260341797,-0.185775701943889,-0.15671853922117046,-1.4800362426445235,1.0412224997900794
0.5010233158932574,-1.1445966308613476,0.5148881168045558,1.2348252673929878,-0.35289506714913965
-0.7443089930936166,-0.4037099437906269,0.14108484095410148,-0.8102289265305136,1.3419929767819716
0.4281101126371462,-0.7035477501882078,-0.5405378842531301,-1.4283144604894553,0.24272738465510757
-0.6931718180789657,0.1272351732000227,-0.4034736811326222,1.8424142947710447,-0.6864667964551091
0.12976720991377202,0.9767381647617768,0.9084073155510136,0.8224184112176784,-1.0586508702720823
-0.2944902300989102,0.4939661178756642,-0.6280885870906595,0.8801512245371858,0.1648070507315557
0.9950458390115536,-0.46539656649074873,-0.29387712792368886,1.1562966472285854,-0.7091543920778572
-1.196281434913622,-1.4605304024549604,0.754847959875874,-0.9829941491575319,-0.4753339472877032
0.2409535961828988,-1.295713061994215,0.4087978058801879,0.41620759759336473,-0.20030242323771144
-1.1506758786054807,0.08412206316182039,0.9898307069915693,-1.762971122129277,-0.6317592711846101
0.2333740036261127,0.9486153838389069,0.2500771896042179,0.31977731495508394,-1.1421012463768174
-0.37085058366157453,-0.22254798785649324,-1.8849262287300548,-0.0890431545769149,0.021707067498825332
-1.2346835162810408,-0.06556918916358608,0.36836097635735837,-1.3340299055975697,0.9790634713287748
0.15194020652787527,1.1707979243700979,1.369455893854753,0.8304330703218311,-1.8597671315024888
0.19504287810097848,0.9559130782594208,-1.3962735129789698,-1.5287210501490085,1.2668710286553737
-2.723745359034426,-0.33058934313471905,-0.10166862096824474,0.54338113633358,-0.5572225174552566
-0.524791175241331,-0.5943328036724833,0.23714894672899264,1.8559623107390495,1.8637307251053548
-0.96336514120016,-0.7832987176635015,-0.7419767511399703,-0.75075612960257,-1.2522641451564591
1.3790918350596082,-0.7522589549388838,-1.005901270983642,-0.6586556517814571,1.8603480026791086
0.5859216561905248,0.6617484992769633,-0.04346680565249781,-0.2424120257077969,-2.153515517787855
-1.1309475912633558,2.8458698663523987,0.3889387558610587,1.4191837860684315,-0.5653590782656851
-1.6231673820776007,-0.37903136961926487,0.9223605938292709,0.7720284376403175,0.15624110976265418
1.509685724659436,0.5250826393635243,1.4568701763799028,0.3218734533175206,-0.5070583486215864
-0.2229689335291283,0.8028157642693436,-0.7354017840372812,-1.1420583714240307,0.37909250474811
0.7047508099167253,-1.8413617746546163,1.4425528762798538,0.44245437209359095,-0.2594823461350241
-1.330937381847943,0.6859479668507136,0.6381443258262602,0.3578955273722872,0.6128585074188577
-2.32617262816478,-0.8007746454260717,-0.44684771201252715,0.22726835976483745,-0.6246505153848448
0.3636976794842227,-1.1796675847316884,0.0835472086149792,-1.3605028646933626,1.7538635978893964
0.3317325076216154,-0.35292876481040514,-0.4526537247583647,-0.8081543463617619,-0.328868565812577
0.3010067808615898,0.6049866760839989,-1.6467496065455036,0.3354019356110547,1.724473041624829
1.2176576260553196,-1.0591191600067615,-0.7018085150687018,0.8005704894076294,0.4998003379405253
1.2794637134099611,-1.7975373971345678,-1.9955597426830576,-0.17231384991303564,1.4405893958168714
-0.3146628349405295,-0.35926304312121626,-1.5631298238376057,2.224966239890718,1.6529624642793201
-2.2303451851117906,1.195094888544326,-1.388956633957108,-0.4220667009059353,1.5672244257676096
-1.1206955104246363,-2.2225796754604668,0.7192084651604715,-1.2952495140909661,1.7266683326253844
2.006407298133313,-0.24843907087379355,-0.7325065046143411,1.9022733378615444,0.09521968278753812
1.8271265332099211,0.15657706018257458,0.12984279758597,-0.41587602175086597,1.6574860577349264
-0.8189307730076498,1.2305240565320035,-1.1965392826704608,-0.9651332557127921,-0.35160236458892646
-1.8923694614796562,-1.5707960367364557,2.0095036079513133,1.9006777694467705,0.7070816848160059
-0.0628888478566385,1.7740975402399273,-0.9220349248786723,1.23597159683349,0.9460371568272042
1.9403829659272358,0.24863065813248203,-0.16445433711597793,-0.23922105046419387,-0.18961429646109965
0.8926220628037707,-0.8440052851226029,0.35427594941842566,0.7589905393723942,-0.1211727552089168
0.03967154253240489,-0.38405805345905253,-0.4808024358414789,-0.6293918694064,0.35884759302763136
-1.544392473574742,0.19070219896282595,-0.6757415398986919,-0.3375025538689903,-1.275002265976421
-0.8472280624556158,0.5623192126880399,0.6962188986818643,-1.215200323585002,0.4207932723958999
-0.5521092163723735,0.8026607001067748,1.6760899509351006,-0.9817333736883938,-0.7260152750289817
-0.30776557333950394,-1.9361762932404356,0.009113505388910228,-2.351206222038403,3.422803176503743
-0.8181910413374652,0.9963549620381151,-0.10289390506429019,-0.6484666395893411,-0.8938056627176858
-0.44064129478417297,1.3419862959049949,0.058445640307746044,-0.004971826665714032,-1.8969974341997962
-1.6022483139528467,-0.7299229803968218,0.2662768190345279,0.07892120432476604,-1.8183162897469143
0.2887439412965361,1.0409540977890215,0.5407300003279167,1.0376303144447567,-0.2514204414928942
-2.192609751561174,-0.36405196505430165,0.28002200637880603,-0.10421889272344863,1.029521848707818
-0.011281246765577988,-0.8984900740371552,-0.6359489545956398,-0.6647038456471533,0.21079331325392334
-1.693116275415837,0.4300218527021463,-1.9873039678448852,0.5264024578155773,-0.29590322802491537
0.1982653055596894,-0.7802113290412435,-0.6735147779942448,-2.0085371631068027,0.5390671207521502
1.486605889519458,1.3651524756734579,0.1318106357711404,-2.557695629266533,-0.1286088857315454
1.736147740747135,0.8348259835248368,2.2081242749536742,-1.286427015130146,-0.5609064361787639
1.4482344306707913,-1.3888357118588732,-0.8685858164301365,1.3933719388783383,0.8342583613355125
-0.36367022621072254,0.3406852932433793,-0.5384222057661853,-0.5256008590043112,-1.467578361559425
0.8042270709180376,-0.03797400865008084,-1.1338366963921174,1.1378852458717548,-0.40770971940209005
0.360351851426853,-0.5881044226698194,-0.35842182835111436,0.7206703544487418,-0.3371976248367931
0.24681721829328782,0.5420035420013315,0.8968995310060752,1.635142289284939,0.8298030107719822
1.445214344794283,-0.12842537589781783,-1.277779189276045,-0.9358129877444393,0.9504325641020898
-0.6534874650219044,-0.0797049487210726,-0.3598199670835775,0.25174282028742384,0.16662869669776134
-0.939524737483309,1.6805187712130494,0.39007840928738824,0.8804781014639778,1.271504933345904
0.40188482790401736,0.26826056697544204,1.2004109639422134,0.7382554296049146,0.35656719201717874
0.9393523748117861,-0.7173781891688025,0.6700686297282621,-0.4731155603286972,1.3531478775453318
-1.1379304846885672,0.8697867801745325,1.5313012997262192,-0.767748320387982,-1.3894698337911604
0.3022029487953774,0.40603466414196815,0.8803390612113949,1.639703777737587,1.0814544069638146
0.909957871486853,0.45837904474479213,-1.0416983113072904,0.4598875860911283,-0.3225367146769985
0.3765996811807027,0.12390022787301028,0.40507898827408345,1.132425720101189,2.296914631234166
-0.5874232088770924,-2.0451378012580865,-0.9274107547476439,1.867298117082217,1.3191487441747265
0.26733554498466533,-1.0733033186300334,0.21520037644825832,0.3467740074053282,1.6277391755653887
0.832550408879432,-0.229851425856437,-1.506343698604761,-0.47542602789805866,0.14607648427828288
0.1705285233734658,-1.595052989230825,0.45056327431153664,0.048444536216737145,0.11252550720501568
0.3844773842664858,-0.30200955944088104,1.2095166762939829,1.411614705818309,-0.6597788972127926
1.904100824809053,0.49978444311350995,-1.8824091346071663,-0.3380371591065792,0.22502663456452393
0.9634387078949456,0.2915504473089592,0.4099945358061417,-0.19793758161502964,0.6758235654631466
0.6749977734134984,-0.9284240905614365,-0.05462728972062961,0.5730445756655081,-1.50929054321578
-0.8387957687434169,0.36141148205326684,1.3069423086064713,1.1589601624328392,-0.36778908398530097
0.26860875154348396,-0.10790072371183267,-0.19051490197006285,0.4350665054266854,1.2207004793249823
0.6539024741330473,1.1344257846298307,2.927231971834109,-0.08022046927514054,0.26977508868124755
0.9521892385278621,0.7974083037520722,0.4287140698826211,-0.9175155357238063,-0.8329213563811888
-0.9139361635139146,0.16575797209270246,-0.6250850800235762,-1.3482637499193117,-0.9958135625736456
0.9109550583006142,1.2078950662103134,-0.7122985267043735,-0.32874298512500294,-1.4984059845525637
0.4376335680238016,3.2153539021874837,0.6955152598518292,1.052714265827048,-0.07763957107155363
-0.02086554958451664,1.3526958399792837,1.4275140373645756,-1.1335570206142263,0.7410836412011572
-1.6438155044911835,0.27013571431154365,0.5911056673559467,-0.404714114437593,0.03200156286924046
0.4890958611998646,0.6682763499621838,-0.8304306065621819,-1.1305387087830803,-0.5138098014134463
0.18928364141762377,0.5155281689258802,1.369306258716077,0.5540272308226472,1.0306423037438692
-0.3281466202811702,-0.19390102855640823,0.9427958059138984,1.2635880378016677,-0.7225318689316839
-1.103664684646433,0.15041977252115188,-0.6300214597187116,-0.24667083424903352,-0.551119685880319
-1.0925429834236977,-1.168669622126622,0.12969093369309825,-0.4671394871636768,-0.13162961407964158
-0.9363967397181748,0.5652689703290489,1.8047641814967073,0.6638101286920698,-0.08301056105197763
0.562807438334777,-0.9316802452003138,-1.3582226472773231,0.3443761357239139,0.1776915630593825
1.466716789529408,1.8055323836357715,1.2385892454674015,-0.1992401642232583,-0.24855369804112734
2.0445811043165465,-0.5492672407239413,2.681824744024488,-2.095020114412353,0.5622599455520909
-2.1221461617477537,-1.6450692515689544,-1.3045106285088632,0.5337334401707019,-0.7046106630637378
-0.5858468472500761,0.15078386276939829,1.2340309282673037,-0.7815193520494993,-1.7317800094856637
-0.2985913406723219,-0.9212339918735406,0.08983019024430171,-0.21301117019459517,-0.5878842951329377
-0.7537545768726431,-0.7996292582858983,-0.3723575758445635,1.504691023916928,1.3726943340205566
-0.2898847765781465,-0.24978153556447094,-1.6294457984314794,-1.3199819006256157,1.4281756278565936
