0.07472598584752768,-0.5730238277954837
-1.682556488703978,-0.906632007799865
-0.6523493132877929,1.5515180701084448
0.4937555909323135,-0.05400193853337021
0.5210676422938513,0.3442414680941686
-0.12667199754152114,2.377883794694715
-0.05578576371838721,0.2988604481284977
0.30656659448955553,-1.3956887574764798
-0.014562331183604742,0.20373162734253705
0.05865657936798577,0.73644048190591
0.9913037926670882,-0.5139177907449121
-1.6213746204792843,-1.0539002098814045
-0.4171786363424028,-0.38392927063260346
0.012875210413583167,-0.13548457862124041
0.48510129488301273,-0.9247641719994841
-2.150358527303411,1.5151279270268583
1.0110588598247259,0.17590088769364964
0.5312875676416009,0.7152043279407891
0.4229055667907916,0.7656904342484475
0.0959273394099893,0.8388046345589136
1.9079882755595758,0.48241951848243836
-0.05038292223944064,0.017179704799819735
2.738826048403842,1.175433984271531
1.2044638650970416,0.5755411886352694
1.1009258064158849,0.6372706307548894
-0.26142530069438297,-0.6678214518387573
-0.18661078572589945,-1.2357031360429507
-1.2237508525204053,-0.5568722529393304
1.3801324717049925,-0.38037446203417874
-0.22633309055037246,1.9681943245229838
0.0031190182443361658,-0.8652817634696214
-0.45459834668187316,-0.605044615020349
0.9266868456227061,0.8458244085163704
0.30187300196294514,-0.810122981411893
-0.6724224908774461,0.18421292496547323
1.5838247370769485,-0.2376783063953327
-0.20205662501109892,-0.16511792121067895
-1.2332238324385596,2.703568008094457
0.24127955103273924,0.5284723943332252
0.48793146751520916,-0.48885750120251037
-0.863085662505533,0.9630043727833211
1.548632311097454,-0.04648754226915547
0.30552813530037054,1.8639875895520144
-0.9208704044813544,-2.0796417166911825
-0.2438104108038672,1.9831534082387183
-0.4344433049209472,0.1863530559403008
-0.43145351287711986,1.2440476845385895
0.23147368447191818,-0.7327009638011236
0.8438303767049982,-1.254122026169987
0.9131840301991996,-0.15345430368636723
1.334179515721591,1.8675616146534817
-0.013049054733069209,-1.287543574562405
-0.7491941550870516,1.543164541098284
-0.2401973261867397,-0.8224103874571563
0.3321778230542317,0.842774145237433
1.1334329090498223,0.5193122253417689
0.3762900018925395,0.9993616861441156
1.0486495601230024,-0.8428731578960095
-0.8007299100904374,-2.8893437353837514
0.27587700297808737,0.7699290199203387
-2.1218489715344298,-1.1193038673683762
0.9091096039264307,0.08130550493153389
-0.8671167196090981,2.7703843011456595
1.7788195675893463,-0.01412358994754282
1.7066814435363284,0.8382192277278872
0.8748406160133694,1.6352842452858247
-0.41836447018163286,0.9132150852251733
0.9884505147891293,-0.35548721867603206
0.730269811212299,0.2781983274135342
0.1374278181606887,-1.2959885785910883
-1.1471444821705448,0.9725439547989148
1.0070199282053272,-0.4128930232513419
1.5424662791331896,-0.5810980861734186
1.2680833095078052,0.15812653946083755
-2.0165581076873482,-0.9259658631513225
-0.9664638074066041,0.17687558345975335
-1.4114047303898412,2.6428170610448967
0.8643899187114445,2.1664584701267082
-0.6805818152869904,2.067692850022433
0.3922451391027754,0.6015366149830592
-0.6546302529204314,-0.13660242063676034
-1.1772961125211676,-0.522491772099793
-1.5665430516501941,2.070298103348242
1.6699634370691359,1.4488000119071884
-0.03926429455614273,-0.8426981137256665
0.2504384755214718,-1.3881725106942655
-0.8966548122711324,0.46925875066031264
-1.060282006992767,-0.32245244931458383
0.3831367477132897,0.6877945543485952
0.6927886334963296,-1.0477270987212368
-0.5895907692475683,-0.730518491528993
-0.3007831503663349,-0.08561443022798128
1.016554815153893,-1.6934152719958646
-0.6907333239191906,0.6166889011573595
1.086033759396234,-1.1061044464283973
0.2628963555732416,-0.22563258402677785
0.929530086954101,-1.9743054367480808
1.0473727604318375,-0.2937020334331689
1.0270857760979504,-2.2722781669915673
-0.7230033937404333,-0.12619319578313645
-1.9217430818844585,-1.266627296418981
-0.9316963715942986,-0.848506903039649
-0.8673357185685047,0.44732077107935914
2.30967386303156,-0.27683408960764766
-1.3010710956515426,1.988401765904006
-1.048878272368019,-0.5480413759391022
1.3273654372851518,-0.7585651692236962
-0.7954048019720092,0.8200707447698974
-0.9262770027011085,1.693655455235929
-0.5900328192613931,0.6065356387811947
-0.30605425210977505,1.1369175630062616
0.9200050175272751,-1.6408207202568867
-0.29581594919113186,0.3642978138465979
-0.15356382757829876,0.15146721692137052
-2.0830049314531593,-0.3142292319798413
1.561062133044963,0.19248767819599305
-0.03443375480296028,-0.6444604289193726
0.4032633698173431,0.336678615262635
0.6352396016736686,1.28108252530684
0.566203011472383,0.26660613791563725
0.024606586657103517,0.9949931582969176
1.6040920547549817,-0.045260061938768116
-1.7237766043407396,1.3542353822124558
-0.2354550031984204,1.675256467409826
-0.5027275438628184,-1.3969055292378296
0.9027411201554595,-1.1586685238396415
-0.35992172763295727,-0.44004153791514616
-1.2194202757418722,-0.8309410818231792
-0.2699602990340729,-0.9416970143412369
0.3381219534123116,-0.01212054238757386
1.8964947261001721,1.5112929081174094
-0.6649926480779728,-0.3112998635485499
-0.2425629206386567,0.8989226179928221
0.19530811534636627,-0.11666668796593185
0.6454192012713342,0.05893278921254045
-0.22599399917585916,1.2172663503699608
0.7857056231321184,0.5518703769225222
0.18217212751886674,-0.44477063498919645
0.34456788370118496,0.12909330310080477
-3.203955935638159,-1.34610668878322
-0.07474753163809464,-1.7838392481186014
1.0625096230602296,0.2566226889149647
-1.2680888511077566,-0.5715725980923323
-0.23668295179612142,0.17941473514848807
-0.49041989667605673,-0.7129247509893308
0.3596121620910161,-0.6994272368955123
-0.7163228053766809,-0.28029961350981375
0.8525865896990992,0.5335664120144323
0.06274624732112492,-0.006155186696973776
0.274952602581214,-1.3067507555583373
0.8154560679399664,1.7251015142940982
-1.6443985324193955,-0.04638040569577767
0.33659785088687805,-2.0179069948657347
1.4896014168716523,-1.784034811909157
0.4118348955282079,0.5153682136006189
0.8260803077967152,0.5085235902705965
0.6431686222008034,1.6893668511494728
-0.8325461060405086,-0.7385715192805928
0.42121814962547227,0.8636636216355873
0.2928201217468567,-0.6331290634079666
-0.9142410193161102,-0.38611930675007766
-0.8153985496855657,-0.3140849325179743
-0.013421183065143947,1.708779539909035
-0.7169216815563979,-1.5032933226467404
-0.9727162209723238,-1.4325370446305121
-1.1669727114968897,-0.8245937216465974
0.9650376193396962,-0.007610466971467249
-1.030148489263598,-3.138261874663839
-0.6634606536076425,0.15793366632482736
-0.11795713422485297,-1.5427084543962273
-0.511320600003957,-0.4264191059653914
-1.5150525766092684,0.41577317476201175
0.7162766569085219,-0.11742354491078048
0.5168827408111111,0.37627073210759054
0.8962925555943696,1.8706618345339017
-0.012786798993282179,-1.6745714725719845
1.882051645942733,-1.7596628562831735
-0.8273930891331113,1.536341169006403
-0.4237424547432863,0.6248343278691356
-0.7878054101882498,0.06405439054685101
0.9811736614364134,-0.14361878489002203
-0.6927673540083066,-2.5080099716473145
0.24614941006605037,-1.2056701397608172
-1.2451420701951559,-0.04965583036372438
-0.95962646664855,1.118727556493226
0.6692569896506251,-1.3479449540708452
0.743348104710049,0.4744135905401521
0.71511411632245,1.5856644740324373
0.0016260112860831347,-0.9847053438315472
-0.6558558443412434,1.8882246234882456
-0.8547062913281839,-0.15334385825067035
-0.1414618788931431,0.5190684106229152
2.6692524646302638,0.15997309697596415
-1.2192226713172778,-0.9810471099428346
-0.38082426505651434,-1.1651681582876134
-0.1261149065084286,-0.04989172359319828
-0.9923821252791771,-0.8924191051040908
-0.7689044302503534,-0.08880714153788645
-0.0354420392379164,-0.3327132750353818
0.3803598254034317,0.9176446462150267
