-0.07986181356315247,21.097727934646038
7.305378704267188,-6.474655306822183
-22.12096583356054,28.223963541253685
11.947811777982995,13.184040391198488
-10.265528612342342,20.654153648696017
27.736907419253967,10.182776377255045
7.969570355434282,0.42674352122089754
27.515126884581548,-22.04950438191945
-16.255123508833126,20.857984327739274
-10.343767565058902,29.81786276692946
-7.12568530429709,21.462204550860314
7.004987374495949,-4.490577064598252
13.433933543525303,3.5855510457815836
11.00698883448727,-0.995038772674042
-12.498343857092783,4.502132520097501
9.561375641337378,-10.888403585366525
13.807868183972264,20.51166126061115
-13.530495002765598,-34.22107926751682
-15.174122995621653,11.88291680374882
8.90064182386874,-8.152010157942822
35.03400733485148,-18.765589160491903
6.809539515368307,7.543356373753457
-6.498632368538223,-10.826605315235607
-27.194419579606578,-14.961243181248122
0.2527248637295907,-20.577682559382154
-1.309835163645301,-29.819450217065658
4.945665602618543,-21.409321112797247
3.5931965515197497,30.40947771029179
10.901826609148772,28.42798716940821
-4.6411765372941876,-21.141406530295168
-4.975066702320354,-31.503683272946887
23.0213810907696,21.83670878877051
12.060759449214867,2.457375103800636
-41.326337849805846,34.74071434049871
-18.064644379196675,-6.329212522439332
-6.024768862565275,-3.8552862926589766
-5.337193299876801,-9.932701183515997
-3.5876595283997332,-8.84182267607402
27.405075471311232,16.229657763263713
3.96947184117675,7.148092635332459
-19.88277520872267,-23.551016799451787
-23.665571849960507,-12.703617412067594
-13.347327544556817,-0.25747115269890797
-6.627816922615037,1.1413511434808186
-9.813409238702054,19.68519497202472
7.321182329014917,0.05354649162299907
-3.730538983144915,-43.51026457173178
7.132095440350284,43.83087339774038
-5.219999888193312,-30.196790563021704
14.569732430828477,-10.143267908486647
-26.720425548386313,-31.072406941097988
-15.157936122357723,-7.651243930129866
-12.088081272644636,11.091094295351041
16.807060824545662,-9.76180176400771
-26.286720509993483,-3.1122604643476808
1.7379306749246037,4.30680415630428
5.775593602681141,37.667517000109456
-9.65063749542925,28.899464380189993
-22.65178504559359,-6.676801288181766
4.224905867157822,-6.2783098409918985
-0.43043552028585985,-6.935339963918585
10.148361226635448,-28.052772858902287
6.965920342284075,22.50969544520488
27.01252131225821,7.972147778672884
3.925020984942428,-23.615402138631023
-3.263373211831138,18.024801437612386
4.4044535448637365,19.958402989454356
-31.377103160848804,9.045738532312335
13.026521940910662,-23.59337625056931
2.25899783388767,6.045848894302742
-10.974050716317226,14.44090016408625
18.317243671531667,23.346300948005297
22.99511022543416,11.99451897769696
19.619316605495776,-13.874772053664197
16.23616470400534,-15.667103507481155
22.103124857888723,24.90608174214656
12.757763359388537,-0.38406562922223264
22.930757534460447,-7.493126103161472
9.518756091812204,4.837121335882142
-11.798021228846302,6.210403831757204
25.00644838992495,-6.954503161517721
-26.481228125659584,28.311621905727982
-14.034307566627433,7.864762563822822
8.794513279434042,-0.18110329973072492
-0.18074922703798113,25.702678018675922
-6.5317372456066565,-29.146581614326273
-5.12180054761502,13.244323412585448
-12.135945092622617,21.529351561869127
-12.221108408822158,-3.2871683305795525
-12.7147296147469,5.853808570869029
13.809579790912997,-24.389662708279186
-8.556879060287603,12.56862785522124
8.224953611277956,-8.908967797069451
4.611376782496585,14.700516620320457
-30.65829695232199,-7.522886000437432
-24.232142846072808,21.148973445683218
-11.05624783205942,10.649538293686836
-53.59716446445142,-27.701040662801873
-6.732942416521655,-19.244141429273004
-6.72614458136606,-15.914960559452101
