1.6371215063098352,0.06869593126599004
-0.3835958477449773,-1.3556190380614783
0.11859985250157266,0.44083356332157253
-0.2926127416581852,-1.4808170727128376
0.3096534928510627,0.3259982661858049
1.0376377519476283,1.6551422845130603
0.3554346806663408,0.32006364638079415
-1.523151258274197,1.3685663336942797
-0.4152799039827486,1.0342868734314352
-0.34017484752807386,-0.5223605486793278
0.5450808486080801,-0.7656159408579046
0.06588445897006008,-1.8009580169892674
2.3819927123620634,-1.7678589103437012
-1.6285459432566396,-0.4999510236322608
-0.23123578134054074,-0.8101469634192183
-0.7617068420123204,-0.7554279720110312
-1.8275582385286733,-1.3938742416878063
0.9023078361834813,0.8392942606689338
0.10898399283079194,0.3551220158488778
0.7563937388840553,0.22665442939817257
-0.5758147446011389,-0.09725523087984973
-1.438101449126143,0.7863482808588496
-0.3949448627793516,-0.29373968253417904
0.44576226817943704,-0.21668200274511065
1.051200377696681,1.118654700285609
-1.435881653807465,-2.018906762064665
0.4232858743108258,-0.8800509216936173
-0.7840268486125975,-0.00878445336000617
1.97670514626117,0.4981354659950662
-1.6801032202829378,0.5272029810604011
0.08261869711653576,-1.0139222869589044
-1.1537122088098137,0.015320190354624032
-0.18524535563490213,-1.005789926337856
-1.0450231045552731,-1.4197870943962982
-0.191193773114872,0.4944492759717675
0.5679605668423697,0.5487527017303521
0.8946100822677157,1.5321405548094051
0.5293464029087559,0.13010536551638407
-0.0012582673286809663,0.5013825956036904
-0.7496192298973896,0.2514965490501933
-1.3286868425038367,-0.12004012637356724
-0.36766900886465886,-0.9222373791881854
0.40288996916679826,1.4986651016489918
-2.914886309648434,-1.28667079619157
-0.9712725775928,1.1072895924761512
-0.21710279545415206,-1.4550387517929384
0.6541141427121608,-0.4401812808691606
-0.7030280683758228,0.3146159857435321
0.2634118248328687,1.3517529649429731
0.4544904096523014,-0.8458045678696681
2.0443446811644823,-1.1018737918488801
-1.6326852024140022,0.6568887103615642
-0.4215911807425035,1.0989076058029545
0.7847262445042212,-1.094720464999212
1.2964765377696599,1.2164468126198662
-0.7056115440306946,-0.6890052365636308
0.9410751380830056,-1.21651084636087
0.6973451598162593,1.9133159782905762
-0.830679807167123,-0.531209797629051
0.5159964956028926,-0.13171221208725445
0.14410886105841328,0.07884835625406933
-0.8759744413367814,1.6135015772418608
-0.7803770665252197,-1.3185247595300196
0.961954142468166,0.9551023973010544
-1.419862098809319,0.5000972865449921
0.06655521694569595,-0.8451334785994103
2.51619787938288,0.05225981053437652
2.060609149460468,1.4671230419074688
0.5531470835502792,1.1287051959609409
-0.10248553456212033,1.7476325057604813
0.2674153875823892,-0.6105906088638582
0.12613403675672924,-0.8661815992814378
0.68389933249757,-0.5355281104175503
0.485331309783245,-0.827905037919529
0.3598815891957145,0.008944403455165862
0.9362478989825145,1.3483691678035403
1.2755802211774003,-0.5786692590021837
-0.44598411413995487,0.6563980201916199
-0.14261441028688582,0.8965104692553635
-0.04368316799673269,-1.3649057932292976
1.4044590134220172,0.5225418565322889
0.8847572075970608,0.6688289917813115
1.2373989865173314,1.5743675869534628
-0.18947096650871126,2.386852190877021
-0.2719493831212182,0.9279358649245183
0.2848556357424347,0.8863318946710832
-0.8562169457050607,-0.9066031763581269
1.9913051546199358,-0.15647015671325065
0.7892196968595607,-0.0368241004544096
1.3411911486915251,0.696299170171894
0.38123027624893263,0.4870755200947398
1.1716887762235826,-0.6510842538041187
-1.397041425737929,0.23856641142018634
1.7618933311778435,0.4953005807183369
-0.14268376084254883,-1.5441781076013403
-0.842444520841121,0.1044748183754995
1.4498754494994432,0.26173889730925265
-0.42766463814761485,1.1617752142575157
-0.005070474207553632,1.469698642535765
1.1391847103770476,0.5229322666186256
-0.1811488508707693,-0.21125041588775476
0.6931886672873732,1.9421210652555554
0.6672229645685888,1.9712597580189763
-0.3421378990929176,1.1627899223080025
0.6478904011681698,-0.8192457505337157
0.5182502258342695,-0.5271353051898017
1.0184446128200222,1.1616723516146594
0.17696027617116813,-1.8782444630777
0.6898607579218188,-2.7218805473910894
0.42268195951437465,2.1668998951074645
1.0607370634771431,2.7264396802015667
-0.8315732142083937,1.1435622664756608
-0.45192419161306013,-0.9176826431635762
-1.5529734346930646,0.26783468480100325
-0.6516159124660624,0.7970792778633112
0.8263290185188347,0.5600628317830257
-0.05156046298562756,-1.141666078123196
1.2515702123702135,0.5016832151393535
-0.9479770644512536,2.2758494647975542
1.53983061466071,2.165033945195054
-0.4980027876800349,1.324279163291048
0.03065516794901878,-0.9845876656950772
0.2612228890900698,-2.830378738465245
0.7352264108172637,0.6103857234850434
0.8841610405264122,-0.5275056393869767
0.9309351482579398,-0.7285568966274881
-0.2534485524404053,-0.07422220251039212
-0.5909446467262112,-0.29160084954968685
-1.6476983462760848,-1.4747740534078309
-0.9310837652026255,-0.29961659775839367
-0.4495980254310928,-1.146732511535844
-0.022717340679408306,-0.8826612796347161
-1.7610785593679437,2.401054387539576
0.8260901121225739,1.3792234687924956
1.5133750189733268,-0.7094611116362421
1.137798024084086,0.42305174198547785
-0.2579197563861688,-1.1736481568141561
-1.3706246468694538,0.41223988435785053
1.1700594319196944,0.31911032955888863
1.2674965746039315,0.5443225548150008
1.9347021157424584,1.5870455738735703
0.35544938797693315,1.6077119398335682
1.003572351447343,0.9679657353624171
-1.5160504536285142,-1.4729950347811205
-1.2258504378961628,-0.6944168736292358
0.3145029896769391,-0.38756934801337545
0.08974196600386648,0.11133180995767519
-0.8413735622504457,-0.1409910847593509
-0.34810590590793444,-0.2072015034644233
-0.4550255462980011,0.4192118779778078
-0.3639852051423174,-0.09784828530060552
1.8700073688933319,-0.15448614760817603
-1.5565052456512847,-0.29197620133680446
-1.3147262319775435,-1.248961245483825
0.80800280472435,0.37475338854371865
0.762523973276808,-0.5790912144236121
-1.6587088094129547,0.8401131017435548
-3.0406467135534525,-1.2121516742516698
0.019812142020802694,1.1494426664207553
-0.7901191350032685,-0.29600975777272587
-0.6272225528049581,-0.7031812974644575
0.3614191707263659,1.4422277654794076
0.3206939472770469,-0.5044754211251826
-1.247391678402194,1.0911984593809072
-0.3073350964238782,-1.2776689480214865
0.2507931451704207,-0.16721309541751866
-0.5516283346319242,-1.285804807028953
-0.8813858766681522,-0.17681917350303544
0.7653118605580327,-0.4339236112067663
0.9063564979067257,-0.49562341281544486
0.15569308520350333,-0.3400080638298828
-0.8718023513735611,-0.0531992497813741
0.8258020725479137,-2.2596919425339954
-0.9174380497478912,1.5646699481328665
-0.3986384184475879,-1.1061606355011167
-1.5051543195244605,-0.466932802584189
-0.3380162059055963,-0.6531373734044083
-1.2283777250137702,0.33190586646755665
-1.105137332212285,-0.6113727492506533
-0.5509125460246755,-0.6916339700022521
-2.49946247604077,-1.1876309371433276
-0.26776045320037833,0.6449242144252615
0.9586373180466778,1.5467917327284844
1.256531724213409,-1.903111390018055
-0.4890717578727596,0.17829712946595994
-1.5495297388538036,-1.4384400696625463
-1.7090644521938878,1.7347825868915863
-0.9518526081660592,-0.14912055464075702
0.6746588998146399,-1.2239635796236599
1.4790366722396817,-1.0262267484579137
0.37308214746746676,-0.17578584853452497
-1.2995463861430976,1.6124598495901348
-1.130997297325554,1.284722872707868
1.3920599961677487,2.8548795078688407
0.533448493160713,1.3353001971357437
-1.3285469549455433,-0.27012082061650305
-0.6246777803840232,0.7081697648246935
-2.3996104851862463,0.1762577236315955
-0.5185730602118451,-1.6049555853865192
2.004907652665377,0.34796714929750305
