-0.7390561274299425,0.7264984802417815,-0.9321573062840603,-0.43978847909019897,0.9744612113140523
1.6806929141833666,0.9753317778050684,1.7327046964968524,0.6465570004274208,-0.6947054052565323
0.451137921317733,-1.3430089858305543,0.5437026814316163,-2.4780854368885628,1.4507573848293536
-1.8304983549053686,0.9180557465949813,0.6627485164283399,-0.4712898225695926,0.697045550715101
-1.734936287530614,-0.17759493196613035,-0.6166788299073966,-0.9727850466286189,-0.08250589823802494
-0.4550725842367173,1.4448373047697756,0.7155175442935566,1.3961037600871204,0.11505057944130744
0.18941878985336916,1.5403200785472235,-2.1461732430819773,0.4900792850760036,-0.6136262215845865
-0.6709878486265454,-1.342236953145071,-0.07609315873671159,1.3532393382969163,-1.7656042630996711
-0.011630149634807602,0.34482540106795284,1.1426803164771417,0.2042529559471222,-0.6396414762810909
0.2990585165550069,-0.2530047507228203,0.04521250165505673,0.34219200038304654,1.59788748114355
0.03775194732592516,0.30367033056707293,-0.0071748429235807005,-0.8985244210095985,1.0390376692444039
-1.3797947442956229,0.05213195541888121,-0.34718891896984844,-1.7514530083418227,-0.497312495321694
-0.6921124982607204,0.28440454999840176,0.690370153756668,-0.926824792645671,-0.18781939972067008
0.3671337951370902,-0.5277263766395934,-0.35752968877522195,-0.1776948495857186,1.8019612092712696
0.6423673952670587,1.6163597366894549,-0.47597539120746163,0.09106425913533374,1.1573638719090718
0.3151400487021099,0.005462049103600336,-1.3901252794749588,0.40312494986339575,-1.053934987127486
-0.09153429230588495,0.3298578667444075,-1.992231275617039,1.225288189400717,-0.2826354591275538
-0.4650677580544685,0.5568313928135045,-0.7615295990091007,0.9472594116711368,-0.8922323644645123
0.2171858994722484,-0.5943949103548383,1.4909971158373156,0.11050111581148422,-0.07481844274112698
-0.22422985731573472,-0.31170234723243084,0.025247464120410706,2.234038751651535,0.9880367211974835
1.4340453168490568,0.2620387385779241,-0.04452283711228622,0.7276529591906171,-0.6312646566384832
0.28956161496700866,0.14721391568825185,-1.9687333024200953,-0.1494678444654413,-0.4811049443624095
0.05533580327465091,-1.1883283375269635,-1.3257492652636005,0.49825737449345253,-1.0664205892748855
-0.8666131344069256,-1.0162406862568016,-0.23763862454098217,0.19999146365245093,-0.17700867077705404
-0.5252605656769138,-0.7780546958903484,0.9445609787506092,-0.03249252890466756,1.5317877147085004
0.6792737327597264,-0.03276064209788905,-0.07129140330318579,0.7619175556523738,-0.7154565319822869
-0.05255566240227273,0.995023870815014,-2.238169709341248,-0.22778884013586376,0.8381583428702919
0.5822301162569884,-0.21014284061439964,-1.1568743548181968,-0.7478414252793285,1.2314540276763348
2.214858244062628,-0.3656362020473049,-0.7749879337907337,-0.8435780245382785,1.0352374521483982
0.986895115298418,-0.07755747197454725,-1.4700387027611355,-0.4158771129572422,1.0425370672808203
-0.976625448889417,-0.7361665877376844,-0.9651416034974023,0.6404646797062477,-0.10703276081354633
0.9032174784630158,-0.6441266101305357,-0.7669295225083633,0.18257297462538444,0.4826254392478456
2.060715980322988,0.2533542091619809,-0.766888177775531,-0.0070086601989488035,-1.441683294019761
0.497595784076289,-0.30007163413859633,-1.0035071786288714,1.7758230962654187,-0.18096429871836148
0.6869478877840438,0.08805150303837557,-0.9567376345141201,-0.12133077483212969,0.5032591426768939
0.6055899565445162,1.7260660948574322,-0.4038369791603555,-0.28375996199005876,0.8523468945050637
0.48182966427508167,-0.6636283991513731,0.319387916039795,0.2634026723549322,-0.8723871733437787
-1.4718001068913174,2.5862748718111157,0.8649408730771311,1.790222787643196,0.5750607259600167
1.1403662986311263,-0.12510299003444345,-0.2627255061922255,-0.7749784960407625,-0.6906884993973684
0.8269069320308565,1.0043457447592985,0.7245778524374626,-0.8109492116584728,-0.26498794545111376
-0.8151082359029147,0.3010602265254846,2.0342500276955486,-0.5730939902806144,-0.7354906967497536
-0.08334888313425658,-1.1028206305929764,0.5264675215803737,0.20849025239715324,1.4665816448820792
-0.2633886964465453,-1.3132525339475212,-0.13164586494850333,-0.27593090307173135,-2.946964530354867
0.8009157506219448,1.1208167698172882,-1.5156228818240005,-0.8659590388403482,-0.7766266029178356
-0.4488733163706566,-1.9476468169311993,-0.12405733522150288,0.47239123569875013,0.8276521005405959
0.17587415047347027,0.6422993245995965,-0.0710360982759042,1.385939438078549,-1.4969694090835803
1.0828271263743023,2.1233068607458327,0.3834660161576626,-1.150415119997169,-0.8764129661871585
0.5235840146151711,0.6466105118964991,-0.21315775032691653,0.4893196512964716,1.762331757826292
-0.17018309050977534,-0.0775020857936634,0.4383160049395145,0.4845834178793968,-1.5197937319546508
0.4362632551691171,1.9631214322097288,-0.06007500366532978,-2.3768607081302364,-0.8275303357174925
-0.191303163427307,-0.32180587122802057,0.692370563407502,1.0512646715963232,0.10002399879223715
-0.766047923144068,2.256396442749068,-1.3691964053953198,-0.7527494278140885,0.4959241155542523
0.5264036871832233,1.3738450652638443,-0.32254429002709206,-1.7406801178282076,1.3156937826917836
-0.06744328663570753,0.1450104303701316,-0.5192284462957276,1.5792459845468843,1.2360185047336534
-0.8872476543665753,-0.4063389350886035,-0.12882526644905665,-2.671112749555764,1.1310409251071467
-1.5671134204196173,-0.7070174543551052,-0.16112667521662707,-0.4325070530693228,1.0514023305149773
-0.3308203869636849,1.3430504828137595,-1.3103351542994186,1.3073012059461342,1.4534730758780736
-0.9188990676553535,-0.7836733560725551,1.8969852947083592,1.476268574179727,0.6428879152371294
-1.5521540311305115,0.8781258292302061,1.7389710366091111,0.5968985620355007,0.3377284116530496
-0.8311511722385946,-0.6135539800579395,-2.4273346441621144,-1.0627415326649687,0.605478489972953
0.04351895350179687,0.21254918863446218,1.708080377307879,0.20957088007452532,1.9255090875043237
-0.6938242859692525,-1.08689372659862,-1.0506543533768833,1.993841330505709,0.5199629078045713
-1.024647286767878,-0.6709440882639018,-0.7692144895673911,-0.047319809406301455,0.2716632476549283
0.9818125749565139,0.23055829590239277,0.1978605206501828,-2.304156729896474,-0.9279388208129106
0.6478550437282838,0.017583607071759027,-0.39989138799085505,-0.12066571121347017,-1.1379729871745945
-0.8263781088989379,0.5448794195678119,-0.023570532690049627,-0.08495845272440469,0.632323339666045
1.4030317870384845,-0.8008102323068624,-3.004732658742819,0.06609869301700785,-0.004291277218698689
-2.4258089997425465,1.1373543456339363,-1.6928990525495171,-1.329045601610247,-0.033286944599279666
-1.4712667749376913,0.8741441728166447,-0.7660456822818615,-0.2209211789893911,0.5656851608955793
0.7096614384000439,-0.9505620902747601,0.6038369243035675,-0.08299295289282967,-0.12874337160518642
1.3820605774560533,-0.05377575243265425,-0.7657951211278209,-1.0302075966962794,-0.7905787025138735
0.8826094946524301,0.48953868774743264,-1.4797340534593764,-0.7721861408812566,1.0100324205668303
1.5931762936650213,0.211607515257327,0.915183736845735,0.9130975619522343,-0.0713196696290311
1.4201917839810672,-0.13016076351261688,0.5279204188718232,3.0228849031786424,-0.3325546068870618
0.48138763696986814,0.02448686891413899,-1.4750899723581319,-2.189966401853437,-0.3870492131765836
-0.3988052868093511,1.1808936978216789,-0.6491497044100039,-0.6124134455695726,-0.9994229520710266
-0.8964873361915088,-1.9128867870739643,0.5703959127948587,0.36321842400811016,-0.05605679941495903
0.6029935702185699,0.4027047077696301,0.6524406133301034,0.7633687044959558,1.3727088745327496
0.22114593898177004,-0.18423859505818332,-0.7053993884557551,-0.4906979006812771,-0.15046202715788065
0.5797458467077922,-0.6086860456026624,1.0653262777062742,0.9483825536178678,-0.8499071679506034
-1.562098871368841,-0.7613597125053028,-0.1847469473293556,-0.4010053839676873,-0.5362667986295901
-0.4505744954878986,-0.9917891496195506,1.203435810865616,-2.04416717743364,-1.222983702999331
-1.5384208750301809,0.9743554786331455,-0.36561675963340573,1.4201936296447915,0.714938183862531
-0.2107025138391908,-1.5178169938766204,-1.5139454087781608,0.6153127099847643,-2.5954513103496155
0.7106471866107789,-1.303594565316065,0.25861974593621734,-0.12454671526081788,-0.3745185439999251
0.5131576765794688,-0.22477262049921462,1.0187045485055501,0.8865201318725898,0.6632587946104053
0.19875106715948082,-0.5739714989833369,0.18291434894914185,1.0497286542007072,0.7567476800336064
-0.30941033249545763,0.046888557768043446,-0.220679439912267,-0.6582538692732504,-0.2946348828829507
-0.836073707547823,0.8140260871408055,0.7528445889986782,0.5521883016845357,-0.8236392711156028
1.0530042606351309,1.4226559660813263,0.39941516609332184,1.3649709163246744,-0.3240384843376054
-0.7026757707882628,-0.007413278858178157,-0.5733053195177389,0.4614683020492829,-0.5899500594836089
2.012527690377249,0.18153248382087722,-3.1438643423870603,0.49946034797835714,0.6642840399779925
0.35783548413182686,-0.8664698547464528,-1.4081584267569733,0.07338830578196641,1.0011901524268343
1.107348792249383,-1.427790039835954,0.1343302202326461,1.47327051187238,-0.6369305235304796
-0.42421892787168447,0.21287549444933562,1.0697508326233172,-0.16790466923531433,-0.08321776191977621
0.7489524822215656,0.39526553071872883,-1.7850495072859278,-1.037623328562578,0.8146136018623062
0.6220363570065842,0.5932160234596513,-0.34243056852456394,1.8390029789500952,-1.041210165318673
0.6846734116450818,1.432006060580629,1.9524671297545138,0.8909015977816652,1.3389176971491081
0.14195652082964558,0.4088369820337363,-0.19186835407345829,1.0561755740404473,0.39967680054948446
-0.3180036921101239,-0.9284209234669626,1.7879335813740198,-0.0581011876187541,-0.796146436177465
-0.4464069184872361,-0.5128097691921077,-3.071274868610321,0.4778470662526864,1.0350305190100078
1.0608179653695482,0.16593897737096389,-1.7892115832080966,-0.8151468351937788,0.2132059368145027
-0.4113161585275396,-0.905275887723644,-0.9866457945829652,-0.20195708124107067,1.03386408695573
-0.16549950303837777,-1.1800391327082849,0.1626329086779746,-1.0102076327852305,1.637461395689103
0.2866207024815399,0.1893992582147448,-0.5475637746385287,0.861157576514188,0.17929733790120111
-0.007141030751119812,0.021906553036271977,-0.003984540012148431,-0.5489424735428381,1.0552212880319995
0.6503382761553999,-0.38485160035627725,1.5493958080543127,-0.25467398328929153,-0.37917070466755026
-1.5743101525229686,0.5719412338771561,-1.4681477671133927,-0.4613555783281239,0.25119439011067
-1.1071077508131095,-1.0500952481563446,-2.387428556561269,1.4756065614017493,-0.1271164710831709
-0.02012488840816463,0.9387614681175491,0.902192229149464,-0.43354536402288957,-0.9200138055247704
0.3310608552234128,1.075042758868254,0.4587064880064766,0.372695622383155,-0.23171131679977086
0.4270612868801617,-0.535690446662692,-0.500606303858792,0.43155880164972127,0.3205448304625519
0.4544779181711435,0.4638768405649729,-1.5295249136762719,1.9345170742184359,0.6644335342611479
-1.5446981165869598,0.5478404826645635,-0.3433788858969388,-0.9925351291658464,0.6388499358902653
0.3390380326322276,0.7360988256746976,0.36826536965423295,0.20498891932068258,-0.6590085667820632
1.0176615008920062,-0.6601894700694101,0.06267296123288503,1.1134946751716996,-1.4131827885179569
0.16447582245041845,-1.2877436445229944,-0.35939395774135025,0.2565439823680382,-1.7386435595530247
0.4535449564788728,-0.2983812107500534,1.401464698401682,-0.10712426589529145,0.09587084253736125
1.1559170929064637,0.7128016084612367,-2.1235464661383006,-0.6017938300755843,0.931413647570394
-0.33065166143857483,1.2386892045384486,0.1830522076931163,-0.6974156507328821,-2.267718512035139
-1.1276047301910566,0.0060071792342791175,-1.2503386082032015,-1.3272207835211673,-1.1350969626996492
-0.47389104511168967,0.4899257271946724,0.9045708114972625,0.4281987853895369,-1.6042463630011907
0.12755349229409865,-0.5279039982158293,0.45970082772366117,0.6645504444279088,0.28068929488880984
1.5797587733267806,0.13047816118760777,0.6593110625383616,-1.1783389551723662,-0.07404887806192494
-0.1159276460384714,0.6771859499874064,0.17821359875089068,-0.14226199068734674,-0.1768995143918299
0.11907688235439366,0.6166657678289238,0.7362534912558355,0.4942956943386777,1.1026908123244308
-1.7042277899476395,0.12487261826980395,2.295282618677113,-0.8104931362844696,-0.5282644110730434
-0.8351059642762176,-0.7304553648462857,0.34220733543897086,0.4429007018072828,-0.7400584123791437
0.7956054089158529,-0.004970352434000932,2.3577503621136184,0.05966679318327813,0.2507170655929329
-0.46989513952857054,-0.31723369089602466,-2.112651052545962,-0.43950254257705684,-0.3592904866299026
1.4622913654744172,-0.7371532925282067,-2.0578997375177743,0.029168684959503966,0.7267892221026788
1.6128138268736012,-1.101356595109586,-0.8404446403926017,0.10680986229558484,-0.389320302076407
-0.990592982981662,0.9630394563384219,1.2163289550712089,1.1399407727816366,-0.8675655795751522
-0.08013635796815195,-1.254986541668965,-0.8735400330230783,0.2822490050932497,-1.0160639703808056
0.41625378533302165,-1.2196202897064436,0.3724834019392049,0.49177947451286125,1.5940473711928886
0.32368528722391515,-1.3652562571860427,1.4004677933596974,-1.3780674031380664,0.9503871324348864
-0.13276205672073196,0.35854606475891465,0.27997940011741473,0.29967421550659423,-1.3480801551390955
-0.6724808177355667,0.2394301245251731,0.9269299154505696,-1.1441157906974917,0.975487441316098
-0.7318411504932377,-1.9108201694047282,1.6449214261918208,-0.04161537470236342,0.49543665477334603
-0.38386552944186925,0.951826048810257,1.301967890557595,0.83025287258899,-0.03157938901209546
0.7640295072272395,-0.7066779138897098,-1.8708723365467517,-0.37689054165512104,-0.44839101943365034
0.4369413708199925,-0.15378038284341022,1.343341669323833,0.2413058643570082,0.8813742982238791
0.5981763772377533,1.0201004484044285,0.4248425076616185,-1.2069898062786286,0.02222757471405156
-0.8955651452828496,-0.4537091385589802,1.0661278502913911,1.3466605624758172,0.5103319092482156
1.7051120089061502,1.0565018035609377,-0.06570959006720423,0.8290312691301249,-0.48972310407651826
0.878833657533329,0.555466561606282,0.28531053071973694,-1.1507124218816864,0.11433178072910308
-1.5340117496222818,0.035560688648326434,0.43875893511537073,-0.6126359850295103,-1.1315759297290022
0.3705422402164351,0.2696383729663677,-0.32357290504773334,0.7277925579650477,0.17098298737077677
0.2738668083315044,-1.422912059353015,2.106395918386953,-2.5586689665245066,0.4778423823324155
-1.1129059791307672,1.4497706478803183,-0.4492700500782556,-0.18031463108396817,0.011269840082959517
0.3862676129225525,-0.5747971431374623,-0.163212888350084,-1.0018008115859318,1.80192435180324
-0.5038536838189421,-0.684081821767535,-1.5489760741959813,-0.22557265933555928,-1.4384285024697965
-0.68933776692782,-1.4503130343172685,0.4072983615130994,-0.8617450439930371,-1.5742147776063176
1.0045873125933822,-0.3152672287680996,-0.35144394952207303,-1.65260247705448,0.8524335097818759
0.002459423658333888,0.7067261466999538,-1.1921615003970165,1.0876518347446509,0.6508050857385427
-1.2317143951498184,-0.9719169415546983,-0.5538211767057568,-0.5616181937974134,-2.0046477012302755
0.5402497235724694,-0.32577597115621004,-1.0027598399728304,-0.3657459162965529,1.0937155600893818
0.38628128596653727,-0.29612944885154224,-1.4686470913226195,-0.27272080316106023,-0.8490039974369851
0.5939277338839924,-0.7437183646323905,-0.7454285628027933,-0.887020059421568,-1.3410841072319122
-0.015739380176142688,-1.4075772817679755,-0.9038010801311963,1.14135307595302,-1.3335132280916353
-0.045215196807576796,-3.202531193112715,-0.6938527817795923,-0.8215060004404249,2.0381167110630645
-0.15363636355994645,-0.23895504677381887,1.0617446807813737,0.14185944282571644,1.1038596461407733
-0.11514642532227799,0.21969556065479534,-1.1957576225830828,-0.8117998291932446,-1.942899779858895
-0.10883535998584781,1.5202971065483843,1.35616477245061,2.029598753144163,-1.1058605372963535
-0.008759132739281575,-0.4698361355562083,-0.5025392628368825,0.15572130209134796,1.4450713644821618
0.3193041732849433,0.8556142614133075,0.04413062615411259,0.009164113111459973,0.820126297044795
-0.18489886143088216,-0.672451534269146,0.6697910250357666,0.32522841937855357,-0.8077637815294528
-0.4814766063026291,-0.19405095387588467,-1.7648816889996735,-0.24860719054853977,-0.7535699286823042
-0.2527024054201905,0.11941234538851384,0.6713293515172949,0.13640166561312017,-1.5979562326042873
0.881491005375203,-1.0645954081224642,0.4301491165010274,0.5865825953471417,0.3923303727643707
-2.131089017267695,-0.10742897657482987,1.6689029687302182,-0.6862543006961466,0.2172583225184975
0.4690392320008184,0.8427209626472706,-0.29658759129269324,-2.5396489919997474,-0.15361086849259453
-2.5213934378198335,2.4505790677089925,1.1496785870199813,1.7032338388925878,1.999256881150949
-2.4336817675739106,0.31608211527210556,-1.0347490161632715,0.4485109786516606,0.8504201470260443
-1.616582147954692,-0.8948890248619994,1.7363605401361564,-1.2595641123261698,-0.08438570549292074
-1.5546369082588982,1.2811222005752285,-0.16848895270333725,-1.112934627631311,-1.5131533510651027
-0.2515539782303751,-0.29123115771143543,1.5372427600497904,-0.915960555916226,0.7879851758834507
-0.4799329299253204,0.44315530736384234,0.9988898158019436,-1.6493306719411236,-0.08121817462693036
-0.3582039770156253,-0.06565560853526804,0.6190965669377425,-0.8195654673900455,-0.5942200765336573
0.3588740265456204,-0.3555287367338469,1.2557469203819784,-0.17019216015285096,-3.2193787570975623
0.6449021464873913,0.49163011578520155,-0.3950677510686783,0.6218323868550015,0.07669629158833781
-0.3799208139744252,-0.34661199289559275,1.5951751544161432,0.4417992254846967,-0.4107313627531808
0.0778971471470196,0.7339709045764352,0.684046342244995,-1.4633054052240624,-1.065651683452595
-0.6941658537954198,1.433664943014558,0.03283711020638857,0.009928477314291835,2.4747899461865734
-1.399138415542638,-0.9341599977950266,-0.30743874880253175,1.2845331632141097,-0.07021753161230312
0.35993802932875973,-1.4590358472217226,0.25615240966227987,0.28335076370890455,-0.2283755007169922
-0.4025104689363495,-0.5689291869903583,0.16090124076996623,-1.659968685890132,1.0081749254296495
-0.34917335619378415,-0.21852734560905768,-2.2375299585758124,1.40095207819575,0.7869404441402634
1.5585287796136373,2.31880489014267,0.6571508950540375,-1.5278687143766034,1.5909964264972303
0.6568938717560807,-0.3690545243464335,-1.7591062305710907,-1.0401516618414497,-0.5526567486724885
-0.6196229189734092,-0.2702630763899858,0.2869753180239126,0.19614368230363347,-1.2723529651847594
-0.48850989132157346,0.17789311790470227,1.699534650948274,0.9162645750403505,-0.3983120980419281
0.19509127734120585,0.020126135451166923,0.43171928168871493,-0.5372763764917425,-0.9986110094424693
-1.1214942250833098,0.57540101735391,0.7801446811036642,2.0302676479358825,1.6740745303542945
1.0144650065037646,-0.8454137409521283,-1.1794821167220793,-0.012944875396100926,0.3754934011460377
-1.0722583155474337,0.21842806156536726,0.20614208493237046,1.140317211613348,0.8986702206226562
-0.18283424184475072,-0.02321767979566513,0.31656867309616415,-0.3728930568477723,-0.9953884730466335
0.5019515837674912,0.9935921669261323,-0.4949571209853354,1.4529242452829156,0.8645757038108293
-0.3151603262872633,0.1896306703631993,1.86018227932018,-0.3077496014995454,0.43588507387793257
-0.4791089316362597,0.5697936113399596,-0.6790653458472399,0.24098691886045873,1.885904066581928
-0.5564349640843845,-1.110527914968552,-1.0421829025458198,0.6305358906510123,-1.2793860135242376
-0.8681472573379169,1.0852307377443131,1.592006106770853,-0.4627644585188536,-0.5917954185293517
-2.1574084259586646,-0.21506050299858678,-0.12244316110412204,2.1126367660983543,-1.0876529606678806
-0.5989900209705904,-0.49991735990862407,2.173666203713743,-0.19353443203696363,-1.006829635390755
0.7227666740661626,0.9372586024400014,-1.0727262873672394,0.27596089018245434,-1.7404309641032707
-0.11774257127050594,2.295598802663378,-0.46549117441849863,-0.05691844032205276,-0.8916325437300381
1.1521161823265536,0.09010557258833753,0.06747349921325141,-2.215674277498801,1.3785912248522925
-0.35149766101533453,-1.0258201067067085,0.236765345991871,1.1526991297316702,-0.37011941537491777
-1.0682943268832295,0.16570458064886306,1.0292729763804604,-0.16679810633803066,-1.116821700853007
1.0441357546278378,1.0023780983263446,-1.2969746892920984,1.3470465955889135,-1.1327941718780954
1.3079555598654122,1.0996944096307757,-0.18548877413678314,1.4719604469016436,1.1313738139173126
-1.061373934660442,0.8624863700064765,1.1970566892340857,0.2591831185043549,-1.8005721129174588
0.5162463255785357,-1.0306316681954188,-1.1032063505508878,-0.4701161834835672,0.5934646398765637
-0.5650685115911144,-1.7448932666369694,-1.3715163687737006,1.694453958863961,0.9640013409320849
-0.8724390434012048,-0.08831645167356815,-1.0677363400720181,2.17542670371975,-0.29916321936037477
2.6929205581779563,-0.010220365076393957,0.24906597924189672,-0.15035145001172404,-2.1206580966458723
-0.30166192057697905,-0.7070165668364602,0.2258149913538254,-0.5792211999625755,2.3093247535205745
0.9427132010236716,-0.44780332939626266,0.8704944131925658,1.5771019225791745,-0.8832225234995004
-1.9061697504039576,-0.08503686970796034,0.21407746455891233,-0.08621243610289593,0.3756618880562836
-0.383931802437379,0.5907318390705035,-0.44104899502862493,-1.7763934997279847,1.0924098015025394
1.4429579165388582,-0.42302297165791153,1.0320187645256613,-0.6016319323252961,0.07686023777921833
0.3556228620959541,-0.7635497217717354,-0.193737365952657,0.03413201214867465,-0.6344384023415073
1.1695016501238682,-0.2642901550440361,-0.619199822893413,-0.5050261525242263,0.15233191575043492
0.3695976873640811,0.6170771569696952,0.3356971287568895,-0.7353057289605348,0.2725880521613995
0.12215341239073305,-0.494990594186186,-1.2545670490549776,0.8726437655542304,0.5443220384550661
-1.1208082724961754,0.14605441928731433,0.8696136447542177,1.4028122481668885,0.7777556304308542
0.2954615464330903,-1.0281182039968413,-0.8526385063017966,-1.3973323923565233,-0.5746534211742358
-0.49096952116763076,-1.193140029803505,1.176078380260205,0.8655813047785704,0.16050892565126534
-1.9559058623465875,-0.21968749553057323,-0.3584746671845758,1.6845884106380118,0.6616037714984722
1.0389744894503656,-1.7343114202371828,-0.6298480937540268,0.5552254988258698,-0.5278948924567245
-1.4831995526972173,-0.3229241457687876,0.5930559018819518,-0.8904270332627588,0.14829017740774914
0.6903698019499461,-0.3865465530129371,0.3536262721494609,0.5528397511767924,-0.5726011054002357
1.3782510549688887,0.4914636326037446,-0.40944966212495126,0.17909881911442727,0.8707098195319358
0.923931340691261,-0.872518175621172,-0.7541588387423027,0.5661101696749283,-0.002744676574480925
-0.5224028759577637,-0.17095805278685497,-0.49689098899379575,0.8529742778454362,-1.0048670876125267
-0.19107313209024507,2.3796103384905556,-0.12336501705846332,0.6410951210893161,-0.21726111929633227
-1.4584540141272242,-0.13004403801268097,1.0151169846217443,0.35985076997179016,0.29773748004697376
0.5684142589602807,-1.8320150590845794,0.18382211850769786,-0.8392182488122255,0.7628752900114256
1.714202178052271,-0.37359562045646827,1.1785343740464969,-0.34124198467778205,-1.8072861034129248
-1.722541542641469,-1.1607662922710889,-0.6092293427407125,1.035594956257569,-0.21116374314438163
0.0157238343753421,-0.13123911792423845,1.164057307377817,0.9086923438326789,-0.0034402755651588655
0.019043397827289216,1.5235260552425318,-0.3176941313850683,0.13490948944555614,-0.46793452192840146
0.7855231070611578,-1.0892907337616557,-0.3192887049434945,0.41236369020025215,-1.9741149929178867
-1.36252263710225,-0.33739542373926723,0.9285429502675838,0.49115346353578965,-0.560476832270553
-0.44763471119588494,1.01643400648684,-0.781740959906685,1.0286667488683952,0.10594120068909334
0.7594318910046692,-0.8997489108426242,1.3328158010296522,0.2032208540806007,-0.6001774008154329
2.2176003969934417,-0.5329947918208728,0.5047902696837029,0.62282987932271,1.2361732495809477
-0.6114569984254142,-1.5641118640521907,0.7512903732119356,1.1210797333721048,-0.3469410824729858
-1.2544375047360083,-0.6980801031397177,-0.20403830869970468,1.2719667311229783,0.5692492868239949
1.3270166763511837,-0.7873362843452498,0.33390219981578956,0.25821130268923925,1.1738197216896218
0.047628226077708585,0.4101438979811713,0.2764141162951268,1.5791401230666648,-1.5965937007561852
1.5987154605999958,0.25760392951584443,-0.8067767725789529,0.33225255281006494,0.2881444236374608
-0.3088595148063339,0.3159756290840934,2.6070852689005592,-0.4696979459531076,2.5885247388862056
-1.0718215601135685,-1.0038331029338867,-2.2861757008613934,0.13997142381668096,0.43920942030285887
-0.20972117608540214,-0.16630568305468302,1.1860506592761713,0.3057983323582534,-1.539923765058062
-0.22127231329696648,1.2000983737358957,1.721331826860537,0.3657030826533677,0.3879735631312055
-0.16953752047162854,-0.6502949297843678,-0.5517846411766995,2.9047832170945513,0.4255571020169839
1.3017344753503481,0.8655134293335296,0.37753695415917804,-0.48966282561843577,0.6612235477678086
-0.9628855104034939,1.6037765092257388,-0.5302236566859025,0.8513603527526385,-0.3343570731305722
1.249898021866903,0.9905474444264173,-0.9102776386939483,-0.17463530912709715,-0.7578566655266206
0.6963524080198298,-0.20624542112708744,-1.3570462142542978,0.9316658543178146,-1.6401349828334135
-1.2150072902219369,1.1876502662068091,0.10102376958767602,0.4879987089323771,-0.3901886162142033
0.7612146040286276,-0.3977224429719971,-1.79099831499483,1.7844813876008956,1.2068973131485121
-0.22228605947995614,0.041593526009494994,0.4268243771745597,1.5830083392796412,-1.0300523050555581
0.6212441534030144,0.3947200857790837,2.1074051751959106,-0.8910950108050967,1.850146646234533
2.0446621890403027,-0.37113521673315064,0.9317973404246694,-0.08971123181951343,0.8300293990264168
1.510193647603737,-0.343517884497028,0.451644104965096,-0.41736540977119074,0.43800350996377907
-0.5282542692024909,-0.6715873885353908,0.17099639998415317,-0.8735178475275747,0.4625524279750674
0.25695830215084414,0.5730831890075406,-1.0831460090707548,0.6281492304572953,1.5082349256352354
1.2459233532114715,0.3014331833917819,1.7511584953639951,1.3507511491240298,-1.4765844795397816
-0.6962875499402414,-0.5881456576561477,0.5379978771119102,-1.0061763571417752,2.312246727674805
-0.705620321045898,-0.36951644533344324,0.21888725043552887,-1.1940281764704506,0.7340822823096504
-0.1828278658361284,-0.4466474236498543,-1.1132886209110926,-1.6410346666129758,-2.096478514632709
-0.3022348456717521,0.13612292982017277,1.7344363729526155,0.18322089215352552,0.008006035504982141
-0.9365776078979873,0.9627301354647775,-0.9565355509215606,-0.70209601516879,-1.103450603998134
1.1485402530324251,-0.5582301894359812,-0.7068969839768919,-0.053479593357875645,2.3004545582484823
0.9774240977006837,1.1382172659156844,0.303269470063172,0.28078305573469525,1.04698019113431
1.7028936494728792,0.6897420500012246,0.790539943272912,-0.5461157271331778,0.38282958730139255
2.4977709170040923,0.3903423501682435,-0.22256768022091963,0.4803244750494727,1.252268251797256
0.23657241082982303,-0.2686980150997879,-1.217112626793616,1.9958045431396632,-1.6635561650847999
-1.0770408514168357,-1.4261759735526556,-1.728625345987347,0.18463166621722155,-0.5431289072336678
-0.9144996303789987,0.5867980023459405,-0.15268258817211044,-0.6397693876931093,-0.45332260059331186
-1.6560852116868832,1.3121822878742202,-0.20544769231334792,0.4903926386689866,1.1876806185709343
-0.18237719474093544,-0.21678082238937524,-1.7395390739907766,-1.61589005987535,0.583847000978358
0.13407091411412406,-1.5001677428597051,0.2701828773534145,0.9748327340858509,-1.217386618216426
-1.4490442217962858,0.5012486229989386,0.013321683908616235,-0.8314113382009635,0.4711218027159081
0.9011596266590988,-0.17378432822226814,-0.37707259235834356,0.6358668821614565,1.0873674468022054
-1.1471658351732228,-1.616726914448034,0.34092828410291054,1.1510743108433126,0.33150183916982917
-0.8228240645106148,-2.5566531423903487,0.1341331443717505,2.176965331671678,0.7990252944101768
-1.5877244933286685,0.35048885715740274,-0.8300726446622261,0.6437242574860629,0.8494620656069951
0.08863546686643811,-0.706375549913136,-1.8977907592883159,-0.6444749207205476,0.3834286045983986
-1.5613117104526502,-1.592494375307244,1.1700585536988701,0.06778288565261109,0.5608277407896114
-0.35219150844448954,0.9876927419399326,-0.9250154971748404,0.25284810474651886,-1.4923850681524222
-0.4508479391903067,0.04113832794947925,-0.5859421464540082,0.42228568819699797,1.0831081071309587
-1.3656089443692396,-1.0634835644927396,1.1094929914279652,-0.44621091001725527,-0.41075690682583754
-1.715823871339063,1.0860596778866045,0.09602636626179957,0.04200137118155519,-0.42126062411650883
0.29292423508834126,-2.7008050118396905,0.03119143872773981,0.9548747719726747,-0.1370323979035465
0.24590086271786937,0.060990246821433565,-1.1462597803226373,1.8548572103867267,0.24361593065792173
2.120157742989096,-0.35728487719092134,0.8201707824818487,1.696434566382606,0.39871087068425687
-0.5891404618719783,0.014580418729324003,0.10662136155892851,0.8979900277949568,-0.9193691448601284
-0.2545218258540444,-0.16476745659825934,-0.6385253258175263,0.2931307655504823,1.4993326756649499
0.9055608392612473,-1.8256380230350953,1.4172825085852536,-1.3701431877774455,0.7470247824175996
0.7401236443067576,-1.437060527370425,0.9297652515727489,-0.0158317022551629,-0.6664329244987027
0.6350894118046053,-0.07876295148113417,1.130426827088756,1.0887540984919368,-1.5049491196487554
-0.79880835491566,-0.0490464925681471,-0.8270047702782454,1.3025758673102033,-2.46810293045168
0.301464013303306,0.840798270104529,-2.609998560130708,-0.019310666040979387,-0.21595407149636112
2.479554855572984,1.4247422125340536,-0.39398154452984846,1.5372464868556963,0.3869371505096333
0.9047893920807737,-1.0523650303697913,0.17692326524979357,0.7526479502656335,-0.8444097457031652
-0.8902778832473468,0.1115229158518844,-1.7389331396927827,-0.42951131293993267,-0.26901695202542836
0.4548857919906233,-3.8537708123236896,-0.010506341943401646,0.15240815210712474,-0.6913158422810732
1.11749693451397,0.2745203149344033,-0.668772585754042,1.3009086051242926,-1.2772098543065757
-0.34976266268376155,0.5619454581125933,1.6786780657550477,-0.3526949161007653,-0.4252428658498612
-1.7140227059824387,0.17668530833290458,-0.5562400946636535,0.28666851117212466,-0.5334009078255952
-0.3960386874118691,0.4924262923668788,-1.2964251618633524,-0.19208905945527896,-0.8928699658740242
0.07760914828589348,-0.49573566657572227,0.6987688948222389,0.27377518046550775,-0.7598465725256911
0.6705567307733266,1.0370555317163577,1.4464323410802538,0.3626401287167977,-0.4818730769415377
0.004326488520827307,-0.8192856047729554,-1.4082606233239272,1.442980681173526,0.006239228386100242
0.6243238988408181,0.250801889420965,-0.7901879301979317,-1.3442496196461435,-1.2558238764702805
0.6510035075817173,1.7158845813358135,0.49222697078072175,-0.7647708559635037,-1.1122203212819464
0.29541635392032284,0.4608947519769959,-1.0156690010917242,0.5351750486657887,-0.3320631763805591
-0.16232329542663365,-0.08483641029187697,-0.20872002223038863,1.3882221956471705,0.969981476590683
-2.273995460387704,-0.7370393292247851,1.5410762402213003,1.300078424901419,-0.7893900323719717
1.6511737277769094,-1.1550144683181316,-0.3732023069825028,-1.4532684014687034,-0.3133896536101402
0.26839228961664247,-1.2126335005650435,-0.7679810071135033,-0.34549989435465456,-0.1003247287979699
-0.9170196287770757,0.19934662347543924,0.630841203396924,0.2153957016542118,0.2656890792793764
1.807193813564653,-1.0813710398861522,-0.7237135926634901,0.1984839562028082,1.0650862403845194
0.0647887558823248,1.3602739274050164,0.26630992692192734,-1.7216479649416174,-1.3223404933462066
1.4072528363252477,-0.3326511611628216,0.39741780970886137,1.571760061447603,1.755063341465617
0.7310877565585644,-0.16874604710792107,-0.2130224822578322,0.16677842887686642,-0.9012619024362755
-0.9813774033889265,-1.6494638356434734,0.514449804331629,-0.2978667901562031,-1.1374283676825865
-0.18788851567419318,-0.5044937246436354,-0.12588937122794203,-1.7363735462850252,0.8194675538773479
-1.4305092965722845,-1.1904097483084806,0.4201156243544668,1.7397799516376882,0.847422109285495
1.443983093962019,0.6724585071634008,-1.2798760967273504,-0.5700989995311326,-0.4490566221335911
0.675168283107646,-1.1287019801333615,0.5437715966178087,1.1192119528002473,-1.0609231905779535
0.17641731487406276,2.2164584821859803,1.2615947272556343,-0.06491050078802772,-0.6031024406974178
-1.332538613425943,1.6802553565012688,0.4625808298045389,-0.35789509258030544,0.3600195646596483
-1.9006354167622925,0.17325740954718083,0.16355444024555382,-1.276936693428789,-0.4564529471043758
-1.8274485093910666,-1.2588177137296774,0.5754556141278999,1.094339863616379,-0.06811688787737151
-0.3308956703874214,0.49457813383808524,0.9884077290370614,-1.1246286358094963,-0.5322599215906967
0.12647726792560476,-1.0903229251513942,-0.3727044591928244,0.350758090326941,1.8873790174719842
-0.31827155800834217,0.44800878899367813,1.250835665225829,0.38999885023277286,-0.38832813386470816
0.46351340126324786,-0.38641627773285503,0.19372407602356453,0.2112500227046817,-0.7924136895510433
-1.5810480521744303,-0.5691618667935063,-1.6945430055383393,0.31960774250455354,-0.8381288673458328
-1.075545352867795,0.4752573698703261,0.16962977242458543,0.5559103517219756,-1.8625462817263638
-0.8704895788631909,0.6760148031585652,-1.4598523059544704,-0.37012001542934386,-1.6607837416652842
-0.21057468369147714,-0.8320662748639147,-0.6116578537706702,-0.19082558601518465,-1.9016193084562412
-0.9729774511007897,-0.2051790426995656,-0.22649274413538265,0.7655396194269202,-1.8604325700665183
-1.8913190817827472,0.17892780554668974,-0.521693383239056,0.6338531334026684,-0.13275367395514998
-0.27659911683450367,-0.8048976011233318,1.6435017933968132,-1.2667317854429223,-0.9972816084407541
0.3536887986637581,-0.024792427116294296,-1.011344749553637,0.2107529493645514,0.626878332828095
-0.4710975069517192,-0.294927412046059,1.619707267284876,-0.7754974109231179,0.17454954815929977
1.7574718353091157,0.399562175474422,-1.2204014472624598,0.8392979708581941,-1.2216211656587974
-0.09160322718160015,1.5650818922999634,-1.0056209583265152,-0.19143400352579296,0.2554529767616606
0.4713686289092108,-0.6244858959490371,-1.1156450657714705,-0.18133421521003132,-1.5255217691181033
-1.5777933343526347,-0.4119431955237067,-0.6307947811570485,0.9227604988313927,-0.07244958349361466
0.187112548736557,0.3891749212932645,-0.18279002067110936,0.09410150878692797,0.3552067745964651
-0.011273272793804115,-0.17335208561545482,0.15896345117105637,-0.008276586868173412,-0.039743432436137975
0.6640406634514953,0.2545116411166918,-0.3517695406218357,0.554225261104026,-0.5145264658816507
1.1263733996656862,-2.7098659450271523,0.9152670871636148,0.651867652798496,0.48897945187559694
1.0356264632314252,-0.6402179731518932,0.08163790520623394,-1.682494081639509,-1.5624020893915935
-0.16663245118740236,-1.1231617140228984,0.13673145273337978,-1.424997510575871,-1.738864171532319
0.5195884539838886,1.198115522296743,0.38097327294897526,1.7758536492955286,0.5869526293971499
-1.1089667842872248,1.4614195072095042,-0.6881355072118126,-0.3226291492245651,-0.4943755861891046
1.5129163767904967,-0.023836462924102072,2.302789902731213,-0.09008646632969838,-0.8956212063388967
-1.5213900134033866,-1.9007838113233264,-0.0638954758239936,0.9973334405985842,-1.1062920366270246
1.0141928708429182,-0.30037191316602857,1.3348034632113166,-0.8444914714020446,1.912383482657155
1.9374165361542157,-0.2020694486563728,0.7028486522585369,0.16540259588938702,0.2663082140146395
0.01401220235601622,-0.7583908344771233,-1.2022335494423766,1.0696994137328668,-0.8823365887941389
0.5256253765706831,0.1161560516016761,-1.4631310333682166,1.8534550783498578,-0.35291279936072145
1.1353219488815667,0.006806669174055067,-1.8065410593033917,0.07589572413220688,0.12705436449683113
0.7280528539287646,0.659370713564954,2.6304822747992147,1.1095714342848035,0.12860128176324168
0.6233239697258648,-0.0053073993063076095,0.0218455863780371,-1.0882295728382863,-1.644772870402058
1.1732266842936472,-0.6141235840255368,-1.6497406065789364,1.2171738982002291,-0.5074093146081391
-0.8483869963202515,0.8849890585645722,1.2454599573269662,0.3127626270345374,0.40353028496151594
1.5444172046883968,0.6805979538575071,-0.3384208560175924,1.2033296716297026,-0.03611756995671107
0.6549350898129986,-1.7760346105121,-1.0160709023835797,-0.7748242883093607,-0.8086809269159108
-0.9671622074370911,-0.48375924640477563,1.29322014062149,0.7763209386777319,0.33808934161583654
-1.3345848524894743,0.5773998393048516,1.74292969970672,1.63331493987123,-3.713260289942449
1.2097416722531773,0.4364490138219146,-0.2954622407022196,-0.6484050381438156,-0.16222056403338847
-1.271630178891638,-0.23818920289032092,1.8188713930097224,-0.20945790260778574,-0.835751094005561
-1.280648880836787,0.5430828344700188,1.360679285047436,0.09687528939380137,1.2447794022693803
0.5601164201193575,-0.5634246741783971,0.9818489647254156,0.7455471420515349,-0.8545858301248938
0.5220036651593477,-1.6772036140864155,-0.17537873900343237,-0.01323596508666529,1.6065761850800995
-0.49176933189400707,-0.2812172847905733,1.4014769388895278,0.12067667830820575,0.7455216291730486
1.4734408769476077,0.8056703807437549,-0.026379612115287242,0.9779826014513975,1.532141732031865
-1.6079319666893794,0.4347605523588831,0.40483048086241136,-0.6127303057356622,0.4295529396961047
-1.1078044722290445,0.990691271789643,0.4032848944520802,-0.8686552451970008,-0.38762765333097204
-0.2806630048837476,-1.1668528109844274,-0.929465401686311,-0.31106757045411493,-0.2117256976034673
-0.9400590805334625,-0.7832523942570477,0.1783580740569148,0.771997039987373,-0.026751188281946947
-0.9660706504164147,0.4391485563926656,1.8467311990643671,-0.3006519615481422,0.015293357583416883
-0.8600360431073515,2.162338313070969,1.5942590321522143,-0.668259582745665,-0.8955741111601776
0.6230311071675766,0.6107352267844841,-0.4529976869460293,3.1771994188694417,-0.6814414361051598
0.3480551977681392,0.09655158478389819,-1.5979416140528993,0.986862285659349,-0.5240408066103224
0.4816535945835097,-1.1619747410219123,1.1022206793377607,-0.9208440311243792,-0.4864128222181993
-0.8163110083134606,-1.0940853849492762,0.1269919577314985,1.1830940573736406,1.8120925606055676
-1.005621194226557,-0.5333459645679954,1.5618290132097188,0.8074536485865883,-0.801455600279144
-0.46880150281441646,-0.5876302480915683,0.26131334639990983,-1.695447759333287,0.25719503687434325
1.2405876132770557,-0.18645733527943661,-0.855125597701688,0.2818068707457445,0.5974456491949216
1.4186660464846408,1.070768491043685,-1.9388879377459298,0.8690396536669747,-0.3553141013410329
-1.6537198485949927,-0.8897004680177034,-0.8599997965656988,0.19747621649729197,1.4444197897480149
1.664128996655625,-1.2237782304941347,0.893039248126302,-1.3866599221706493,-0.17196450510096267
-0.4884538557921146,1.2931650855466787,-0.4810267462311373,-0.3045733728636502,1.1246933682903533
-0.3790846644775645,1.190043476124297,-2.2204006390408346,-1.275844672648255,0.3259010912511971
0.20363737742130186,-0.4162998039087885,0.7387334661213668,-0.13754978974470244,-0.06534148931902335
-0.7861883094274013,0.6852392161883708,-1.7950859452433436,0.7409075416783082,0.052727332366518886
-0.4580511227025772,0.7215709211622121,-2.73476277615124,-0.02296987904336232,-0.32658205767222087
-1.352296038649407,1.2886302244721184,-1.3677391382599053,0.5755693242734906,-1.7485671416417463
-0.029577394950518768,0.00833736180302951,1.0112014784562167,-1.057770578888202,-1.4126041648536865
0.27101546061302195,-1.9178255136801576,-1.1786636002185242,0.7571265334597479,-0.40443275192851214
0.42294071027875074,0.6138641519157799,2.16001959732175,0.13496507987134368,0.21683309397662473
-0.4328295641574767,-0.8434253557213454,-1.538796346513864,0.5162603273939345,-0.9501176677326771
1.9279560308287096,1.439794724699694,-0.12461134509329662,-0.6570054683187051,1.9482290735456513
-0.5665355153152718,1.2271050721406307,1.1134687569702648,2.3087055792993185,1.4299342597553022
-0.08066131876746434,0.4331395948003619,0.8463631583950979,0.45384731595343725,-0.5555669885492024
1.04340393727649,1.5417902473401903,0.7501713346424775,-0.0999371884846833,-0.036505380624269494
0.6070839469514796,1.379081298952467,0.8377572820796776,0.4349232548536292,-0.8311949066848223
-0.0401044589007165,0.6073435945376641,-1.1997954192047984,0.48327703335987576,-0.5089444712790612
0.8345967196917397,1.0343679497983922,0.5080961789925296,-1.605598027053114,0.3062469918769021
0.21321302849531415,-0.5537596651756094,-0.7240123369849522,-0.6944990132571802,0.8255516936274346
-1.0380082121784644,0.6250454376549212,-0.5646954115500763,-0.5225006933685777,-1.4898949627348739
-0.20649340434797922,0.43344487935350506,-1.5878593280923226,0.5261762920116062,1.003764737873067
-0.3344775100744467,-0.4648200090784157,-1.4316146002939607,-0.3654889148187509,-0.2737409190756303
0.08534547538037288,1.1225412397059669,0.21255719244345103,-0.12184958391721895,-0.08000343711236879
0.8117733139031736,-0.43320563104548787,1.4620763960778524,-1.2827177475421658,0.5905657203300677
1.4386279405893587,-0.04256903057241099,1.2817135119227965,-1.672763520120907,1.1061848751404604
0.7250377250336425,0.14896529540039347,-0.5886549600779358,0.03645517399164638,-0.598674734353744
0.7006623577255612,-1.3346023126300932,1.5525599901319174,-0.559802050721889,0.07413982079304796
0.5008561177182193,0.6100650485960424,-1.3149396774977655,-0.24096609172251995,0.3217795073774742
-0.5833023479124906,0.4197023628459288,-0.0723342873281564,-0.8915156183351068,-1.6928342818157955
-0.8434641406952795,-0.4471404163503785,-0.222352308750804,-0.05880990059338397,0.3608883966722166
-0.40796902714186406,-1.3632214084627634,-0.27880881863077916,-0.92894781957728,0.4229406988661267
0.8349518481718161,1.2346057624813516,0.7483589684196527,-0.40172669661974325,1.3623921267135433
-0.4902087762864473,-0.47811223207190434,0.2298434451566759,1.2263437375587423,-2.173399974188396
2.026623239843924,0.4838319191690233,-0.17491659246285568,-1.5924574865702683,-1.0770574866197322
-1.2747456094352683,0.729667474592844,0.4331089927632693,-1.4046003404087168,-0.5197553982324196
0.6063808258922998,1.0250311187460612,0.12851739100878368,0.8364783555701039,-0.17973172777273083
-1.0262499024798608,1.0140756797660706,-0.15352660636924975,0.9704342717915155,1.2951741766390028
-0.50142451270439,1.655555220873469,-0.268504197681235,-0.4706402208498926,1.1944578453236077
0.0939985154016907,-0.22173393693082163,-1.5350394850084148,1.2417519314689778,-0.09196549166526038
-0.43608005461196636,-0.9566459070309987,0.38365924916543354,-0.45987239442356875,1.046245908405034
-0.05236501209977401,0.6548274739041456,-0.34240504624764095,-1.0786556617642038,-0.4387534471733998
0.05999071927567977,-1.8114117245612302,-0.3276776454681145,0.7406959098299342,-0.13968027722931428
1.5811169777684404,0.40621945667916476,1.6343212536010499,2.889358409813801,-0.9715138733091023
0.955771780665537,-0.4183589585613518,0.5184297358415751,1.5512429283914992,0.4068634415224668
0.1655349758889025,-0.35632862289478023,-0.05903224935563992,0.9454942224885219,1.113672966228288
-0.782107568478037,0.11480092554205003,1.1276692132341808,0.6446623044102043,-0.318587562178064
0.22372429963516202,-0.2894893507355818,-0.8611063659800916,-0.1054927600653122,-0.20561095922594694
-0.3847840986510348,-0.8490256941123279,-0.9940572525975437,1.85887550940153,-0.1696476626027094
-1.0914909906105883,1.4475896874879786,-0.707157405117678,0.5515131426858367,0.6611198939229067
-1.07296874226627,1.6488632542830801,-0.9501443718782785,0.4475672355985193,0.38602410473095256
-0.35497831861775525,0.6221674406249074,-0.21976330202472905,-0.04645672541171608,1.79468858394498
-0.6933012517452959,-0.48858979946957315,0.30660191857290536,-0.8943142715117189,-0.21455607306076663
-0.9255617382840596,-1.541119131433387,-1.3095700886718773,-1.1955074111821988,0.667821980549373
0.10916057685773363,0.32257071047899977,0.7380548312015026,-0.30635078246045716,1.0050525874418363
-1.0022271387807193,-1.9535944021872438,0.07403420874301571,-0.3800697454164147,-0.6681030697416609
0.461881332824795,0.6764923674619046,0.13839536819100512,-0.4671753484632433,-0.6233757158325217
-1.6017376389481575,-1.000330525812928,-1.9376177066596048,-1.2435289568348777,0.0606056109116587
0.09603088211086305,-0.39320496254393544,-1.0819665277139032,0.48159886819619935,-0.16753486477834575
0.23213352882616506,0.3851506716640179,1.066757633486589,0.9670014048503304,0.5295084961434917
0.7877871945529685,1.0582219604880687,1.129705833947894,-0.10285521629720416,-1.3657698187369551
-0.936429267259221,-2.1458419587053044,-0.36561143777920946,0.45399112468917563,0.9316045282427073
-0.3133683346060431,0.45226101949266895,0.5030211645005348,1.1684470502439643,-0.037695288586842825
-1.9845944671399007,-0.09622196122562127,-0.22711972585614498,0.6569250688552228,0.9374084611269875
0.8179068400598328,-2.67066620741694,0.3793329434283704,-0.286988855834549,-0.005134012840831761
1.9831908274035015,-0.05930678353306968,-0.1203150322675172,0.9437843900183174,-0.6374082489040646
0.9671048053647122,-0.009804398631358444,0.2180257471692358,-0.6316966427434557,1.8690333288646848
0.22827896927569594,0.6917590179698295,1.5873602154172322,-2.7391501193608754,0.6873683060817588
-1.4529354468680442,-0.4247764334185033,0.392674102479549,0.17664379444216802,-1.1329694543582676
0.3304066525317036,-0.9787660924063806,0.47229993278854787,0.46160106794952754,0.9747634701999816
0.07550614106389814,-0.3760494674188337,1.7362480364475894,1.671590472678402,0.2766690959836084
0.45139647459674115,-1.8666957737393084,0.8379594116001777,-0.7741136713357663,-2.505279968124271
0.3649283232372656,0.2834374174875414,0.9486955525589506,1.153370293392762,-0.5635965085879674
0.3384351213471833,0.14098310738683006,0.11335629315122864,1.744589763283591,-0.7054490398855434
1.1278528759519888,-0.7917340851575303,-1.1328090916178728,-0.29304442014982157,-2.827399654074139
-0.9004300718649436,-0.5515096194862219,-1.1077658836241395,-0.43094529604939863,-1.244142516501697
-0.9834408719519115,1.2746551057064257,-0.9342203616012319,-0.2781328495498685,0.9770481362827155
1.053765416299394,0.09534213241257264,0.5343662880138952,-0.1869016805647227,0.4342949859977592
-0.6526170818118966,1.418768132076536,0.1683229641223007,-1.8438898008257676,-0.8047076935344788
-0.6378647407723523,0.30323487682761274,0.7805494408381815,1.3322077222132758,-0.8599634318072787
-0.04847028103145142,-0.32585273638174334,0.6494069369469324,1.737917935199621,-0.7237582563402053
0.16827324484822986,-2.2941970109542993,-0.4958698856429096,-1.361095257529009,-0.978774984109445
0.8745380053251528,-0.13081140166617722,1.2489650720216912,1.5202222304723485,-1.0263710783955133
-0.758595670026335,-1.6455375556484857,0.5601743441518194,0.1365152970674001,-1.438875534893264
-1.916802108025229,-1.279511777706602,-0.5115372951413074,-0.14997008522029495,1.8149599419623386
-0.8597745659679571,0.08660415855547575,0.1940249336113466,1.2160708133938172,-0.9629176808327538
-0.20887448214545448,1.5442602388430957,-1.6705980100462723,-1.3635604725243455,-1.1676801998773418
0.006339852910976091,-1.306951770063989,-1.2338663982972207,2.3025285707012926,0.8443758025045552
1.069977882571618,-1.3591134527736102,0.37345325912673755,0.7537883945586248,0.304216363497802
-0.36839129223811534,0.16940179043299983,-1.336317158612511,-0.2557219528589874,-1.044891611945516
-1.5931994074876341,-1.4753375985617538,-0.32838179986928806,0.48785987082795923,-0.6266402282625487
1.1196465388037014,-0.4261338491172119,2.297609708085804,0.3064914425993958,1.740683743442856
2.2222737464452806,-0.2968955958398691,1.319391322398036,-0.44964491498318865,0.14499551787150866
1.7159524594947244,0.061806197457470374,-0.5628558371361831,-0.2371927076753815,-0.9542808931216362
0.5445236154265081,1.6908301753857118,-0.5527433960879088,0.04927361974168769,-1.3832525866948033
1.2413296462892556,-0.2285343721801614,1.3008938351291186,0.8120751134116605,-1.25711539215812
-0.323994962614738,-2.0929959951842383,-1.4762958240648558,-0.5141584151322969,2.4089389803412606
-1.131973631303418,-1.0568040177352112,-1.177053109475683,0.329903264653046,1.6502532107546415
-0.5484367058142819,1.543589003429251,1.9406095245743153,-0.7026312826969603,0.3791671285869966
-1.1446189861626057,-0.09491689389158654,-0.44365965549680786,3.1010554062066618,-0.1010291318339835
-0.9595235556636615,-0.42469254897234454,-2.093825714746749,-0.81145644007278,-0.1958291485073161
1.0231776892738949,0.15462706382400304,-0.09448805058823948,-0.2976487851299451,0.49304223904681677
0.14463607022903224,-2.953749435102319,-0.26057787183975195,0.14448312553652093,1.0645190739807193
0.19400517392584973,0.09501246703669027,0.9565451973860836,1.2979683021012223,-0.7600981629397316
0.11581792881037106,1.136214408792385,0.5533452372462236,-0.18947024240392432,-0.2359318272131721
-0.3951821219573017,-0.10650113662693392,1.6400698485666838,0.5371708970456337,1.3967738454129448
-2.1798722055851982,0.6593021557900108,0.5425833476418211,0.6148275941694341,1.2249988523822726
-0.14145285148927317,0.30774994314956244,0.7276204361916843,-0.4654935126785021,-0.907194803002658
1.0163168735769268,-0.7074271720881945,-1.9583584557859512,-0.7592792558342772,0.34212459362800685
-0.4527567709066506,-0.026731990934929357,-0.18304107991116306,-0.15425395892059768,-1.5977545167350327
0.13534883626011873,-1.0112158177635957,0.8751933492455958,-1.835277623943365,1.723023314572058
-0.1708080697884043,0.5709299121796417,-1.6262826810023048,-0.23721352945847765,-0.40097339246124514
-0.09080203789152107,0.44705801558272185,-0.10277080123505805,-0.8806507258640807,1.8252145359117466
-0.278309853543666,1.1550393417692055,1.6476839412576814,-0.9867212196029314,-0.6403494969055311
-1.0862866386370365,1.8900476697923279,0.8634036252665204,0.346673067020182,0.549872375959301
0.16053736677128944,1.1354946127250045,-0.061691558527658875,0.0019464276651037474,1.5432082740509778
1.027260344885085,0.16537239346313784,0.03239939150681338,-1.9936458685401974,0.0455994396317694
1.0914516326376074,-0.22166150232868972,-1.9516878883929938,-1.419481721039547,-0.441739761481715
-0.7302590304858784,0.4944344736125523,0.4613777376834342,0.4498665476713645,0.016098372125444176
-0.699625359584175,0.9802190210782938,0.0627467032341777,0.7203425811886758,0.8840635861308901
-1.0867563152705475,-1.690740662434249,-0.4728808851649294,1.2653519282836176,-0.9455849318861685
-0.6391490187040417,1.8985425173212818,-1.2761215454158945,-0.2945002596162742,0.5323641025467757
0.40450782994659196,-0.13511969958292486,-0.551745498727818,-1.5686605545159533,-0.49499612835536844
0.5328769339597764,-0.1745102884725921,0.08040737226144595,-0.5530172596524462,0.6574286337117342
0.7189209554391511,-0.4919069579978473,-0.7183575558827054,-1.5276857114433895,-2.130715791488058
0.8231690677637162,-0.3433015481716205,-0.5324525559752116,-0.5472950053926267,0.16035470913704547
-0.07075284710973792,2.7481289081150027,0.44972644933654526,-0.5793459964100205,-1.299169948295117
0.27907017544321827,0.2961231553343881,0.9698248259775644,0.49547752930234534,2.2601150575610722
-1.4755713342417605,-0.49385306926900147,-0.5522335155073343,-0.3086333636652309,-0.4045366768745491
-0.8403980842372031,-1.2769853608616728,-0.03634118252562778,-0.09047095605622743,-1.1343506150121467
-1.250969959222658,0.9018557322487608,-0.5074177487689167,0.7688161772905133,2.0218650524060013
-0.002951064977806872,0.04254399515983494,0.8732615034099297,0.7327203663743274,0.07221210886553234
0.2208684778515946,-0.5071770479752897,-0.27002002275260856,-0.2975434738127279,-0.21544439175483315
-0.157178554808782,0.39870881921628737,-0.04871878206690598,-0.07323096066944343,1.8881832198988309
2.519415669134615,0.2692165266568254,-0.9556042363514218,-0.5885878171199598,-0.3131274487589873
-2.0061264757151918,0.3280309325197295,-1.1295465386072054,2.964776996350548,-0.2616026361491594
0.261619454125993,0.3397310384871992,0.7736632331245361,0.10061303938511643,-0.01257085216461319
-0.5995120502361825,0.9776370905318875,-0.6089952863026635,0.579571336682213,-0.10343134945802204
2.0232033226200095,0.6113914863221203,-0.8015578523778787,-0.4835194397930639,0.8985994298911991
-0.5447403969469776,-1.2291151191605414,-0.5062579584130965,0.39253322920748,-0.47220165406848613
-0.7853363269748531,0.38354067429789035,-0.9491361772057169,0.03539686709281395,-0.28956507848506285
1.0665630995954618,-1.0755726579348863,0.6678902786346135,-2.414900121267832,0.7570233081755582
1.5648147536158907,1.1694654422373258,0.8304593822924502,-0.9016365967641241,0.4137155530732205
-1.0409135762516664,1.172644014746915,-0.22414974285053663,0.365063411871044,1.0394098978421829
-0.20153610492485388,0.7193880515973099,-0.31113890705585195,1.9632646897271966,-0.20011807654908942
-0.11693417955776253,0.13447762037287614,0.6421638152094409,0.5528207986255435,0.22871588257643527
-1.0694649293049234,-0.36835635969942493,-0.21094976187395997,-0.5554948468117058,-0.22505639856803766
1.445724836227535,0.7386940464494003,-0.31196701483125744,1.0628586889360883,-0.5933237420086364
-0.9874903223011684,0.09894483052038018,0.436122529200724,-0.48892207130475884,-0.9262542595565697
0.7223242165525982,-0.3909945183778544,-0.276885443749375,0.5339427367406046,1.4036457457458023
0.06636611963247886,-0.777322022800716,-0.2722801572192929,0.7991534909226031,0.9380757187413655
-0.29035115355355157,1.000700801147796,-1.1013659157472555,0.5894303534928531,-0.7142718625468671
0.9359165727670083,0.4749266357239748,0.8267955343916041,1.2260152156114223,0.28299200195542584
1.257028699523004,0.428681182027189,0.8139893036118979,-1.7313300108620266,-2.1264535368941107
0.698135407016681,0.6642626240124092,0.7028942130544751,0.6151985645253737,-0.6495072479119424
-1.1886507264096984,-0.12827472671334103,0.05091737196530971,-1.4382400110594735,-0.7845601666806635
-1.7493657664018407,1.1823782764519593,-0.12398997628282349,-1.747861644645755,-0.09796279560348171
0.8995671952646682,-0.7188298158749349,1.198762152973686,-0.7405358583249667,-0.8179541096131717
-0.9278268542436461,-1.948096359973952,-0.7301429523213758,1.0513927893929536,-0.2606106515471567
-0.9242552980513056,-0.6401315694973669,1.2318481359524833,-0.7543663160102948,-0.2068032229815891
-1.141627243438146,0.6246678209479496,-1.2690365268289991,-0.36110587219202034,0.7079505815343451
0.6688798604043206,0.33095489240890014,-0.3013930565424844,-0.2629773227760991,0.11733678597692924
-0.12516728466853994,-3.077615478395915,-0.1160616208739863,0.23952497697485337,-1.510952233973193
-0.44595110986767095,0.0584469851999672,-0.6165922287319756,1.0964827695752646,0.12782527337380029
-1.8118576190637172,-0.6993084717306041,-0.3521566010949222,-0.5129610687090979,1.6845251902681273
0.26833335454095286,-0.7820919102220498,-0.9434943200910091,1.3969060963413944,-0.9150953449962269
0.5901942771274545,-0.5322263898500181,-0.8765368552495875,-0.6704487847478418,0.10461003142171753
0.41162146496712665,-0.5624102216723269,2.1742849834066944,1.240996370624655,-0.2725704945157282
-0.9290100882229716,0.5390363852019191,-0.5534076777330305,1.6070308549115409,-1.5013305061722801
0.975217220628993,0.9274957833628746,1.4276552286386304,-1.1448564238473418,0.15152905252557847
1.62290313656328,-0.1826864649246343,-0.41370037906532414,0.7762759512060516,0.8062291943560637
1.4898346737673043,-0.6342967621746846,1.0323550348223747,-1.2594523916798248,-0.28237475758185093
2.377091673153278,1.7731594677991331,0.12251814447338885,1.2536086711380818,0.1772435831163482
1.5643857367391967,0.7494082891601682,-1.5791546006146688,-1.71535472552126,-0.40420914612450914
0.7210509204198576,0.5654684333620754,-1.0654480340661152,0.43391215340693967,0.54169668185308
1.725597521181383,0.2147305682027797,0.7270588685054794,-0.08508619033645819,1.3888878563806664
-0.28935516550352414,-0.951287778904949,0.3277716993648157,0.32214951029031896,0.28151445856622287
0.5456340529005264,-0.533506535304182,2.0638504797813004,0.4355643367982871,-0.16147055334200844
0.3996673880501802,-0.8963508076867253,-0.7286888667908936,2.536729879237339,0.8902808450846252
0.2424627054482057,0.8194751309760596,-1.2495521252368214,-1.2190749376740844,-0.6025035641145796
0.5033056363622214,0.840801765102283,0.7040683117915875,-1.353124457047374,0.5209348614404137
-1.8234915387579638,-1.800581538260673,-1.909277101639579,-0.26970153996270213,0.00821547082089113
-0.11999924472087493,-0.5319402049530484,-0.4116841277923333,-0.02978108743867735,-0.39284813707647154
0.2409604517116059,0.36770371895148724,-0.8677163481729139,-0.3866248778208556,-1.1788835875795856
-0.8955453983449607,-0.33582969006410807,0.15412372628202614,-0.3786041317457744,-0.1302353148644473
-2.7306008085581825,0.6467643215032852,2.456587913014617,-0.22740117791551626,0.11906634686107943
-0.16326267234803626,-1.112221906444097,0.44511490337557186,-0.23508092027624145,0.7949799523347414
0.2753728497239116,-1.630813373346141,-0.5474663926787036,-1.5711715470003325,-0.07700471650773628
-0.8091446809036347,1.6141040138447,0.8249902396652897,1.0911538486521357,1.3075380682296849
0.29550884368442576,-1.4903976567138963,-0.7676938467237756,1.001137719891578,-0.6937561610878051
0.09673694013292398,0.28865178502740596,-2.1243967826605514,0.4209893540948101,1.074826863119598
-0.40547734652143325,0.7966466806385522,0.4412841359119399,0.8779367127888729,-0.542993821441071
0.5943526946643422,0.2567182492458644,0.9681673197769255,-1.889880000394385,-1.1419552699868623
-0.6981193134560126,0.48020492918613056,-1.124359638052391,-0.41947842233048843,-0.3496476200905084
-2.2563185283135754,-1.3843855109100682,0.2899685547455215,-0.8902275208130392,0.9186834262019468
0.1258778462327745,0.2504629396290327,0.15244814412635602,1.0481559811357004,-0.36523847164413625
0.3835479237396173,-1.765801164931229,-0.26052756735987476,0.43018831442949995,1.2729595399268685
1.0312909754758783,0.21084049541429808,0.5536517259921124,-0.4492649057711194,-0.395716688891399
1.1589115459536576,1.044364019203346,0.045738193505947086,0.12480494859926233,0.9418907579293417
0.7928517782421844,-0.13855176003593483,1.2195005097601146,-0.6946441307452492,0.3356603091530212
-0.11148029964485229,0.35002211025694896,0.3265911923556156,1.158922998749171,-0.798891034909394
