-4.933774878327272,1.2505446830844194
1.7058472497236998,14.967126627366799
-1.89575542523907,-5.690031343119204
17.334436838521487,-8.193106078626027
5.54488751829165,12.37349269239374
-8.083100217730447,-18.002257544282067
7.942977925280229,8.350984454935363
-17.39383569375245,13.641948973619531
10.238845721564136,-0.1296112372730862
-3.5546382510382166,0.3828662016904869
-5.386609335679288,12.878966640449514
-0.2265487784118978,-9.196352955656716
-5.862308779647595,7.795186715616991
-3.65455805980048,-10.907165998918105
-11.159972858123242,-1.6554187726956182
16.468101280627707,13.984638294551086
14.314836582345801,-14.962710829750296
0.3776138690163058,7.728732290248123
2.488680968907171,8.745292420107852
21.226357285970217,-3.4135218095027082
-11.255782279959567,-15.89299440572228
-6.839146918590078,-4.895406626673703
2.9506164200235494,0.05906755490187132
-7.268369266190867,-1.5884368784299085
11.996682436632904,-5.178427830283265
-8.396518515044558,-0.7804593811083826
4.073539570847501,-10.134453219568009
8.32569799048056,2.3293021847974966
5.891306630335772,5.906468898001111
-12.273920508811651,-6.685117749238165
-5.345847020599096,-12.124751483619042
-7.65124647931514,-1.8379358545931082
-3.967505586008725,15.516203277170497
-7.626432260447846,-2.6335658764714407
11.12420248872248,7.306608573784754
-4.018056194370631,-10.452845522976862
21.748363193675637,0.642070286330541
4.1396318563071945,8.309233973837895
-15.335718714047852,-8.719813910003875
-1.7082760190283648,2.9613853600135895
3.7500066242024053,-1.547996768376784
14.087965442549402,-4.093856437874443
0.3296257316441181,-8.374268724165322
7.394738926346957,-13.707480922536197
6.71743373938628,-16.788700039391586
15.3450338402583,-9.133707307670452
9.073594967214635,-22.534038838514565
3.9911317200009653,-8.322881507338234
-5.289917586693707,-7.415803597927752
-9.292100303615388,2.3376077744909685
6.096983349042064,0.6653972929458996
3.698551400822601,-0.9347656959080926
-9.230449550995438,-12.289392531117647
-13.130368779020586,-14.733134704940273
1.7497818279202093,16.10661809156396
5.49638482404042,-0.1411308430278675
-3.572697142439888,11.111227847844024
-4.1734450819074205,7.368154247671206
-13.466407106654904,8.792237692809335
-5.848778598926316,9.889677107005845
2.043469790335769,-16.38374708556324
-0.7099714762412056,4.516972486804514
15.96216802604361,-9.592887692543899
-0.7128611041207078,1.8299830345850552
-12.796168219228488,-0.5040701337795879
2.5924788666030425,7.037923040591396
14.069223243777941,-8.52445290872564
17.730395989461268,-9.597888806010017
0.17262152719192603,-2.6292512465126574
18.693012832964637,13.356408399148753
-3.336259819885642,14.27074060482346
-5.15871710913857,15.843530001343357
4.8810556322979775,-19.127945491990815
26.55479950369938,-1.5033640599288023
4.036068213813908,-3.8439020098604333
-1.2332211666034933,-5.381951145265717
8.709357777867556,9.957418627272826
11.751127494239014,5.298510121006368
-0.4168245766383025,-6.138027087636055
-9.083756369638007,6.1307853551700955
0.05124004018514405,-5.54055828297
11.627208798899302,-0.4491425807970364
-3.2861897228220656,-16.154051601181028
-0.8463758035557962,-17.960833218909674
6.023627571321703,-3.301562637470539
3.701802654167961,0.11631901394421895
1.7989995178451554,1.8839530343364965
-16.553380407896075,1.791216942908958
5.635041091437172,0.9412448099315327
0.6173503483916429,-9.17367126149261
3.6894074450528684,-8.33073052656807
-4.834487113538006,-13.555519187020979
14.18702360378586,23.311329216918196
-0.9952532606918181,13.568810480596232
-6.735297260770974,9.058187839547731
-2.786809996831784,-13.050100590906558
-5.4922689342052635,-12.334301428051031
1.3933872876174425,0.27255776373877616
14.916863328103858,-7.368471148923311
5.220538308973384,-14.473810536271394
