-1.461496924613714,1.4106564982311796,0.3325496118182703,1.208923543833243,-1.342151977822729
1.0352693618423257,0.5880509741502412,1.108621721922016,-0.5235122094155977,0.8004104026101021
-0.43979250608808024,0.5353500197761968,0.28454451090949007,0.5166896473227192,-1.019602844546347
-1.399248047263345,-0.5565674552999529,-0.8885316916018485,-0.31953439330434263,-0.709952362964609
1.236161292178897,-1.9738230087094526,-0.8034830827783709,-0.5696450569190636,-0.6458258714798156
0.1794716666502888,0.6741112967388456,-0.2501301355896145,-1.2766597567636364,-0.19732496370170158
-1.304838491090675,-0.46713259897407183,0.19581775035649177,0.21282787610354253,0.8177261843461269
0.4338748112984548,0.924134705182545,0.5523503491309041,-0.7357732702850477,-1.6767359081065967
1.2089605502468657,0.22928763991165568,-0.6376016378563011,-0.020105454553505875,0.059289194627494206
1.2320691322373745,-0.4364544872622196,-1.326427078628607,0.43318762061044014,-0.12119051076648484
-0.44362648993082227,-1.1816497411551465,1.4722371939503105,0.6034464594230733,-0.01202635492068842
-0.9218568675509923,-0.4790770680423435,0.16996870881886306,-0.5299469167535054,-0.3528051361991014
-0.2528815546901233,-0.5576053052999643,-1.2129464929322513,-0.553737477909382,2.2986543737023672
0.19898207096240283,-2.108651926547383,0.14857716621553863,1.651601469331576,-0.33671763832646695
-0.4362923688801696,-0.8854644381960346,0.5808453698677261,2.3225286873840756,-0.15644219851319074
0.26242107740776344,-0.4430881211618992,-0.6410209687844897,0.5776944272890141,1.1189301902221573
0.7846266455176476,-0.21643984454622944,-0.05776624554953971,-1.8335531797099789,-2.2448521808713036
0.8763024577275234,-1.1444569054338767,1.7136159858842455,1.4994893055257466,0.3590598498547278
0.8691349457983605,-1.038986466284287,-0.39428217112404884,1.750525088773172,-1.1851847429676454
0.5278658063437754,0.5588544521101956,0.26977031021127407,0.15689252777970902,1.4295924194930067
1.4602311143084281,0.07354122295030872,-0.061129002545761736,0.5142051831849354,1.8718620797639236
0.5864874653626682,-0.2507838448051914,-0.6427059683399994,1.0662980448835035,2.239053015346156
-0.03819785669873976,-0.2925115512843005,0.4147475578618544,-1.8253808586828197,-0.015075547237572583
-0.07404513557876209,-1.9648955107873325,-2.033822978019132,0.8007271921753119,0.18839606998738967
0.2503205330468819,-0.6348849073532117,0.9810969481462349,0.15551864821653408,0.4759108744099418
-0.27554336606680313,-0.4675542759008981,1.076415312212773,-0.9381149437177516,-1.5816958566057007
-0.22161563854395178,-0.6587011237174429,1.66434194856602,0.6375987364323529,-0.9738062674789115
-1.3170125366528058,-0.3941273189948895,-0.09028125197108267,1.0304027266215754,-2.0224237639595364
-0.7591578112402219,0.9339491493563086,0.17570324264947046,-0.06973360457497865,0.12527016930998738
-0.3325908712164728,1.679185414945649,-0.11659961876011425,-0.524946079873418,0.9996239952575009
0.11317155847402147,-0.8801551093419617,0.19538860376390463,-0.012528009785897463,0.9406311661363156
0.08956561830311535,1.6463165980026102,1.8154274616822619,2.1286022544915286,-0.8207199027817751
0.6389712134943606,0.5516814497415067,0.19808595234717155,-1.518304558119055,-0.4406395766420859
1.5889527376634796,-0.7304425289667184,0.2853274015477825,0.2868316647177363,-0.14744099152986256
-0.743659058860492,-2.1816251456367897,-1.68019623519027,1.2364930017569378,0.5425903213230104
1.1505310070436305,0.12703933579339025,-1.0348246034413169,0.16390848664738428,-1.1271048651289357
-0.15413758964943644,-1.5904535820262764,-0.9382394468207262,-0.20494572794227142,0.6082872192643043
0.2732269424730027,0.006227173473862192,1.4046280146917693,-1.1250179238160887,1.0786726447269495
-0.21485524064170358,-0.08841437739458831,0.032174236640679185,0.18623545944095013,-0.6815817997343168
-0.21119490573585703,0.7993379236469508,-0.6786331410528663,-0.44895040808766923,0.8102535210439383
-0.8114161877346383,-0.5390447157893983,-0.5078725092822183,0.6561867606668571,-0.5764929234823086
0.7890796861079086,0.911108580318763,0.6976610223361621,0.13707170714381264,-0.8989683863600235
0.7743105765197038,-0.31109850115736315,-0.038184140584302154,-0.48985991878592866,-0.10266842709097457
0.12056222093344919,-1.4913790058950125,-1.2722162840602111,0.11665283243611246,-0.717395416506515
-0.4597534095476889,-0.37653937737394044,-0.7069422019802525,1.7377863538923155,0.06477359013317868
0.01833570760532982,0.08498815448817401,1.3909750932729414,0.7912772858972876,1.1036464684660252
-1.414293424198331,-1.44203647605028,0.08498682575439223,0.9454204380244834,-0.6769375246429591
-0.5176965032344119,-3.056824725086049,-0.3045045776613628,1.054937874276943,0.7543130835395757
1.1850017872530698,0.016750813579179735,-0.9802114580538573,-1.7561073764098387,1.0933808865060362
-0.1049890975052386,0.07351958852303482,-0.027440021912581943,-0.30246728094521674,-1.0988037406299875
-0.16967672714032866,0.10222351278189387,-0.33555558923194057,0.403826670856504,-1.222417095045423
-0.4445158313422292,-0.43782124249562987,0.5420195688711434,-0.7116300497348401,-0.25899617943491365
-0.22311495985774782,-0.0669675082907345,-1.1536309288644153,0.3274804140465546,-0.45212402824067055
0.15759312820373897,-0.7914438642953392,0.1742062089096871,-1.1605436299740741,0.5741032678826811
-0.534103187721899,0.15174025016668707,-0.28820166072224135,0.5265644568639732,2.066452756417324
-0.34480182143641175,1.511089128322455,0.0652516926113457,0.016369621313507717,-2.2419254758072875
-0.37812933890325645,-0.6172361279179154,0.8523002086502568,-0.34903122305350676,-0.22413300675403744
1.182191056443116,-0.23605236451163553,-0.9360949892371285,0.27695724835160523,0.5902048090278742
-0.400338432820262,0.00659934250618144,-1.2851821101724454,0.9278441527441208,0.7039585725042881
-0.0878651571197554,-1.0582582399924396,-0.1588041625873992,-0.1769010674473203,0.18105006271868998
-0.9454445648570824,-0.8798496802997536,-0.2615152339490572,-0.7612059488873009,1.1755547812582132
0.8360971301144973,-1.593120722431151,-1.3296802005609372,-0.27288996155200945,1.542684827965283
0.5337669113421771,0.40128606708631664,-0.5470115637714658,-0.5004360919276206,0.9323259483545013
-1.4093344801027343,1.16651060764514,0.14105261740195832,0.06736009609984987,0.20585634530678099
-0.43081505107163615,-0.11396758037141555,0.031026796473855534,-1.3430835132474137,-0.08042429840999842
0.3168605318319764,-0.6666071654123701,-0.5281219200276613,-0.5319284196785893,-1.249057674537123
-0.07493530887959875,0.4682715072074018,2.021691739195166,-0.525536735422425,0.39963198883234347
2.311997300401772,0.8436464074104547,-1.0850805007285957,0.6553671375592274,1.4896651109270802
1.3084679455081245,-0.6264396928920891,-1.6476370153417859,-0.8775865172164832,0.32870741405169124
-1.366850907807519,-1.180717965833712,0.09646048096194391,0.5142579281948149,-0.47116251781364316
-1.064781876798576,-1.9788418768174028,-0.06897916501752964,-2.867459979734559,0.20562652735009673
0.06635055987498442,-0.036561917732704965,-1.4113330565736553,-1.6107989973030494,0.06438245671343937
-0.38647876803365866,1.1632405192641397,0.5538635753677065,-1.7559433267868334,-0.36279683864346546
0.1300015211228655,-1.0792548979981793,-0.07335056799396324,-0.054079030710242205,-1.5826427324790922
-0.1260679752702632,0.152456684591892,-0.5330809385853301,-1.7165248956934305,0.3371867559923928
0.056716395262200146,-0.589766235826996,2.0764120294196746,1.3941440645005854,-0.3950715894468496
1.6039211119837473,-1.0897631859301378,0.2792907019045995,-2.4978747872134845,-0.03852364969224831
-0.7153125986823222,1.3662082932633437,1.7281560127264444,1.0685574046843511,-0.9000001934862021
-0.7997514188837385,-0.11279258107226285,-0.35993284845673507,1.2270612087929298,0.35300663046627356
-0.29845952070750464,-0.4689243863003825,0.6221967723284344,0.5964074634643752,-0.8208791585225366
-1.4165714924669373,0.6737642782801682,0.5658674814501592,-1.5895373553266576,1.6241561660222315
-0.7264125246472918,1.786561461401619,0.35409072010817944,-0.5133203060244594,0.01166810698732822
-0.10293438777953354,0.03017518432975835,-0.7212349431664263,0.2731379570268617,-1.6883629513813154
0.4335551197984076,-1.1155732316090272,-0.7495901019515505,1.259471315432771,-0.35594896601420084
-0.040467854386160775,-0.16259490454819578,-0.3860907356013151,0.8046755926118271,0.8871350039589595
3.0390666681091933,0.04071894852151002,1.2330518824975087,2.055697673140675,0.7845563932164324
0.5384251494006729,-1.5703023365272575,0.15194823753067402,0.4666068647281089,-0.9883738372359839
-1.8183890178932023,-0.9381640444087529,0.6551285204277763,0.42341057103652335,0.21080047731530235
0.19344514572687876,0.05603518939482916,-1.285779437133443,-2.3467365228594494,-0.8457368831318866
0.6687327641554484,-2.583021389267142,-0.02256854135802379,-0.705689731822675,-1.7563483324062732
0.1163231100621929,-1.2316977031425704,-1.8720012476798469,0.037753935622018175,-0.28331613421652424
-1.232428548092017,0.8540516717771438,0.27902249441587035,-1.084583708278795,0.4603657329595048
-0.8648825184416034,-1.2348468367331322,1.092866504870272,0.12585372713099757,0.7589361667136123
0.008699401719822364,-1.0131167130949335,0.016839020608414697,1.1382823037451792,0.8023507417647436
-0.8479962937528422,0.3458755265320356,-1.279323029501004,-0.8246543054472348,1.7868829292655524
0.6157822084867438,-0.5098964829083569,-0.15748690355830033,-0.21812175993406133,0.4491729820634991
0.7144922063740992,0.5098794842015137,0.010806644950790385,-1.322878740852739,-0.49210677959430493
-1.7192887576124054,-1.1627412817652905,0.03579456063207622,-0.3735739609107769,-0.6984301178582875
-0.27677192354613234,-0.5875249013026319,0.12343935653811222,0.6002066901127296,0.9482251123329501
0.8877858480818919,0.6897091176568224,-1.0302050837713612,-0.13597145058216425,0.9506334672687731
-0.36230027045435736,0.6061355753477135,0.3158785519610764,-0.2593604227399013,0.1448233520985064
0.2690064203040672,-0.10733089462979387,-0.9523977562344604,0.14993935386022422,1.8704798417170208
0.18635978071921377,0.6456767630721942,-1.3768403636716051,1.6468674474187448,-0.9297091813911749
-0.7241931249177158,-0.6296749782853308,-0.5429615306796327,0.027220078571673554,-3.13762037011972
-1.7194112827273054,-1.5067319522660725,-1.5171634180743194,1.5935916128232743,0.7553594324725268
-1.7449562361375763,-0.42537588755643885,0.85753716518153,-0.4310206899512346,-1.7783396676017589
-0.047421698600176,0.04284925923995025,-1.3059342367882623,-0.7889099048107259,1.3824750317851906
-1.77394892884467,-0.3905424218711,-0.3204397452907276,1.582506707794165,0.7215748710051321
1.2866394095255353,0.4754608015180117,-0.824971592214003,0.3862856019986301,0.3203996399298579
1.2736311635428885,-1.056845178595439,-1.5210664033515544,-0.28434819459377164,0.22489008950167227
1.2278294155329497,-0.1175224625417247,0.9167635944193154,0.2974434987196073,0.42787710839274873
-0.255510517330606,-0.09660224843297446,-1.2902818562233693,0.15516714732690248,-0.3698724220690884
0.050697617432905115,0.3944261698208072,-0.12533816857780591,-1.091541747203461,-0.3866847887533179
0.818730417338164,0.6270521383125502,0.12276686891824576,-1.6250784435458803,-0.8199558613340051
-1.007849082927592,-0.3981454923172933,1.6754370015116582,0.12626226070115998,-0.28054939702069936
1.750376492684115,0.5335075195628052,0.26833828240192564,-0.40415719369894954,-0.8233558227534605
-0.18779029930124858,1.3840118366731962,0.03102547098359032,1.0000723320697031,-1.7687499513118254
0.21174451493283747,-2.6678229775693585,0.8075743423939276,0.11291453028338727,0.6812356442446186
-0.5112985471454715,0.37471138671217286,-0.05750738448155857,0.6360062075777978,0.25924221604026604
-0.8481345880803698,1.2415285110443999,-0.4790014906629699,0.9533791755301336,0.8468583098761606
-0.312631550611635,-0.010217218562925484,1.097197254385424,-1.8790168297827778,-0.5679885085808103
-1.609068301999736,0.9793339628690932,-0.4987630698332923,0.6813043804273992,-1.0532865244713794
-1.7651675217613387,0.13106353104934562,-0.21120185312881237,-0.8602376675193885,-1.4144439288524997
-0.34549768777074324,0.42585730529235605,-0.6042462152656208,-0.4539992549667055,-1.7331364643630731
1.1033730773389088,-0.19030342574346293,-0.044333421501777034,-1.153906518657686,0.9463510531825687
0.97744970604563,-0.15477117236135512,-0.49656332695079286,0.5164924748031445,0.7974118516688017
-0.2507809043277175,-0.9803440569406139,-0.7017772282785633,0.2614972345972447,0.86570451069832
-1.4485211912420155,-2.165023841023049,0.5095548405041219,0.7980969550106023,-0.5651740018233045
-0.46895855849366647,-0.19238348408301442,0.502906865634639,-0.9703647449401143,0.03684257901972442
-0.7667456223866203,0.36220344942909477,0.8260826935281648,-0.6959334502486566,-1.5708039492790278
-0.09874857756341164,-1.2434249521117189,-0.8285825621790384,-0.8815030880916923,0.9573083343938398
2.161812712223965,1.189866158923053,-1.1050347058204188,-0.8486342092640964,0.1722455528044767
0.5769271119536662,0.012078551946774723,-1.8121175485965795,-0.2693580513733603,-1.0846498133988145
-0.04786869763617991,0.03418566855062795,-0.7436093822816897,0.41669376886518944,-0.4318085744363924
0.5413418599764265,0.7540255241954362,1.1175691547939597,-2.4760701101765727,0.49584931112796354
0.3405808915717614,1.54099374412379,0.8044128075231256,-0.27520540017442435,0.5015672793074268
-0.08038318290137719,-0.44069059092436624,-0.8643374510012024,0.4128510252036925,0.2821858766236922
-0.18392676581673353,-1.0578863580990272,-1.0397559186444696,-0.6387847389859633,-0.0915018887690341
1.278701542845366,0.08904359953648647,0.23529954619109464,0.5064672711077045,-1.542778025453275
0.9303243457311428,-0.812166497779887,-0.15707583807235462,1.9590419010976778,0.5352257200361438
-0.1391772210727839,0.45452115130060666,0.3516557536993693,-0.6740981141734149,0.40578081144838024
-0.8403930497171218,0.5562709841111642,-0.035478725371388624,-1.7263388510505826,-0.07267983997610085
1.549156780225543,0.26349643212812024,-0.18806657512064093,1.0467171856288127,0.4315031576470673
0.4529017976025848,-0.7573835951255166,-0.20516697105292966,0.7101015197223731,-0.3288155939806708
-1.7056530626789006,-0.32143850782086647,2.7496066034743225,0.3128345923936743,0.14791021150228215
1.1485787508597842,0.9379852335769184,0.008751128516790978,0.8476694427529821,0.7302823689473525
1.1045282823810711,-1.4844834996241596,0.18284935526287008,0.8388492523789184,0.7622970227764614
-1.8811893745381771,-0.2066286337495751,0.587157433733089,-1.2505233930354096,-0.4317349279563896
0.5028290260296114,0.8578451764069591,-0.6597847040385899,0.005802216390226972,-0.3068384756064442
-0.24299880609040728,0.46420428495463195,-0.5060043207750161,0.25059033933319796,-0.37240182526636983
-1.0277687402049345,-0.5546541136617975,0.9964994018022432,0.12987732604433055,-0.3085008337009507
-0.2803448039689519,1.5251112644170122,0.6738242455203803,0.7179577351209904,0.7343693175439409
-1.2147031549054268,-0.7393055020123895,-1.7595045327093632,-1.2901392932973557,-0.8759005958955479
0.7973843981596813,1.1775945934217886,-0.4156861461940313,-0.21566580535952867,0.7034901873465172
0.27424704031510583,1.4579326088421807,-0.0017029970472582927,-0.6232971841633381,-0.7841858912236702
0.36755282565617253,0.14553666031934806,-1.1700798584368852,0.7007287311094698,1.515044740763556
-0.243660893554179,0.21257056295982113,-1.145587843193855,0.6805314489550394,-0.05444880538731905
-0.7273756373029419,-0.11757035986691142,-0.5185609159986669,0.13953029313644688,0.22564996804129406
-0.08965339866728618,1.5857052243361827,-0.06673690285603402,-0.39830448454114076,-0.8201516154305536
1.8645788626845796,-0.5408117911774106,0.23533498822190071,-0.4046734092811443,-1.2750603329686936
0.9600436091851311,0.4901541755014389,0.47777217370829084,1.2207123593667855,-1.2913398568761623
-1.0291944605882553,0.46121471504848344,0.7865432517493439,1.8670827592105474,0.7714625744753352
-1.446306039528967,0.3002570781662353,-0.7785605727493696,-0.5039483115970869,-0.5435658666796744
0.2142099810984989,-0.9053760756252628,-0.4885848532711026,0.521387858898816,-1.4593382277090752
0.2715137092739412,0.8028384731993559,-1.3204695886842235,-0.7670542677440458,0.2185718554701179
-0.7639518917544982,2.212477733519866,0.9935302888468335,-1.3538292751370513,0.3661950283440109
-1.898289844287163,-0.8425905072830526,-0.7755685269406194,0.9446146923365389,0.7539790708529586
0.024368405065203987,0.09270767501550999,0.8118183443242131,0.7171028088970465,-0.05430125402592317
0.5806769982429757,-1.0706622020177645,1.3614072815324154,-0.451186133111529,-0.16200014739525725
-0.08589032353497446,-0.2531719165374777,-2.1176780790616356,-0.8275580828337499,0.6018261853369918
0.8163681106891376,-2.0387129567083666,0.42815182585145517,0.9214909515990616,-0.33019252360456536
0.6436080699412956,-0.1032048881512322,-0.8396646106876801,-1.1509608692624065,1.1631473847343001
0.9601859353272424,1.374957310574844,-2.300858304093043,-0.4789198612892887,-1.260809793707842
2.135120483160673,1.3305777215197705,-0.7037859699189041,-0.7463805304274935,1.7200715576390586
0.1170919399275615,-1.5393191367418417,-0.2378713809601865,1.7679110489202565,-2.635778068633308
-0.8577561400336278,0.9600120903108218,0.46173209275176796,0.35573409069010153,-0.030302507487697295
1.061354538145667,-0.13299448688922846,0.2967331228023104,0.6812525160520572,-1.444052842252536
0.24386308342660495,-0.32064552517099704,-0.3020385912226148,-0.29576072277722365,0.9503282975597179
-3.4591380574271926,0.5831393406956834,0.6333305449672813,-0.016551376494904728,-0.6345646691829464
-1.4585969523408915,0.4447629328015375,1.948215636721882,1.8188093660322777,-0.4731472292733574
1.432983868364237,-0.6010525133248541,-0.27470411975024894,-0.29583694429583585,-0.5082761498188882
0.9427334840342227,0.49185086406175377,1.8299517215693566,-0.39925714139118157,0.5371034727298443
-2.221683416257824,1.1616933764644612,2.811957132728617,0.1541259746976334,0.39169024719696205
0.6193515916621571,0.975590621240904,1.3120291323838766,-0.9889013055050437,-2.7202729898267926
0.17397518060569978,-0.509558077190544,-0.1992087732314074,1.7823006973946702,-0.9270163786780934
-0.3079650705054865,-1.363511313406871,-0.4139786451161022,0.2581577824546807,-0.21307387165360833
0.4183911366173897,0.9561783975731726,-0.13648671427260148,2.1663314311810447,1.2366293056362865
-2.5154060151983164,-0.6505235917230736,-0.8878865406229781,0.4708453748913588,0.16387398496357944
0.15656424212366996,-0.2327208350413345,-0.7528996417431396,0.6223594822320409,-0.33365466408362104
2.3546893354258924,0.2953258080295565,-1.2486121063555962,-0.1343285158346483,-0.3829194506323826
0.5028723864858621,0.0008014992429771143,0.02200647527323561,-1.1698989995202822,1.6694445428916578
-1.3302220929313826,-0.47487653955703435,-0.9164617652650788,-0.8906968510174308,-0.4033292960477179
0.29763517643364046,-0.8896150459093183,-0.22663838460050573,0.8162423000297483,0.8067497326857886
-0.7069728100366518,1.1537364721701064,-0.06484004943323171,0.1278564377884659,-0.9432532983045558
-1.8076039608977423,-0.7698041220134398,-0.3339641334174995,-0.5602134656634259,0.15807048928952472
1.3708438449357299,1.3379912568126975,0.17391549435872825,-0.6396792653598807,0.15456772338296543
-1.0976756708549607,0.6321500163810184,-0.9442710848073437,0.36003174242439473,-0.8457903366905347
0.6645297989801071,-0.36805677247973406,0.013424928075819836,2.581042371669715,-0.8193834532618567
-0.3917313147975924,1.042529062975187,0.0256338069513901,0.028243235620110718,0.45053625863564467
-0.7359919340145257,-0.7031537984007799,-2.043893123064939,2.283484823808457,0.6678693448601014
0.9809639665669603,0.7646892854737298,-0.4463684617007251,0.5537648861208356,0.2508804021690922
2.15756558595164,0.3442354259351546,-1.2515471899558366,-0.5852572023731455,1.0989904561627957
-0.22813281305328847,-0.47732964473327394,-0.3831854570857378,1.7548909253226852,0.06768086660457816
0.06470376679403697,0.5624763282879117,-0.113964177982757,-0.36871877424538607,-1.1081499018484617
-0.4613676356451651,0.2911528037206746,-0.039756791910847494,0.05066534543962815,0.7053728366830512
1.7968614562741916,1.1548536463007402,-0.41105996005003353,0.35913047579673874,-0.5797206897985221
0.6807272013651796,0.030096465670330284,1.4234742266614837,0.970211228161228,0.07335445707949956
1.6201673445174531,0.6067377209784295,0.6992239911846788,0.8120698902301474,0.3021136261434826
-2.05468983019601,-0.1359251551394603,-0.23277463010723856,0.18108630703622958,-2.2268653571816577
-0.4388933895731273,-0.5109544635750409,0.49452164006948823,-0.27195436793136474,0.514924984255331
-0.265754520302195,-0.9740280162040502,1.532584246253843,-1.1019250729397045,-0.5240064504936979
0.6510337786719768,1.3112894762095106,1.622874918364829,-1.151329608387068,0.6654137398252544
0.16514503948738443,0.46617956846860964,0.02578298397089756,1.5385907378923689,-1.7167299942620968
0.8374563206476383,-1.3725555495163917,0.8358567093698746,0.18256113191561266,1.9537346278475503
-0.8945912076588634,0.7092603370898767,-0.29256407805890766,-1.4008083215927307,0.10333458564486778
0.8597638818153482,-0.9968790500588461,-2.1294940207660247,-0.9236046423486555,-0.21866488724586666
0.01729970778304681,-0.7414970998952053,0.2438195276170092,0.46021311020518646,-1.064441122340806
2.488244475347995,0.25332309670412595,-2.491709137270411,-0.0864460303110538,-1.3331180518508179
0.6941735101435175,0.7646894783406899,0.41035140646193796,-1.0205411694985809,-0.3813618470496626
-0.013063340864877118,-0.9413482273646122,-0.021549661129685364,-0.9081616594542512,-0.7212406283915455
-1.5093119150416223,-0.9379672466165785,1.0327118704904397,-0.1077495647500745,0.3870200057837486
-0.34516098528844197,-0.6345350607572402,0.21755473413331447,2.075533988755498,0.1426289071727931
0.5458140193811006,-0.3457044261338702,2.190101820099133,-0.08040638284763865,-1.487821934885345
-0.9927160591175895,0.32508325093629015,-0.38669880652104743,1.6286543240461968,0.8889795201433264
-0.5906230619687125,-1.2400600878205728,0.10228669436679357,0.30133364376606786,-0.7050863671727602
0.42033293024833507,-0.002538466618657738,-1.3977965223214672,-0.7280747122669431,0.9311301291852117
1.3346083325033018,-0.3875665865885691,2.038712602229287,0.5213408851930312,1.5758019509011025
-1.2311724820982481,0.4445439957744794,-1.567066369644389,-1.0218710429920308,-0.581041953776609
0.3792919962345904,0.5906696035130313,0.7557641761759307,0.06288452729289071,0.5487096402924811
-1.6071152494574972,-0.9427562527126152,-0.353371556228237,-0.15230070388097955,0.09089756581100568
-0.3670239591177178,-0.62703767089478,0.5985923616446126,-0.5331971202499003,0.006978750412389054
-1.1582543694541267,0.04484767965484036,1.5818535781864633,1.021544569814424,-0.3914843298869516
-0.6523596822126493,2.0222907709875115,-0.4737951914226078,-0.8662882426106253,-1.2960034461286203
-0.7424175883841383,-0.42224024478422767,-0.24487239046402057,-1.230472099278132,1.098079457432674
-0.0915463678721996,-0.4360084146370566,-1.4464644419979007,0.2881281362648217,0.24583478691641397
0.4654514911858392,-0.8370951876657697,1.0250605272187778,0.08252346658438946,-0.3554447224617623
-0.20115902618359555,-0.18122210226166283,-1.886518537129815,-0.9399627598393971,0.4247391050503768
1.0925738095611686,-0.32266581421890406,-0.1902804809612151,0.7953537728656934,-0.5344047939413843
1.4131549882746859,-0.17788606551332803,0.39688941172689346,1.1033585858586747,-0.8670782421220539
0.8457325023399113,-1.7032627635251563,-0.3613973099386013,-0.0012662062563004463,1.2379139362616407
0.4269397272681099,-0.6228346969169126,0.5683043728824416,-0.21199615190110888,0.3668996776001381
-0.10820225109323585,0.3725525367659773,0.9001976651522436,0.7292877447012204,-0.20362257940349374
-0.3869886341857428,0.9527590923362215,0.5544508448846578,0.04327427949111527,-0.5561241533414121
-0.5319697088696815,0.08048143016733413,0.8074861367102479,-1.7156194518218537,-1.6886696470726643
1.567957844305914,0.4451015798817111,0.8636853483176596,0.960620797873583,-1.7439045939075544
0.7800427428376799,-0.46266241300494587,-1.669837853224189,0.06088808793329128,1.4110652518845115
0.5704434904101643,1.0155360942384806,-0.01995205931659059,2.5037359887290216,-2.671455623284562
0.32460095566036035,-0.22709960217906675,0.03353965803542077,0.02634251009440169,1.1402585770039269
0.8483252202107509,0.5597515159017806,0.6206424304803724,-1.6206910778553554,-0.409231197975725
-0.08899431424790613,1.6785717642764897,0.7522944884321545,-0.7891107628784582,-1.1598012119822971
-0.36743967987912024,0.5669807254499779,1.3957992859927042,0.03194673530172109,-0.5491242229394573
0.8136205373217232,-1.1782552334657361,1.3079484200173404,0.4863635824656501,-1.2331613469820546
-0.17520088268981485,-0.8783320991817938,0.9343695865839081,-0.352954611998057,1.499549234302654
0.5777852849860993,-0.042121739162187255,0.0692816695505514,-0.22203670026427363,-1.818864223652245
-0.06659730568711604,0.7638369582607293,-0.48946745335224373,-0.41360408103363894,-1.1317924834372113
-0.5202496358600657,0.22986911617857939,1.9851999834334992,1.8556790661746472,0.8749572925291235
0.33052796160769593,0.6969208929111481,-0.12304709701387989,0.5092749862299396,0.4134406438212155
0.08842227559301737,-0.9161197755298811,0.3800798480531609,1.4961035341499296,-0.8020144992740685
-0.30538319812330095,0.544009410280858,-0.7377870353506808,-0.7359805555815057,-1.3497114578105311
0.725696158056588,-0.23678234210011206,-1.0479710716320434,1.280031296411276,-1.4819354829453097
0.009734167885343589,0.10591465288687543,-0.3397342537822031,1.4357079728148219,0.9691499850597446
-1.6772733150590184,-1.853314394340191,1.6729001714693637,0.4138040427535469,-1.7738185147694798
-1.248585599559142,-0.04348189717168781,-0.8620921988836981,2.2013782948942735,-0.5484374010251426
0.7744056351040305,-0.8044295860455976,0.21109673415132402,0.03553477724379243,-1.9776291313965484
1.4321050533943698,1.065654462804677,1.494982315196721,0.8030393228809436,-0.4286762100170744
-0.2784080041601858,-0.35023088442820116,-0.37162353985769875,-0.005619038495338371,-0.9540041757903425
1.2566223781244474,0.9636289514521692,0.04108182316393784,1.0869330554071563,-0.017828568725994972
-0.01857648987074014,0.4488280968907956,0.4821797600502601,-1.6765359132217685,-0.5301651990846594
-0.31258475469058267,0.05548258819922962,0.7992688900143876,-1.9233644007118729,-0.06797101938010718
-0.8373300921688848,-0.7375435618160765,0.6079556111883476,1.2525183662316368,-1.3840153814718124
0.09395086440004352,-0.6828270048126834,-1.09989243024692,0.2901130904097555,-0.47740880144904
0.32363181991189,1.936369310893213,1.5979117545126198,0.7710268727721078,1.3701635764607853
-2.0856297845259495,0.211693423328484,-0.9726107540772685,-1.1948289342166039,0.20768455738313085
0.5324291195717997,-0.9153445162883792,0.004326517220609241,-1.1333122152262192,1.5542375567741575
-1.6837489742847025,-0.023265516723463015,-0.11155932474357622,0.3577100107803452,0.8284696238692265
-0.5441127296540504,0.01790254072166477,2.6091855329683593,0.018898148603476397,-1.3163583460264348
1.5901290322797075,-0.07009836534142186,0.607278747462652,-0.40983167377019253,-1.4937495666521534
-1.8980883544913145,0.28331625370106495,-1.2788095530951302,0.06689853011085387,1.4918965662144443
-0.16380299262515913,0.8560609943140697,-1.6479930472328017,0.25539743399025694,-0.09823445545130935
-0.806611562486515,-0.5080378815094174,-1.2023078489909789,-0.21840166976248296,-0.9702518141246306
0.33556081576832447,2.246280559754174,0.19493415759918636,-1.053138113060431,-0.6877001334054671
0.4356141824430286,1.8000171595792633,-1.0984121061852883,0.4650357361201296,-0.9914746066421368
0.3948851141963077,0.732865558470562,-0.6475402263870836,0.9758646524006368,-0.8751823871135073
0.5430290743511796,0.22559868919672385,0.7683540569169015,1.1917099504976483,0.26497117329242986
-0.11946818991052016,2.2114464937377525,-1.1298037756336818,0.12915784968796962,0.9322887997273369
0.13617942307163672,0.39781600783563753,-0.9030296998721564,-0.5631889003022017,0.15946915368113068
-0.21951778516447135,1.0234339020566134,0.531903231030874,-1.309034197055068,0.2534459029408491
2.5465733422109817,0.1005942609594052,2.1451325739775116,1.1725620540409947,-0.5737719528740071
-2.2153832209134814,-0.8253723390073517,-1.4010932951559327,1.1876725020152872,2.5836287252915273
-0.10458444327421078,0.701066052749085,-0.2341600466307665,-0.5148686299860299,0.3692598936078466
2.019223150147653,-1.395367051102301,0.6200854719284935,0.016860028165262254,0.27318758724078795
-3.0547609935044133,-0.308350850443497,-1.3251560977335695,1.2549465336044523,-0.4676077727405574
0.0581076236230976,-0.6148907211146912,1.3024803548009742,-0.4242834947275132,-1.4617965764884948
-0.07756566675481559,-1.3442818017612053,-0.3516872391013857,0.7535531226983565,-0.3412750097784873
0.031667711576454,2.648231179286614,1.0973323198215383,0.424075863134246,0.07740526487919605
0.14425199040379927,-0.6005141688611022,-2.1665728202493284,0.5622033031181523,0.930631382427282
0.4123077584530961,-2.009570602401162,0.08124428160555086,-0.2160332446818528,-1.1439521427773114
-0.29263710950591093,-1.177948901548912,-0.6751240526655425,-1.1258991194528718,0.22123992459930167
0.264600280693484,-0.9936588200820877,-0.38503429649572557,-0.41527881253778415,0.8090778514291718
1.2829296225448337,0.14895381224539064,-1.2744924931947816,0.238184451626882,-0.20379419327481063
-0.2947278328405437,0.09840209049898943,-0.9945327720476163,2.226311501269844,-1.550544483969251
-0.8372951268193704,-1.171977839950923,0.783331268707321,-0.5692768581824157,0.8879258675485483
-0.5343342759718502,0.20046041853641056,1.6553104385204878,-1.2462671778352528,-0.46878788587776843
0.2022110858745385,-0.9296663050123493,-0.5892521516214005,-0.25629761272136425,1.2408044838638346
-0.9239283559664635,2.145597567729767,-0.10469738896707942,-2.7928447587149523,-0.16035470713281857
0.29449039031285107,-0.18441844057766152,0.4187928509765336,0.7392938760133638,-0.8865821191115854
-0.34439544351234913,0.18486822200412,0.5146752309194018,-0.02464524026101896,0.557417310417702
-1.5789236647340534,-0.24698360463394634,0.422153332487153,1.5039747205036054,-0.35626286560408515
-0.8511175438775588,0.15259273659599493,-0.9104598804101262,0.7773447397379216,-1.1206706633829369
0.10547452867261625,-0.10773340031945497,1.10298909629772,0.2578322490289536,1.016167978562881
-0.19596775246140163,1.1611837754406764,0.15002669927211576,-0.7859022189230618,-1.0523459288635135
-1.0162306857150167,0.3250049951066321,-0.09292630692829462,-1.0671010446007043,0.5320631720507607
-0.573204268761855,1.0230174653032367,0.2310612378694063,2.1406636419821132,-1.0270587933654531
0.6533289769540914,-0.6025183931425725,0.17215466045475727,-1.8128187142827212,-0.11439400102149498
-1.746449308140728,1.6657298728417012,-1.2273095761000752,0.6335870987364104,-0.17935656923374668
0.41650983645248196,1.3097238424379267,-2.597539405479339,0.30154418485479817,1.423927546900846
0.2159586468613166,0.6203754375449917,0.802385657899317,0.10259315725428574,0.6863516227026976
0.6555049431356282,-1.1077538807756884,-0.276278855219646,-0.08884845358542,0.2978180883201556
-0.9159956298480043,-1.551962545582887,-0.847672920115257,-1.1298241526705117,-0.2007577546794287
-0.4572223718032713,0.1267205591406981,0.7284224540825658,1.0458100054526756,0.2910720146179014
0.9057004996096099,-0.46383661956027294,-1.922199385486857,0.23656788733893439,0.6525816114587722
-0.6113953335315908,-3.1171806957260917,-0.07345828711894711,0.28986365855519436,-2.5421958088617123
1.497458083791546,0.25019085455534096,-1.0219537707076307,0.39225259158118,0.9640008898467044
-0.5456282769700401,-0.36485345491171334,-2.9631841590724024,0.8431457104761243,0.15195547441108886
3.1724594047426664,0.24907676987965643,1.41950121838033,0.29773446062609277,-0.3768363333445994
-1.3794802621624525,-0.9723953195828147,-1.4620166162823403,-1.4810758036851364,-1.5412132794830322
-0.8054732421730956,1.4351892740922085,0.1726250217974179,-1.0905018703938185,0.9860234983262383
0.05278448123209616,-0.6792963745955225,-0.07822882952662535,-0.17114650869295245,-0.19581915032267952
-0.814326572724981,-0.047957745034418096,0.6800826197416391,-0.2536705136871256,-0.32572814126074784
-0.0005311721552333738,1.0573609257465322,-1.2463245020229736,0.202503870241964,0.4114216548342112
0.8322537391904083,-0.7301391146011177,-1.203439480771286,-0.8377679732573178,0.6365490761998692
3.518970965735816,-0.8125493715072667,0.6749835753155573,1.5490863557420043,-0.8082145657600284
0.14704166658444504,0.697327625125445,-0.5223777914352715,-0.14589154303282262,0.961322666879618
-0.46134321878759976,-0.12328203432545794,1.4220864503226356,-0.16789629561052444,-1.1269460408534346
0.19566764923792473,0.8260327732542437,-1.6368240024330063,-0.07653819375055831,0.0548078096568741
-0.8492864855476705,0.8376492235607097,0.3317555813049484,1.56387770871636,0.8510551484223213
0.7292875448276042,-1.181973628966396,-0.6050812660166668,-0.25505199752070495,1.0805285564072453
-2.0932201412022557,0.7006018745398305,1.0969459053686323,0.6098961653862797,-0.2775006392036315
-1.0243581959629047,0.10698940775982993,-1.8186813822323444,-0.5865823360054125,2.170128705195667
0.9653776710445611,-0.9128015410647573,1.05168857118217,-0.7900721995293857,-1.9465248093452496
-0.15411751278506466,-0.27824262315529014,0.20178214172407613,0.15367243881902284,1.564706488841827
-0.37139313084306913,1.7901772769685154,-0.20638356462428056,-0.04516164421980447,-0.7463378436189868
1.015186583329767,-0.8295847269134856,0.9987930715685142,1.1069607830204125,-1.3304135183396095
-1.8695976058247468,-1.449981379547313,0.6088872764580773,-0.6869004755327924,0.8045819692205862
0.15831557211786143,-1.434209425334822,0.4162325529293926,-0.5801493222608173,1.251313535500039
-0.38616851184398016,1.5865986781667032,1.7609562873838294,-0.8838475424104303,1.053478131056575
0.28692265374189774,0.5359589599180309,-0.31518040150352694,-0.7740076352842646,-1.3405370153634266
-0.6395936644163529,-0.8013709752709082,0.1315230052210595,0.64742071472979,-1.281870287439046
-0.3046037798408196,-1.3589316456876221,-1.5743986510105261,-0.44581174447128097,1.846800283330164
1.2911352610646174,-1.5406389482757772,-2.1650662160714553,-2.470720320617685,0.6812915951018337
-0.20915261045951375,0.25583166791984185,0.4278703486242897,0.05805484734264815,2.098221238316147
0.7512219669761752,-0.40879675918238356,-0.17335902190826508,-0.22447665655526242,-1.1679734966842363
0.4508920920206008,2.3354179339123915,0.7556551247004414,-0.024643844843226237,-2.004089822846046
0.5004407529126139,-1.1787795078759278,-0.11514413651867876,-1.6074586778309057,1.499004659286324
1.550199542606642,-0.44146302959006123,-0.795465580527369,-0.4087535032007071,0.02198465770668715
-0.362769646222843,-0.8412058297197769,-0.4753055403024286,-1.113172899927615,1.1799711433644389
1.3612845733291337,-1.0473684482178516,-0.3205978224360111,0.7918071250935209,-0.46595969017659405
-1.4945901001590076,-1.5380942207445303,0.787265285194736,-0.0022849313113049515,-0.635717511391081
0.14756957891946754,1.051891289881883,-0.5996234711263505,1.2842669426461348,-0.5828084460648172
-0.628881226824388,-0.25739770550988894,1.683769439182309,-1.227025722899256,-0.16316181851983652
0.9151193240689187,-0.288528026997681,-0.2319900056589413,-0.11511849733598051,-0.762733021212365
-0.683942051353193,1.7001080557141661,-0.007388789464509872,1.5739753883349743,-0.5924742119592694
-1.7774850432242757,-1.0447904098702543,-0.6782253545349409,-0.8606993164211402,0.7448603523875246
1.430814902319181,0.9312939913393645,0.0573653009071973,-1.1141466174231498,0.44214138954982435
0.601933277903832,-1.8355505467396411,1.315212210899149,-0.21874783395724334,0.6583347143521903
-0.9003835507648534,0.14393079716776538,-1.196398103211059,0.698165244179482,-0.053311521710010155
0.5165068131672839,0.5981120980390496,0.8838807304539921,0.013500936074484195,2.5410760570032194
0.49348503406180416,0.6507449467526989,-1.0026176314310613,0.9804810607229258,0.39013950991144547
1.3683586088245734,0.4633097760496423,-1.181569061313262,0.7488034977410818,-0.44154367543428485
-0.2700716711496581,-0.5314539371026524,0.7260688409320714,1.13115156216319,-0.11296314346828767
0.7342553919401716,0.7569313190033312,0.010421647850504789,0.14057206927064547,0.23946523679298476
2.6100646237747203,-0.9383505403522896,-0.7265973281187051,3.487324467238285,1.1159461982404175
1.337412052739821,-0.22786684523746872,0.097771626068455,-0.691816206625876,0.6417922940787703
-0.6241886387529814,0.1552960607467255,-0.881693198983244,-0.794412781668522,0.09192432656249322
-0.02254492970497302,1.5128121563982468,0.6632199702030384,-0.13937335483022467,-0.7439574053828648
-0.5541804862948435,0.06946329717331015,1.055640599370475,-0.0387541406079573,1.6853463808123028
1.4109700478715,1.3808248800560492,0.0031980339328542117,-0.271260980020871,0.2865959211601403
-0.2594724539209821,-0.8924341888529991,-0.15685308225682693,-0.2614770201136664,-1.2319721606280654
-0.2149698247513696,-1.9261386915281016,-1.8851200149131717,0.4974436213529797,0.7420907609086584
-0.6715460305394843,0.0007596372736979521,0.8511035052519744,-0.21566356828077812,0.666809142191685
-0.5976888709078692,0.2211942807655818,0.1305986722526114,-0.14888570776139454,1.3286857309663775
1.2431687468539554,0.9078929081374204,-0.6130519032246965,-0.9246510884467167,0.3946529629152873
1.5056996944953664,-0.46182408054664636,0.9502179975132525,-0.3848741148545848,0.5116579334629789
1.3755618271814427,-0.7680324884292892,-0.4806381713780901,-1.013822982003941,-0.09037749899823003
0.4648962931801054,1.0146749331456255,-0.6452864606567617,0.8834481970024523,1.055255737000461
0.012257508339180804,0.7061285507382166,-0.24232769746929875,-1.367226044117815,-0.2970830019250046
0.1749485166282188,-0.9298321361260456,-0.42625031506636296,-0.41289195305799875,-0.29960270078219886
-0.3362406903934804,-0.5369307471373964,-1.0780246454723168,-0.1974126460606275,-0.5095176380843442
-1.3356015866133142,-0.9434006816800656,0.9239967639605735,-1.289017808897055,-1.0164875534705298
0.07253471695582052,0.013952135853280062,0.9116822906928502,1.2088538839568757,0.6072859403239608
-0.3412863235865422,-0.6398030294226701,-0.43409783055837875,0.34651533452005495,0.7274552994126038
0.7627816604817418,-0.6793256907768609,-1.31944079016522,1.569947156416047,-0.813125385481532
0.21443245758132667,-0.5016924997822438,-0.013922782111968734,-1.2135387318007116,0.5301567340328789
-0.8876881397253973,-0.09409317726221797,-0.7079726541402359,-0.2295051806767082,-1.5076176450344794
1.749838981497156,0.2198035659527383,-1.0945549440493134,-0.9679876755404021,1.2555362535766224
-0.07203614151231125,0.1842326446621254,1.5385342451684405,-0.1634089756481796,0.4236306718002068
-0.8660075491498334,-0.4808057700863631,-1.0743188829528834,-0.03705794588831833,-2.1877266560587185
-0.9305109399365099,0.8760555982873433,0.5846949034874667,0.470707362041591,-1.0689156829093447
-0.6429686790261772,0.3129056166233192,-0.5303573234380573,-2.0133788949558715,-1.219765334087832
0.6539981075175406,0.6791226113661057,-1.1389913467466342,0.7616037447013357,0.6591753495544513
0.6623779768542741,-0.4402916367866665,-0.22978118362345512,-0.8275523258402151,-0.3003774194490768
0.42762252342397217,0.28056891746620005,-0.7729347515226735,0.006247551140103548,2.1057304183538816
0.020397766042721845,0.341969662626462,-0.8646767981280795,-0.23216027930504268,1.5510088301366955
0.5951865973842037,0.20162179447155662,-0.7629252964867121,0.8563944977538906,-1.3240336394901564
0.8834863465586518,-0.820532035475006,-0.577877411767891,0.7806962172282147,-0.24509943281179936
-0.8710182473728567,-1.162083813650823,-1.0430687071749993,-0.2816160964383317,-0.5609319009738744
1.765858479070047,1.7713594584269474,0.3894554766895525,-0.8612090479394962,0.20064986578921964
-0.23705400203627505,0.2951908912276506,-0.6594241729444176,0.8098767072129408,-0.4557752114690003
-1.557648968162876,-0.25440788505549755,0.006677811310297552,0.05957556697461959,-0.45410640980217587
-0.7052196781030936,0.9744336358808213,0.45320756101787724,-0.6056274345994371,0.05333902639459036
0.419025361038303,-0.5513775817583054,0.300653565364257,-0.32975143311918736,0.44950586858083885
-0.16331230708848557,-1.790637482655349,-0.9834633771363347,0.39829836023176846,-2.0409884453040026
-1.2561122753591232,-1.7418388425385722,-0.5990057955022351,-1.2735164036718476,0.051665057418906424
1.114712413589734,-0.27813303064678113,-1.5255501989590854,-0.9580658318881106,-0.23928420170209713
-0.2879192234323289,0.9055037309920267,-0.198145999367904,-0.4031304435222038,0.9146714850386934
-0.15007584650968422,-0.8631419062079827,0.2662674332504725,1.9755219432020503,0.12506344905674718
2.739673012859609,0.4205864704949447,-0.1807514515456625,0.9583397073549315,-0.4998629245353601
0.2764963891399804,-1.1448768137412346,-0.4192017420361229,-0.4355367817021518,1.333476026277623
-0.08406743142635557,-1.4497757982450468,-0.07282808964618363,1.3981970754426554,-0.6632182694002831
0.530126331445635,1.6062495193395463,-1.5374175636944292,1.4582012369376267,-0.6368527934902126
1.359726314530025,1.4255719163944787,0.3579968849073221,2.7233839844105345,0.6339229667806152
-0.08882339792446271,-0.7470865013898204,0.8198519764326586,-0.4569090237209452,0.28683961278246556
-0.8320696451110773,-0.3903799705802378,-1.2578357140287357,-0.9978724555541263,0.9029844869651188
-0.03581380719529869,-2.167956043325445,-0.6070018199735324,-0.32272213846620057,0.31493442361652635
-0.6347947011321231,-0.13367197658735278,-1.2190923528732804,0.22407210560340374,0.4905752049369225
0.9206737966387063,-0.5427131373019214,-0.1548750141806054,-0.683015901971399,-2.280457990858092
1.5830525199418366,-0.08902160935303967,0.36878363490869215,0.5041550897837141,0.7336523643050299
-2.968838752323943e-05,0.9993058941353715,0.422812702770282,-0.91611902894848,-0.1017517888193375
0.8621034505910917,0.6118192753278366,1.5164945029862293,-0.9461984112887305,0.39713942555235676
-0.6325214302737089,0.2645737563830614,-2.2004623956229823,-0.11223396117493688,-0.03703437763286583
0.19468174378427683,0.6953017968102636,0.8088093605611539,-0.5057807148059834,-0.8815462995368155
0.9526945273777441,-0.18336324147984723,-1.2837689670147459,1.7844435090521764,-0.34641522404358055
0.5007863205081082,3.828792739364392,-1.7881058414589814,-0.6655470971787624,-1.1730251284378963
-2.223370903585966,0.35313921260913406,0.23830901525082895,-0.16288906967733305,0.04427635302615152
-0.30079485848837045,1.3221051182890116,-0.5304091497285819,-1.1320631630769968,1.0591345516672181
-0.9537469038471027,1.1299528446498555,2.123336109275201,0.9356882443972346,-0.800054935580463
0.4974084651048752,1.2743887411772084,-0.48070618784770675,0.03488100679060095,0.9910705582947951
0.203948782910779,0.9518976529585569,0.7378339144710009,-1.363040230510507,1.319984083726033
0.4187446523210713,-0.967664836188325,-0.009830759275394504,0.10323821134235439,0.3915027504425178
0.4289385160190685,-0.5894085705704576,0.22905281342440628,0.009231550850613252,0.24725152902870817
-0.5003194528681446,1.9200229339512398,2.111838099855867,-0.8742761640557549,0.23713864051917252
-1.6411228991449276,-1.493211079160062,-0.1565410336475329,-0.34829814421532107,0.5304489073553011
-1.3188243583995052,-0.6450760482896768,-0.5616272399926703,1.7151366254926517,0.341952147336329
0.5200954073658329,0.9257612103507785,-1.182242970680878,-1.7622709739775633,0.1349810518017178
-0.222911807894867,0.23097217697068004,-0.0018975604131519217,-0.6469699319920176,-1.9963530976478299
0.8617866163330821,-0.8072772635563532,-0.40755689824714464,-1.4955177276239264,1.5364130335062853
-0.19697377706448305,-0.002076194139080459,-1.6136652543506997,-0.6952381715864122,2.185609491516436
-0.4985423339521976,-0.8701057086712443,1.1177534830512343,-1.1366958263127769,0.01918703092718278
0.4301002069909704,0.15236722553816132,1.0019867733580885,-0.5008586660239835,-1.1378122565846422
-0.9430727521087097,1.266128896230384,1.9345932331342184,0.6824344236443348,0.3974321143608507
-0.8178736164821354,-0.9055105383264451,-1.7477169749359114,-2.070565763297238,0.28580821077228635
-0.10356733601654675,-0.7750521598546536,2.3689473227710685,0.7325434344205017,0.16075116915455118
-0.6447315636504657,-1.8832409245481065,0.1164894730260617,-0.3549708588459177,-0.16375264283879595
-1.2237966477389373,-0.22510004080687515,-0.6972760786362611,0.655030573570959,-0.4693284127683836
0.1600193181377615,-0.4889852257393769,0.7254790050855533,-0.6897575144216993,1.2079120652575857
-0.48383744277655305,-1.0216665849828472,0.4756288620643755,1.7301231091397618,-0.0030072301768622415
1.9042814998812692,-0.39313798229468233,1.028492428393732,0.34101473261212045,0.28174095042614755
-0.392460886241964,0.003423464550368338,-0.10916114055325542,0.3705567119091959,-0.1566322237535911
0.5673257746569627,1.0868284511028965,-0.40871322818976946,0.2610848710474025,-1.9696401936677475
-0.20005019042483957,0.6684120712087638,0.23768845787323095,1.4831363190561948,-2.726206632811863
-0.4186694770283108,0.4288188619819473,0.6492520733685351,0.7579279303144589,0.4304008671944674
0.1400596571302422,0.4407017621258832,-0.9719641672009395,0.4004976534507607,1.1390500457467363
0.1676768056300126,2.6138288300216543,0.9630688192238233,-0.9264076284952563,1.1840155274913087
-0.831919191795205,0.9637485741741845,-0.17329686173719044,-1.047613028104684,0.06606025146263109
0.37850387547892644,0.23980303450196275,-0.4635338666298172,-0.6725492515797165,-0.7244646876503913
-0.3747207227908613,-0.20287737536339004,-0.5105179307990763,0.48956474228356334,0.09676275758233335
-0.9076304563605834,0.9351565126761572,-0.7905944766669556,1.324010780380918,-0.1013115070137382
0.16764950556166902,0.18549252589130424,0.09940245615263343,-0.41244342500234893,-0.08735346382364591
-0.0387842759683509,0.14256539658817963,-1.2917762274182016,-0.008286078761339825,-0.5706377610455408
-1.7535093672117987,-0.3189534123193185,-0.029726878808627736,0.11717199118164273,-0.04157472985490614
-0.6970500971804943,0.04075577643093826,-1.0211678111097575,-1.640044688863823,-1.1934485314601662
-0.3653112044496244,-1.3506630914032935,0.7152204528224902,-1.3719313558857125,-1.1124426499132243
-2.7208176217088713,1.5631006356742738,0.24255940732707634,0.6692241778101721,0.5493853479673905
0.021046507185500867,0.31989512226364675,0.619393138698427,0.09510625328725311,0.6741551581376822
0.791517085119362,-1.1709299098279111,1.1307223266612054,0.2951483037969192,0.3458021522540646
1.0066013369316726,0.8499630806869609,-0.16742551703374572,0.13138678755627792,-1.4811607396738748
-0.09421567288971816,-0.2940662448881287,1.1162277761155974,-0.6316862216427073,0.27289975326014065
-1.0852578907383401,-0.7005551290034475,1.657761426415221,-0.2571760036776751,-0.5172333565549542
-0.5146018052165031,1.5091409445776016,0.16730139436663824,0.3812558794998983,1.1720967516694116
0.3592532672675877,0.20662714415015904,0.93061610316607,1.6450812837701208,-0.688073035530019
-0.6821832968709812,-0.8346955698219289,-0.6275701251106834,-0.06121001070301645,-1.8596964762834816
0.4615175970635916,-1.0750476435288123,-0.1287679866479795,0.18466688271091747,1.5987063815785667
-0.11103693585130904,-0.9897489120983869,0.03189403006566348,0.8221460833543217,-0.44291488644575827
0.3893153007265053,0.9819129098569847,1.7116305179769522,-0.0738734276153352,0.3140034306551029
0.5984690280219994,0.16478463617696018,-0.7203222166900771,0.1953397719163726,0.35393920038791127
-1.8681234037810837,0.21005034447580673,1.1199511490338696,0.06014977858144302,-1.0574603011754478
0.8210148680031725,-1.095823817788771,-0.4676881327747846,0.29121786975255864,-0.6116214564940557
-1.2717735265495655,0.26127434103261954,-1.3712637575721276,-1.3835008145357783,-1.2450477760022314
0.0495939139537441,-0.578822880879007,-0.1808888012392296,-1.0536034865395132,0.3346508212540366
0.5870055550509892,0.2283590128651098,-0.4895179750549014,-1.2102324816244117,0.707657474975634
0.07954793615845117,0.2706287119981579,-0.5119664738229119,-0.8400066095267403,1.0888548113534189
1.0388390263029963,0.7649590075089849,0.20274317471061348,-1.7605561863900205,-1.080879868910313
0.6728805206830756,0.7929974948503884,-1.7098210386497923,-0.6979840181893918,0.9532451131077508
-1.1854094318918182,0.9290027435669728,-0.6418001068383646,1.6023781996979558,-1.931225284620461
-1.8867246386925018,-0.7960600176936531,0.6867939804494532,-0.16537418504370804,-1.327440830018042
-0.9298505728712977,-0.5388537068495245,-0.05230729240420826,0.05331275528563751,1.5166275262484044
-0.9966401025022397,0.1048491098706435,0.3760278896725381,-1.586665534582275,-0.4061568994240235
-0.30503610162531736,0.08247434835522974,-1.5645034326713514,1.010175147807027,0.044798380963212134
1.5740841668672887,1.179989656419686,-0.4721581415555828,-0.3288314752085698,0.1521170163368206
0.8167126803541929,0.3904614757785616,0.0584936117091783,-0.7539809750014089,-0.28590496717532843
0.0830244259103435,1.5178094295079283,-0.794188905841112,-0.21317927724215038,-0.3317225980067356
0.4747468060609257,-0.1567896754596084,1.2312856767859048,0.5191152353440522,-0.9392356799839993
-0.9460514919495604,1.336846915903854,0.19528702966313954,1.2842129268395186,0.3980899284989945
0.6893837650640379,0.5711212926471778,-0.017381178777667185,0.1279829275167035,-0.4141086132695613
1.2167104262463582,-0.6413379078381763,0.3877828772032682,-0.3651817526243325,-0.13991017268292666
-0.030234591684257545,0.13546591599141633,-0.1545174573653666,-1.9288342479267193,0.9801298973611283
-0.44423462868578467,-0.3969061812327194,-1.6944606907966067,2.3683532850695816,0.2660647001441742
-0.1505479928172212,2.3416334843559796,0.4030385839321177,1.4525461925900534,0.8441836858307118
0.2800141125671575,0.1429840533404157,-1.2349515295979092,0.31860331310819834,0.8695448164910295
-0.04900972546927412,0.1280157970285387,0.008042158212251443,-1.1330410662899981,0.4733154933773802
1.1380994713802457,-0.2215707815455272,-1.6896846524870321,1.0090839789512542,-0.9429323305963799
0.6790931670759487,-0.762521941732045,-0.20606190917403333,-1.9256446630005748,1.3147039475405649
1.7744349458326913,-0.03051111702964931,1.8805137940715626,-0.9167254658219227,-0.06742999313146464
-0.7044552602950224,-0.009377135093133884,0.1496020703745545,-0.8181526597701549,-0.9582172059440716
-1.2809530448512292,-1.0530003937840977,-1.4750051158104778,-0.07507120507189746,-0.779712097138838
0.7150786984852838,-0.2290637937569021,0.47860230648407037,-1.0971843801062011,-0.35980500705896223
-0.7901277785998824,-0.6960186110782087,2.5152779684014233,-0.6020910160452084,-0.7785501859090129
-1.8284019132343723,-1.4021254034042065,-1.1463367171329528,-0.09187664599499566,0.4577336325930778
-1.5196899449378989,1.8871024908105447,0.07899344658958733,0.27923791241181123,2.891427693389318
-0.9920310769262901,0.3001760766885608,-0.23096932523294086,-0.843314374860491,0.2910648890270145
0.053782105712638556,0.7590397627417945,1.1232761728918002,-0.23235651276877475,-1.0041425248647222
0.5168791313383134,0.6836767986981942,1.4931501728406507,-0.4292656281471581,1.73326266649838
1.1053358475055322,0.32026039991004535,0.3409781860209677,1.3787363354382665,0.44214445020177306
2.3466105891795257,1.237103346519219,-1.0122390751160575,-1.1554511281338198,-0.5797848650490163
0.7172103459132482,-0.31668085065979046,-0.5215401535048656,0.8862112947301715,1.955041962813293
0.9645902620050381,-1.7356474306709948,0.08961992315176258,0.409376368214427,0.7553465012927479
-0.8846522716200867,-0.5351184574527253,-0.3776254218023368,-0.14336822279006264,-0.3341625702517972
0.2959891014741866,-0.3875977397478194,0.04961190466878335,0.5909922245881793,1.2173011477249438
0.5200106704764913,0.9414393923687875,-1.0251744858063345,2.208230280379275,1.1575003078603754
0.025343567043034455,-0.48426201997252555,-0.4808458051723884,2.387645403764688,0.8234336419974525
-0.2035878569735282,-0.7446967626526481,-0.8506153551659301,0.18647223726931983,2.216656883332282
0.2729676360755101,1.5655249776079845,1.3033500153706952,-1.0518723877953293,0.2140222699977692
2.3031683980495883,-0.2899081933032663,0.007011757291071901,-0.0011886287839374524,0.4104963584137237
0.08586456357291003,-0.5769334150294911,-0.8075907955416535,0.3348097671725393,0.43315104463254617
-1.0445320437973422,0.3864287905030812,1.007807581167938,-1.8042783772816842,-2.1230473281164812
-1.3611069708719996,-0.06056844660279178,-0.3608167454709962,-2.4984907342824343,0.3997389445351612
-1.6769752392084811,-0.6568969470595448,-0.4735980429406498,1.640230785399021,1.0338279637924026
-1.1426625510307196,-0.2459817349467394,-1.3039015939105096,-0.005075878606104209,-0.8337515510596694
-0.18484129827146817,0.3070913125130087,-2.1123241454430812,-0.029985165081962258,-0.7253535468225346
0.8152947124071385,1.2407778404807717,1.2393698324351008,0.12286001944938896,0.263025044660916
0.19538309058401393,0.010518155867618355,-0.7477389862813777,-0.8004932557241322,0.15994559251978252
-1.7371189557007674,-1.1881106805117079,-0.25937877691427735,0.9669270431275498,-0.5453446237858347
-0.4578329654789048,0.4392682748144576,-1.337708729092233,-0.1901661388146298,0.599246718268238
-1.0777834782046805,1.074422485246771,0.6067015421448076,0.6457187041782985,-1.8168517696388218
-0.01968562399711363,0.23281564007634875,-0.2770340141194355,-0.9259311540942576,0.27111256913219617
-0.7853810363543784,-0.334515382447235,-0.2538490222097559,0.6909735812092566,1.1789049769111974
-0.11419388155306809,0.4978896196712836,-0.5808585866445216,1.7395073582909266,-0.1807946935586704
-0.252482014715613,-0.6600337765449809,-0.8331643981721882,1.5650836575912392,-0.7878772314771912
0.6926467943779422,-0.7744070719744469,0.6682230649026609,-0.9615378291875165,-1.867271312999947
-0.5047396667238174,-2.3468810079164557,-0.9733651501908295,-0.8590575257930427,0.4717690103116003
1.9147431971670628,0.349836607012338,-1.5007642602113682,1.8766522441861584,0.9699796987146051
0.9512438334078003,0.9362414245086936,2.3726366514764003,-0.9863536081881037,0.5709768512543958
-0.016173023142401502,-1.471856161810971,1.014501063674261,0.9022842292848773,0.3276545013893258
-0.7890264400551742,-0.13389955997533817,-0.1885942719638413,0.25941041835178436,0.868877594593107
-1.135694618815651,0.12828642656023764,-0.6720955203087535,-0.8435467779322664,1.8752522222010222
0.18211212493106735,0.9893485489359509,0.11235549320904448,0.2998892922210701,0.9187394792816125
-0.43934741030035196,-0.5966780021582291,0.16928092836880673,1.4385178223197332,0.5105795972186151
-0.11228229220361002,-0.0887410195294031,-1.8495423271775264,-0.11121468753618911,-2.3292474602956355
-0.19164078952293584,0.09919127170201332,-0.42770078030928865,-0.013685369723860702,1.3351574867856693
1.5411416932601887,-1.9664215250721797,-1.2466653271067287,0.8069989813330872,1.077239629850248
-2.0848674645338794,0.015594172250874927,-1.124699157129718,-1.5110531650218202,0.02100062683936453
0.7855447798017022,0.3695269163485505,-0.08276050737056463,-2.0071311137102246,0.2779982511489065
0.5448456545491757,1.00953134553384,-0.2971162604388893,-0.5398234492771483,0.13932283905952902
0.7038265633314943,-0.9042722978745249,0.49529440428312566,1.109116029677273,0.6603193119783455
-1.4879904394783992,-0.9014108198014975,-0.6731620694580781,-0.4615353228560117,-1.1181694900593648
0.15236686790546608,1.2262442341638395,-1.060232377692679,1.2207579723340305,-0.8302881844771675
1.2894471233244735,1.6957313118605413,-0.9091205165876287,-0.23509196656000333,-0.0166257655761685
-0.052278358412041565,0.03550988540758695,0.9038939205689958,-0.21674224290484986,-0.9196868795267769
1.2483967521551862,-0.980784299250298,-1.0287996206205414,-0.5516013525054262,0.5534647094490973
-1.6555023802029425,-0.15616531008231632,-0.12555920289542044,-0.29266903278629947,3.336712558229774
0.36569582582732185,-0.8029040748021525,-1.1227601583138558,1.2572162635138642,0.10487949228453304
-2.5152814958055747,-0.9230454868544051,-1.099402643729543,-0.7320142995645558,-0.5825743441082109
0.59285292855876,2.4317437514873044,0.2944444700350519,1.1991258983631956,-1.4771479698333387
-2.4539186236527115,0.10992636520865194,-0.8575111384870717,0.35708374076179206,-1.871301053702782
0.42305383891333975,-0.04407569946391636,0.2950531773586215,-1.8803957646891007,-1.56166905956836
1.3752652519369684,0.4682430525870697,-0.3279349936504181,0.2516144175047559,1.1753929848818425
0.48099327366924444,0.010501988287828534,0.0725634176186684,-0.25140323742565407,-0.7453528400787405
-0.9563326588534509,-0.2486553019233908,-0.214474197521001,-0.16082503207852616,0.8537299647847306
0.3533082688166245,1.6219481941291172,-0.08913863711456489,0.07389193257078434,-2.142156570426431
-0.27227632681395697,1.197009734690515,-0.9442558412588551,-0.7652508472069556,1.2996841537648074
0.2732917003112599,0.8093707000475624,0.7061178221482045,-1.141952734315321,-1.4511136170022343
-0.4535698288152735,1.0304878699698519,-1.0641253927843897,-1.9720424325877728,-0.46631189890821123
1.4149362209328877,0.7009993590930131,-1.1778110941656093,0.050114697213087665,-0.08566722950504335
0.5985238444045695,-0.9780088187874209,-0.056764323132095604,-0.6591774692778066,0.2151883785592788
-1.0847489586868186,-1.227450592593352,-0.27907055451030355,-1.664289808040644,0.6267053362601646
0.7000589331600143,-0.19536561479161849,-0.5066741640592675,-0.5155116301611926,0.1039927043177314
0.5482648438703673,-1.482510036142326,-1.028769044398794,-1.566747503465373,-0.4392311811127356
-0.26333629638546374,0.09694601125026912,-0.5975030884344215,-0.3949851278637017,2.8998419401547073
0.16533344893414695,-1.3332282312616617,0.16233310471381818,-0.022410978123237616,1.031202323661444
-2.854887751355936,0.1263962602370859,-0.7301894158752091,0.8202674677149838,-0.006502942170032142
-0.04494309481474522,-0.34386762269922433,0.23013827496163294,0.16530818420999854,-0.6836863852883847
-0.21409724422964815,0.9682364159170516,-1.7853134700152196,-0.005690449370052259,0.6057265073837135
0.9596207798815625,-0.21889682425349097,-0.16699581100559968,2.52261708347359,-1.0933973941595754
2.0629754422381943,0.22168119053876711,-0.6427734964644278,0.1769698642950658,-1.8499610648716898
-0.7730796497784781,-0.23858719680848892,1.7717829099759914,-0.9836553545697126,0.9760967455971182
-0.003954656258858049,-0.5945990621514765,0.5215102492882672,-1.796417892963256,-0.03448335941577067
0.2721279620003067,1.285709270342515,-1.3278331371869296,1.4992619872062274,0.6238251889083839
-0.33138853984763805,0.040826078671652256,-0.14809251849615004,0.8831453155052379,0.17232568100921203
-0.16299816346999765,0.7693763367095051,-0.04610795631998376,-0.49832285548746796,0.00972984755933975
-2.4900126078675644,-0.30388516912309294,-0.4607297399361412,-1.0969213758464345,-0.020029594318715115
