-0.41310143722397946,0.61384047951224,0.029737197571068682,0.783151816756894,-0.1129999158272022
0.9590432595387101,0.7348381510141963,-1.3204546985511632,-0.5648610143318706,-0.1795259253745315
-0.016704683061394467,-0.9064663197181446,0.3457362316669876,-0.7515923891372823,-0.022152075224121364
-1.2561017043116012,-0.07178605096940004,-1.4181470867878883,1.1527902649934305,-0.7223100096997791
-1.5969045665549486,0.7271415983228615,0.3604160747043079,0.39868686709757334,-0.3357965429729598
-2.0865078729262776,0.5414850756246679,0.7705264713461939,-1.8241917471716151,0.09656084047880445
-0.35609292699954065,-0.4859258918786965,-0.0507799233291102,0.9804087248392027,0.05589310781610033
1.2943574960538433,-0.7786683858774031,-0.645992636439246,-0.30780661826054795,-0.42048132674608885
-1.0559580736312582,-0.5755179748901921,0.9103034857436961,1.5944195058829709,0.15866552816812576
0.22773385012690248,1.67525953150901,-0.8454387837547972,1.3175889707176036,1.3105168855124265
-0.25016047371103445,-1.2125450524724428,0.7029144880220711,0.7901368044300878,-0.14890511368867415
-1.0220912037594168,1.4974521318209209,-0.7770494584874195,-1.058791522083974,2.0998665867508923
0.16447407363737673,-0.6297375131269171,-1.8548249258849252,1.4745466008900825,-0.8357955353916524
-0.061309714818466136,-0.8001063217788127,1.2531461138246722,1.4652852932571931,-0.8550390319290918
0.18260113032511222,-0.10028878877871629,-0.6700539430894464,2.161813266747129,-1.2302897292800181
-1.4763441354493019,-0.5567577572484129,-0.44517028352367166,0.9572233101960258,0.7469598545591007
0.10742558433248509,1.0731230744105207,1.0630508759741288,0.26966674442599153,0.6639271615178309
-0.09968364024267921,1.0108855505072831,-0.36439233611940314,0.9062557055436211,0.6729805897623095
-0.07214960434526688,0.3180377491959474,-2.208879073599347,-0.29931952799767575,-0.1590720475625853
-0.6359794050463841,-0.06349005986073547,0.5893014558171884,-1.4327965862843806,-1.3083316239951734
-0.7555639089042581,0.4454117035260206,0.34760287504651627,-1.813421573334131,-0.4946172494281275
0.3553938328744762,-0.03960127532813113,0.08875689137517684,0.0064746139737326775,-1.6579573334983064
1.1636390585100005,-0.299370773066655,1.0676729314671416,1.3719546300437095,0.866515460041645
-0.11448859913234653,-0.03956139360735808,-0.28746230856221294,-2.1193074229371636,1.728339106282339
-1.7828740827208054,0.9311205039388366,-0.6377841013016432,0.9168951235705882,0.48547616703410434
0.09235686882083644,-0.322847080289089,2.751441086642334,-0.4046739460792084,0.8643580939251047
-0.04577828984228059,-0.23056651375349263,-0.765677874179333,1.9765090593997958,0.6089434816154652
0.6724249382636864,-0.19892578356855825,0.0628594204442296,0.035630189960339925,-0.21680882829114934
2.970119215306558,-0.9357536495930386,0.7965205495040287,-0.9585472671693568,-1.2800219561005657
0.16597696929055505,-1.4113805494823881,-0.6633250168580463,-0.43639113173333655,-1.1132443194900346
-2.4148392757977954,-0.31922794317105624,0.5181614683740674,-1.4309074859208197,0.009095660151074297
-1.1429577228562018,-0.2827176777817619,0.19060992444645758,-0.06687401202818295,-1.8713551785537519
-0.6629299284040101,-1.0134836172959139,0.6596643745340692,0.21270407961496407,0.40385702002010704
1.323367812425834,0.6426824416968927,-0.5317649614260205,1.1871419381507058,-0.45626761850172426
0.1664240028542954,-1.0335150422389978,0.9540476808250635,0.9260896050185855,-0.6671291582969954
-2.1980611487828097,-0.26542950868249315,0.7535189766547473,-1.6756932669769402,0.7658601639390735
0.5945561204467082,1.2926256277199821,0.4861681172121974,1.3341471257115092,-0.027519110927875415
0.14442868504684828,0.9458214788343949,-0.08886934275478237,-0.4355032918381452,-0.1494791141980655
0.6199646747753712,1.8018269516071124,-0.1495319361574753,-0.9369602507193564,2.1765121954482085
-0.24758342746018328,-0.2985702423071796,1.200613559060166,0.0632157315802006,0.7372626731953218
0.6631531187381174,-0.7978463143731681,-0.203211338558632,1.051675990960354,-0.40975343969976497
0.32984554857838166,-1.5014468357116022,1.5223612964228082,0.010344346241503474,0.7622847688945141
0.8035117574611985,-0.5701967820025845,0.4786879048014813,1.0781256423603174,1.0050721220785324
-1.8706150719070371,0.05098597197347385,-0.6925381389914808,0.8505546680315416,-1.5509145314319288
-1.627068594261149,-0.43441256559568636,-1.2854618575675785,0.10820406281374685,-1.5836221997227953
0.8934705348726565,1.3897753851548131,1.8383136251363423,-0.5545917552936133,-2.5790319949265488
0.021776779512970617,1.5536096417568133,1.1519489671038223,-0.19120950561213546,0.6022305349832312
-1.2513985911848755,-0.5368288705494005,-1.0562587644529153,0.4188676559650238,-0.8088813562268116
-0.004588151360475283,0.4139141439846645,0.07607906597747659,0.5953866556706378,0.6195246825372653
-0.5300526638453852,0.12997509723543849,0.1543903814960762,-1.4720408802448035,0.19778340097135175
-0.5541614042916873,1.248880092218346,-0.8824886080018629,-1.0039414865707266,1.7126449281455878
-0.7717538360779242,-0.35145019474733424,-0.228983117562074,1.0237605369856058,0.02062861440987468
0.04056063603832197,-1.1987649884566431,-1.0785227907505617,-0.953528536960155,1.0273159089193622
1.0143284455722708,-1.51579509815326,-1.6827678676315174,0.05520022734119972,1.2920355204007303
-0.5788155523275,-0.24272420302802772,-0.7229578789882934,-0.02327036603648149,0.1326810991258263
1.2528935893053474,-0.3627003861406709,-0.9779458372683563,-1.6616421701309374,-0.5554287640602533
-1.2097628571684897,-1.2719969819939885,-0.07987711793798942,0.3206473509253249,-0.6763969520401801
0.6345294460296491,-0.20149587717274978,-0.86070531608367,-0.06125109233731717,0.2596349707079704
-0.12203223134721394,0.037065200003180504,0.784591752581874,-1.0182203617586614,-0.5435200218138232
1.0170620517938311,-2.1819530160789857,1.646332337493179,-0.35519934388538527,0.47686428280332077
-0.12103987392623039,-0.27919048586101597,1.328292202696455,-0.8696219508117736,-0.490387312187986
1.9961445596224947,-0.161739549219561,-0.09868963045563052,0.37715363397723495,-0.3703632547908406
-0.4644567833490448,-1.088827335499214,0.9064776671850272,-0.2814710237969974,0.3521607037106659
-2.084955581489475,-1.5046212312149416,-0.8781576602676924,1.0273468654430782,1.76189407892562
1.370379834739965,0.7530058888826455,-0.7055533748680048,-0.5754929397535664,-0.8126948786959955
-0.09534024212935564,-0.19315963563896543,-0.5999347047749535,0.14840437693686828,-0.629800403299769
0.2517739946206795,-0.15988518298039592,0.5667207025261042,-0.6847935781975598,1.6204967806626915
0.8885786422433856,-0.883174993537694,-0.19911530101807445,-0.3739622443407474,-0.930908357423299
1.1299291118862544,-0.5431111453380105,0.5352626935968442,0.08672668516660494,-0.02334525995055897
0.22476149611586457,0.15299235777497244,1.2699878955134225,-1.0474483474360345,0.2852129617514539
0.506315276565888,-2.4898446155937237,-2.0563442699770023,-0.31604163647145317,0.296246361503096
-2.0349732033860284,0.7293408282439708,0.9252783080642938,1.5097901217514038,0.3961811440495943
2.362977985661727,-0.6890609006649914,-0.3433021134936634,0.39075927792728127,-1.2443774845956255
1.2692172976563407,-1.1459669188265917,-0.31974886782582,-0.9815394962423147,-0.763492182367196
-1.184967998857889,1.4577921791510522,-3.001896861205144,-1.414711268147554,0.41690619120654065
-0.8500722294043365,0.3788831771900465,1.0677693916258006,0.8204547182449078,0.8193164621599505
-0.36979984124058307,-0.43728786173605966,-0.33650602852570777,0.5552966742931934,0.16346105532565441
0.36495705456200583,-0.8274742536687644,1.6898589705646234,-0.8595157824197609,0.9721959581407086
0.06576985513530634,-0.808721172132324,-0.47560462960831584,-1.475754803170325,0.2804384974890872
-0.3307631407865807,2.221277326065068,0.5385554845839382,-0.38523524808649046,0.13379387814848784
1.694501728329642,0.9803470850438765,1.2895191428031856,-1.5151999109108474,1.8950443423207521
-0.2218819325226989,1.2324657231771423,-0.5258209174482588,0.6354900190359749,-1.8026303774419887
-0.43954422228257506,1.622832166029742,-0.9982148752271189,-0.1905772297793858,-0.3584711435638635
-0.35015958239034833,0.20069894098821386,1.1618508310534985,0.7128261796183922,-1.2212616562861303
0.13616565275006287,-0.30014407591697406,0.15884030697662413,-0.3798916040009231,0.8237548779885497
-1.1009669505019168,0.38081961576165635,-0.3245783167734524,-0.26816064196348594,-0.14387915925429506
-0.5191383142778256,-1.2941787633450317,0.32091217247081905,0.11125091425909481,0.8355212752923562
-0.7835978204534614,1.8854088600740915,0.6048952922897062,-1.4065294463394074,1.5976084646228994
1.0464361732424332,0.9618167975928468,0.986371576749234,0.6318156306037984,-1.562007215190047
-0.059229093400526,1.0415076758751263,0.6399212412555672,0.46371782715989507,-0.1748654092673111
1.165523286873,0.06704696267577787,1.1307920351675025,1.7071752811505159,0.24248090729837912
0.4487684937375215,-0.1081140883483642,-0.04207677925449904,0.21451361956598497,0.3239486483953129
0.5574130042631553,-1.291103415463325,-0.23600661830563274,-1.6568036259878023,-0.8327424563992312
0.19201932702935465,-0.15326987508549741,0.844318446422302,-0.9312663130714962,-1.0204494165155116
0.031757987178268644,0.0019224982129549268,0.20358696372556523,0.7281314891016154,0.6946543765405968
-0.18764495937342004,-0.5456067379434011,-0.07685557717192375,0.8651139265283857,1.4987927146386786
0.8812279427541018,-1.3283470272467541,-0.6201992125303326,1.6750830811772104,-0.05077195750676263
0.7520276193168381,-1.1426711238946845,-0.3938966650620237,0.7393405265312197,-0.02912879324035938
0.44912326171444333,1.009456317954135,2.3899209985745244,2.311932656049485,-0.7850220843055077
-1.2359782379858186,0.7438213486145029,-1.162823467421628,0.3146876381285423,1.479737806471518
1.076369386286751,1.4608455429579084,-0.9359911828809535,1.452448910801135,0.3646029683673655
0.30503875962708954,1.5264319452801245,-1.443605938355597,-1.0774442083206517,-1.5106933580360837
1.8115718853595244,-0.7306734554336052,0.25200046665123216,-1.6966164860149233,0.8700419675464331
-2.3950843963182904,-1.4228227969385205,1.1345077171291202,0.5668895329457272,-0.6188918380235552
0.2619439947878344,0.0936028708425374,-1.1680310045639128,0.8191255872283587,1.7446731050064026
1.0100392333165598,0.5046690191455532,0.39613443815394195,1.0626197772767338,-0.8282369314653221
-0.13421068795739657,0.5935033803820864,-1.6776944363682167,0.2878742767242867,-1.0994721973550594
0.4555377538722385,0.5548939726875945,1.4630812540079892,-0.45613643310569213,0.20773204401858972
1.129455234019985,-0.5420663042967282,0.2909759843394736,0.10206703599204202,-0.4215300701914453
-2.0055968868453387,0.43781566402193745,-1.0897956513658926,-1.5547785093576898,-1.3169082554756668
-1.1280156157512469,0.6449110761205825,1.2380552364747255,-0.18720924666584096,-0.4631230751053438
-0.44821273796361016,-1.4804090545735706,0.07423855421215693,0.0360767056823908,0.8205298395103398
0.4093297585726079,1.1700733376870087,-1.9626387126698372,-1.494745902788732,-0.36169361720008814
-0.2380771272952151,2.151172711555203,0.39395634540173,0.5733678256571519,0.024689625804638893
1.2337825513197145,1.2443983668607592,0.5371798518897697,0.5091523115080229,0.1410868718285943
1.9438294918177619,-1.018336152828911,0.08640459432964741,-1.1644824239864697,1.4292973314009427
1.223642875150935,-1.0584066443668765,0.948469147779244,3.2607566444726883,1.149982270567765
-0.42603448076855305,1.4141050604819243,-0.5288267322670814,-0.5618574296820364,-1.048455503492257
-2.049410395266087,-0.2102840504942137,2.834239095167544,1.8423431356549616,-0.997941127467828
0.7273092487617079,1.7828383011076274,-0.7469571147216739,-0.193404812046964,-0.9570788742302907
-0.4352561921835034,0.5023388114424713,-2.567829149903786,-0.5460427942655175,0.6317754667361993
-0.41061344285837686,1.6432612613005524,1.7669916081480925,-1.023286813942121,-0.7512373496296474
1.094374603042062,0.7164307061882537,-0.9677087083303849,1.3516922719321307,0.04977490588442385
-0.24076745941904784,-0.2108989682130131,-0.09512009499111583,-0.26875289589112994,0.3637734214010409
-0.17050507250319116,0.41213102556652714,0.7124194960674775,0.7727980880254125,-0.37008336987189716
-0.819255843926458,0.7198803731083026,1.5973412815417651,0.215961105431745,1.9156382168918462
0.9664946995863972,-0.6782842221809274,-1.7188774234306075,-0.8070925272066884,-0.15549260036558668
0.91675919418352,-0.18398717498275513,0.08145868877928159,-0.3385310877095589,-0.2241015346617604
-0.07331706658924848,1.4785592429594452,-0.489681170884655,-0.8721686178588053,-0.1554854647467474
0.47002193397751263,-1.1175894371537047,3.279411002479751,-1.3256337341086482,-1.572423626835483
1.664879466556809,0.1066526596902396,-0.8296285816617348,1.0040344603391944,-2.300533776052921
0.5339138284000085,-0.4521985200954283,1.0815175055756114,-0.9887000528704315,-0.1422231428222312
0.019661151964633493,-2.2941632379556216,-1.3707268911790234,-0.8502393555830094,-0.11893810314326414
-1.2850466311235738,0.4102480387999725,-0.19978009196262705,0.511255065661745,-0.2528464570937228
-0.26869130606834835,-0.08154460795060484,0.8658451335517882,-1.4836885308412089,1.2456876425077101
-1.16605797101837,-2.2367554725501577,-0.7165716169830826,-0.4287919869227614,0.4067415178032069
-0.09136382996552489,2.73622098169364,0.6916297906224298,-1.259774898113834,0.4184256506765132
0.402249153815245,-0.33655558330081264,0.9397062332339778,-1.3185506989052673,1.1994731397954155
-0.20149699885004127,-0.8663653672889285,-0.12978411712053003,0.8406920535632627,1.8014776530773584
-2.412242323683949,0.5842749213657837,1.0720529273382984,0.6631692893961487,-0.3071654951407435
1.9886696450947685,0.442085021201803,-0.5624970961745768,-0.3754462880099845,-0.08231553804128543
-2.5499841028831525,0.22554146374156636,-1.077738255269126,1.000667175829273,0.19019501859016072
-0.2802606922638235,-0.12725617778387927,-1.2168894349899124,0.9159574947993248,-1.4436819554755214
-0.028769660559948142,-0.6363623218583768,-0.864587679748349,0.37718029895829475,0.1729981615042034
-0.18308958054890387,-0.036487900626802273,1.1765576960682615,1.3565636934618832,1.5142643921024863
2.0322587230763967,-1.374066209605425,-0.3318694162791734,0.41400004208909896,-0.2568029229828904
-0.006834084650220834,-0.6127351554945784,-0.45138460986255785,0.19689343086594674,-0.17677505324861123
-1.4972378798424852,-0.3912733568568868,0.15162136245394128,-0.29656399795217153,0.2662999338380085
-0.27333399418100335,-1.3460212274277508,0.42256445620051886,-0.8751664859151631,1.8641800578704717
1.8274484093511705,0.23717287879587684,1.644507730709964,0.01914507493989567,0.4893758468490196
-1.0761925432509158,1.1602396846757317,0.04933911092432093,0.9138769896495794,-1.556425088363232
0.687618059813813,-0.5404070112288315,0.34188302985397284,0.42888395833683757,1.5327265411044877
1.7855124263824231,0.5844314555991129,1.2129861809796139,1.4479929774185056,-0.0015581994300446222
0.6463834880014776,-0.30917841558712883,1.2079469828132596,-0.924490534176015,-0.9460785130737858
-1.1706169656734273,-0.13498554015660089,-0.0729335032934864,0.04883086648305761,0.2954329883807699
0.8257498035070174,0.12436672960137986,-0.77971876160655,-1.7595935071599529,-1.8741553784112015
-1.803096648505518,2.445988873477485,-0.4080906253275938,-1.1150147401530763,-0.4306265524385904
-0.6873769627519389,-0.022598133874181886,0.1916106594083355,0.8409297719622187,-0.4867325442942932
0.9253862970436106,-1.0101159098207544,-0.82140889935437,-0.18339646384724098,-0.5543023123877726
0.4374034198750422,-0.25356243021700825,1.4192742932066609,-2.5733314451287828,0.7312625536888343
-1.2549425060981,1.6488917421238733,-0.41622766336251493,-1.01265058636777,0.7649552564081465
-0.7150861398958585,1.7197799217308645,0.4011962876173039,-2.8324210521155773,-0.787622147128124
-1.921312000316614,-0.9197630531448612,0.6535546683620908,1.5129560669150113,1.2393407133111884
0.12850883787447703,-0.6527244638060815,2.047036290761919,1.868460073545094,-1.1033912756723572
-0.5200610421825559,0.5159288748193712,1.5598058028158281,0.4137272547585616,-0.99845360417435
0.5310292270520184,0.623433948199735,-0.043491140765548025,1.8647421305736205,-0.4108869106165839
0.47140504898157437,1.3816010530044203,0.8748933782550369,0.2381237091278116,-0.5435529433919956
1.4032374617560532,0.3368770795751618,1.4257297849208919,-0.05131196183352653,0.9932433295454386
0.0015439662766673144,1.9575611483805837,-0.728577351721946,0.12977247586746557,0.6111694095767642
0.4455312450151578,-1.4979517144549466,-2.2620668602987704,-0.866753569053689,0.5984810602864349
0.004997614586632786,0.20905871723832498,-0.6944557977025185,-0.28846208129169865,-1.075223324856385
-0.803329936656908,0.8390988379608189,-1.2864791463477168,-1.1214958407322797,0.7854460404029289
-0.47365334542286375,-0.5515898122102773,1.9954712307352598,0.5012730494490544,1.2932721682399582
1.457909546777734,0.3613139055501296,-0.3142432142305935,2.065434847911128,0.053476548267665645
0.5081520422960879,2.754144246516188,-0.7802331259380004,0.1564807800296935,-1.0136418787238455
0.48661834230292117,-1.0712806682155258,0.8213648672875768,-0.555462555190993,0.928193968241518
-0.08709156953557544,-1.612601435748337,-0.033085481336825116,-1.3019909478201332,-0.23811322360460388
1.3589200535721702,-0.23360968104757585,-0.07554442765204013,0.6567510506167918,2.1340862344741676
-0.33797981921879433,-1.4142687322034868,-1.0500010271400066,0.9580826051185977,0.23178166983324994
0.5078374033954138,-0.15646911435118488,-0.746613059530303,-0.5939601866074976,1.5744193485708649
-0.09831254655354661,1.029992960888957,-0.721494230527496,0.3934517210554056,1.0780183643684864
0.8082786156066719,-0.16964122645451604,-0.11288070221413803,-1.297614910680172,-0.02918227491408945
1.1878624476794608,0.7843938938838015,0.6961660381623246,-0.20246169497867678,-0.20852065884752477
-1.1044920008119776,-0.5359333241893518,-1.308277102851778,1.0219680932793596,0.24823603610078487
-1.8190509725863675,2.093371148829791,1.0813392376500301,1.1813827607664118,1.9743475635407124
-0.537651356083658,-0.680717381578341,-0.7270827482646912,-0.14546339802478395,-0.46781622071925133
0.09837718371512887,2.0174408559860715,-0.17125784196679775,1.1444325994024456,-0.589745649830399
-0.147430693593133,-0.08312690282312195,1.2446151349003518,0.7558172332729272,2.7604130436468926
-1.1064781898519238,0.8261430883681641,-0.8057146314363235,0.09390162628556128,0.11135908112916482
0.3954360302496985,-0.974461543852451,0.1138328327806019,-1.154070728878648,0.8344582544688487
-0.4656793669876311,-1.0945394466288867,0.2096697674417823,0.5233239371604356,-0.6880070897143553
0.608700569663157,-0.02733917852924402,-0.5478419977431402,-0.47283849593262545,-1.1404127381311029
0.7021214595917243,0.3854259653826398,-1.5642519490095217,1.100797138800213,-0.42881300273680834
0.8225788215437848,-1.018739654717755,-0.630713007845374,-0.537780284885737,1.4029457793906661
-0.7377859149040477,0.22743911289097277,-2.1639845775190607,0.05531857883844878,-1.258446290364388
-1.7048303552560846,-0.034611509515508385,0.3462876501920014,0.792604935159064,0.22149354146475483
0.03491114081544545,0.052872468203917916,-0.7737298887930354,-0.38037069977353294,-0.5302765924788603
0.6676419771080118,-1.8565679014976706,-0.3242725030616022,-1.5279281100388615,0.20960176203356193
-0.3178903411385381,-1.2642559959054103,-1.9948058358014324,0.5127998939177579,0.2771434109378716
1.8143900191116344,2.474008029676783,-0.8674895068472983,0.13781162624010632,0.02292229445799283
-0.31126417585605065,-1.1229771927112608,0.8927940930283875,-0.9990025384443695,0.5477220569917081
0.4654129491444384,0.7236338676077673,-0.989583718323391,-1.3857017244043297,-0.6079591099224725
1.1731239031098601,-0.07679423104812044,-0.5081449263250314,-0.6805213962593252,-1.9016432890919586
0.3308071932998838,0.2191965112605252,1.4096276429676227,1.1149723404301555,-0.03829770926271652
1.0510613630296346,1.6002251963061043,0.6311940865170848,0.5133262983867402,-0.7602267213102751
-1.278475313881705,0.03537706010546776,0.6431641372323017,0.5960807582539217,1.7386257942992023
0.276096447279849,0.5547867102597763,-0.33730469886671294,0.2744362591982053,-0.43154479902740234
-0.05019038877338195,-0.40071877285010393,-0.5963795220030917,1.5586712642742586,0.15275826624273822
-1.8114848076696246,0.7194518132925006,-0.23831621909605996,-1.7778741212692193,-0.8634081721274782
0.7656471649801528,-0.9845375259062604,0.20495824855646355,-0.4172419712592791,-1.2624116704332398
1.482698531260091,0.6742324821110488,0.9282135343405193,1.2920493204791905,-0.45316412528231126
-0.30221806866434636,-1.3950217852803948,0.3475107415321436,-0.4049990786464731,0.32825444919125435
0.24711984439970228,-0.971923629119753,0.6410093198682895,-0.3007493690553993,-1.5975357216586514
1.225192694407924,0.593712537440647,0.815884991877822,-0.8587964246456977,0.27374605090602494
-1.219727120562196,-1.0113582227934372,1.0100123800000524,-2.1595164410714967,-0.2031356796577721
-0.8525921007227275,-1.3052796189258127,0.6005437371468831,-1.2894658184297612,-1.1241786283703985
-0.5318630439067408,-0.0037315559667217965,-0.07996318082981035,-1.4707111567150286,-0.03616046495512309
0.3314021053399922,0.8615589956309835,0.7098668178188724,-1.906577180847793,-0.20648407540445135
-0.6504153067036592,-0.04521075328460399,-1.0932314411228388,0.03708853331509202,-0.8762332326426275
0.017223695774983505,-0.566325589941921,-0.21489057667771463,-0.25950904101300154,-0.35881467241934467
0.7544830464881667,0.17716001429898104,-1.1974426940842173,0.22093065612383977,0.14830678627928748
-0.050251491237365525,0.4998823603188315,0.44977799445849853,0.2199267387238959,-1.9472055959980905
0.18986333733064223,-0.12090710851926051,-0.09290483738428751,-0.3954395286262598,0.10233571228244057
1.9992194274710928,-0.5293904216632073,-0.8534336711325294,-0.9426627351310207,0.37748395542298613
-0.1961454142066019,-0.9793637344551939,0.32477940538130096,0.9366012176339538,-1.2114067564997701
-2.1310017686454583,0.126698320090446,-0.2693821359266992,1.306187220354763,-0.751351840720416
-0.8055275363401437,0.8002673678280031,-0.3978096493464368,-1.4648404996301816,-0.27044334004923176
0.6722424920963375,0.3824145512551705,-0.1632797592390831,0.7842791693461802,-0.13623189141350078
-1.2726001068030104,0.15566268655362886,-0.8945344762382456,-1.0052559200986455,-1.8483431671653543
1.0091850068156372,0.3594855127091875,0.9840847831320708,-0.7495707626058971,0.5621724964709378
-1.8044560150711202,-0.1483098012689408,0.3750537491183238,1.7604880152655542,-1.379907804750944
0.6931716358553384,-0.801678245544795,1.0273379951573627,-0.6840133703754766,2.4120032329167587
0.14330329571578718,1.2575959290160974,-0.783680269050209,0.9056971791874876,0.6708174120078678
1.015952874186238,2.6787418982051903,0.5823573466903506,0.7165644468035584,-0.37440951233937014
1.17160608339465,-0.7646834151869779,0.474484246187689,-1.6579483204774228,-1.6606624159139118
0.7131061073075436,0.6460203950409455,0.6501951414620941,-0.1859419283001637,0.2934388283675874
-0.4296209404851178,-0.4105800795812359,1.4645142686015886,-0.4182088106306915,-0.8715719446660423
0.23214133719235336,2.3008898145639085,-1.6396444866083983,-1.3331832109939137,-1.296248872868523
-0.5649051951671992,-1.3042945118762403,-1.6242345735098658,0.17766638458006187,0.22769729243158834
-0.3394384517328394,0.22707539769926796,1.4901186319001059,-0.02236187375628928,0.7443078662724033
1.3034612222733413,1.643618806228565,-1.75566857275593,-0.6350221728473548,-0.42193456104860944
-0.30070475949178765,-0.20936687063260673,0.11503324625683793,2.1261568725992963,-0.6080143504797058
-0.10866125359832231,0.7259795915925022,-0.049922519563969425,0.8737790744757407,-0.8614740917471092
-1.2707951714880372,0.6586912313853277,-0.44211168991491295,0.5719174413962737,-0.39404560492936175
1.3333384882428723,-0.8275628431950139,0.6537388285917246,-0.21070806335786213,-1.364488189984082
0.16564723376733212,-0.020883133283719067,-1.25420913072608,0.8834653197095301,-1.1438638230924574
-0.4951214015026854,-0.13712427134991242,-0.8978418914650558,-0.25448587756830515,0.46712113176160003
-1.0704369598851788,0.3775234802668318,0.7920864158177137,1.0135397055387498,0.707865377159772
1.9923245810001409,-1.839030831048791,-1.7978771978907422,0.2793918146486639,-1.1680090630053104
0.75270872985039,-1.3263746332439539,0.1722361754464212,-0.37668584251421067,0.4016122990488095
1.2837339858385177,1.3430066862182566,1.146738171326783,-1.5350405412692951,-0.43300117444453506
0.7467660859687921,-0.3173333747651041,0.29850137238264146,-1.1103056592363494,-0.15659244122533283
0.015392091131355567,0.1628298079519741,1.1018049662234053,-0.2593897834657607,0.3773426129414162
-1.0471222087759964,0.21450270464699664,-0.9581434654459408,-1.3766394945413483,0.6441042701149098
1.383037413115724,0.3754717037518513,-1.0857215203371409,2.29119444204398,-1.159136012417286
1.3248792485522713,-0.1733758275629711,-1.613056659903986,1.2859697911321661,-0.14423661778797514
-1.161930688269758,-0.428303499563401,-0.5697426118069305,-0.687120459414984,-0.1077908874993606
-1.1300269461741463,-0.21722622571832795,0.04974368757749597,1.9349717256680017,0.25537163082613556
0.33324198744649003,1.3967549556884773,-0.6045915410516817,-0.3702559323305409,0.1421389483701063
-0.44577145423525305,0.8309442346828243,0.6697524899735542,3.0574652296817924,1.5879236201892488
-0.9686637473243409,-0.4469923787951594,-1.3549914552225546,-0.35574620251419414,-1.0548776348069109
-1.8159720780282818,0.22610604022174938,1.9871180903399752,1.7336149818233517,-0.3689757540315949
-1.0676835332381733,0.13211510228740533,0.06826433225650659,-0.7627644107887993,1.9700935587888935
0.09957378081158709,0.07962956692752456,0.6261986297496599,-1.0462944387040793,1.4943433460695164
1.8602426969422616,0.7597549171868152,-0.7096747340426076,0.31391800647021023,-0.19774360028733665
-0.08299355940052029,0.8957519850585025,0.6070580100934171,-3.049822134576945,-0.12862445695595315
2.5147024440379124,-0.1940663352826014,0.9565311103127732,-1.6093099740813657,-0.4769547635727252
-0.5375878438267293,0.665521130946102,0.0746549840017182,-0.7989467978730358,0.6343164626921596
-1.5906861699601662,1.9537267442970618,-0.2740414606294794,0.7090885084103402,-0.21374822563593537
-0.41001239982413296,0.9214351269825778,1.0785643307444535,1.7824592631213956,-0.3163521963621887
0.3646023023621813,0.47731414123576177,1.0848700564994307,-0.3635628956158403,-0.13920118471362586
-2.202519932640452,0.990099505976734,0.02302864643039431,-2.311684953705474,-0.9209712014293814
0.49482956345380513,-2.0584631571764884,-0.7441454966803456,-1.333262105210863,1.0069438926316405
-0.48446847609372656,-0.19525699096449015,0.5602755416333104,-0.7553739241115904,0.5984183091519079
-0.7233480992281558,0.716124044857031,-0.07939545386847507,0.9756166159113036,0.47271268195936744
-0.8468866111628409,0.4925398430460928,-0.23456610331323127,-0.10422282210031031,-0.5014332143001662
-0.04153175924237502,0.03515510185077772,-0.38600579509472505,0.8112031998630793,-1.4540256950165098
1.0514759568792171,-0.3339509343325625,0.4629117461651409,-0.011002174541375313,-0.2879333499703344
-1.1709432795841792,0.5998880730310414,0.8961313804971511,0.4517036261612217,-0.8803023326326278
0.13209638735159676,0.22048393171180306,0.20107117944721795,-0.779540590518729,0.8373418937655324
-0.5322693861406003,0.4392738634807921,1.2665102662756884,-0.4698787647590861,0.18364337980912052
-0.0018369184626713735,-0.06179864856959555,0.888237407706803,0.3166186511111895,-0.026355211500620295
-0.163879511948674,0.4902815322776838,-2.627905526126577,-1.3687283489174948,0.22063842872592207
0.34993569099261906,1.0181360811595592,-0.6248653210842307,1.308527986099256,-0.7521535234546001
-0.13189433507292636,0.503071871181533,-0.5439401763741677,0.9131764678579544,-1.5724149200003372
-0.46463450826637986,-0.6905346062706167,0.363654526036368,0.4287216871407649,1.5620306149672114
0.768299600516544,-0.000363912795713512,2.0219885687898143,-1.7033604396892048,1.3328576657504856
-0.7311394459741383,0.5503372006354572,-0.5579855694418814,0.14683117843501772,0.09870688052803696
-0.19565762250923688,-0.15091689524364077,-0.6023668016712324,-1.048576839742109,-0.22054585495328816
0.13395920899328084,1.6495525782510008,-1.2316386629366907,-0.38568825043728444,0.7214355961117698
-0.5892455262375533,0.6360473597252678,0.3986632781662474,-0.2633069652052669,-0.3981847517221601
0.3193430244823861,-0.6742148728535935,-0.8916482507526631,0.22366065093959317,-1.9596552726821501
0.4438800827867638,-1.685928632688983,0.31621728120560355,0.3523558562544287,0.541359715141614
-0.06643948120053539,-1.2938512764885945,1.4600882583478112,0.17961636292918592,1.6338328389467356
1.3961154143283006,0.7017423033777734,0.23916164018454805,-0.12161052082377892,1.6448216900566885
-0.034428273550155146,-0.4561090717344995,-0.6126365744465996,0.5132203914981702,-0.48269210755003994
-1.3483020544429658,-1.1334255494590533,3.004119713248681,-2.4585176249801406,1.576635487001564
-0.8329816166883658,0.9590655611562621,0.40379416186793976,-0.5973457353236973,-0.595511311366042
-1.2961719353458747,-0.5666150574950082,-1.596062441745281,-0.18647997642830244,-0.9892872409632687
0.6061308452522326,-0.4507680467308995,-1.1498524500238783,0.1510558389041422,-1.3432013807290413
-0.5720369962793913,0.667508327258191,-0.27655827475856354,-0.6782081910875019,-0.9547118675953029
0.19995169014592792,-1.4981287345267946,-0.21343478024646648,-0.1340122421628987,-1.1265211929817176
-0.014059840198899706,-0.3389499482108117,-0.5267306319132276,1.1121136791631383,0.3544070151585615
-1.7981467735398902,1.1468545575630482,0.8736177765515927,0.4952607701364999,-0.5364094414188776
-0.4272116931628678,2.2973426412118907,0.35903312878999993,0.26876982200762284,0.4643292553823591
-0.7885723319387355,0.2335775190112042,-0.4056130953873027,-0.41923903536192364,0.6539438887987373
-0.7388988088795779,0.8248135083891052,0.28467176819916323,-2.8996633879393308,0.5265871445471346
1.0998993049147299,0.399696839243622,-2.1236427825346973,0.08093204442903071,0.9852862769302329
-1.5724163926231445,-2.1532096609684572,-0.9251309525551722,2.6869980683854107,-1.2217608007978378
-1.290583168866834,-2.135240272792651,-0.2853785027286486,0.7788185603057098,-0.5388634475870485
-0.6494485239048896,0.825652559476198,0.06322094376588629,0.6115813471732644,0.9300331450592169
-0.9067474161043226,-1.3136266207746867,0.4134291549432662,-1.5578481081638835,0.7462907074948003
-0.3041221905730337,0.8655478217712228,-1.4682405617999355,-0.7365304239173075,-0.1521877257683479
-1.4940792958671825,1.0487852809174765,0.9058212425682458,-0.6271534502054223,-1.1345569459866265
-0.28199258554827755,0.7696463351479296,-1.7439644055308037,-1.0911199898158588,1.215119722414617
-1.0136587399454866,-0.27218042992231456,-0.28460976876072586,0.5658815960411349,1.1382619717076354
0.05528911723002728,0.3869705075995248,-0.10361588450222893,-0.10780736499678452,0.8223496416417378
-0.29911294613080824,0.4028450344363243,0.40881551237511954,0.8059662442673727,-0.5463310829297502
-1.3073700145516518,1.6790914360608713,-0.07023764412789116,-0.22529882135902018,0.9487644737409026
2.0794738947955156,1.3620946174303517,1.4580311566611368,0.3413350862793195,2.5201196491509865
0.9434228599934484,-0.512565098417746,-1.8696398309214382,2.2658642785192638,-2.5047998229387543
0.514062295251919,0.7886941693797642,0.17418777253726478,0.23066684616621547,0.7612174473138655
-0.8060321948246146,1.2793563797272172,0.04139689572822972,-0.47719817528197556,-1.489275650524642
-1.389137256940877,-0.6052620147265743,-0.07822153096380659,0.35911787375688353,-0.8084339506844814
0.3760745289293988,1.0675684154643648,-0.8162257638649411,-0.40341129314127294,0.7742702560399594
0.10287959929118963,-0.9995073196189835,0.8688813866523039,1.6530177895914788,-0.3375150805260114
1.9416404517307515,0.6321360097319907,0.4381637669919771,0.2809115589197685,0.04480935338170739
-0.18875371880384464,0.672998920196679,-1.863606798225411,0.7322816294294249,2.017234869471481
-0.4058839055168755,0.18742795436406964,-0.7352699922388135,-0.7394114937451625,-0.0767658552479941
-0.531042221428032,0.5447017305476868,-0.4908887864189998,0.2011890744206419,-0.9847320377790523
0.5790044540684167,-0.02114409077249148,-1.7608053456858255,-0.6881670946428153,-0.13646437345283643
0.199353712561223,-0.9532397730644784,0.4618231338857546,-1.4866184080542977,0.05846974929282116
-0.12905965608340197,-1.4949709288556927,-0.47690389120631466,0.7892523626672721,0.11383874639633386
-0.9700404302694743,0.19623770007148658,-1.0707361122102317,0.0447690475880821,-0.40237709233740715
0.5749014633446289,-0.5317254199614909,0.9439357521157863,0.4288492722466862,-0.04041411779849976
-0.832343123306394,-0.3025766570080344,1.321579932822617,0.13743061495579345,-0.6173628266347643
0.8721861544094879,-0.8542579648181171,-0.3538010340763887,-1.9840969909549648,0.10585829968628745
-0.7614206216839692,-2.486801220405563,0.17211691873924395,-0.433598698418206,-1.762350978840702
2.151381132914296,-1.2946207689724598,1.391221730609839,-0.012140234985592418,1.8056466812293142
-1.103557020577497,1.304170134730574,0.6980420432759139,0.7345876906072973,0.8896295048921846
-0.3384916458570146,0.40625720394409914,1.0273729403156127,0.8591835482713803,-0.544788484797295
-0.8037983040653675,-0.1888109665535819,-0.07665106236851736,-0.2570331982712698,-0.45428239690266675
0.45944052583018696,-0.745668977135945,-0.9035564277522327,0.37562081796964897,0.7802359312096471
-0.01962329317104871,-0.6688801539688759,-0.03560309177487768,-1.6188672014391763,-0.7207498447119746
-0.9735709232972315,1.9560680342869852,0.0016573497289898865,0.9749977811696081,-0.47667135441489705
-0.18237149345542503,-1.8148721420540983,0.49879146147877074,0.6027141706128272,-1.2217236751448908
-1.120305532027262,-0.9829534135028102,0.3098354326875012,-0.6911706499922236,-1.514547670117562
-0.17028394697811022,0.7649472599378712,-1.309897121939165,-0.9262448909369604,-2.168716716685549
-0.16616339696096064,0.7657714017521826,-0.9969581962412868,1.0080409318567647,0.9651607447963488
-0.5611700692819318,1.2225965493245177,0.8854057263668844,-0.41960057501489423,0.3051387019217108
-0.8343952276771638,2.665957912514219,-0.12905576443787736,1.146786412323575,0.9622731402689695
2.169416843190584,-0.23542762703461095,0.49324392427062236,0.3893595940606852,-0.6968339813849425
-1.1447741481747085,-0.15143649934736683,-0.8933287965305047,0.09069339464510878,0.7677468998643356
-1.0465871549674017,-0.4115222094745062,0.5064406413726772,0.8577687994853204,0.16872419828390633
-1.184090808058124,-0.38888703500292754,0.060272160467439495,0.6080189232492975,-0.2048162136778804
1.720290509479076,-0.8914402169855601,0.07346212150423702,0.6152976262153509,0.8407160709710886
-0.24594287279913407,-1.1802737975836703,1.679373539429181,0.4663102651138152,1.4048254978995258
1.3590291364186742,0.7020560407249846,0.30188249047516097,-0.009604020802821179,0.5972975844583889
2.0555409160757083,1.929379707349944,-1.2053126516348995,-1.2274936593080414,0.2949313392678059
2.2026689395260246,0.7610397928427892,1.1145439497545495,-0.13050289392770495,0.27786939167742736
0.4990601698493311,-1.753807506820823,-0.6100409104070489,1.669914918627182,0.7122072643220035
0.9326808889514351,0.2273162685203181,0.26191449955843477,0.9176211576562714,-0.4075448704198512
1.4600690957680105,-0.21470070827360288,1.07234882313435,1.7857060889731315,-1.761698514516339
1.244478630972653,-0.32856852283887844,-0.6848901394887009,-0.4793761888608779,0.37169733957333895
0.619561766331555,-1.8154752187581247,0.18255271488146757,0.6487187878916494,-1.6254618013313853
-0.6173427467894245,-0.4411000919317922,-0.6882018607653759,-0.029121162580373852,-1.5691698832405032
-0.2364010545352692,-0.24219431790624227,0.4955570480426251,0.3549111796647482,-1.527198507008548
0.4995027382359459,-0.15113990126754182,0.12471900083740403,-1.778124996586815,-0.1517187209479752
0.1274062361611405,-0.8316305562773187,0.12421211158291133,-0.19755897801078795,0.9349484919585744
-1.5153427842014962,-0.18155064843195087,-1.1688891879337207,0.7290418330051794,1.5151193706069936
0.9362167217821876,1.1771142654654885,0.33262875124768454,0.2148390167305683,0.3363947134389916
0.9756875654837651,-1.9571693594517565,0.3109669733007361,-0.7250009234165901,0.05020724212258949
-4.350753752947388,1.1654898689642865,-1.6151289855032047,-1.4493561382049622,2.6466861379687625
-0.4461853904173046,0.7977565991601469,1.6552421556292434,0.04443284290091842,0.13799965445574705
-0.6719560975803555,0.4197413141535293,-0.09545725387200263,0.0911774219784872,-0.4791416252770515
-0.39758678780471296,0.3077150280238742,-1.2578139588984592,2.2996331767856653,0.6286524538920821
-1.171423059863696,1.8020227486821634,1.1733774439403526,0.8891264453120923,1.7274209523348705
0.47592760683609825,-2.4682484505346562,0.4877846685404168,-0.3552279355569604,2.357312072075779
0.7273927162373331,1.5202512997771782,-0.6444303942910437,-1.1123729086924368,1.1913758044386744
0.8987060072262042,-1.1980237937671585,0.320887198721494,0.17082804787687805,-0.7347609894630182
-1.6229103875226945,-0.13206063851358313,0.022196064392424206,-0.17097733341189797,1.1549220590924596
-0.2051034391026391,0.04863263648466937,-0.2501805995232557,1.9125041714264783,-1.2795906416952736
-2.2606521024463526,0.9181178563182221,1.245351059680887,0.08579940366715443,1.483200094961672
-1.9672717006363356,0.4895951505461501,0.1529711387288597,-2.3802906919813482,0.5106236973468432
-0.02915136328460497,-1.2485612521359029,0.8724969532526077,-0.2633264073641196,-1.0349625550318131
-0.635545595118471,2.256606901843349,1.8219324802429506,0.8726002648500333,0.003550384293788413
0.981159883647499,0.7833107308605957,0.12628455307691278,0.38162651141915044,-0.512748680032708
-0.5368338374297783,-0.17350596270877922,0.005144483487937597,0.542332334154781,1.3616243914498842
-0.5126957662866195,0.7860898450257101,0.7612553038249273,-0.00021166612362934377,0.8067309823469614
0.8399589067363588,-0.5717096418545894,-1.4025907240352495,2.2659971120477334,0.10745048575461906
0.4575296891846644,0.28382433828249864,0.5523731640121554,0.3329547800254782,-0.648855309278836
0.7433037203013572,0.4636910609733012,0.5248516033989681,-0.5820361977675821,-0.980086208996307
-0.35583834634108996,0.06035530591805019,0.8689230757402114,-0.31499525817309015,-1.4460079200201803
-0.7913956905505402,0.9446328546721506,0.6464265933514324,0.4457583663505578,0.29892965677557676
0.22322369751215318,1.080231544584724,-0.344552298683653,1.1078854425424087,0.8069959371088047
-0.9049288367415885,0.03896770605081348,0.38220478671314323,-0.3046949064105252,-0.15985953560874866
-0.4067960691137298,0.4588445367295408,-1.4450140998812124,0.19396203506866597,1.4833593939137655
0.3801928347660373,-0.4339030750263376,-0.5478749226059503,-0.87465170414851,1.5897109876670399
-0.9768840301146214,1.1877226874622178,-0.4293961980855604,0.8312208288191735,-1.3962069177019272
-1.1452050531506488,0.5766587187702278,-0.1764185253080463,1.2995332826680168,0.17124961293494706
-0.6435424621208522,2.0736822413434974,0.9587936340688474,1.3771469228349535,-0.45664769570832
1.6307659091496505,-0.8640625938754608,-0.7808240405624807,-0.19527527869945016,0.6960226357069159
-0.31505488322487035,0.27722363749293244,0.02816785931580006,0.27165397320750007,1.3454131377198795
0.8702848957241429,0.5782615194058203,-0.320275832884289,0.5757417218690963,-0.282730515002928
1.1545021324101306,-0.1461044452928728,-0.5974036312780694,0.054455794601783944,-1.5833725152309035
0.4154012096000718,1.0290181205968798,-0.6053816854751629,1.6897616430973845,1.7915239089248738
-0.24004767765892956,0.5981502804460359,-1.9917607170174754,0.9601716282437056,-0.4559777294332627
0.9341368670692363,1.1380677155051084,-1.237166196987647,0.27642535652232725,0.5309689783802669
0.3942997876799726,0.5109990390730904,-0.020634883201784186,-1.0495215544832803,-1.0893234632335225
-1.5584715932207431,-0.03543633003244345,0.6409226354144785,-0.46730391456510034,0.17728688377108226
0.5294695987048702,-0.8450797043743866,-0.6385832405393271,0.417817231284772,-0.23614052482212544
0.643468829022949,-2.908264132058779,0.43413619309101864,-1.3405001234489582,-0.045088595965891834
0.7045763847134344,0.8128975374235164,0.7703096217232072,-1.3048546091524558,1.4450045959235536
2.502614985714156,-0.6559160512704997,0.7960605176001663,-0.02144713932853925,-0.36241744338631804
-1.3490043903434512,0.7215499100212434,-1.4340608720565367,3.1009258252060214,-1.0402002531666625
-1.026303629750123,1.8568795658487276,0.37933610667278383,0.3493786104067177,-0.09892530392314015
0.7546459196100029,-1.6877219013988194,0.22583411733912748,-1.0685782867125313,-0.23335459173479803
-1.33562415980469,-0.6921279491491437,-0.5109593725302327,2.0730339007400564,-1.027224275938277
-0.2296057799266827,0.3773404133759391,1.9204789125018826,0.8353784801120081,1.3625315630141173
-0.4246701718238464,0.10869640316777601,0.5273253103681848,0.16333088717247737,-0.8230296651563854
0.05280511047299764,-0.8290799574895124,-0.9715018739109448,1.1564357583015066,-0.5286124072495884
-0.19913453679325022,0.7788749023869281,-0.16096601784953354,-0.7101172264550297,2.2723542657951046
-0.7554080619991593,0.6736681938189886,0.7029134229890704,-0.3961957946253231,-0.9735417095369534
0.34628454762534755,-0.013703170033982552,-1.0364583373542968,-0.19445700799725277,0.35574205366909084
1.104855178814441,-0.2110422154641122,-0.6524132841183731,-0.898161127029429,-0.46990933431780607
0.5525230291676287,-0.42279701984101736,0.5973621501171393,0.4610167795571178,-1.475202893129987
2.0298959757401818,0.5027931562638909,0.2930473531167287,0.11936721233604101,0.15204537057201514
-0.003948142185507601,-0.7051416220838551,-0.019519615483729824,1.8327031169002899,-0.3884178178272216
-0.9134333322520366,-1.307478434192156,1.3785217488335182,-0.21021226121966652,-0.4946684275530695
-0.4012119545908415,0.8598926890883389,0.5716406666397824,0.8998035959978482,0.4876098628189577
1.1416892176089541,-0.6759482759538896,-0.30306078380013457,-0.04436870932789468,-0.2900847818724274
-0.26752225344687147,-1.0757365781299966,0.4412264758499822,0.28717047766930165,0.4622050658094882
-1.0353420773682027,1.442516828581492,0.8802184989075599,0.32972516443183036,0.5814587792630217
0.5218467452896478,0.15855207875498406,0.3335965073919678,0.8093241068481286,-0.04697495565532186
0.5599323434771682,0.25068724914042567,1.983651547032505,-0.2860790914491083,-1.1936686026209729
-0.22961826859455972,-0.3310699903315612,0.7521661102676188,3.550954412760811,-1.0032751650797733
-0.0071545295145768,-0.5833211281932216,-1.4055627599027367,-0.059045941666013915,-0.799458592232379
-0.4904311142807086,1.142886267162965,-0.049337002431545186,-0.03661756299474746,0.07745593784234628
1.3850353946920722,-1.0174001919913283,-0.657363968920403,-1.1958923908554773,-0.16239690730206452
1.4104253827889917,-1.8833854247972242,-1.2565037642483536,0.22694063546218324,0.4162243085349979
-1.928550180783861,-0.24287810569869983,-1.93951089591324,0.3649448936991398,0.32864852033375314
-0.44384171070325856,-0.9009803225588835,0.3365610071341435,-0.45404890695943867,-1.6419625174742394
0.052160972783721185,-0.44488653393808003,-0.6968773345344706,0.5109745664648544,0.19178038912362982
1.1283594200615132,-1.7766518398532238,1.070384230704328,-0.4580158605070283,-1.4102608072506913
-1.0556560768383436,-0.2764216724858164,1.231037938456065,0.2660352610555031,-0.6940999106112041
-1.9431232361948472,0.9007912511240392,-0.4451826423918911,0.27627629758672706,-0.10884067259443315
0.16540338249248654,-0.4760958292857253,2.53864236829269,0.5760413754792089,0.9724620374826012
-0.6213267182725435,-0.6646608176534101,0.8728657451286929,-0.2865647933690883,-0.8334553875776646
0.7284797314555523,1.0503116732740891,0.20037096945175942,0.19545622002987256,1.549770497260165
0.5180352293819747,-0.4514981738272444,-0.210439071202051,-0.05431500133688189,0.4621195385832586
0.4021659949182998,-0.9157865553831485,1.0089290852384247,0.15165421008439176,1.2185617277941112
-0.05810140838924991,-0.6778437442291907,-1.018336901549879,-0.25675356211255934,-0.1517108837367181
-1.4260501863808417,-0.04572605923502954,0.1585213392156919,0.00838745254615022,0.42648785269797257
0.6529486707312447,-0.00887918120806771,0.6658258061804923,-0.30752719917177673,0.20373391758450962
-0.011071360332581893,0.019679097889660456,-1.3785659700819208,1.1211517538472557,0.48489655748808386
-0.1809522647700666,-1.1866026891810713,-0.010704761706589277,-0.4468367081078229,-0.6392515142461132
0.2133102536771159,-0.8466493217430939,-1.1460041603509519,0.001454958582469364,-0.03544106628638195
-0.4964238099296409,0.6034259753997926,-0.05955090501877626,-1.3463035599601731,0.08387305789941246
1.1181608764399473,-1.045065741152921,0.10053312384144858,-1.3608952233223361,-0.6604037285334603
-0.5625076149039606,1.3396782168780021,0.850995762265637,0.27624310681150416,-1.031539120622758
0.5057328643474639,0.06779303160856401,-0.3313846500963665,0.33125433246783303,1.8615451938309753
1.1914111958936533,1.2024457113711977,-1.0829811166763896,0.5665987860164325,1.0252795150658256
-0.07052034198086232,1.1564946243228522,1.9287492276450298,0.4243379012102879,1.4664673192242248
0.9571781736487152,-0.835659304724208,-0.8661182777837456,0.009370346617571705,-0.8373621110163717
0.026575786380300493,0.4681087646351496,-0.2050483783154409,-0.9909800695340256,0.7860053724405605
-0.5683677998408583,0.8663637963567138,0.39717148189077994,0.6152251606313801,0.4282790938511272
-1.6054523855563845,-0.8281297255370873,-1.3067605692146416,1.6278935767984994,-0.49947288595361744
-0.003572954172013896,-1.554007097658313,-1.4275595574940712,-0.9419149350148424,-0.6181448666214114
0.7450059031263307,-0.9609765454361441,-1.542411952401133,1.8363927331605758,-0.5262626275009231
0.33363568086420103,-0.5850161098348412,-0.298850152976918,0.015231715662658405,-2.732374008539828
0.11718091202532925,-0.7965448853231174,-0.7778859103808767,0.5040430951838051,0.4466470110219776
0.02280037103062798,-0.11883405202492099,0.07477180262100973,0.5021380870381149,-0.17478762579878854
0.11958850751045529,-0.6322590212130308,1.3331544574234335,-0.23891807964862805,0.3762552749443946
1.7795758051503405,0.27444863140322073,1.793707631222372,-1.9070385356495518,2.2995683182015734
1.40448448983008,1.1920391517020308,-0.47818262922984167,-1.51693044647803,-0.17683024361665584
2.5646358176919306,-1.24322091809427,2.106667223666658,1.3418240372492818,-1.7229260024186
1.8885243143554724,-0.9368578586085936,0.29558216226654893,-0.7578614061375895,-1.1574830826079796
-0.6020923640893101,-0.32284868128054484,0.7777545558324017,1.1405278422304457,-1.5954266825920425
0.20871982368091105,0.36154338708687844,-1.05999477241704,0.339440754336434,1.3464544433523324
-1.1929992895611985,2.4619704423543705,-0.019196090103658164,1.1664877452674256,-0.16990706252662044
0.5655477537973903,-1.8186121546731275,1.0376561668724391,0.4859910552620065,1.5051012453968697
0.04392443294723385,0.4300782807682912,-0.7748190160477032,0.4979961418797504,-0.6895674491653261
0.33769562728359864,-2.0247493150881324,0.33563117343834387,-0.30734455559246615,1.0606884933476362
-0.0875046687257573,0.1557991954224251,0.45394258192471615,0.5981605072044411,1.6244923990835867
0.8192371623552532,0.8610751359759429,-0.35313636226901,1.2976081345923975,0.021467887055906666
-0.35910001646123246,1.3684448859841125,0.000313709364285033,-0.8472306300340674,0.9347452930782869
0.41735955276433045,2.349454013564556,-0.7615460649057259,-0.31372805302005047,-0.5957472946469222
-0.20579531100196274,-0.4764581453752794,0.8227726030436896,0.414764650337248,-0.26730763898535187
0.27122381351122965,0.23689333832253026,-3.160643627955888,-0.6868838183968302,-1.4508519482388718
-2.114262224558597,0.09852032515736882,1.3398307455398926,0.0874478112628335,1.0196503119519313
1.2473053251752522,0.20864029981313906,-0.2197827636364765,0.7625666603594746,-1.2443969043088883
-0.47525934685160565,1.4946439446669357,-0.7133278627889311,0.632074167150453,-0.0365018035881816
-2.5400852678915022,0.008503701093809676,-0.351977501907575,1.2408121205429756,-0.6900743138251266
0.6546792907464882,-1.013691495617146,-1.4011380404290723,0.1059719175806172,-0.8609562980966745
1.7685761716333468,-0.826883905888667,-0.0672285219238085,1.1735412209533165,-0.47739445877446635
-1.1389906146466338,0.8184937563567619,0.2707621157519517,0.07514347227369174,2.6797387041621925
1.6550645737090068,-0.7428557411877652,0.8697077521637644,-1.0508136875780667,0.5566326000201464
-0.4746100446447987,0.6485021470398638,-1.12196682206217,0.6270124889224601,2.028558223191694
1.1143921793609533,1.9078079613407082,1.458805560216672,-1.5475047407521578,-1.2402722051374386
-2.107864763262613,1.660801519975458,-2.453325077603601,-1.4634389245008932,-0.29278877173648477
1.0974004666016455,1.7830162717745899,0.5151765889534414,0.4291750941034411,-0.5810926390757413
-0.6274265556700954,0.8322597546717421,-0.5644110183224914,1.8911925354947943,-0.6810204637835173
0.9057597777743118,0.909389254174619,-1.3204316121077098,-0.00836571990804639,0.16221763469193295
2.0992246153734357,1.3390909524484325,1.1345250995099645,0.079487661925011,0.2625453911349254
1.6090370315506586,2.5700912112323167,1.193775533867672,-0.34667243310060214,-0.6264002152336461
0.39907328385983776,-0.6954686800079367,0.32045535847648626,0.10358153694061283,-0.47186240068914154
-0.27630118201619214,-0.848176702624777,-2.0922102961056175,0.2829438557539943,1.0019653675645432
1.402676798329518,-0.10273978192494647,-0.5879198155930372,1.7095693066995563,-0.6175295341351563
0.2600551781901337,-1.433985893337668,-0.6480923734183738,-0.4032290510519822,1.3387754308406536
1.804583305441117,0.4392662075449579,1.2693555272030543,0.3131565156275256,0.11446969488942785
-0.1190298273939831,0.02086102123616913,0.9557131388757494,-2.7471082093816497,0.39194699634260133
1.4940623477282242,0.8303093681907954,-0.3467075504392931,0.5285539294895862,0.8784796057995813
-1.1704851865983479,-0.14724737533869567,1.0011299759733778,-0.8239535604922048,0.6133584638950427
0.18571240188015825,0.07167411910190238,-0.8355298977194554,1.5781922874277252,-1.5677670862602833
1.0545122078314437,0.37318984597293764,0.044041792939633506,0.07062836472510023,-0.9776469097668514
-0.07132372159660326,1.471927170932073,0.27072924270997134,0.6890855244240538,-1.0759677858985546
0.8742886300061155,-0.8430437831815119,-0.3891356433417973,-0.010311137149694132,1.7557311879612996
-0.37947402439882144,0.0462187676496121,1.170877531438826,-0.7840242479627945,-0.8248387830851727
0.21956788335282446,1.4461857502200737,-0.4451299728793161,0.7533037849427573,-1.78949154490283
-2.4471061815007045,2.0334339355387936,1.3512156776191917,-0.27503999944392926,-0.5450908083290941
0.02250943015065256,-0.901302003715295,-0.21707601830970338,0.10555572886608094,0.7577483113851038
0.20937997447354362,-0.760276401709437,-0.8069695844550604,-1.3279363167444707,-0.5539311736796894
-0.2420006829242482,0.49289314331261436,1.2902924545533883,2.0012947451360157,0.3432852717214613
0.31441070279615124,-1.3217764721249254,0.35554150186967637,0.2403801675984625,0.9793985312206662
0.46870281533489827,-0.1896394798534453,-0.22743776874400776,1.996363218252311,-0.060132537080486194
0.8851052542873822,1.9902874164135718,-0.7159263238517181,-0.20736511607606256,1.1162480464685314
0.42244745951920043,0.3638649582622003,-0.4665007112644849,1.0554341210059683,-0.23529530164228107
1.1870813025178373,0.6070141174438947,0.8852096268153994,1.0296008806455703,1.1838951605967258
0.9173540396168828,0.07637742146593426,1.9862155602812848,-0.2925442522616453,1.0183935389058876
-0.015858308897194896,-0.698573697004161,0.9707927264531888,0.8198121716639868,0.028907973360080743
0.9731349411427966,-0.33317275812714287,-1.6155812668382288,1.5365729452961747,0.35832273317911034
0.6675651313104483,-1.4632116068749963,-1.4283578379029058,0.8971452167418869,0.5819685682415427
-0.6835012754908069,-2.462470847248011,-1.2071324701050574,2.5262660930852294,0.2731676745072989
-0.9061560621646221,-1.459693144840624,1.6087952513607655,0.28097747505177795,-0.34294947589516256
-1.1419162936875191,1.8541696047136147,0.4855960310974575,1.1847330091739177,-1.7502696621859908
0.9941267085494561,-0.7498456472212751,-1.1545749523117337,-0.7165081105788008,0.3105875260462462
-0.39366943414466193,1.0967899462427517,-0.4665029227983047,-0.08720050740103412,0.7299401488887352
-0.030683132616388994,-0.7266567527618805,-0.3675707092138472,-0.3117299437263592,-0.031808931378256675
0.133447007164341,0.9492310894690277,0.30227822589657843,0.7098011070346316,-1.3745091990546436
1.087379330776781,-0.07085056505400818,0.7163294418354744,-1.05468975464047,1.9127027378823405
1.8857455357943915,-1.034339532251912,-0.8582723447560785,0.5970301122513764,0.8162082955236852
-2.5807464633390444,0.7604066842509508,-0.050887922472639846,0.01301699124103201,-0.48157885166327696
-1.0341266061093444,1.6765441780114991,1.5209837781797613,1.955003164730197,0.8332534060872593
-0.17993632237877077,0.6336614689368859,0.5370493366421555,0.180073922414593,0.2829731432418196
-0.18885917476850622,-0.22155387015508585,-1.4694099031150079,0.7328907618989033,0.37625800965831746
-0.39840854495731065,-1.06280329626173,0.5055511150968376,1.5821278093246571,0.6224770581540596
1.1310216233493173,0.09730959790780992,1.8935326135260269,1.2006283143719383,-2.2096742526511886
-2.0091277683926334,1.3271559484694992,1.0917800883259035,0.03237732506402844,-0.6686614666341687
-1.0233232226887723,-0.298193547975199,-0.32282558518237126,1.5747281353165465,-0.22338671377671926
-0.20380398055283397,0.36365612830392563,-0.914052593685196,-0.08583085803104884,0.5230204456089395
-0.6966986087633882,0.39886287180843844,-1.164719806199877,0.5705534520221482,0.9765721252130821
-1.1709043183529133,-1.8394642550449443,0.8951964988095577,-0.14055258570675674,0.2434778580217941
-0.49661451154175945,0.12934253708568869,1.410983086130531,-2.4445907167251892,0.8074314318480306
0.29324239031116944,-0.6971789150731198,-1.425287353921842,1.8312754307242602,-0.19581077519020262
-0.827010364407406,1.115117291064563,-0.17448925822040282,-1.4771737820186783,0.3900141999214581
2.550282421430628,-1.3579513449496063,-1.8289185075605465,-0.04188603597489921,0.2768604603806872
-0.6294302793775378,1.2259632556284816,-0.769420503129652,0.95294040107846,-0.8919111649305541
0.49136060370981266,-0.511942972759199,0.5957975380387968,-0.17289413810385365,-0.20027297300767752
-1.8367869461513737,0.561624703273233,-0.2942009712446753,-0.48321733969590497,0.11004582737168302
-0.522869893787466,0.06436808727479162,-0.1697777667349588,1.5265693027956302,1.5899045069786664
1.9648189754400103,-1.8470475857029582,-0.10798921528669159,-0.5432362304728148,-0.7747403425637038
-0.1759796341173236,-0.7005963952138683,-0.8894922650222314,1.2282144080849409,0.9322083106810859
-0.6492322978615255,0.5999838354207979,-0.4675251754594864,-0.30186305129301216,0.11471373905592999
0.06311359607276378,0.06697679018982743,-0.325085822580339,1.4523958971870905,-0.42953296932448204
0.683667803026012,0.3610137306447351,1.842837125138882,-1.9243302605806647,0.3964599080308945
-0.6764192704315435,-0.861856754058075,-0.14165409480785549,0.424993544092064,-2.2203486292439445
0.5685184655174437,1.5335801925403656,0.8505899958424734,-1.4419697682426602,0.36375952086281976
2.493695642593017,-1.5486045067094802,0.43394405042431483,0.04059959934078219,0.02973425007574205
-0.5431219426712453,0.21544042278194148,0.21960560663086354,-0.6137893386533317,-0.8533336420684886
0.7094769748988063,1.203583473820732,0.7808450509722824,-1.1712786720011252,-0.9712316722277221
-0.5810133676787151,0.12240835358100809,-0.6220088057786245,0.3039637197497294,0.061860052918113875
1.4851316959858933,0.644390370378303,-0.24230807133711987,1.3465378174299885,0.6319111740869285
0.6013060917434292,0.3639080089398302,0.7800898150317378,-1.6292354280535264,-0.2978825895045879
1.976895504388958,1.5090949464485186,-1.2112136808667189,0.06366062581954625,1.236069462369343
0.7649182001056881,1.2453826488197097,0.3374788852072602,1.4418710357552889,-0.6288376807414895
0.9068898023081405,0.07189316346468265,0.7568803446976601,0.3296432481530893,-1.4692895219277293
0.4482704002343199,1.648668617167838,0.5965192782294475,-0.5392124183446484,-0.3107471575291968
-0.3647636470622937,1.199825573784966,0.5200010197306018,-0.6918071246184793,-0.17484656667133058
0.007254352656276358,-1.5140957619876048,-0.6158093111183401,1.3684744191839733,-0.7045844121959803
0.8707380995479612,2.0600934136538784,-0.2929143700241191,-0.9401387005526182,-1.307208718839899
2.2636225374357997,1.1633335595189485,0.45326618142105934,-0.12946191646324517,0.9959961896169187
0.24718259331590034,-0.4880511235282124,0.5082313642979741,1.6500390120672168,-0.2021485217395398
1.2288243556281235,0.3957567631058665,-1.3726953637142263,0.7749593713753857,-1.1296905570947817
1.3669428767832525,-0.7929096852825935,1.4723361500149337,-1.9954184324561823,-1.6527011433615841
-0.8632951392067636,2.234754517607745,0.05840883708513071,0.6220490385315981,0.04930024261308427
1.234258947835813,-0.1318728534930329,0.3391348914268981,1.3260718741323039,-0.8697635384924259
-2.055899709219912,-0.9072588527479545,1.3233917475627486,-1.405340391438786,-0.30225549824917414
0.22988650579880013,1.6983220350718773,0.06294802052444,0.20940200173313575,1.127825220704756
-0.7456451674868537,-1.2618793917360696,0.8517578532044112,-1.4874525536450387,-0.3288963892368378
-0.2839368200363643,-0.6867086606827681,0.6044479368751159,0.9000095565930264,-0.25800275188631694
-1.4256292955920198,-0.632136050770385,-0.5921116195585332,0.369848724824729,-0.06401173014058607
0.5441799761840546,-0.5368617898633893,-0.01446276269192896,0.49790744338811443,-1.4336309408348387
-2.565894156488167,-1.6918983644597436,-0.5284409540291174,0.6326431255046603,0.07099279195637329
0.011087013280914,1.3089030534883013,0.5388756995825437,-1.2911314811912133,0.6927562808439185
-1.5221205370844468,0.5396086084681802,-0.28116574256503535,-0.5248919002586512,0.45747382302981565
-0.7657303178143723,-0.7209640263015036,-1.0214745225244453,1.271705456725395,-0.1529392714856628
-1.1033629690919107,-0.950323587183761,-0.691078743729908,-1.5649949531828993,0.448239548971314
0.7351349243907122,-0.892777239011381,-0.16061422903934391,-2.210182864901576,0.7431317553226968
1.1010688704972618,-0.14427730420120333,0.4071803766348654,-1.2545265336671871,1.5470765451287658
-0.35156289824845827,1.1228115183405856,0.7741459333374753,-0.6010812518733278,-2.4614858839903477
