11.091226796942816,-9.602954451449634
-10.510016024085568,-11.03109375505317
11.252564135167058,-16.919417047278195
-16.042001021113734,14.12874829856954
-10.56500130211726,2.9276605068700805
-10.511085767650272,5.507743401247654
-4.775714868851907,4.719583803837997
-1.5005146032554177,-11.186740609486762
19.944896539233664,-3.006113450581606
2.27476041333776,5.411701810777677
-7.331771744859901,-4.994621303129544
0.18877074759341017,1.0769375481630878
-7.4393892848553,-13.635791625855362
5.294950446830011,14.103040444051148
-3.0650586539142344,7.033612329906061
-12.94403164794575,-0.5955429573413729
10.028329333770838,22.570025052640382
20.00093144617521,8.017630811361709
20.514825040034403,-4.9848022565769465
-10.278511565575851,0.34325893656826034
-2.437258044941691,-10.732924205342753
4.772203773964924,-5.473570234223228
10.130446764133804,-2.2248747662108697
12.177606076756355,-2.044243371175087
-7.9930049702924935,-1.8470537357066537
-8.811496963366798,-21.884053182000564
-20.300521584982782,25.18924998028006
0.98357331658256,3.4786523267511713
-5.091514250733681,-3.3913341048455266
5.787538546708009,-20.237291170155476
-31.7871347046201,-5.365505640943228
-8.884290645173856,-13.643581822815907
12.184513127172176,11.221402223262718
-4.130559270416947,13.3892016706727
-14.823968461477815,9.489896386869013
4.4306547936153144,0.8628466369051022
-22.985544598141814,5.693362080537146
-7.086280015732219,2.6988711791586386
9.629818411784875,-29.759318025114965
-1.3123579359217943,-9.09151629149267
10.87904405045391,-2.889890557274209
6.6712145289980285,16.0079553263124
14.993483120987356,4.336911500193963
-7.8220771292342,-12.06022046651206
-8.84556380516348,4.453995516594988
1.6021178375808773,14.517723852353978
-4.025647556796402,-5.702601589735654
0.5135665002943686,-16.643288308753494
2.3943307247247976,-2.686242940604341
-7.23716011028227,-16.203221660379434
1.2416820042884948,-16.21868741711959
-3.322494073510446,0.8702132250567125
-0.45512204228458675,8.885112873289
-7.726121148016201,-7.7821075642783715
22.52240202724033,17.58190487304754
-16.445245263271914,9.79787266947193
13.506590724535403,6.636717470997092
3.082183041175443,-9.102469781997232
-14.323093723638966,-3.592074559344727
-18.63379488514725,11.955625530240326
-6.994001963572842,-0.010636821108124472
-1.9004179296774795,-6.017871362770508
0.920805058706629,-1.0020792666809868
-0.9852545661914549,3.8886209740092728
10.932964662971187,-12.499614088033963
0.7272303918182723,-6.37122403360507
-6.472258225871622,5.001342679686589
-12.693476170370612,-18.342762729906664
-14.09623730965371,7.67379313936144
18.295472996225623,-9.84510754459018
3.961979852555432,-4.704363112625167
-16.31208960612166,-6.407452594980189
-8.398511683951817,-8.347237200976641
-16.491829452569885,-8.431507583761231
-4.4555902986459115,-1.8923597593723134
-16.604333784615477,2.3679409304975865
-4.182369251888668,15.222502900967882
20.55128060229323,5.3905421285869854
13.590090017115159,7.983744764545159
6.951246507242244,17.5873189700539
17.157173174725834,12.143987737096008
-8.999016127129323,-13.487115386679825
-14.77036802410757,-18.103993688988005
-20.02593164628044,-13.978762311635904
7.953306518602144,-13.111214266659323
1.422355154197278,-5.109767637069503
-22.89934081440722,22.86798470972308
5.4247825639731975,-2.7428621357360012
-21.174512745586092,-19.068579285585166
-9.040971518938083,-12.157539752086802
-4.617058193967437,-3.269856334229893
14.996935340802398,14.69082007880963
1.5207100461669691,-8.879852149441275
8.127677142218396,0.27496791868655723
1.2947587636242268,-15.562654749468026
-2.6540809072775984,-4.739407516690331
-12.989614904972822,-4.734914612198567
-10.313221800761452,-9.194692039792253
8.000873793115346,12.79452532473087
-10.157805893593078,-0.33942723787150797
