-1.4885686159850002,0.2990836407429834
2.413961953381598,-1.05600129376606
1.1997633253546238,-0.6626063016497955
-0.5360883611978527,-0.8707230944609503
0.3851081506738056,1.7105947544341722
-0.6232388426600884,0.47005490258305904
-0.17636583963033428,-0.1640772048162896
-0.7029575819411258,-0.29696032352736
-0.8030243646492887,0.9389670526187258
0.7272792281115055,-0.7600161413074376
0.4416330769188538,0.9650580223145765
0.2583945835494395,-1.0525264970609265
0.16558115681637,-0.0941731714947788
-0.3153186456940514,-1.5761777082629724
0.6351873193855878,-0.20876859292759967
1.1366928044448004,-0.7696118966144915
0.40031972679293754,-1.5012480316308352
1.9550064391341007,-2.190628970223486
-0.3581954781065851,-0.38864269952710156
1.0701034533022225,-0.3240761147804726
-2.026040717447078,-1.1726631550118136
0.910186484640829,0.6025943926991286
-0.15487099098192522,-1.927452018100385
-0.1701082231945388,0.46618092331252997
-1.476232037066163,0.7488392295255265
1.4098399964666353,-1.1751776834765308
-1.1705315480689464,0.6431748221589187
-0.7291491361585237,-2.0563716485362136
0.808729471503104,1.1166545202793363
0.08762082647351739,-1.313866306721513
1.2278832485083986,1.5542727012720163
0.043248508906469016,0.5315340078156914
-1.0571802001887638,0.4785776207967381
0.9893790844442623,0.2846464923211921
0.7861820952514961,0.2794987832320923
1.8302122577026239,-1.700114076958658
-0.7837109104917186,0.26157714350947214
-0.4191257216381637,-1.2781746626738186
-0.7072587707476511,1.1828229878776797
-0.34578036923439,1.1909040705763239
1.5889438801671476,-0.4115520534489965
0.1187394091735825,-0.5231991758815658
0.9438234362709538,0.9673440034553346
-0.6948443601288282,1.2828476242823856
1.5083330485303916,-1.4451785023337174
-0.7660483321511409,-0.5898044894860776
-0.23924677778396358,0.3883192426143917
0.8278065693642785,-0.3144866223211452
-1.3434604541117916,0.12868539509760613
-0.49047437476892514,-1.6633449460876724
0.16870342933594204,0.4833039303331445
1.0910433844673357,-1.3297137991733279
2.1399428500634197,-0.5310389863095577
0.5456120489579035,0.20349914174171665
-0.845380214621493,-1.0729678423729159
1.0807474697826223,-1.3415474129960105
0.14268522894095237,-0.5067822315580649
0.09280288018757266,0.3591231840792722
-1.3041323758050973,-0.4037230835353932
-0.8860540148465722,0.6455004029084884
-0.1004911821551621,-0.37956693535456065
0.7429922750682502,0.0311513295316963
0.36650212939883375,1.951711272471322
-2.0431575752004782,-0.27972926834409495
-1.9481106299304385,-0.5183767828906761
-0.04090363558103535,-1.2313597908451663
-0.7232786938948071,-0.833823530180795
1.0288612479036017,1.498435652512369
1.8484480914719998,-0.7328013147577835
-1.2353318724143258,0.22618089808612993
-0.7167375934511324,1.7016676635827985
-3.2685027294302356,0.4698389112826429
1.4536214513132093,0.9041875273089459
0.26847112293820224,-0.3399287111137965
-0.5509525622685553,0.5841024903373048
-0.7636920326216083,-0.050187355970654206
-1.6259455221736292,1.1530080622529786
-0.6272822683390592,-0.08223574409743907
2.24088984132164,1.16782486856163
0.17624043008104345,1.3752106981724541
-0.5743999714697142,-0.2597587680210332
0.4000646886063973,-0.23846594507490085
0.5440210046234426,0.3095878383710267
0.54296911871477,0.6263341988746424
-2.1167383216021296,-0.3265783415275485
0.6207807559814835,-0.7327156425690887
-2.345348055739703,1.7498389427621128
-2.0235226988775272,0.6514743731527621
-0.6897608338552068,-1.4359749685588041
0.5378962063512953,0.10537015239308284
-0.5133141262272038,-1.1527269336872488
0.04631546641229825,-0.4847814390457225
-1.8312366805944025,1.1062508904008324
-1.3301564160847654,-0.7168643176735059
-0.5688148884100424,0.7817085674119545
0.18671786259762133,-0.29258336011544606
0.6797622118310288,-1.2107579692660626
0.4115227237832332,-0.28714605270658056
-1.423783623885131,-1.1013223039051623
1.1191527385766815,1.3690719441639216
-1.5199205998502574,1.8166324358229287
-1.619602459997462,1.5489311221709423
0.925588991328359,-0.9007872021731995
0.4593282332963672,-0.7958070528372083
-1.503546717920597,-1.9640865604172493
-1.3609101129463093,-1.9356485196616393
0.5137021119582725,0.4816769534047367
1.8531450394737445,-0.5371113173370471
1.0611370366379993,0.8006633138703921
-0.5425184074760973,0.5622301683692917
-1.15763082229396,-0.5485472588157669
-0.47567699790645673,0.07700314579873782
0.5069571494567982,-0.7095913236188256
-0.10202992249251551,-2.0663716153278346
-1.2162327996466122,0.39762750742727876
-0.8551869573492449,0.8537040797665599
-1.305625444157012,1.2831599946439824
0.8503659726660641,1.831596443045633
-1.8306008531922056,-0.7588423079238942
-0.8565982795103294,-0.8574086750889867
-1.1562818801703751,0.7355218401039242
0.6957100384374013,0.864875745388481
0.09776436103838783,-1.7701185371853063
-1.2558076046114783,0.21619926411859736
0.026978708186157704,-0.7183532822847044
-0.1087181044831746,0.6011486235342335
0.2991797096947958,0.37453411094895334
-0.7286871727895994,2.2395462925397727
0.7074149879966757,0.10906712273393679
-0.892835099072887,-1.510689077145183
0.276507636446262,2.398368106925809
-0.12821769074899175,0.22329403266279757
1.1791330980197094,-1.40584762766074
1.6308824618837525,-0.48422870166841286
2.0242770074171075,-0.5106689023703586
0.36796543497712525,-1.8175233654165546
-0.8061753058478496,-0.5607941457702157
1.3749622409264042,1.0351530635691206
0.37327010613170764,0.0833756832110075
0.20566601519029862,0.6818127127968439
-0.45147785362777215,0.7050245872577009
-0.5745841139264429,0.2804538143174961
0.6258241074630553,-1.4069606892269224
-2.36125918234358,1.0410915983384208
0.4663495514463226,-0.20540353484760174
1.1694238998583129,-0.5825566894827164
0.8313480159641944,0.3052541678502235
1.1128147935165966,-0.4990112422139319
1.559366244690511,-1.4915714572444587
-0.01748883601725693,0.3361304002821654
0.6181607179722189,0.2773825362411211
1.3191236697408335,0.23103128942596046
-0.38111350140435557,-0.9392738242692332
-1.9434029524627008,2.4432056997610214
-0.9669943799966647,-0.5977273532066695
0.6637068525997057,1.4797567339380708
1.2565843198540965,-1.6051417461323103
-0.20686614245992138,1.165277778677631
-0.6482791314006118,0.594729859005004
-1.236117639330965,1.5211108060649052
1.2007123808799562,-0.6085660399137623
-0.02167866717466977,0.08019840761467904
0.11039726942399476,0.25248073418976075
-1.498316222252612,0.4679402805632486
-1.194152682054353,-0.9412024839210419
0.8089629311982037,0.15430319865224237
-1.8568263427852203,1.423919609980792
0.7327893415693115,0.4618348962426722
1.1243883551064617,0.9136418221063684
-0.9777947893595859,1.597259982399985
-0.6445331137911033,1.9613211414014282
-0.5112239170959584,0.09660257766685883
0.7427488758654666,-0.11502279649714883
1.7758596089346725,1.3891664909313037
0.28781009091943327,0.5089926694276957
-0.7394817364261059,-1.1038185917367205
-1.3006180146701096,1.6544230338622692
-1.1486461425831023,0.6985174260953355
-1.304706096026864,-0.11694812864020497
-1.3456040435256333,0.5421169468919449
0.6880563123149902,-1.4060910763038865
0.07004182238361623,-0.09967160619957784
-1.412624296663691,-0.19150018152706091
0.780653559975668,1.1463232103896175
-1.4328334637358933,0.3958725035739731
0.9283869369462112,0.8573987365864342
-1.5627637512571686,2.5563886403533838
1.3660063796891524,-0.613286682380928
0.4027454723213531,-2.1924584542938192
-0.4379991289478,-0.8711552013437309
0.0618365479681337,1.6253233766047392
0.3098833245191434,0.6948683643348245
0.6224791524885608,-0.05711423709073232
0.6539613112936551,-0.8922268539669117
-3.4996862443857486,-1.1560550741137847
0.4255516979347536,0.03858411984364564
1.5292987126252802,-1.1389039464260393
1.6871732497297742,-0.727188535664753
0.6378079429449007,-0.2383494690046679
0.7175103517625118,0.4011519845570188
