-0.09224175790324425,-0.2267734103572186
0.5070169889927361,0.9455185018124268
-0.0869275874814018,1.1672590411474673
2.260731152642312,0.5536013909063695
0.34569176558061354,-0.3010897896948141
0.25102481751878764,0.07330923822912842
-0.9065283006676543,-0.44489236719370584
-0.5088719410847375,0.08327210015158762
-0.5427903482297594,0.5434489934899442
-1.5638208844852384,-0.0828757734195379
0.07690146056240087,0.034120225302344535
0.7060050312663605,-1.249733607600685
-1.6321975343734623,0.04679409224588182
0.49746396756674904,-1.564660528170477
-0.6111908249934748,0.8164614191382258
-0.880109713124245,-0.6152941792776935
-0.015845131577130824,-0.6203930232619863
0.9362665182300077,0.6842203315269502
-2.137419835276325,-0.21557074824294672
0.5246381337872876,0.6502038146986915
1.2395480504695813,-1.6127403830111369
-0.842357301583658,-1.6765957754516616
-0.6472899215924774,0.750115651367691
1.129899315053138,0.14805374792805007
0.9360544971354621,-1.0441182083693006
-0.5601275751315582,-0.8607545338950994
0.5844679571835103,1.0092050115550453
-0.15294880063886274,-2.2899421900241625
1.257174177585663,1.069528998580702
-0.08669556300828901,1.0592370697588307
0.5154127738245168,-1.1550796194121964
0.4303341493125779,1.7604630818154063
-0.5290257106469436,-1.210386342025349
0.7558400620487468,-0.396507323356059
0.7390125977359273,-0.2816965726112563
-0.13385058175995365,-0.07405129092801264
-1.0652845229292425,-1.4928477823587243
0.9250060871726474,-1.0463741318557307
-0.3808011451383509,0.013723959136680177
1.4507788435724422,-0.8268278637841551
-1.052491281699753,0.5692626396453648
1.6047904325297917,0.9057373858102884
2.463836521697319,0.6349525820609966
0.9219957242451988,-0.34251476850534446
-0.07936156108238011,0.6297495672090682
-0.6085881483032497,1.1826444011019033
0.5505641599313232,0.6461905318700756
1.8655866814362116,0.7955397547164506
1.1480165170269914,-1.630638225392069
-0.3020911744393392,-1.6714953178312477
-0.6322860674199136,1.9021511681071723
-0.8188120886139734,-0.7265333224090068
0.3227762262516099,-0.21198482156222181
-0.3646090305772908,0.742559677161994
-0.11115273416877451,0.015951096335450367
-1.1013511584756597,-1.6064075498612318
-0.4779922798120372,-0.8492990183524414
1.0138805390863228,1.1916637306531486
-0.20326432922897072,0.0259225571219608
-1.007824466218448,0.7112895217446138
-0.23735592489575558,1.4167800877591747
0.21945466254764126,-0.015354761507114123
0.22636214333609803,0.11654775113267746
-0.9406413428145289,0.20581619847955687
-0.9766810895384728,0.43135091307530465
-1.8620851267943606,0.8547323888463418
-0.9724353005404751,0.22812879750270018
-1.5377978233028922,-0.391097119207933
-1.8283986617328358,0.8411622382604922
-0.2005824899918997,0.6990180683344666
0.8988394553825458,-1.457821345366045
1.9649744066413268,-0.6709320322369682
0.9103873814866976,0.01301234898639485
0.453141485270412,0.919302836795683
-0.43195382643054764,-0.6733006682400523
1.2937185789567742,-1.8962723330080553
-1.4496458703013457,0.33948341893697265
0.3121666533034151,-1.0930254649382507
-0.8989833813290187,2.110410221600318
-0.5643854652992389,-0.2860260984544172
-1.242233188804151,0.16727737492629727
1.572688393446152,-1.4679420128640583
-1.8529180665170795,-0.9355711257665572
2.0908163707478566,-0.699787928074753
0.06051943210009677,-0.9616932557270792
0.01128637657796994,-0.8524517955083112
-1.2730385823271957,-2.620018360107558
-0.8231962772828172,0.4511849610709969
-2.653015971044926,0.4959224358781234
0.7552817563217797,1.463528013868697
-1.0875016266193458,-0.13162216618271672
-1.0453546527117648,-0.5333806527798126
0.93228976753321,-0.0923121464582739
-1.3143876987035743,1.1415938178616631
0.7817790139481418,0.9765526850601872
-0.6269438615145193,-2.5564353486084643
-0.2663397297224767,0.36700082614614205
0.8324483364923352,0.7473049555363328
-1.11159148281441,0.1516097732845559
-0.08910225926136364,0.522406063660295
-1.4080639590973831,0.5422352257043701
-0.6135060341256167,0.6599007158400549
-0.3507904285062607,1.5326838211432914
0.5712936901126888,-1.331470769167419
0.3021080767117553,1.5173361534765455
-0.8340828175129711,2.067288750484356
-0.21065607215749335,-0.9941970142253149
-0.5690074491588141,1.7320084817311179
-1.783378259704177,-0.8953550248915273
-0.352990303962463,0.6955860670820985
-1.5748322429402808,-0.0744521669144928
0.06306713133358675,-0.36402282282057447
-0.24424580229858334,-0.7691913599262419
0.5099716121123702,-0.2533618974634088
1.2263165049050302,0.5300307267632394
1.0114956208111594,1.1710873879677943
0.473635908817384,-0.30147927856852247
0.24483024328480238,0.0756118211698644
-0.1953579721258043,-1.3224441384719385
0.6007743814974041,0.9731590671419447
-1.259251283153156,-0.06469599073806385
0.2190209720183446,0.10489633584811206
1.061237980530259,-1.0305609050566207
-0.26814590278962463,0.5592163594850372
-0.25943225002951803,-1.1595235476657855
1.3815908686398055,0.8954795032548069
1.4033431435670036,-0.21186791777736297
1.4640871586655246,-1.0097987503282475
-0.0989744178755721,-0.018192116061738053
-1.8595913895177307,-0.7488018398455907
-0.6600053892219474,0.24527821543407427
-1.0517373524522535,-0.7424580881425045
-0.3307000719016672,0.538630587786413
-1.3545717381757654,0.5986521789593573
-1.1276456632229996,-0.03949471677316188
0.3263239798902526,-0.3669410994962283
-0.6808748088504887,0.07727661353691713
-0.04884038236789651,-0.8885863003831704
-1.2639006332812213,0.37315091558544183
-1.255520132316409,-0.7678250003202539
0.3857095126356215,1.0099843154871677
0.21131085607414654,0.5753292552376965
1.3327040022367682,1.0413711290090673
0.42871084869025955,-1.5584680375649944
0.08320016348150333,-0.9345635286107375
0.27804096326888267,1.15914157742711
0.5200594309961027,0.4454892742855665
-0.8225815845909206,-0.2859951974113815
0.0007304390148373758,0.9021164328459981
-0.6328558364751972,0.6953992149149083
-0.6110970698565361,1.124670905454078
-1.143075246159799,-0.9483724424430958
0.3858969255754924,-1.0386972631199118
1.344547990493085,-1.2206777666453363
-1.65164641019719,-0.8731812591774111
1.5609444643110384,0.466452314153502
2.276315226339442,0.3950780697415961
-0.770199525467527,-0.14723724530328033
1.4701277679627687,1.4231434836509433
0.17320155704298912,-0.7543422908766778
-0.6520190900451774,0.04919033213595609
0.32366573157560263,-1.4464931642839673
0.6551316991342954,0.6465430819146915
0.12134513197045192,0.9048029554299263
0.3797286245653676,-0.938690837904388
1.2176997468075075,-1.0040208546476765
0.753912038967949,-0.8719818190240465
-1.8368875408805354,0.13742391064069312
0.05069245318864245,-2.009352246312736
0.7991870882337859,0.6675751362794853
0.04089291348613874,0.24255983524329033
-0.45235659824890456,-0.6002895828916808
-0.8546097642601549,1.6135308084995241
0.8190871770566306,0.1417406302724012
-0.19760259592770446,0.32592654754061917
1.165928400878507,-0.5342864208781349
-0.2099982150800735,0.5447423340423282
-0.10690742187823934,0.0848659302170841
-0.08098175637527973,-1.141522983150319
-0.25609636589608425,0.8081974285627415
0.8542053791522476,1.9586354574988083
1.2924102905645831,-0.3566178974234392
-0.15011123186715383,0.11825520192495542
-0.9196698105517805,0.19817736250226417
-0.5436827016387042,-0.6614222214585983
0.4349248970330573,1.3115336453227682
-0.4923775137539639,-0.17490838817048635
0.33467418182895764,1.7926297359357302
1.476284051257685,0.3303059808897481
-0.7852273813359267,0.5995573074469467
-0.2544797963306103,-0.3382691520789236
-0.22492085087144678,-1.0801999336851338
0.14232763441613555,0.8499191833711306
-0.3894568373826803,1.8862528431674912
-0.7476511299536718,1.4393815379746775
-1.969780928960568,0.23271584796797162
-0.5858584743694504,-0.2734512328932341
0.9337233291584279,-0.18316912905257626
-0.09860545046065919,0.5949724716655109
0.9878929569834896,1.11389745309982
