1.9200494616313812,1.042431803550254
-1.5089094377239887,1.1031970646918743
-0.1938640376177332,-0.20246639932608665
-0.671690134449396,0.9342892884694456
-0.08127969727442969,0.5886536709903346
0.3125020519184279,-1.9563240617450584
0.26722826902116786,0.1496581051078121
-0.4165875951669949,0.7725930978772834
-0.5534478302788005,-0.5067985570244807
1.2871015559839492,-0.8212632371010197
-0.8311943632086756,0.9081416319488052
0.0017517827065430995,-1.4656294206114417
0.8649575978350579,-1.3681920809426327
1.3140806284388253,-0.321516598259726
1.5370193677332757,-0.5912155641568831
1.3800888398463496,0.1755348068298183
0.6668640795948152,-1.1031411030821079
-0.29550415600387886,-0.5997627985620523
0.4109560945346612,0.11085559204293824
-0.5995860426624948,0.37687479116577743
-0.7551765051453518,0.32774447022218917
-1.0176539010132752,-0.9219676829595986
-0.24458725935368766,1.1122720287174028
1.610170416149823,-0.9358438633324685
0.08708670127979519,0.06884318498574192
-0.08191699861411515,-0.1018642629226294
-0.7996077254882425,-0.9197174419951937
0.20525057898801477,-0.7529138898660349
0.8250624497668889,-0.034249831128953453
0.6447191308021825,0.1172953182687495
-1.3036997843797418,-1.307953912809746
0.9427971881844843,-0.08923747615872754
-0.330900817344079,1.291966279146889
0.27456059440424907,-0.7771512917564741
1.025807464580064,0.26588022493177
0.3059670160631729,0.04337776181360139
0.16739566531121303,-1.0534269043099551
1.5453480355234908,-2.5466223695904646
2.5964334778312312,-1.4686343827342643
0.7917312098830762,-0.2574102614526584
-0.1028168623631974,-1.5527475671762465
0.34473680014460867,0.2402817636537166
0.48195769378565334,1.6855646350636069
2.0816599759926957,-1.5890796113385164
-0.5995585521845623,-1.3757298266044158
0.7412050498559714,-1.705059751095208
0.48329347315551285,0.8094577041084988
0.4471803153641431,-1.5046040361720705
0.011129555150453028,-1.1280836074643994
1.4953174120630015,0.26819630608166395
0.8784502997747368,0.7781365097129673
-2.9291239473092188,-0.4459187634923897
-0.9486928891627879,-0.40708566794261686
-0.8250605597888052,1.1612241528785796
1.6754393415182114,-0.9191835797940471
-0.590212968131106,0.09994565369509875
-0.6041343735057383,0.2804713787694142
-0.6691189622844698,-0.4759596463289529
-0.010737846558935763,0.02438572356592782
2.4989248632067467,-0.025258579324174208
-1.4902894918454332,0.21118248488375657
-0.12029036103259949,0.06467583510959027
0.7770060415895385,-0.8007046407549804
-0.6476145119532609,0.737118879753745
1.8320916124560034,1.2350164989382377
0.3847839803628694,-0.11275910479482372
1.2639412135784562,0.20352340929324172
0.3296927656534791,-0.7624671945187006
1.3276988904390203,-1.5540548314523035
0.7461112902144429,-1.0329006812411277
1.0944983668125157,0.09053804933749737
-0.48253780979270294,-0.8711509129653524
0.27192519085827416,-0.12938491678704275
-0.0055596786085713055,-0.23126383662432173
1.4635938050926651,-0.977222187290541
-0.716914827753463,0.8153135876037818
1.325204347178946,0.7971937908235941
-2.8089033027207426,0.10313000354943178
-0.051278467582675784,1.1664461092596066
1.1277478730188522,0.8603732152127918
-1.3036286756477842,0.530227957097372
-0.5044886376929597,1.7765280081171746
1.708954366153497,-2.5937916296823
1.2882468543680918,0.31924750256252205
0.9835203337831104,0.5308895156157243
-1.0680510369473415,1.5010593092665885
-0.8240570642287638,0.4489398477847312
0.04780556654398995,-1.7888730906902879
1.2627952083097587,-1.1876700198030008
0.3738850236088768,0.9420960412473472
-0.1504157028191333,1.1306976320235256
-1.5369485160381366,0.12242258031408569
-0.2639278769066082,0.38067369398339
-0.5806240897991056,-1.1434958610425372
-0.838508486013448,-0.08464059625317127
-1.147656414594947,0.5737539347140345
-0.9971199460160887,2.0030058901978904
-0.17056036893097923,-2.0896693386768463
-0.2774590590183006,-0.16531336785337006
-1.400438417902455,-0.8115987821831588
1.1347923262073845,-0.2642538212952533
-0.1476851105965649,0.9990980297252796
-0.07832599805829636,0.5568822025017296
-2.102968535270503,-1.601216042908979
-0.07234608796565416,-0.6008647136619554
-1.208254622571458,-0.12640164476503538
-0.5015220432157023,1.6972145428320733
-0.5406119139073405,-2.1783380125747884
1.0912937561116018,0.30980246571090714
-0.8974279064065431,0.6768773292285009
-0.04553723591974861,-0.1374033874706103
-0.0912701458286942,-0.9305065087414243
-1.598536890368928,-0.4072859493859853
0.37788940562535916,0.9192219826422409
0.19447290065668596,-2.595029767346518
0.9016925260464178,-0.16634343134292753
-1.779034122379835,-0.6703020778796468
0.8480105273769057,0.11708816856721997
0.06048461598840839,0.19394866219614318
1.3664914046102057,0.5454807077292677
-0.8724365717358044,0.35454911660924127
0.45831756448417393,-1.3555268761489403
-0.9695255330862107,-0.24549151681445677
-0.9206304247989865,-0.23452168262570228
0.05910822997224015,0.8305353378474654
-0.921656300982332,-0.5836735778900174
-0.5401504685158073,0.5010324393472214
-1.488925629671736,0.06494010072453586
-0.8151546911222455,-1.4174310049083776
-0.6119559297254098,-0.4904424786081096
0.4774702300462524,-0.1926295124792733
1.3600931008631392,0.3504046638374648
0.2160398880755129,-0.5696002360677804
-0.5218531660704464,0.0722012928020719
0.9031572405403093,0.5076055198106291
-0.2981821028853131,0.5854995202886983
-1.5546910884330543,-0.3359001054446365
-1.3782527915210072,-0.05751829697120506
-0.604094594977567,2.322868480931863
-0.5390077350269528,-0.8543701928705876
-0.49354704954846856,-0.05730168948556183
0.6010957524490859,-0.22488517238562256
0.41813730768775953,-0.31412010140389474
0.4102754879099694,0.1933078575268924
1.8523361884535157,-1.7738797625728828
1.165773464852595,-0.9419952571614685
-0.2628497349738361,-0.5474789796227225
0.43666934159100756,1.5466309311000634
0.8855619515701051,1.3829548659268838
0.5152158360665111,-0.45976690099727824
-0.12365339671051868,-0.5199344516927329
-1.3190096492586756,0.40894234998959544
-0.022431939468410957,-0.5600593234184711
0.06708761970715814,1.549041308177708
-0.9886993362334165,-1.3415617690153079
1.5600219981216064,1.0571815827984536
0.5160280533985505,0.38403367040975184
-0.2641405908100837,0.551255554424598
1.1133165268927374,-0.4008044359745006
-1.4310892590236364,0.6956473794933772
-2.4247779463695687,0.5172776891449932
-0.573007211727307,0.160986822896124
2.101435703000917,0.25152114313019425
0.13821708135724678,1.2079154535295666
0.5372482162978562,-0.37525574201200274
0.3882686572214356,-0.8629509482858497
0.3911274526588471,-0.701545747169997
1.2420578303674994,0.2977363726188962
-1.9712071768321437,-2.0854809273582906
-0.659648051849473,-0.17076294382597015
0.01499860238758222,-0.0029902999162279326
0.4642612367003111,1.276630082869833
-1.1200895145183694,-1.366387337858176
0.4882362643649933,-0.5580886086199127
0.026146429256551054,1.445125463057938
-1.9277304492399367,-1.6354908394474212
0.7709943978609041,1.534233221206662
2.374568688143359,0.7304898146558279
0.789481372444427,-0.051245152266395436
-0.7558868573052688,-0.28057697137397875
0.15704318508753634,-0.2575844284332855
0.5210033128007491,-1.0890660011852757
-0.4583740005674789,0.005210935685126263
-0.5507161959158862,0.46210959058635
-0.4549784359743366,0.09711941021763473
2.3777356545764965,-1.2302482712731404
0.38212779718323553,-1.3220786895076795
-0.7131984784651187,-1.6566306087932263
1.015173337325952,-0.9114486833327233
1.6287711700966354,1.342686071240932
-1.0947320703654295,-0.012649219930930407
-0.10229708295430197,-0.3580498174620751
-0.5162341386511018,-1.83425434497148
1.4765356885904037,-0.9128917292975792
-0.10229168105292977,0.5537001223095623
2.119752047175011,-0.4189818473192953
-0.4668905576326182,1.7460677913949638
0.8238039484468803,-0.9668907940260053
-0.6146957031596318,0.7373951377165164
-0.7132483098202265,-1.9282728906465398
