-0.5245302119350861,-0.46271699444407793
0.015840443100781903,0.5270216346182954
-1.7770201263599374,0.9969978268296902
0.40426947969947896,-1.7879484848515261
-1.286694549348677,1.1147181668771353
-0.7046712695995818,-1.2544089195587187
-1.1619247281331233,-1.4150293015411788
-0.47290889532304986,1.258941199817916
1.4067880261215373,1.448540938579594
0.6112900234280342,-2.006527551954536
0.693882421629548,-0.649905657054271
0.38848310169738337,-1.739485305427988
1.2374143346065047,-1.142158821416595
0.1846810009849314,0.9036936385894824
-0.4483631108357591,-0.6080090425784692
0.015082511340101782,2.0383944127277136
1.0674538517084633,-1.3002531276665672
-0.13698066854116073,0.20419556692174415
0.33944355668503173,0.7937538124628833
-1.1225658962376832,1.348586079058615
-1.016017942372246,-1.0707028664613212
1.2562511198766402,0.6610278985660255
-1.1263828586291962,1.4867695202216673
-0.9783685461583399,-0.5382470603037613
-0.46485379307592695,0.14824254833262804
0.5589951819456533,-0.47666243923207074
0.06637944228709045,-0.7972924543596971
-0.4185515188374686,-1.0789048286908973
0.10115369156904204,0.30995929779349085
-2.153067051338775,0.3966328982127115
0.12146528392369771,1.0865034429553386
1.9834545681663944,-1.5775156028165467
-0.5675690961378104,-0.6359136508019932
0.14574292124857713,0.17461597387716288
1.809994125119909,-0.03963231278666799
2.0813784013082417,0.4814681334882255
-1.0434064886165257,0.10969125944911298
1.2264055285021052,0.005798113934941495
1.4732977155985374,1.5009353736292579
1.448198393343725,-0.4885168857742874
-0.13909224026072747,-1.0355589394329674
1.5692445612639765,0.4554793134930144
0.31152621911075706,-0.7356893951736609
0.09530205248669367,0.19120097362562324
1.8715393990349585,-1.448385653595501
-0.5573276627131616,-1.1435405364154907
-2.6051721502536838,-0.7220953986582704
-0.48569140660122884,0.640036127809482
2.121539954423162,-1.0906830288284894
-0.2837825637693129,0.9389611069389564
0.8198018747865609,-0.8513711095398881
-0.41299898497327214,-0.9758671807005577
0.1968857260368285,1.0773739133147255
1.7244484838948937,-0.37986737833392686
2.256060531452471,-0.1990341185489509
-0.9539302322042973,1.5225692856147526
-0.7744461886645669,0.31563307736779134
-0.9713259338083376,-0.9144608921253164
-0.8401246997444802,-1.254530378403452
0.5794162082208189,0.48422205978519994
-1.8095116811629532,0.610245356006936
0.34716176795064074,0.547665292506547
1.318511653625281,-1.0595789063849725
-0.20916810856304802,-0.5823309605178043
-0.1157945282149904,-1.0891117596647095
-0.9347537708437192,0.4750722152463218
-0.6597403353391118,1.0064792572447554
0.546859127564589,-1.1428735921657944
0.669175979243581,1.033133296851482
0.15832364974664584,0.4264957957333217
1.3503206692447491,0.8461584148575619
-0.7720574501143532,-0.586306997249669
-0.4204935684292088,1.115240779376521
-0.8877499200601668,-0.4521081943631879
0.7924073048896453,1.8915410219354951
0.47588288802132134,-1.831731305753975
-1.4984771059590176,0.7906501137125087
0.4069379593010047,-0.7549975262872043
0.34362832878945404,0.9460530260927571
0.28169138927322274,0.8321699397969528
0.5712435290088602,-0.6407611602597812
-1.8719616828738976,0.578659290106038
-0.5204252880366156,0.34607497204425003
0.6867205287473233,-0.2595387658262794
-1.908557746137623,0.4915005182491314
0.08700557237006293,-0.7096422473841384
-0.44418365034013246,-0.06263411112665034
0.1254856604223285,-1.4437767918533644
-0.7650114126936151,0.0191125823353111
-2.3863176245974245,-0.3879007084365806
-0.868223296195853,-0.3880910477314322
-1.0105780852788917,0.756858179877483
1.6875189163491304,0.22897553392122916
-0.07151746777607802,-1.153035964316464
0.09479106708577681,-0.07586248899824834
-0.49238199084249346,0.6701967567659339
1.1136831100642797,-0.7733844920008854
1.4816376671440687,-0.20514275985239147
0.7322519087056345,0.21592631741622859
-0.10049144660681662,0.2549462991821377
1.1605567195093824,0.10955387923869207
-0.2122593636629121,0.22452973976985655
0.8999918469573902,0.4325045566389152
0.8630889958981409,-0.6185184158950432
-0.4628292663227932,1.5405175889685336
0.16835829791601323,0.2600704835843061
2.6361015719789753,0.19414754084052502
0.6939978075723521,2.3605914281924054
-0.08968409430376725,0.9644614702794333
-1.0526968792794988,-0.32697805805756874
-0.9050955507657706,-0.3073471675647949
0.13911109577592642,-1.4390218533161612
-0.6381330781513385,-0.31866291305760625
0.894630606735355,-1.6881165676673862
1.017666126890652,0.46300529566261783
-0.7623665247072937,-0.559142884659112
0.8589245625661202,0.6633399454566415
-1.3339352822972281,1.743855513868201
-1.430947945180984,1.6772951174538577
-0.5205398409373762,0.8862029303506714
0.5085902835487505,-1.282840459068993
0.11334364648288277,0.11611317715915846
-0.197683580767205,0.5945205769539744
-0.6465805699078531,0.3494264674544669
0.027826522474249892,-1.601491829774567
-1.0654357640332834,0.535420868867219
0.8133762144933883,-0.9324286535465578
1.0866757512956426,-0.4193003272646518
0.5839941218854966,0.2971605349284287
0.19723781002079482,1.1262728600689964
-0.7375311911338494,-1.309121671191959
1.6853102346428508,1.7660928773762699
-1.6070231562785209,0.2699422293396985
1.1874471832922697,0.17388405405680665
0.9506790742918354,-0.017367240260629694
0.6753699644463277,0.02511651434750342
0.3220177379646922,0.3651790563282676
0.8360429754883263,-0.025183584344749793
-2.0497319420447244,-1.9718131723834416
0.222842771701859,-0.774149869733925
-1.3133454714606816,3.3268851839677733
0.9366759539867595,0.6075667212922158
-1.317598506499581,1.291636462099446
-0.9321052742906581,-1.8521918192167937
-0.21827393722577967,0.7876194440052899
-1.648356900401603,0.6732664988184126
1.3469216387858725,-0.8222923265186072
0.1781333249506903,0.3295815919258441
-0.2377606093509278,0.94085660090792
-0.5776619718430382,0.1919240534464538
0.6518912038789564,-0.21234721347022134
-0.14109782496235648,1.4484356298011167
-1.9995226293105772,1.3465950593130624
1.6705494598561534,0.4191260897304113
-0.014253816102723622,0.6805300964644772
0.7196519871253765,-0.006927989643457124
-0.4970248233756395,0.3545392028183332
0.25197048624244606,0.1526620887963818
1.6233206734381536,0.17759838503625816
0.1862976547828855,-0.24593830046615223
1.5063000450012205,1.4843270403378725
-1.9404915582242699,0.1314371902147535
0.4723973567295578,1.1036302534203661
0.9309920218709351,0.47770557150387255
-2.092347743696818,0.4184824849068676
0.27376100009924725,0.3561558364598894
-0.320419711845079,1.8738008654332796
-0.6374145467455922,-0.24094419150765703
-0.8234589135402556,2.6701963015429286
0.7114142002701294,1.43421274079494
0.13014500328352427,-0.29795334959214087
1.5418193826499438,1.033367365782582
-0.08739585582486716,0.528875644159108
1.7583391506754975,0.6467474081565412
0.3143918511938257,-1.2675746081917756
1.031468908625776,1.0197390082358386
0.41058750210606687,-1.7523404428693867
0.0667781812984444,-0.9042977644416228
-0.5544550534419157,-1.7170164790478721
0.45103052884285044,-1.1238449379537
0.05073484281180288,0.26390558984141443
-0.8896857273857132,-0.23704408925190368
-0.6631973336181962,-0.5787208149816522
0.7702970509455473,-1.6924051590431732
0.20918893719881815,-0.0918123984611096
-0.1105599741259026,-0.16338787181211653
0.3803141414811455,-0.6877523880482621
-0.8532011475000624,0.39761441869776964
-0.18785433551613812,-0.339933022122576
-1.0045657957781908,-0.8750353865047702
-0.5615860044737034,-0.22407965300136137
-1.250321107269111,-0.13261027757423993
0.7951724754842066,-0.3291798769366682
0.46788525235623624,0.6699758510335058
0.5196047248464377,-1.4463112113910914
0.005394625044648797,-0.9500262893457276
-0.9238067849930586,1.0009504060854344
-0.6343703110526077,0.6291601573199123
2.2006770857565723,-0.5678634445251057
-0.5311922465608181,0.4944679334934848
