0.2731064523269308,-1.1234451749528793,1.139349089076375,-0.6978035523572852,-0.5416629558061975
-1.3683421420532955,0.08326323213670489,0.6046479711930722,0.2547558767982938,-0.35647384086303546
0.6362933676276735,0.5578633332035188,0.06526112545576822,0.8802103023542853,-0.4365496955814718
-0.4459136154947053,0.018999234674985387,-0.9370418939937117,-0.36089295707294405,-1.7211882418165678
0.4117742973569374,1.0499716456763268,-0.005654572722107798,0.5856192800007702,2.5116946359711148
0.2971218339928846,1.201669508533853,0.32283043089324287,-0.5745750256642342,1.4700667047882963
0.17048285005225194,0.4372746073320411,-0.32490896061496327,-0.7624845502189772,1.6752224775405877
0.22337307356512956,0.556467288161899,-1.2254785519009548,-0.24478305684747823,-0.49593371255184604
-0.9983801512312581,-0.10136890543910142,-0.16926653520234722,-1.743827318375417,-0.07545223072452523
-1.4565685053880475,1.2035279635008058,0.1039754330034912,-0.842384476928929,2.0419450648425457
0.2752705588376851,-1.1624357847217128,0.16421015911339906,-0.8253265795515617,-0.08298531741365615
-0.5846948291910813,0.4441601804777705,0.29459548201082003,-0.066792486722737,0.6679578367893068
-2.428446832405356,0.3660762418072662,-0.8316549609305594,1.3951855115873575,0.2391428170725339
1.036307752525985,-0.016128584325500538,-0.15291521321868246,-0.9802130673595938,-0.01045185397092763
0.7625394989137404,-0.5949347828714763,1.9208198495402884,0.3025174560821242,-0.05038382109267018
0.4765870739347341,0.6724151007458092,-0.4044409552052774,-0.28314678606685667,-0.5236436946118321
0.4933600882017065,0.5561348979434764,1.0422599917862891,0.3241979954289415,0.4454061311022657
-0.4778446097320472,-0.5715763819765124,0.3636385591901216,-1.1760595795058542,0.7743103225478498
-0.9449610437118354,-1.3257398436459067,-0.918556931074138,1.4086563706400748,0.6693618625734609
-1.5247913997862677,1.1227025766258312,-1.3395010458939451,-0.7840735381826369,-0.3276430721906978
-0.3220882319888174,0.5176069322774781,0.02103343388529495,-0.5101901942240323,-1.365946964357949
-0.13577150508450536,-0.1339993067095374,-1.586145267131676,-1.614413705596547,-0.6728062107541979
-1.4328276641724376,-2.1527844534255123,-0.12716074975697447,-0.7215704730288873,-0.8271735277274671
0.4697646280434259,0.3789100513206479,-0.2588558572618,-0.639867808634148,-0.46883100991621607
-0.3818885447209008,2.097981824630694,0.19625788038381814,-1.6693781233812268,-1.2013572777229673
-1.7085070756048364,1.644239287855699,0.7188256815209807,-0.3179737169975703,0.3525706933791108
1.7783848572202654,2.705595423414262,1.1147623430028484,-0.8984994192369596,0.40727345485724037
-0.3947508077366695,0.4224727327041339,0.42456083626205005,-1.2186299074788978,-0.4708820437049318
0.49933611545548284,1.6192502481569802,-0.15520031180311825,1.1156837461904099,-0.818738838758881
-1.7254565783615112,-0.40072935425681344,-0.8757874482228619,-0.08353743882394413,0.9169350173061719
-0.5038210295258021,-0.05456384451388032,1.9377556860223029,1.0381415620501768,-1.4483555556722498
1.8325992966562692,0.469564513606758,1.6876384066771566,0.06038380025370449,1.3236765181465133
0.051178388540676904,-1.472098680769896,-0.6003353857824327,0.7749963442299359,-1.3104644401260237
-1.262772218919904,0.12966593425076525,1.9264368192517867,-2.2474995461897875,0.2662766666537617
-0.9418772815555239,-0.3556787625256329,-0.4988442707259702,1.0063914505562186,-1.8974358989961355
0.5015885929031294,-1.666640172884566,-0.1780911897119302,0.4569378530527749,2.266078555590189
1.6824182180716174,0.3707544955411725,-0.326744363507421,0.8171609176778653,-0.5018871916945966
-0.43887870301457776,-1.9448010739552635,-1.1459221113562408,-0.5561433980829944,-1.4496070330665811
-1.3886183191378463,-0.9668935893786125,0.8664129599859374,-0.9129676095188588,-0.6060773016133292
-2.03460819969356,1.9860411166446315,-0.41049279564023783,0.08480833566776645,-1.4967790845754867
-0.2907420629448587,-0.6683783411635782,2.131472640690741,-0.6774061867555707,-0.315009204271678
1.0132396253396911,0.34049833109168404,1.7571648330369654,0.06294103274435778,-0.8819187580372778
0.8572991646378775,2.25508026380613,-0.24497880220019386,-0.2395315162876496,-1.4367595493324614
0.22193229263483247,-0.47180215486387206,-2.2920225120720548,-0.340722485192679,0.6237488265845794
2.298480087149453,1.1576076074729622,1.7575722155126117,2.196234904549694,-0.17965737773738458
-0.1377256913849919,0.6601305978208023,1.8404294327487714,0.06286374942448347,-0.5599768726095365
-1.1534089864017147,-0.014422451697289933,-1.4923163605444825,2.261685664115718,0.6657966742097384
-1.3365072048126083,0.013300397481834779,-0.6800119580998546,0.33624755820301977,0.04064927866856197
0.6829025399255769,0.4179088481888393,-0.12311981489689713,0.9317839557379114,-1.1483015582980642
-0.10668994495714225,-1.7540228172276495,-1.1862998910544595,-0.2598098897092761,0.2524224993251748
-0.2401304516721104,-0.18497461297694828,0.9016799215442831,-1.9053952564974337,0.021826696766688004
1.096639777906457,0.6353994944427706,0.0196840097578548,1.4387684197544768,-1.3337822936417407
0.3531835588205974,0.4922125160587389,-0.6357221704868408,0.018720406752242433,0.8197013983963246
0.07835340061894537,-1.5255822868503248,-0.020106188878743065,1.639105862265755,0.41747012139528505
-1.5247610689055007,0.05647596838005501,0.13462040432789918,-1.0088099125468324,0.9538205866101007
1.2105220285019476,0.26346308528066437,2.019851629945751,-0.9049946581980192,0.37731370749017484
-0.09187817371400718,2.2420647155919444,0.4826795930229228,-0.023104148133779524,0.4895253563256747
-0.026272429727228278,0.6815519327930633,0.0751408468814533,0.10699427555888727,-2.09858590703464
-0.08158034714700209,0.05774001153424317,-0.7373730537451425,-0.9295696593510365,-0.7444598811027879
1.7554412122870482,-0.839459710680358,-0.7432048638002039,-0.40479393326079416,-1.379545855259667
0.7389503608192347,-0.02068158932657171,0.2989710354656002,-0.8437156657053313,-0.5764799645918064
0.34584192834636945,0.2369685117523799,1.5033957601287127,0.8348373619502562,-0.06078142426080532
-1.820825950690272,-2.541845489975415,2.9664639199808422,0.3182858047605444,-0.5067548079996793
0.2689298265915017,0.2970733141902364,0.15899108599822537,1.5966173481131158,1.8418767207106554
-0.5274610701957425,-0.10576356491800912,-0.5678371264545802,1.3546207558478016,-0.4501317766556793
1.543574781193786,1.7546112525004274,0.1761033263289831,-1.2376721921538516,0.06670013560647778
0.510772093555923,0.704697167248731,-1.0667961838012154,0.8383173169694267,-1.2599428223254028
0.16804906786367727,-1.0924715728760668,0.9997616931638791,-1.2227694732567025,-0.05891588307972781
0.24841830211819202,-1.4040615084690948,-0.2953676373419404,-0.1719294540179215,-0.2603014771642225
-1.279820991738725,-0.3092633465659659,-0.8974290909415329,-0.10960930416352681,-0.9419197675161929
-0.5678514023424835,0.972304557123459,-0.8441709402372256,2.3025715843629815,1.2185589188224193
-1.2067155845992583,0.7400813538491204,-0.1448455257753232,-1.6293256686869741,-0.11508203976347714
-0.2821911501256008,-0.5926267457904729,-1.3671378667901695,1.8521518393166594,-1.6142598236620513
-1.55867480080496,1.5307826319590758,-0.6601004151111544,-0.5850240120114594,-1.2057275061017538
1.2287832536148002,-0.7057830236422586,1.0188525969490634,1.1571849970897872,0.12506594764517093
1.4440837364584043,0.7233011632857681,-0.8102096750134243,-0.858179399452381,2.51106281176456
0.11953021519197661,1.065733548492378,-0.9752162993570417,-1.3798665878851668,0.4772164971516912
-0.20176235307934673,-1.6410293743615756,-0.20026066416818794,0.039542854478283374,-0.2609038797585067
-0.02122320214254741,-0.07720814251401283,-1.7825471142363198,-0.9976366410052329,0.8367316538463196
1.0542882059166006,-1.391713718684899,-0.970541339085696,-0.9955871933906519,-1.1223135911967823
0.049933125628582334,0.4223146265127965,1.0621584092168137,-1.4249646336583222,-0.7737394200136268
0.9851083861234746,1.6415902690935524,0.6695785124081866,-1.1185141086190162,-2.4239400845001744
-0.8727440227757282,-1.5980897904646636,-1.9297988760164912,0.979725058780243,0.30106766913693955
1.8068102547128728,-1.0641806990124356,1.121851730990672,-0.40009477061597876,1.3766685541739792
-0.17692867825449382,-1.2944526128106233,-1.446079385888951,-1.7601385275540484,-0.8766874818913543
0.6309222827691469,-1.2273132312906758,-1.1533350997281335,0.3917065514253596,0.16175523512686232
-0.2727806485274116,0.9778783124510686,1.5921638587295885,-0.8040797847107206,0.10959397390661153
1.3743701850187782,0.876678305790814,0.4746705730622427,1.0792071442392623,-0.5423004046360871
0.3626238993092668,-0.21307150287999543,-0.07956924684065246,0.41113522624392534,0.2841546029995723
-0.9488388075552942,-0.053594902044851754,-0.01820832040847205,0.4555142679570193,-0.44993274749522116
0.6100727915141844,0.17973169641496456,-1.6023128735033123,0.08145701038211393,1.740120357892534
-0.45915915661267814,0.1447404044980744,0.7955250072719531,0.12601407048516042,0.1955778620136641
-0.44046647837181047,-1.1622742530994536,2.0854972381922594,-0.5827661296799918,0.5215905404199036
0.5996059787467106,-1.372665713095047,-0.5944824491848612,-0.6676420256360762,-1.672959758347918
-0.3963779740545089,-1.8577138076434894,1.9829737371795149,0.2233300257677255,-0.1187974200492405
0.461333229900962,-1.4269006157750659,0.41631572478980544,-0.1562408232261003,-0.5458515570849255
-0.18527390446503414,0.9198201814196243,-0.2858315115908625,0.15054447316105435,-0.1089913444850727
-0.7654953308245528,-0.3728535376348319,0.5358550508012643,-0.7033373988306743,-0.7428917982924667
-1.1414296836592808,-1.671583813890025,0.08295399547130951,-0.07096677385091019,0.3683399108205208
-1.3763292600155765,1.346221630228139,1.1894944480329481,0.6473657948540007,-0.09589828289789323
0.274141237112988,-1.5599644179743593,0.11531540852931409,0.5266391391371303,-2.682760632264105
-1.0635863685716418,-0.4983792079869584,-0.661794463020014,-0.38203317906504836,-1.6052142271669223
-0.20740322162558245,-0.037129314761180046,1.043763031017833,-1.2248130207890424,-1.2382143244268906
-0.494926981742873,-1.6017956862252747,0.810376741266205,0.05668023828417199,0.42784191081400264
2.2311782720795064,-0.04385764463721968,-0.007275919049015269,-0.4141673162190277,-1.982408681025022
1.1350429687837567,-0.2257359990403883,-0.4427193270940153,-1.0477451878100856,-1.9607256261867103
0.08381186836146813,-2.3494297951642613,-0.4308056158887926,0.9957875530940848,-0.9513954402193424
2.3242601182619738,0.3000097065794168,1.087147466761826,1.2849710013037756,0.9705596919799183
0.7980234909892371,-0.3482806686526441,1.7053554640501256,-1.1740562357981608,1.4159754775453968
-1.0347390072432758,0.48560472784898046,1.386579868905832,0.8525943349527872,1.2028421370861524
-0.08825630914200497,1.4329885333595047,-0.09147370208558092,0.5873613508116502,-1.0088041532296186
1.647391098651288,0.34895125100642715,-1.6171024327017456,1.4519997655827441,0.194780523741757
-1.0949783390663828,-1.1890694410520666,0.5728502594866575,-0.8140501832094212,1.2271556818522715
-0.23830021037321156,-0.15768094528538368,-0.4417531938350115,1.0833105601879611,-0.5101387295545222
0.4136726724612479,0.8429463280425169,-0.7911749465987319,-1.3434800317501514,0.9857153867962725
-0.20134650960870956,-0.7621131767441075,0.5165751547413943,0.6984303236551364,-0.37014818330494326
-0.6154615335860746,-1.9994663786728943,-0.2887045227092247,0.3775866943984521,0.4595467953527686
-0.5345043196619578,1.288761644448698,-0.532166793771331,-0.42325604779898635,-1.2001298430597132
0.41480447758747435,0.520132994296137,-0.43712402916530335,-1.595511806511387,-0.1463573555246997
0.09570938804283463,0.39893503741083,1.195997182432108,-0.780749997429837,-1.2858292221147345
-0.7388786213225661,-0.5118519232803432,-0.9654254970417531,0.3445676343429431,-0.5623959081644156
-0.5157165465938812,-0.0015141328611781445,1.6000297322263841,-0.2163336427677975,0.12149249087291066
-1.9021504604376875,1.9283262999450703,1.4095404688025783,0.23716296443381432,0.9107435307614598
1.3187437021845898,0.9444850272827231,-0.6449283969045266,1.6821888823226399,0.9483470460849678
-0.7580754642237602,-0.06853245646200581,-3.1957754799283933,-1.0301763822223,-0.985127358103198
-1.5853557602308301,-0.3063335996670618,0.8912593879189671,-0.975848308390014,-0.8591414267654186
0.05477786352978676,0.13490047651609544,1.0296451237473696,-0.48496382884781186,0.4727146154783261
1.9162391644581909,-0.768058919057385,-0.47614367131144,0.13646399313343852,-1.292724408138119
-1.2341077975703296,0.652115212532696,-0.4542558198873877,-0.4811961289598709,-0.34681180060922917
-0.8496959074689558,-0.7007437820050828,-0.45021717928544436,-0.8850902073802114,-0.23593645072276942
1.031850626689799,-0.4877382725841652,-0.11806343204388905,-0.25103814234891797,2.112075028755927
1.41734239588552,0.3117529817059376,0.23196691389718255,0.4848004556021142,-1.4085951322359846
0.015492155697981737,-0.7853660000471991,0.37518932860332543,0.12945825930337182,-1.2019568053424892
0.39683126340716207,-0.4773244133141887,0.6379018967655479,1.1289006104911457,-0.30359746003842514
-0.14722467325697314,1.1510202730103722,0.5504433065654979,0.6587997777167652,-1.730700170429467
-1.4389040930800625,-0.12455532899426815,-0.10883410926565514,1.7889881550150093,1.4779780198250652
-0.21061095186413506,-0.6298379221447945,2.7491971103816333,-0.37575215430221665,-0.31558417900071056
0.03332132661900584,0.6959107301555463,0.9296235412591611,1.6085339314889704,0.5548493648317621
-0.3167419940021797,1.7137401089213284,0.36756039820029485,-0.7161075021468869,0.5267222765505266
-0.8877581285777932,-1.4427408286045629,0.2726860817020591,-1.1116441069158973,0.7010925469330352
-1.0150255808681061,-0.5498619723507261,0.3500967221580467,0.15831008349618417,0.16580064556156895
0.31649748889452495,1.3272582753796813,-0.4267843637510254,0.3846979204523541,-0.8102722193871942
-0.793640464383777,-0.941006830985661,0.704814618348068,-0.9807683064468137,1.7496231436804366
0.7917563901565227,1.4411911349717992,0.7778668669226472,-0.22705971191375612,0.056596495497696
-0.8906530542016089,0.9458720466564043,0.2736737232996976,-1.31546510118636,-0.6198658928951774
-0.4028151886476295,-0.566051223777936,0.15739692731804056,-1.5835543849491795,0.1269848276525803
-0.47642158794880113,1.6479903304651167,-0.4289150486991873,-1.3127282483122553,-0.36210708788325385
-0.12794677098540166,-0.15867948577423008,1.5576723173016827,-0.8492571725679344,-0.4427474068621261
0.5836349067873334,0.044444809701982606,1.0836222439844112,-0.15207724671746348,0.6747801033904292
1.3244507010805364,1.603013875406619,0.9761961298505482,0.29811263590523845,0.9509543879455721
-0.4176650684520859,0.29122655533666403,1.3319337305238683,1.988266985289348,-3.32253191324854
0.9995521247586909,0.0677475036679896,-1.3697344012268535,-0.19726713865128595,-0.1596471501489361
0.7990838052670879,-0.07393446922746365,0.19928042793001596,0.26180998639813,0.7909678065484226
0.28438766121328374,-0.3726642334263166,0.7073231964752691,0.1136614631987546,1.2884053940920932
0.4774166909577358,-0.9798309226315317,-0.8482279904597535,1.245438347926279,-0.9360324813131259
1.5993793288505878,1.1737092556430146,0.5637048637211988,-0.5347074428622297,-0.28581361699156455
-0.021957093237522027,-1.7026093454188171,0.843007875827234,-1.2912225773408046,0.879455063640863
-1.3853738142033145,-0.6027266294382059,-0.8629479133897596,-1.6059348680888619,0.47175042900748065
-0.11371726390771678,-1.4638384069309178,0.17119019493764742,0.914311792572091,-0.7009634992387325
-0.357124142649089,-0.2373582238862689,-0.4654792580866387,0.10872027831762826,-0.701395513966666
0.05583425344118984,-0.7964364685137449,-0.46562077570446897,0.7782095943671062,0.542474816876064
0.07361032367874859,-0.5038155607634117,-1.3751369708777208,0.46235810407383443,-2.011967238327839
-0.13771591734339286,-0.4459625363689274,0.5505143145662714,-0.9195280713690255,0.13397698128632515
0.210984883470834,-1.209344417739007,-0.37385531744258205,-1.1522822646539086,0.021664524297473852
-0.2487211088641901,0.6232653521671139,-0.4379636735090572,0.38010247749961473,0.08109799851441724
-0.6415082979533936,0.17249543159242436,-0.5052913540223855,0.08088652383632637,-0.24020472372762613
1.2730499720941804,0.7669683003378946,-1.6094930023616176,0.5295407490703085,-1.4283837096644476
-0.9439942899825442,-0.16167661835590183,0.7881372028372015,0.28504113307377854,-0.7402316412991656
0.6121067793403363,0.683796976840147,0.16625407379509172,0.7710151363762269,0.4962473544181778
0.9585000623536506,-1.530249813282673,0.6212247902686944,-1.0521834844819922,-1.2974973878680556
0.9032477338366949,0.851213121661537,-0.3048208068260884,-0.0997856299499223,0.6678953634530606
-1.2371087118867803,2.9567639641179486,0.16136762027655183,0.5802067772891286,0.2214749923287105
0.1710395824605258,0.6167327347030853,1.0375777307570464,0.5430072136557135,0.35192143959130634
-2.0092744438877546,-0.9540276294413081,0.026449559275837746,-0.5011937421212825,0.28489485668093006
0.05500319775267802,0.11828489601707808,0.800576201995153,1.531021104876097,0.47543581908802424
-1.102926005349145,2.144068446933297,0.12963863497001837,-0.12473527082456727,1.0758648096749612
0.02237308547113911,0.8401699298933116,-0.7086257178870426,0.09528589362902799,-0.5180148080586862
0.4842739870426278,0.531554294146414,-0.805548375645375,-0.0038777714131419546,-0.08493889925480504
0.11427168013455602,-0.7876631203638848,0.426749227462454,-0.06097282395936157,-1.193069828340151
1.251100280088444,-1.684086157558888,1.6823488787870475,-0.8755038133972065,1.1860455366272338
0.1024861652916743,0.7671287825156775,-0.8790619463174045,-1.4344955365853016,0.060212450363437864
-0.39670288092714,-2.299548312656098,-0.28613657376913143,-1.7785311253582485,-0.5797966212281294
-1.353412339738735,2.0941577944983805,-1.8084208323293167,-0.9289107496445557,1.3829095426217322
-1.8830359818927422,0.9696263127159593,-0.3046849504358025,0.04369413539969457,-0.5856592609373568
0.802741371578004,0.8502814483903424,0.7094594950222289,0.6568190950151209,-0.24191622697331622
-1.740720700691491,-0.6038609250622493,0.2826088808254993,0.29328661773149095,-2.476434280577567
-0.10893336853229975,-1.064118387628898,-0.5595388061559805,0.4593746946556656,0.8621184409132563
-0.3294051718828132,0.1323158419059801,-1.0166968720731728,1.8506859774845228,0.001780179277322409
-0.4019525763863856,-0.9350194705103612,0.32288308672844857,0.34432156241882567,0.08298865748033561
-0.941349756049871,0.3432104419408004,-0.8198054237290612,-1.0814388200192022,0.6783678363870713
0.36360234396555063,-0.022565175345413576,-0.09875597658598985,1.8688436258001917,-1.4382224127742749
0.9125459002536244,0.41104108238146375,1.3259258335187474,0.40093763064529586,2.2011050820138696
-0.9122128834340447,-0.44389681126115793,0.16806880164395652,0.2955881681085983,0.09463764537584905
0.49336488373811127,1.1726193459009588,0.43132291568462655,-0.11507862155316746,0.2289785174227323
-0.6462784171505813,-0.43456058634258415,-0.8485320735240278,0.9442960380944874,-2.6429634285815884
0.7080661522471124,0.7239476610808827,-0.9166833478541433,0.6628888720934548,0.04371956665163766
1.3696683059572086,-1.9094898702355754,0.8798286089647118,-1.1356612106740542,-0.4941263616604381
-2.393694077898258,-0.9001317481456819,0.10502010875750312,-1.5936234758285068,-0.17689494584612933
0.6711256772684769,-0.30294645546579113,-0.20977296615286756,-1.0010971325807476,1.6549734854777325
-0.4629250260765076,0.4532594358540817,1.4614266320274256,0.6805677697444363,-0.26154482046479494
0.5788746556255233,1.2185619921589717,1.464564702229949,-0.15944899195919823,-1.23313180692268
0.7626343170268536,0.22853027031400566,-1.1834723680029515,0.43502589032990774,-1.5540524076575737
-0.33235585618372,-0.07483632222332373,-0.023086177967840075,0.39624497620771004,-0.5437055825220314
1.0791398383317312,0.021779852823443347,0.12419934567111308,1.0301516469288272,-0.41220000556690434
0.41618794057733594,-0.2646286655662464,-0.4700159091457028,-0.2766071097141186,1.1758784797167423
0.4198363878657704,-2.0914519133764915,-1.7922724428536836,-1.155293723579597,-0.4530296256754665
0.29954214987246824,0.2855059132029291,0.708110677315971,-0.8320894083917468,0.5014352751592248
-0.6240916674175303,1.0911103020133066,1.3875551618764999,1.3029227945720623,-0.2159383568474483
-0.8268172315701681,0.6313355504436362,0.18175199709864923,0.05424723046472602,-0.8791886294187317
0.8662560237891913,0.7833671689325279,-0.11299866628353135,-0.31932698699741574,-0.198899211753327
0.010769491351755594,-0.5953719021472751,0.3895757024133374,0.9429398215396356,-0.29657779747524
-0.029751566463159535,-1.72796282450369,1.2933061923577203,0.007995749386241901,0.20181405248083104
-1.3343174118414953,-1.8296833575163114,-0.16485156804244672,-0.0849882942065861,-0.6890424595814055
0.22508624028382956,-0.8785742761242301,0.13689558973121355,0.9893637276386444,0.07538974534058371
-0.59621484521407,1.1487417442207968,-0.5917485027403172,-0.6644159983913713,0.03721857420239068
0.7249273198290261,1.3109197220711684,-0.8870401199580289,-0.744721001528243,-0.37760116208298267
0.33642741209448895,-0.5071387645729964,0.30424138774311194,-0.13744308474447764,-1.8522742362439255
0.890214986044382,1.0489977630760563,0.03650423294847813,2.3273280959489573,0.8915033580460411
1.6469663984837384,2.7368603349364866,0.09003260362093601,-2.01348264940114,-0.11176107140811212
0.890586289967946,-0.37953819980909353,0.6874820930344272,-2.202263235563651,0.7451864954676276
-1.5279471789474552,0.07305427622959527,0.7285117161545158,0.4660053331196768,-1.1795524782305864
0.8867595903066274,-0.9753318473712601,1.355118715817915,-0.958027819980136,0.7229673641124537
0.4296299473405928,-1.198341169397943,-1.0035043744754424,-0.7942734660664383,-0.7292782509242861
0.6921113893901308,1.1790804047969168,-1.6706707560258753,-0.2063871564773004,0.0741004477899635
-0.6168872225968511,-0.15792175010165901,-0.29547030818268694,0.6319955668152629,0.03422676957926584
-0.7712610559086736,-2.068203711234417,-0.32408212848724954,-1.8891968065082927,-0.7050163908856916
-0.9529920392276906,-0.39184844939370156,0.8619579207097977,1.159069357180729,-0.4910204735557572
-0.5038735971850773,-1.2946211205806268,-3.0290589310867264,-0.5983205805503065,-0.290270898848656
-0.8326517056293024,1.1618674329748604,0.687344729545193,0.31939540290440166,-2.150596649251124
1.9000628892598799,-1.344088260767891,0.22945079559522485,0.10631162412990405,0.08893635249989254
0.9066714447952458,-0.5743128424186086,1.0874059577408879,0.7970290083341204,0.4247414787464891
-0.8786440484532085,-1.2439132530145587,1.2890723969067386,-1.0372428268198983,1.571637699360104
1.0706746097532922,1.014457248969709,0.5845245395938204,0.0054327837059588956,1.00075628029531
1.5273561889661604,0.836565396266735,0.7343007445675269,-0.5416267710832919,0.3966590559339133
1.3315880263568958,0.985091587144638,0.2063896384365731,0.41316473583729957,2.773374593690504
1.0415526897369825,0.20643801884799223,0.5236200568955715,0.9190353911995113,0.43167289343425996
-1.0905235550726888,-0.41867342456921725,-0.478841175895327,1.0797921147552232,0.9854048483763999
-0.08960247912899003,1.6555519610118796,-1.2494276479378217,0.339633271007432,-1.791380443297714
0.9023697618250941,-1.3341335694032967,0.4578296469386364,-1.4567889699919485,-0.871398425991104
0.7069522691590009,-0.9098124579454288,0.96698241501834,1.3158447695335327,0.37907326771228456
-1.0412074805371523,-0.056848006890557294,0.009741532292471648,0.44600570240318094,-0.11388724261019328
0.8693710545959175,0.9834053519969841,0.7340606356008736,-1.3010432274115105,1.331822275916114
1.03938505632288,0.04657123091036,-0.42331177771330103,0.9966420885426686,-0.8733992141217011
-1.557269724069064,0.6956338173999986,0.3458537583625636,-2.313218873474252,0.16849945338199962
1.0424391873305232,0.5170619560184919,1.0372300593681347,-1.0393888601824797,1.5276210974814535
-0.7923907421985319,-2.3689920007307217,0.4950866862826808,0.5586013884747514,-1.6547640766230798
-2.500224914962233,1.8250892958335865,-2.461263229680348,1.2584116912662107,-0.5954883782722766
1.6456500500842848,0.8330715536158434,0.15866371728168038,0.21221562496952665,-1.1474225443144495
-1.660015111675201,1.1457472474460697,-2.0722058298175874,0.4666426779401349,-1.773958725954243
-1.2262716704219723,2.146325485144348,1.7938426852455878,0.7243299579656337,1.7911789528856727
0.5956840248310411,0.13441227453314,-2.2501834690299067,0.09921162638116987,-0.00046542653435239416
0.23461183219121284,0.2903763777066924,-1.2023300163199795,0.09447851171336806,0.2797619038800246
-0.5919752715213985,0.1486955650667751,0.7641692038374183,1.1273696798650792,-1.3353560449064186
-0.2810006548946112,0.7406123624021711,1.1010552216490155,0.47403239517127843,-0.5882269313771253
-1.1213150891606496,1.5144617658242288,0.13423553939828775,0.18858800926206007,0.9342867169718332
0.9427007429240689,-1.023963819893765,0.3702375629463983,-0.9931612649669691,-1.4393127439897697
0.5881208918334355,-1.1836279467478574,1.405689290950619,0.4102097848167397,-0.5595993836428415
0.4570709759608305,0.00947187041216011,-0.6018060986840509,-0.8668364627228818,-0.018209319470347624
-0.07889915038171316,0.24424679556721487,-0.8748715844437277,0.40467828558849156,0.6588745058248021
-0.020124031577971654,0.761615595229608,-0.4178742929246879,0.1268245160406304,-1.1566956933787247
-1.7883392565700447,-0.5409343390468095,-1.823137322110477,-0.6742082167677164,-0.2292523218371034
0.04529119873051226,-1.3446375774368997,-2.374024869356898,-0.7534610405360418,0.07151513762803464
-0.8496525721548543,-1.4458718246288522,-0.06039580572682792,0.23595484821865234,-0.07144526398373473
-0.6690325175200892,0.4450416887862927,-1.0978270259602487,0.5592069395662307,-2.3382965811456184
1.387788096115205,0.08994346990122286,-0.9491271678136054,-0.7141483531782067,-0.6956022809244266
1.800663028460632,0.5435456674533813,-1.2680208166950182,-0.14889432963872568,0.2907066498791931
0.5327403296202772,0.4554039252567425,2.121835769942885,-0.3493136581095156,-0.7781615419789986
-0.22580601697714586,0.7988329195723909,0.5586443798029868,-1.1038774667015698,0.7866108479021372
1.0308722049661545,0.08932869660062333,-0.6189562828789382,0.9708851207444488,0.389049365114162
-0.6494206658146016,-0.8976407272149081,-1.7930553095075243,-1.5998114416378397,0.32927636040519837
0.9590253268187089,-0.5390365827429443,0.8887475988502491,-0.7893674069606729,1.2178158019865937
1.0035285253015311,-0.7791729487504769,0.41596971712960557,-0.8491967573882226,1.4176802882830886
-0.44808300475304225,-0.3467513608396283,-0.1779753911972216,0.350984699653976,0.06474661619350731
0.8531304426437102,-1.3728699579936297,-0.5430207044486007,0.44194747720742866,-0.31722692104360894
0.4204801736556429,-0.33447599788539245,0.7022849532074884,0.17462659610829015,-0.03022256772248232
-2.097860863155144,0.4047342541219294,1.1368869927931444,-0.7365869590205955,-0.19219233338563999
0.5241962601583153,-0.0661902503212476,2.010980500819539,-0.29287739571857263,0.4257206239085028
0.4028457032408358,0.03932727161775288,0.4835885289989857,1.0872194496072203,-0.7319568427835996
-1.6297135296966743,-0.43401387669255986,0.0283605819714641,0.7833489857008681,0.48496084064785333
-0.016532040248993986,0.229329076756874,0.6984145810798168,-0.891740899232841,-1.4486333832895624
-0.1396440224217005,2.557930740875548,-0.6646360370111417,0.36242873761370586,0.9557739191232654
-1.0363422899720913,1.7132936168146586,0.1442167488813934,1.169120317446692,0.9445672180592835
-1.0879919475422193,-0.15987134478429021,0.2268686373995106,0.2321096324914598,-0.5111429498243758
0.833271939055217,-0.25716753988413943,0.4861526950553401,0.7861911793201609,-0.6146734035547486
0.6334139277149027,1.396508081106078,1.4969902865418063,0.9361889372243344,1.631269737035885
-0.9562437761969177,-1.3267314664611922,0.7034561467933103,-0.7871032921043504,0.5121343188677481
1.3686385218999026,2.4063944748466266,0.6496254980841937,-1.2369446963014452,-2.1406461384676296
-1.6992736880584984,1.7146724886368125,-0.44326427442109634,0.35550464770296153,-0.8937671010065764
-1.2902973207519008,0.4855520395554013,-0.8136604482327298,0.5065858154429587,0.07763331854336904
-1.6602956564697164,0.8818604875598378,-1.5098415429981527,1.2671626205096214,-1.3702145025335988
0.16107980564890856,1.0115136036207553,-1.031866171407727,0.5190871362908736,-0.394978752189664
1.0546485904392013,0.490259960628163,-2.0864833137336154,-0.6844586221521695,1.6572606550521207
1.6359712366766979,0.41326887866468265,0.5443131383469121,0.37162548528536,-2.3122465971615105
-0.26040186567023155,-0.602322819634525,-0.5700111944752374,0.021877416680486685,1.2475338223934835
0.6374629680455108,-1.3870646125260948,-0.9823708751362634,-0.11524009173736931,-0.7156627638679313
0.29050090884089463,-0.2899653184941314,0.5108006603111916,1.8796127771299425,0.8143152249890964
-0.6430309472146253,-0.3887115689867423,-0.655027958146374,0.3480066965914785,0.881848410439908
-1.153607540242313,-0.36669688338614376,1.0555438821133378,-0.950524059990724,0.2635706684412049
-1.9019468266284523,-0.2983009639108101,1.94146253677578,1.1924019559633188,0.35792770117935163
-1.1457029482561765,-0.3336826371614445,-0.26268907030632427,1.2508283675383256,-0.33234215642843845
1.342039687004891,1.1492133257681159,-0.7351146241985403,0.07996658593957719,0.10890127788630447
-0.3633886949197218,1.03678880143285,0.9520278101058753,0.7831819172061116,0.5400412097775562
-0.5638146907555222,-0.21861819141847003,-1.028704026448581,0.17258284373928043,-0.5149863959388259
0.37267344998506,1.0131183908350982,2.1747537220340867,-0.527919486318066,0.6443290151347963
0.2596022751896673,-0.13628984019198664,0.16765535333941906,1.5303635883599143,-0.6798963959376406
-0.40139361854986333,1.014317884748574,-0.37272598158770237,-0.2993588938469011,0.2575623565798241
-0.2305678531719544,-2.363535825476637,-0.49589636744362187,0.29127971697279775,-1.2086093483871252
2.194371529471395,0.8820891179332283,-1.7847814697688094,0.1774676218635408,2.1037750784938205
0.42521259187153837,1.1655633985892224,0.1266719207101248,-0.36250071182480936,0.3074813801072811
-0.4057985519728601,0.3894864224400911,0.44857371094759313,-0.050350594087867954,-0.9158049923923394
1.6506192385818828,0.600051919857891,0.4176886763277087,-0.28003178026958403,-0.13764362190343982
1.2563662425609554,-0.3045947465533979,0.06624400847266601,-0.8220303614318838,1.2929157310052037
0.5943256821672233,0.1791762909754718,0.2609714899150473,-0.03055432492866018,0.8732762383311542
-0.9732990373668845,-0.07944455083381818,0.5238460838638275,-1.8062109889100824,0.27614011896521445
-0.5464620375402292,-0.2312767656252828,-0.18384864531101494,-1.932185871605713,2.277925308096057
0.08312606123630464,-1.0734377340012575,-0.2302635981187954,0.3849178990152214,1.6880368081555428
0.6532875973715332,0.8638164417192064,0.7986033515749188,-0.037020600968832675,-0.08689672269615302
0.6876002081351251,-0.037478592011095456,-1.566643340747964,0.2587208826368622,0.24261652578891452
-0.08878039137748342,-0.9365327439767661,0.23924355845415107,-1.5156631234842945,0.05041648200502637
1.8693690434482197,0.4278419220931336,0.19649020275775173,0.8777459106583156,-0.5282922645414858
0.49044168729011006,1.5706169474756713,-0.07380300259206549,-0.5187915603214306,1.2494981626240276
0.34502511428267507,0.011148482177291426,-0.04490349498278655,1.1990322090332808,0.7087688341994358
0.7211723142984829,-1.0045064746134649,0.1125008635894134,0.33348661906726984,-0.8143938125275568
0.3873127031004069,-0.23126308811279436,-1.203862455211244,0.7021357351564799,0.0602880769606894
-0.9516318546792686,0.28775365755084703,-0.17450710142183834,-0.2752870719812097,0.506738506161476
-0.548549817412219,-1.4808461301005822,0.9281704401030008,0.3155846060259438,-0.8290665630613095
1.47882372228524,-1.288395510328929,1.4279003730966475,0.045972606408966554,0.5529751893052463
0.4647542718171406,-1.5129750071950718,-0.6609968449375251,0.19306810827610224,-0.6975977146750766
0.24701174651270977,-0.4864105851506063,0.25542448811178753,-0.9316479636952155,1.542057726268866
-0.7857240869873353,2.6347703723059257,-1.058613055425486,-0.44720995650419415,0.7351581796736592
-1.871168808434657,0.5971660647990499,1.536179073954863,-0.060053123137831725,0.61186718844297
0.15460974729755855,0.3174909529573528,0.48836580601842333,-0.9283413552914948,0.5160244685400223
0.960507444556387,-1.130829152230754,-0.4216208522476687,0.17636176803423126,0.6672731771671093
-0.8458291488685744,-1.4784449357660356,0.6790505552590548,0.773581175797027,1.4212866763799465
-1.9094129444224361,-0.6376789059369644,1.1576030549137022,0.7013170283384476,-0.35520866209988305
-0.568488887108016,1.0766937277481645,1.291404689276845,-1.0453148131148697,-1.3479088709753724
2.3440343663339176,-0.9354836536809911,0.1547991856135324,-0.20363841888216896,0.9054721233204138
0.6034118209984327,-1.5926106302032668,0.050887907852794186,-0.0607794776127082,-0.004170245892317887
-2.11749087799643,-0.08312179501220449,0.8900395079289317,1.8027177118898723,0.29412924556773123
-0.18598200583970081,-0.80482994557321,-0.16245511300694246,0.39616711097446655,0.7008407775432273
-0.6116601141085249,-1.7297813662814512,-0.17371595786656344,0.7330715796060525,-1.3702544806606982
0.33658423626778095,0.8516657330076678,0.4113846982521725,1.7672396428951702,-0.8114109310139145
-0.4582491792712509,-1.0395166726267868,-0.15781795921630093,-0.7299235758442858,-1.534172561208188
-0.10252324673503234,-0.050699121880462855,-1.1686634419074895,-0.20115957439709956,-1.1221591087451304
0.1466888091388172,-0.27194778816988746,-0.19560449598005716,-1.2209328945774696,0.8036728236522185
1.93894628418338,-1.5415371831965026,1.7918852353648085,-0.235562133137106,0.7461025567223931
1.5202242371271315,-1.3379432546753165,-0.8439651044620504,0.19102987034089725,0.01660537637484908
0.10789391489748162,0.6093947395527374,0.5981692409547467,0.5861518521391789,1.9177347178896162
-1.171368418142797,-0.1611574031635113,0.4000301890888849,0.30908065409250257,1.3071456534265595
0.04460547062986911,1.3445397631714593,1.3640207619048448,1.1626939591831311,-1.0883750732771549
0.23166748756371097,-0.2639788960004232,-0.2419160273987002,0.26225406238741844,2.9705410105140904
0.931202235220383,-0.12755835286535674,-0.8235039633961323,0.021521862168657063,-0.3551935016758079
-0.06553316226209839,-1.3967659039317493,0.02672682605196788,-0.28934855753395217,-0.2908043591555699
-1.034142338712085,0.25894912829055494,-1.7634558411861674,-0.807009583748894,-1.621950083488232
1.5192873825791677,-0.6957258670117695,-0.7847082148809545,1.2636535136293476,-0.5341346544405845
1.8218445035171402,-0.9358496180563053,0.7132512126793483,0.39101581393453233,1.6651172660341076
-1.3371804077000162,-1.434079845149783,0.3664729103401469,-1.5454486594194639,0.6564196295591077
1.2442875620745524,1.3861095430291812,-0.8784162509734892,0.26972664833449417,2.1840337419221685
-1.6704703349222045,-0.7896016916451175,-0.2899592256236566,-0.738339258316629,-0.045429833369105166
1.2999275076341916,-1.547376362413584,-0.5257618759255963,-1.1277459895923758,0.3803872083406246
-0.7219986048961725,-0.5858463864208104,-0.4279706534260866,-0.9126896440427184,0.4811379915720783
-0.40105277085546853,0.30111057583149203,-0.9954388381439548,-0.5929319863302059,-0.5767675481270411
-0.7668475519322555,-0.8580889023636958,-0.8866512187999223,0.35823832214976725,-1.1563774341280477
1.5688565540780801,0.46140653891197947,2.328962968868027,-0.9548437339401171,1.0451567741060654
1.9135839938485475,-0.7428302905843743,-0.8293865660354739,0.9895584140412577,1.7757104612957846
-0.03283713287981862,0.29175791263164547,-0.005712055130088685,0.06797117611600095,-0.4367988518902495
0.5293877653709054,0.7927602447986448,0.07475724505866015,-2.094113536693912,0.6391106222063357
0.0025566210727335035,-0.7946489086783954,-0.17133131449472494,0.0661468483894304,2.2346439573308676
-1.5040505109484095,0.02019485860398219,0.2737414425907846,-1.8485131392344303,-1.0721132225482681
1.0566770363367215,0.30109487508120086,0.48803621560086596,-0.18374449823486158,-0.2540135668322694
0.4096188509636452,-0.21167261433690354,0.3682647859308738,0.26873458955706664,0.8305559903972264
-1.1892393070732166,-0.5118867546898875,-0.29694216053939476,0.4892274288610498,-0.2638090004500876
-0.11242862518034667,0.7629315291179538,-0.9029614642072712,-2.323626110613904,0.05528555707298104
-0.3714601123421659,0.23735121581321952,0.03321244771338888,-0.508099174169598,-1.1109665233783053
-0.7608130120382156,0.7010721809214925,-1.3223902038522632,1.1222563980825524,0.6430978127052874
-0.8286641098976723,-1.9864124493494992,0.5322995406831182,-0.7213260549356408,-0.4510912166411229
-0.20540771142362044,-3.118444426160021,-0.35733423514496365,-0.049458269853609516,-1.7253182902813686
-0.21849033961930828,-0.320449116156789,-1.0866264569051463,1.2957623863557404,-0.12515399017051076
1.3815267035193413,0.5564816563109519,-0.9104786345972211,-1.0898118128346035,0.15717642113162428
-0.247561050596916,-0.02293043574678558,-1.7361935655841263,0.21823173766196338,0.0808719595912825
0.1847885806304043,-1.4532794097155826,1.5476403833530983,-2.0574501903958184,-0.8725595067550685
-0.21193362439759142,-1.007459556153066,0.42304417128745514,0.39389515489852,0.25809425358847626
0.7610171860353568,-1.1194096954949084,-0.5227870274715272,-0.5659295717417924,1.5669149177816895
0.6571853191951776,-0.16469194986765745,-0.3337590895948431,0.2883599259373006,-1.3556986431129705
-2.2972349235495666,-1.2753195573345342,1.0061468246721943,2.576048170656473,-0.5781364136379262
0.9300046994235726,0.3213607580236899,-1.3827576627734905,0.3912401832753196,-0.556775426777997
1.485304139300368,-1.3107361189906246,-2.190209660967431,0.4305592836979258,-0.20422507191037856
-0.16311511835764195,-0.7419650445695121,-1.9119684831959936,-0.40378983079706593,-0.6578087539108878
0.8659764398928174,-1.0830417306106674,-2.1800037697598493,0.3900941644338137,0.7712627174440603
0.5638032455428925,1.1118753352695685,0.2248706071761253,-0.228523605264669,-0.38569057702063697
-1.3503920038688295,-0.9955811203953829,-0.18225183367719153,-0.16899894213042005,-1.8430272945879749
0.265990178204249,-1.0040937204869296,-0.20703530910603182,0.10876915814141379,1.7440598542809758
0.27036142261513063,-0.570266027196309,0.4824645051139459,-0.192222191075876,1.4171044714553065
0.7018308729199824,-1.6164674359615625,0.7546871810274065,-1.4828998696341775,1.887038470691088
0.2695471097794677,-0.5031362415431335,-0.24142553909039216,-2.460001427019026,0.0030525321963299017
-0.38937032868336235,0.5871992479333896,2.2612646627845874,0.2403877103841479,-2.2847911365430904
2.0174557968041364,0.2760956602672288,1.551149011224865,-0.8233520014781237,0.929246086331809
-0.44177210851192067,1.6285250793961144,-0.07941945742124351,1.4174329073761347,-0.3234245052879603
0.7806135095148372,1.3228644678645014,0.5542632498749506,-0.3059764812527231,1.459540660311162
-0.43796620574756784,-0.46189501420740275,-1.718453680724887,-1.160917983618392,1.3326106374102595
0.2594850029318585,-1.1169106797382846,1.0357063236220634,-1.1306825469074016,0.24389255755073763
0.9887670420114333,-0.5103061851037637,1.0017590138204768,0.1820056499792277,0.6754788796371066
0.5201943278931492,-0.1641980804985234,0.20939786608142066,-0.05942039609518616,2.1699271778374802
-1.7455334942024718,1.6549711801095945,-1.4961128828051207,1.9842678941369747,0.11907339694690533
1.55424234813733,1.8267063660325589,0.430749775606717,0.9447306356939079,0.07436583362985325
2.5005544205219086,0.8752886275087889,0.4350718389839497,-0.6657732353509611,1.2466091899656773
1.1009887535783964,-0.14495941014859573,-1.1112412900280237,-0.5537806347118919,-1.2943189694444868
-0.6091181295772583,-1.9451160808688432,-0.38070941097186717,-2.3741670967376676,0.0454970764352205
-0.21684916260065096,0.399555287704337,-1.3790111490133192,-0.8297452825499901,-0.7209365680633145
-0.06027512100856011,0.23827968929736798,0.1481062657211798,0.25391249234154967,1.339991039446859
-0.5934300022487644,-1.0237002569685882,0.26477152239414065,-0.883637164427867,-2.2455922134021717
0.5451570048188573,0.12444805179463304,2.0969129622143146,1.6813023976180266,0.10480253413309262
-2.215145725392154,-0.3094045475940104,0.3407442892651519,-1.1787241585080848,-0.4915122720105806
-2.209587924862699,0.18587727902431034,-1.3213024709375079,0.026328466608331498,0.7822642365174794
-1.3223243178241737,0.7195936779695274,-0.16635783983090144,-1.3899798817544307,-0.9638262132540886
0.2965650583223607,0.6888269267158479,-0.3265538045019217,-1.503110994470651,-0.7226821059740999
0.38168320753502005,0.05098744507653824,-0.9301784736522672,-0.005639828539336642,-1.1621387661954385
-0.06129035885420908,-0.8984234347909206,0.45090548426282534,1.9981262695619624,-0.7085952876020929
1.118229218066621,0.11665829342248393,-0.42281986329440235,0.1165672554163531,0.3588981281399026
-0.19062089613858596,0.4724941016743218,0.9329318458955593,1.5379129494640917,-0.04469337746992637
0.32050924061852903,0.7741525796344605,0.23757378936168966,1.9796418185589946,0.8096586321464941
-1.923199439707546,-1.8068284712851819,-0.33095292129658194,0.40478811133831294,-0.09093761251472623
1.1131702864126651,0.4575641020569349,-0.9303122735440094,-1.0867925465631096,3.2407022184875753
0.9984802578256846,1.544348613543009,-1.5709496582130802,-1.1760607250151736,0.8835580484890103
-0.7661090314808178,0.7367714202563246,-0.0665852299456212,0.9492593431757689,0.6806100113180283
-0.7495210770250511,2.279842582841681,-0.6372218724603776,2.5279550041495984,-1.0320867809796659
-0.42477374248588284,-0.6058936256651306,0.17083699447879108,0.5294787100755531,-0.09235564081014949
-0.6941079703334446,-0.7628297017797085,0.2959462240751062,-2.229830412237582,2.1907247858146057
0.08333905191688849,-1.461025982772846,0.14236040673125577,-0.9201733568973139,-0.47241522492449506
-1.1998148432807456,0.566852354369484,-1.2883351991214151,0.358729998557127,-1.7303963814791328
-1.3788608467835222,0.3379042410559347,-0.5693938440258431,0.01051511790713064,0.34563340020148564
-0.36866347829895785,-1.1332308663725488,0.4689029097776134,-1.09074577031357,1.1372233879012221
1.5697960973148837,-1.8904606891151274,-0.6165477578198428,-0.33463586660978917,0.5058430376524025
-1.2091311708424195,0.7757536044232671,-1.262344038370856,-0.3815696656085745,-2.0894202115164493
0.7447131474391846,1.232533705473476,0.01797096670008126,-0.7040485873223563,0.47545358009074673
0.40587238107007606,0.5769406051520594,-0.7906197279217108,0.5498477881249757,0.35197567991588913
-2.1933206545183337,-0.23496795131462458,1.1156551613512635,0.7133335241542575,0.3001848921572354
0.44657325482360105,-0.4013341735092045,0.9872784047970147,-1.1154137684175325,0.5117762303206896
-0.9194065968781653,-1.7794186248412,-1.6003211895563385,0.6585967107000648,0.11794997920897737
2.8433641899029225,-0.7310876270439904,-1.0253568785366003,-0.19563811473021847,-1.1957960767547633
0.04531812090399998,0.8482284266335252,-0.44270386862189826,1.5800324608239482,-1.2716762395563679
0.2790093474844304,0.13922979285548973,-0.46148507062433924,0.38191217718535025,-0.44708185205015166
-0.2510362008982427,0.862614124259911,1.1934829223702503,2.16873435250537,0.43291042370800525
1.5174878104855976,1.1705157905911197,0.13741827817058397,-0.007866450122173576,-0.6856408408174564
-0.14651058154611568,-2.5356143041225,0.272569779514338,-0.5248306387154328,-1.7287254324429109
-1.6175621468862478,1.0632005165743283,1.6461269339145652,0.1533399675292655,-0.905981209122013
-0.21949455137897947,0.8770229006725175,1.5039106638327018,-0.011498129714239184,1.0950784544192471
-0.5208411979334318,-1.0155296955076887,-0.1589372535296098,1.3395198268657518,1.0303504286765135
0.6431682683470935,-0.3985769664169335,-0.3322409782578948,0.5538167822770386,1.6854143612095929
2.770535242984469,1.030175155607839,0.8515232834828353,0.8413700346593853,-0.5905204282308744
-0.18248234335857497,-0.29419686880683227,-0.40792956992233953,1.2129550085713223,-2.359040003437623
1.5957002478105788,-0.8118999218071871,-0.028001513414408343,-0.5261462402739393,-1.5369018554417828
1.5810927296345894,0.27922103811790144,0.42682442078424193,-0.1059440588566012,0.024777057827188618
-1.1732374498637623,-0.06926663387209604,0.8569518053506884,0.07761929502873849,-0.06749238048993211
-0.1848699918609119,0.5353084821428874,-1.0221500655656122,-1.4864714582511533,-0.7565317285875283
1.0146050213696465,-0.9868259360146103,-1.9759053237481554,2.008779335975078,-0.39970445541936134
0.5569585860706864,0.7038262915672755,1.5047822078401838,0.16491023589427167,1.6838655855728146
-0.5353463736644093,0.2558221400294881,0.024002697024955742,1.9791058429084112,0.9060095645341131
0.1386870114222127,0.6826953526267162,-0.9194737626651368,-0.13062598362883307,-0.6629873007159481
-0.2476580676426295,0.6792274748410936,-0.7898632297127487,-0.5017559840313677,-0.18944409133326312
0.10608212578851285,2.6372985410432417,-0.8439361341173255,-0.680378256730343,-0.0191834624153977
1.453624752707689,-0.9028745825821697,0.07457000736298984,-0.016748663896754255,-0.44919787126283106
1.009133873735803,-0.29543114425475026,1.035962173427941,1.6225779356856138,0.7045278030108878
-0.9013306388244495,0.9185081025983369,-0.20670944871603766,0.7571532076806435,1.1301823464403673
0.1725609584043167,0.6352537566769388,0.6886281591129175,0.5544732631401108,-0.6128904656160679
0.8570915093018336,-1.899575482178595,-0.17161391188781067,0.022874371347817737,0.38335642318203605
0.46573256195313345,-0.232326878414936,1.0837104498006824,-0.025802941462160403,-0.13870778341620052
1.1613169107413759,1.456112483750392,-0.06193459514237556,0.8714292512811969,0.013102429092542032
-0.9156966841277853,-0.028659119024834562,0.06364113928060793,0.5748211240669706,0.009109208838215914
-0.9328478372731535,0.7376454008834147,0.2948540021160537,0.1638677107361702,0.5139713106103571
-0.8766213867456859,0.8942758732401398,0.23290083659896024,-0.3603707549744169,0.9520863422117072
-0.9454500575404503,-0.5436505151169692,-2.2818773769088954,-0.44549881958233695,-2.329164868652317
1.077386548689499,-0.4910360050172877,-1.3351245685195605,-0.21849751915402643,-0.6613340833623871
-1.1085070777256036,2.5424768041326558,2.148119659608257,1.477071563025712,1.4355129189322187
1.184788523917316,-1.2827244249591758,-0.5193982962314546,-1.1745170906756017,1.614149835747808
-0.5156692994950504,-1.4316274652373573,-0.574146453684139,-0.19032184687250664,-0.42289977424155767
-0.0023877756929750423,1.0066876427400766,0.8329011236417464,-0.027576620654084075,0.2513347033547238
-0.08759653025527567,0.27796777223308167,0.8796694972079271,1.2662964189656638,-2.0294872950104876
-0.9532860477697169,0.4874331502776537,-0.8976996524152827,0.13624401605111003,0.6768222058815717
-0.26336236317443507,-1.1511292688702721,-0.38746094232606243,0.4667344329677277,1.1769729834193772
-0.762214586643755,-0.8000190258669928,-0.11333844608136971,0.22032552108954437,0.6726926145471088
0.2702088459043651,-0.6775468572974396,0.5550013031897516,1.1112882348713915,-0.5705529039691976
2.185744506386356,0.36488011024296274,-0.7208484591857603,-0.3363786831742229,-0.43987243981522517
0.8720452916408884,0.11574660348352103,2.1915357326707468,0.5904197332852115,2.0118609794541
-0.015167018399042187,-1.585931669192368,-0.5298067389420577,-1.0108479562062058,1.0098424791344618
-1.4540253708089508,0.9819177318757814,-0.21016608759431984,0.6442816949484377,-1.1800468828641768
-0.851442503773342,1.0845540368154776,-0.052664191082064576,-0.19638764050549737,1.7309473406738636
-1.3551698547596753,-0.01748507703966192,0.805710664942575,-0.019235266265467236,-0.6861291533149543
-1.9092952312360894,-0.3327871604615348,0.6875796180855146,1.4341472187115307,0.6370003259231533
-0.9946625382050475,0.7746298844282625,-0.10086871801286305,-0.5296567813700969,-0.8227575229198502
-2.78774052708294,-1.447477205701501,-0.7019104591500899,-0.6364754804650095,-0.3681813180925346
0.9979718864173615,-0.2344978175805328,0.9964422701274344,0.30235421012288033,1.85147821744945
-0.09705767968637077,-1.3481991814698626,0.4467058376925879,-0.20756288500336867,1.3140360461251093
-0.41154118169367115,-1.288983763162616,-0.47392055300063923,1.2356941610418812,1.8954639050644084
-0.6077530099054503,-0.9706390964009811,-0.3867259201403982,-0.5234237996223843,0.3674397435558935
-0.27171705412837993,-1.096590697743397,-0.7511854053232364,1.6578961506276892,1.3607141832930036
-0.8953004985923478,1.2583281396068475,0.37009720220801645,0.1743784046771464,-0.6146895028657834
0.21586987170355845,-1.1830545578644063,0.7028185043523845,-0.3510100332584251,-0.24257259762127345
1.5457970259906857,1.7376445841430368,1.291159998979873,-0.31343505211062406,1.114226707488089
1.918349340742658,-0.1737928985942684,0.1717892565667212,0.41047315407084023,0.328879701102022
-0.07351292707357257,-0.27775515091503605,0.37976221233072205,-0.6365172336064413,-0.24043223897160634
1.1129009434384014,-1.142864416323999,-0.1350330994417841,-0.09448631887229163,-0.7606381016060487
-0.16974145555734507,-0.16696032184085494,-0.28623497104153267,-0.5706201266432966,0.1770754250967455
-0.7683319475369675,-0.11782147541652371,-0.8030590668150378,-0.9148399599836646,-0.359056796011655
-1.1038497462075785,-1.6672676420724495,-0.9320317123928534,-0.5312156059612485,-0.9825007577828667
0.47749321856784166,-0.009190511820822212,0.2903009024553565,-0.7835207496326002,0.3758718452029362
0.2858826413416957,-1.1441696646087116,-0.30640985381641866,0.021089273816206195,0.8915057428819411
1.080324518566156,-0.41831784413475903,0.326838200855364,1.409119767266918,-0.732121857099763
0.18068066056906198,-0.5639832483627163,-0.14863725539156514,1.0136100029799744,0.18961945272107145
1.3547485370825365,2.4641916396895605,0.6865363913016043,-0.9226582765372777,1.104727131165785
1.2243572772069138,-0.6198381308864452,0.5357008091022313,-1.1935394404244273,-1.449583253923204
1.235283952797438,0.19648670685242597,-1.2317699389474956,1.4752811786623725,1.422811035925011
0.49877980083824475,-0.7488099964033437,0.08457922971831337,0.45864327255826043,-0.14085360080048093
-0.015724039072237506,-0.6781778113809093,0.5241277099755344,0.1501241330919379,0.7073552804875087
0.6927746408965828,0.11925883886093691,0.1909885658316887,-1.041716214588929,-1.497395846867563
-1.320897426229536,-0.3139633442419355,-0.7450973269311489,-0.8178806255502048,1.4836185078166653
0.4236578602932724,0.3959599129618831,0.4806750618105128,-0.2063906822151082,0.3064842869006057
1.046987430713961,-0.871264421824654,1.4228153675167419,-0.22031173260675718,-0.8545929766066858
2.5480089007826923,2.0841498972131465,-0.49207793744939254,-1.3437875234040695,0.609222823293864
-1.3685726119726873,0.6520451252461542,-1.9693474366585393,-0.15745277420214293,1.003830321717563
-0.5666053169916281,0.7705722553441227,-0.03692134163416004,0.424930400271907,0.27492141101916334
0.40595935584681503,1.6267022691206683,-0.36698947418011935,-0.0920268015330202,-0.012253839326723139
0.7314704260533793,-1.5923627973065404,-1.1438787153054157,0.824931127115348,-0.19738853267904052
1.4700823953154565,2.1588553029332043,-0.2418663302084898,0.6776400096749255,0.1468164770572935
-0.39455073874914903,-0.06870106836945573,3.8750619458825097,-0.2535535881011071,0.27227555450279906
-1.1729876912825572,0.7579007712177332,-0.053035440296704685,1.740714750418545,1.766667741744996
-1.7646197477923864,-0.613806584974341,0.4482869994243488,1.6282322905453632,0.557720221000632
-0.831954869609571,1.715302271956143,-0.19610781023508772,-0.06183184149342579,-1.4189100879536778
0.32267877177335524,1.0512254659696585,-0.6608453416029008,-2.4796582936230385,0.3232053845884612
-1.752500371736402,-0.6613452481652444,0.8284986196681803,1.9721042802562008,1.0094324548316116
0.27500539807347757,-0.07700299489989697,-2.065752867969462,0.19169713007206463,0.44992713701439047
0.7873957766614738,-1.335643590740528,-0.5797088249772496,0.4086897741051652,-0.4682683594655372
0.5248628241054546,0.0033159555028300473,0.9687682827028482,0.25487392866859254,-0.47653471608786335
-2.6423295357712693,0.8510612160453588,0.77750256902641,0.10079839076529538,-0.4486871729794971
1.1120799483755113,-1.1475298554135107,-0.440976291270709,0.732175993085941,0.47615793260029887
-1.296347993941522,2.445319953531868,0.990846738529162,-0.6559486468301257,1.1768480069460001
-1.6582257006209262,0.3976330344719204,0.757638212109282,-0.132991472220982,0.43305269203398106
-2.5182501661079417,-0.16632977401274499,-0.6155277573100479,2.3129992608213206,1.20086714313278
0.5859159257548792,-0.5318536513478386,0.2417656496492121,0.31494285300065694,-1.6551446591865304
-1.3195995303950667,0.8184747842705753,1.0991150917863122,1.406406866981014,1.6796077321261302
1.1350088330597716,0.9247192666772468,0.7358077335117573,-0.9510791764361227,0.5048536822939103
1.3564515050064208,1.4235507427970848,1.6071445804975046,0.8784203796191858,-0.4420058298905477
0.1835411074920302,0.8099682398576766,-0.6336028568926186,-0.3325590912899337,1.4768023260243166
-0.12099313755509931,0.19505910209077762,0.25507341855279486,1.3816778273428376,0.7353259858876487
-1.1608592000354454,1.6312323105570319,1.8712873695069485,0.7949466967378217,-1.6448585061695569
-0.5454548768568797,0.02909459060935614,1.6507701253931062,-0.6197002350021209,-1.1198503399967668
-0.349753476516187,1.9176902623658818,-0.7949737485422106,-1.2566784372981985,0.19392534189990399
-2.6537092097778725,-0.02289387324932531,3.6553744834463835,0.09333683830913124,0.9126236452718435
1.1532680412420002,0.49253955700626034,-1.0729935889154727,1.2658300416158774,-1.7413554311906403
0.11609972933478944,-0.6302938431020578,-1.0559906913926422,0.47410609128631415,0.6303377728910051
-1.9097102847695242,0.6721781613699481,-0.24642535684918368,0.08174280896243488,1.942477635988495
-0.44858145757763224,0.2181408971097598,-0.38203945710790815,-0.49986118557789233,-0.9108152879062956
-2.8509576517061817,-0.28281985570380974,-0.2697842304967543,-0.8247879821605103,0.4361141632810848
0.6986702960544167,-1.348836095748911,-0.9219604074863283,0.6293468355491404,1.456655041862252
1.0439092275479727,0.10257859128214375,0.5955934766533613,0.015416048138865282,0.15670345612449532
0.48799265102316713,-0.1310417742829739,-0.11108583035799749,-0.44695485364715304,-1.4990358090493403
-0.3281983219924094,0.6912128037138654,0.093773691770706,0.019401847453116024,1.2014123847952314
0.5584231205160736,0.6000355765657261,-0.23054528457040593,0.6993990943221092,1.0584641894500812
1.2704577095635783,0.7254110200270688,-1.435993743304213,-0.2512448559836697,-0.246883051305423
-1.7313646142691546,-0.221112058074572,-0.9026224496251525,0.04529719771443012,0.4610193547080062
-0.595108022003987,0.9430109384073772,-0.5914519534503334,0.6632435845111884,0.5157097388545765
1.6810938000036795,-0.8958290123459062,-0.17723253692526122,0.987427167418869,2.0876479181040453
0.2225513853337051,-0.10223023626190601,-0.15869021999235539,-1.6717691984381995,-0.7814394262697157
0.3629793475271655,1.2281906429737044,-0.565075981913068,-0.7236939509627328,0.7922624976042557
-1.1467976463537919,-0.7204550637182399,-0.33992162212410765,0.4038676605426629,0.23052911641177284
1.298590788280131,1.7828576713070041,0.24368799705518998,1.3278499193454134,-0.050281795641779585
1.124978121551159,-0.7846381618721173,-0.6891960998088937,-0.6943297890933814,-0.8402819780665625
-0.8305403194611167,-0.028096650935309643,-0.2327607164264495,0.17518030100766785,-0.12037810141480591
1.167386950465756,-0.37939671485955795,0.8034198712175218,0.19468053569467958,1.49250994287783
0.8814138148873534,1.0119170721585409,0.3253628197361044,-0.14398654248097112,-0.09148287928542106
0.07854560981815856,0.7896824722501544,1.944607432250485,-0.113741383787899,0.9418246029884584
-0.6973841249023155,-0.6976715692791366,-0.29743947518479136,-0.25892001576523144,0.4961080660749505
-0.6505652767786665,0.5440374813515942,-1.236892858520571,1.5060981577634422,-0.33035133801933664
-0.2695809879359397,-2.543600531647032,-0.8091091849779315,0.5586715732216837,0.028628590495386397
-0.5509710169014914,-0.3309304518466163,-1.460776727885038,-1.3556256049059483,-0.12648559173096655
2.760129083763372,-0.8822843808100046,1.2693712709871834,-1.5167931319535233,-1.42567913499514
0.781183245828709,1.8970557622820747,-1.198652835413227,0.21303593147631664,1.588133525665124
0.16436826026488463,1.4541463825289282,0.966379728231215,0.7700116931661531,-0.43791534610885413
0.19489323392400112,-1.2388742184154191,-1.0247301114243355,-1.0277605156162304,0.28526201762103476
-2.023886874704327,-0.866253365530233,0.7717641372017714,-0.2638168500918431,-0.9315963841086512
-0.27162891421443813,-2.2805976564107895,0.7945904933417774,0.4356380434875668,0.5764769396877938
-0.4621720746012115,-0.14724299644595903,1.1685654151929006,-0.2575519901908746,0.9295828496448892
-1.2394093988550983,-2.0142812930980982,-0.08370356386306939,-0.30757739265564904,1.939573136594071
1.5601524395473032,0.5603199105162855,-0.44946869247834265,0.8461834372671881,3.200971477169036
0.48885330304345853,-0.7207443150892718,0.5765242629900776,2.0580668780577818,0.1093179624444445
0.10571929836053337,-0.22974692503936964,0.03004541528478637,-1.1187838608542489,0.6904194222697788
-0.7912845008681445,1.0813104341574367,0.5964909177830287,2.352280556528662,1.2820387291230417
-1.4659026913132163,-0.22671312310393135,-2.081077228222733,2.752462225876675,-1.2416677479320783
-0.12476432610371589,0.7663640682475723,-0.15183639351486314,0.9447480654309687,-1.1929603473881953
1.4885376412793547,-0.2399212443500724,0.024437121280896187,-0.4163046299422291,0.7216428616313196
0.8742103505397748,-0.4738345896646421,0.40396951717171636,-0.6588272068605417,-0.3583691283956643
-0.1645402356567096,0.12462938750265216,0.751648458532119,1.7113396386971067,-0.3141175772227114
0.7953661338286763,0.4727515212063016,1.268226864757019,-0.03221359230732193,0.5383750178843882
0.16360696744739303,1.9798382715525233,-0.014138612597264729,-0.9461397510169677,-0.3592456736139805
0.5782039233758127,0.17373126183834692,-1.698633354666648,-0.8618777977028104,-2.738510777836955
0.4368765167529426,0.27246704738396804,0.22175821574240756,2.3140870600270174,0.376540349678003
0.5671245956314539,-0.5742812971915733,-0.6843571412279399,0.0989057473016772,-0.43136295772401945
1.834006868099928,-0.45174933175209486,0.8404821750746854,0.4228929184486699,-0.5370848650293841
1.430267577823745,-0.7912188846536936,-0.7235186576528598,-0.33636126493570256,0.7604582590218306
2.40086406097956,-0.18814562679327548,-1.2057380222118896,-0.11474839018937641,1.2832191666490493
