0.4815684449094674,0.8771815901612681
1.8951542560392403,-0.47351285793197223
-2.098767071583551,-0.5249412594844012
0.637284572570788,0.7551526395398593
0.1606189784778028,-0.8947668369354878
-0.3281529888504325,-2.645177684835476
1.5437697131735448,-0.005311224150172724
-0.75567249434592,-0.7242176101802557
1.0135151767904724,0.14251063481567042
0.6497432894228471,0.3770361668046219
0.6928368095131526,-1.4258012385045569
1.3521520597932244,-0.930356729733265
-0.019336751489866112,-1.4986976681138369
-1.5890645750637695,-0.5068396032822894
1.2589515428405587,-1.6623784472707182
0.3937057910674994,-1.5391400355166904
-1.1113857927422173,-0.9481382515669973
0.7610066026822803,-0.018851508795815954
-1.5332062194077325,-0.488360641372097
-0.39805205025679513,0.021269875893655248
-0.4376619182836595,0.58652687440532
-0.41535716602172384,-0.2908195446179629
-1.4123203972562701,-0.48786428188340547
-0.4660102520333738,-0.18957999569069892
0.33658105372133235,0.4259307697949321
-0.4264216960021041,-0.5730078735089498
1.79662893095609,-0.726389735458715
-0.046503845097428345,-0.5714143993844507
-0.23363090581994447,0.2087843259408463
0.6659914958939985,0.7102222947560157
-0.14089362250700965,-2.5970226644867394
-0.13009886517843905,0.379145249384086
-0.8679390876472137,0.05609452410954829
-0.4762225334713227,-1.017214047880555
-1.2094622762537837,0.5804256635324145
-0.5470298481300934,1.0590254018574796
0.3165274954250374,1.5468812129642544
-1.0324860833944505,-1.0583505210767943
0.8133153613914942,0.7246866470844235
-1.4258973278630267,-1.6502370018970387
-1.0200424905954186,0.638198082271226
0.4156757895770493,-0.9034368466787931
-0.7384736591822979,1.0134452117036008
1.3493379595675918,-1.2701671056009287
-0.02991590772444187,-0.9648598110266269
-0.8577605918465785,0.7661544293576462
0.13504882589550887,-0.36412762206617616
-0.6442982820347907,-0.2967323700656
1.313817641837383,0.7289167600513408
0.46185744971221876,-0.12199416509106388
-0.6954766501505728,-0.5903137370708618
-0.46295527298656025,1.3517167061770472
0.4679989928041652,0.14145026706916858
-0.11496499148477161,-1.1731776078584137
0.820210325324222,-0.9048835673863904
-0.00331148692245612,0.050296449350493315
1.8185863316533586,-2.0731736996954306
-1.7724747014758062,0.38027995895358946
0.9542123104331725,-0.18508826262074898
1.406525217369201,-2.441467668396319
0.16199668279489235,0.43295027172567324
-0.08739739161529553,1.813940512599812
0.7835164216321672,0.005560000706402182
0.749464660444406,0.9600837066520237
0.7077933122419214,2.499837146352845
-1.487649444052118,0.4620216394322733
-1.433014800065348,1.050396925724212
1.360697304272487,0.4276312849181152
0.39362663402055975,0.9549493287002233
0.33171627343849575,-0.044335469597407216
1.0295447720360582,0.6099584073670085
-0.27954046248701264,-1.5970003796684324
0.08247833695759103,-0.13852455294320723
-0.20032811307728798,0.4196481094051402
-0.4634050358253991,-1.5787268664894145
-0.9152027601030518,0.31585287532275363
1.847927547880848,-1.264190007840304
-1.2809859148974618,0.7501325364805803
-2.1143195671795714,0.08546545942455953
1.1521192661414614,0.9680507271874782
0.10403504339267049,1.5334596702214212
-0.9399825881339304,-2.494763240249069
-1.7227169828537492,0.9226292880629258
-0.5007583809484062,-1.534924085308614
0.626830677388955,0.49050878734165165
-0.6502296198194495,0.5270768939814369
-1.4351707124228208,0.5901714665244401
0.12880034678106797,1.5636236211843528
-1.3001947698101386,1.2030822337922498
2.0961535921425245,-0.4999697320129503
0.16256759184106878,-0.6453585248649281
-0.9632642405184033,0.3055108918886981
-0.09845192413286569,0.7458326869524164
-0.2598836506092747,1.0292679995316318
1.4698907605588258,-0.5741337520570237
-1.1229035505956344,-1.3617004862267352
-0.42827014467993546,-0.19296052779716524
-1.963505804000457,0.8873350379559553
1.688904559440311,-0.17062217003242552
1.3258757025585164,-1.1717863631790113
0.7893086516473051,0.6231333689173534
0.8318998160134702,1.8655951692582409
-1.1313030992236233,-2.120339866565734
0.490479878640941,-0.9065696652578288
-1.259198859482316,0.35410912161664865
1.4462375997298909,0.731702611055461
0.5549005362307605,0.8542485283582791
0.703851557434934,-0.8435854389417015
0.9688946150243268,0.32800815212298384
0.4530073360052494,-0.8694578088898799
1.1125855710517791,-1.1809283038186615
0.08732978998096455,0.2301480692414267
-1.5180184948268702,0.8176704827865525
0.10623588123232494,0.09146587983639516
-0.9760890171581162,-0.6858567797883819
0.21812051101507338,0.7542985132378071
-1.9057999821691252,-0.9282618926293579
-0.6981824956886048,-1.2181600202702751
-0.5416168038663949,0.4400322139225829
0.11617844124053325,-0.5554653772581427
1.1526708327807405,0.45124391315752593
-0.4248995705678999,-0.3075328532862639
0.18033733208842123,-0.43134154203036745
0.6133030039979306,-1.0986086176348906
1.003377967897873,-1.6970985333730277
0.6549381092710714,-0.4895637140351782
-1.5019084399194023,-0.32787362294968453
0.37026461840663166,0.356173570794333
0.4413090874405563,1.1602946655971176
1.7696388609820635,0.5417361470751783
1.3104019881980329,1.252460537461134
0.15709459758325425,-1.0770453519386816
-1.0028393417094776,0.527993057244883
1.0502832560125808,-0.663783677674163
0.2102713374782609,1.2478738804586027
-0.34709017634850003,-0.04965241729306276
1.1134549391260864,-2.7130978099988408
1.80754617512001,-0.06421177263893056
-2.305843097234933,-1.011390517923928
-1.0488567784020668,-0.07184069230120423
0.4134808718664138,-0.14623649505821593
0.7762108229380851,0.11241360049065895
-0.9250795211657636,-0.7268920978886542
0.42599048730075806,1.0189275496593964
-1.5773308786187978,0.9900554966335259
0.3027722974373241,-0.5408853295944402
-0.6097731439348342,1.065388043640008
1.0341584575268035,0.5095495085087866
0.3864578166331572,0.6886586903293714
-0.7543189333100139,-1.0958722515951616
0.5422343252860877,-1.514312127369236
-0.4309721966941486,-0.7498495096027266
0.2599833608590375,0.9453825319316544
-0.5944111077421947,0.8077789761992802
1.0845410885889915,0.6169489463189199
0.849542367181166,-0.9672866393564344
0.9265794483783307,-0.19998565815522043
1.2364440049683465,0.13477038446353073
-0.48895434219859146,-0.6828808705428537
-0.7925656096193018,-0.045989795683620126
1.4196913848826311,1.697466011617534
-0.6306214538528283,0.6541605839978841
-0.6047498438400258,-0.5450019135623033
2.230523985325227,-0.7471990413884766
-1.7068217906330645,-0.28807955425274
0.9134329241463227,0.8748055135897613
-0.515467677872672,-0.6442761720523456
0.43052989312520284,0.47246917260490984
-0.2105912697325637,-0.11347337106473072
0.00020829481838393729,0.8625755599514019
0.4531064085649954,1.1743884650540766
0.6659800663632748,-0.9243681492064383
0.23589955837481796,1.097930967352557
-1.1360473382379868,-0.41785936065945095
0.32066537092244574,0.3570264203015706
0.014634682686566973,1.398963685275872
2.168958159069607,-0.9603779642237579
-0.05009245433099356,-1.756901671544256
-0.1455014315925602,-0.9811291067844563
-0.253201311938148,1.303284567988901
1.7144938940205994,0.01581266733162517
-0.33287060510526134,-0.47928812988769787
-1.0425999421073704,0.1974623639916266
-1.1984491978326781,0.04978736434190034
0.36421068049679306,-0.3229564573615056
-0.06148878077127298,0.31932130840175144
-3.6021007200292416,0.2613840368264306
-0.8182496015889965,1.7266582438632085
1.5769829961424142,-1.3559956309435135
2.8606343713917477,-0.994281131326909
0.913979849795921,2.193020838024369
0.23272773031717145,1.3426811795789957
-0.2088887514597247,1.1839691404995722
-1.966764245540044,0.2996304804863115
-0.7246808487660453,-0.721495729595445
0.29797788363761635,1.0529242176239986
0.5584425498586155,-0.0714109615349147
0.5652909709563646,0.12889635513958472
0.7285886268431803,0.16458311648231516
0.31225982464258567,-0.44524225466751394
