-0.2793377198434522,0.7309029511042271
0.930198871878826,0.654505374322879
1.7588109991477332,0.18882936908103415
0.9477663720659213,0.3412005483470995
0.7760087795775864,0.41014449397852026
-0.42053680788709374,0.7232910580876561
1.6250688068045394,1.146311222205492
0.24294448291344828,-1.1742841104719586
0.38458805736405116,-0.4171181200962525
0.47010187739231846,-0.8583881521809011
0.49154132092966585,0.15287516987132324
-0.22306321726782138,-0.5959849716763739
0.280499688235512,1.0929098040408083
-1.9610671451320794,-0.8954223968127614
-0.06936790155086071,-0.7470670437282171
-0.958640409238372,-0.8839273945035435
1.1086561409290097,-0.04050124499609497
-0.4483355364035431,-1.2738345913053208
0.3766972275827739,-0.7848408087976463
1.5385453754931633,1.5604654822438053
-0.4801226001745452,0.3915409617304853
0.6324029518816772,0.09369258749147248
0.8306638748201199,0.43273284641964344
-1.7769885527152658,-1.2667875777407662
0.07587238846843666,-0.22539723133756107
-0.7657271967848918,-0.7226508858707262
-0.6519577635100866,1.3930701958364433
-0.5173954078262244,0.0919464499815313
0.38667916888468823,2.0351155485140584
0.37544033439223146,1.967178809479157
1.7918429466779309,0.10935410321314949
-0.32383288670824,-1.242391203207907
-2.019873284255599,1.6544079611509825
0.34293523654742986,-0.9407835799661679
-0.6442915400839685,-1.0935140073079261
0.14467351242642618,-0.8336175853305738
0.2115044369132291,-0.9189384633338046
-1.061915818558718,0.19438815999690348
-0.4636859623798809,0.7833549319683799
-0.34163297125554765,0.5377108622553093
-1.147960331160987,-0.9659301487548791
-1.429007020509248,1.5786041307028464
1.2787970239422926,0.06281068356296338
-1.3873267606763455,0.9722353425047058
-0.3778348276400154,1.707775103347575
-0.25656708250160054,1.325726606534323
-0.41697110011775435,-1.029698055338287
-1.0520542080303135,-1.0316903043048256
0.06580907240156911,1.3363463225530012
0.4931273621835931,-0.42356350849202523
1.0364782033961846,-0.6894785162153247
-1.580653336309045,-0.06299462595841386
0.8150983915476625,-2.6723891623514637
1.2273615918675034,-1.0463682044721192
-0.6224010180791316,0.14720551069522875
-0.9890615952919806,-1.2901828808789155
1.8511525006270082,1.6208637745272332
0.15741579880158246,-0.8893081425048149
-0.2875075452288166,-0.5517445513690583
1.9443258306189048,-0.39938062949424824
-1.7009285773788028,-1.894964808442753
-0.06612299771481561,0.08835334610611524
-0.7472552832386671,1.1908013994588569
1.320992256755253,-0.23452099295712514
-0.7895927893820118,1.1000932125990592
-0.23520231452020424,-0.5071194177644266
1.3708169846132077,-1.1713731639480338
-0.37289640902529575,-0.9697667528990416
-0.48507433392499194,-0.10771572011705235
-0.5022490678846879,0.43912717663180934
-0.15053126700151614,0.5989459710804953
-1.6442393784942342,-0.8989817147780235
0.543456202679461,0.33121638632996625
-1.0636641952443167,0.8006917765106312
-0.14793880893822825,0.5015224213059752
2.003524066794104,0.49411972016221495
0.49692241958918876,1.3584400315653757
-0.23218672748811506,-0.46580970776623476
0.935393928346306,0.04571315528012157
-0.13871610980937302,0.14690219776132063
-0.16633994173857078,-0.11305040884151057
-0.26871843081370755,-0.5718073441854893
1.190269500171348,-0.01153334181474987
-0.5010654475637779,-1.9024088037495448
1.0282747702536235,0.5524955422078354
-1.9940168603207902,-0.4581438131751887
0.004589980084407591,-0.8272047224057827
1.215530385911861,-1.455080549028321
-0.6143994170450753,0.8676277818885475
-3.0148785982531967,-0.3759007557514927
-0.3833114645334322,-0.9651853614537305
1.7236449371154297,2.752314304689564
1.7451512353423948,-0.10500125377843439
0.8065747824888938,0.10413399297264526
-0.46654571311343657,-2.1833186658405492
-0.6601188036044591,-1.7724197966556696
1.0661886926419077,0.2694859465385373
-0.42600591331578347,-1.7959124849095154
-2.9000894436089397,1.0875373577403669
-0.42571846521575407,-1.4411085183163472
-2.2632631689527063,-2.3370067259685845
0.6426071564081588,0.08151157892785252
-0.07525079894268097,0.30572972823454975
2.586562741865831,-0.9498179423603361
-0.21883501878217498,0.2496123538346037
-0.21871642340261302,1.0874512328079036
0.36360046490114245,0.39724765054919714
0.99392969935932,-0.40634171660303164
0.7742272952462579,-1.1927086692469657
1.4575529532192393,-0.7742412800825527
-0.6033181287225835,0.021112914224286777
0.19400854824174624,2.8898256172074968
-0.881151089793481,2.0652715804423267
0.4820621094008669,0.25158739914483985
-1.0022565365653011,-2.909776935004731
-0.7982376810560666,-1.277924370207817
1.2961598978852171,0.552258798072888
1.1316500852800857,1.493414580215339
-0.029778343313887554,0.3716985538891423
1.0339113962207906,0.7391229941722866
0.17995250450178837,0.05332183890915386
0.7818231345418623,-0.6137574237388254
-1.4393857582501104,-0.22424243801626895
0.20331451801278644,-0.812356970607853
-0.05181376321265345,1.0582795348988603
0.07110899611861542,2.2066263302853826
-1.5967342846765893,0.6144122170277835
-0.7886804874233136,0.6378027612639298
-0.36665453940358517,1.4765321316843547
-1.965145948402175,0.13570035226196225
1.3655111852433115,0.9978311944345213
-0.2831260142893553,-1.1306717283914651
0.9568653121962624,0.9204113811332911
-1.067971940311436,0.563433010067577
-0.04595492307600117,-0.28515804692029045
1.4753712688822749,-0.5147736408741859
1.0789076404040938,-0.6560377690637017
-0.9824949843566081,-0.5754099889197806
-0.3337233286582435,1.6192160891886997
-1.7236205785478287,-0.08405326885938862
-1.1477505630902916,1.166051604058959
-0.3619540534037614,0.21122340164314865
0.6807384577945695,-1.7030832461144252
0.6204070456793872,-0.3436362198299347
-0.21227031793920947,-0.5797867256635149
-1.4159361022176393,0.7240680610223859
0.5075029104405276,1.4116563721482045
1.0467851606067238,-0.8290903584104257
-0.4648300592149714,0.05405081616325672
0.26513792323195423,-0.006235644181864084
1.0581722013764345,0.3701885385018786
0.35696241763205216,-0.22860390688570525
0.254853019468857,-0.48455417194213735
0.90048841454279,-1.1778254048804204
0.14867992210233125,0.47588595538697254
0.35897078135468463,0.5930810233945575
-1.2396532124309414,-0.8687610633081686
0.9381429101250478,0.6490989277595949
0.38833520924889287,1.2099550855875152
0.1749239156839832,0.6781828757493558
-1.7531526770992834,-0.522674265089421
-1.4951790924359858,0.9973732560755748
-0.7303468873053534,-0.8237612356047697
-0.11935030980127227,-0.9194407280154407
-0.8481832934834277,0.8902356286066595
1.160138062026927,1.8630880143392816
-1.8795103594225964,-0.8316699896645803
-0.4075763883703382,0.6047241371074205
1.9854510228132431,0.6509319257462595
0.756131314533811,0.8166159923686933
0.09270988531357799,-0.6707576251427139
-0.2098435917883391,0.16091880115507598
-0.38016637825853994,-0.8563277388050935
-0.6028565529185831,0.4656537006146041
0.703465753253104,0.5405099422655416
-0.4627920638108222,-1.974090564385186
2.2545528093386467,-0.9205920800346293
0.5913640064595722,0.7362162191328881
0.9999112723308832,1.569077087821981
-0.7139224102597135,0.5458892513708758
-1.9185053413461766,-0.2908412965966054
1.8128365211794866,0.7522419539631751
0.24227120758781773,0.22054122948051333
-1.5073121872475954,0.3659871062253029
0.6837238767599312,-0.20085487358725942
-0.8097099841304487,-1.1060281923913546
-1.1454497706266933,-0.677617305166292
-0.32151539539550517,-0.37070421402111225
0.9817721684623121,0.9673662745155224
0.7121643957671087,0.2161816280215272
-0.047570984044075774,-0.9549924624261958
0.8433315013420335,2.7587459362156626
-0.2052769817366761,-0.3336478818050641
-0.4409315242375848,-1.2222631700646067
-0.9321613575190578,-0.8847813744518992
0.5549577463988726,0.12310213183559372
-1.9236429554024472,0.6357481979117822
0.5891476892920398,-0.37668760085594427
1.1689906780389265,-0.09327602135182031
-0.7427408206750179,2.511563536980925
