14.827015838576937,-4.208081053808302
-6.445273447964937,8.308936326299982
-12.498725170863036,-7.740271091175275
4.147643877052484,4.818956371551746
1.5898480283779204,9.459464842218821
-14.664073491883052,9.416568538995193
-7.854643476563549,-1.8175920286148235
-2.010298850431934,6.433246925336817
8.191194414022021,4.099180301833085
-22.47489577367049,6.263906534244852
0.879602157203645,0.5094748189970479
-1.3618664956125888,11.112361465506611
10.722936201912628,0.41401051893201846
5.199012647405999,-4.819744277457645
20.816517493093375,-7.698290732015917
6.136734337343522,15.252374626789816
0.43882997572799687,9.097009774679162
-22.74079468858877,3.5609131395119658
-2.4288179236659095,-27.044843592417486
-5.9363608947885425,-1.7495119801567345
1.0911365542217988,13.754221367310535
8.345061697226015,-14.049507923696874
5.062251297426045,-4.153330764549587
-12.328307357144855,7.710972375392272
0.880451239177324,-0.7476117548019846
-7.444532513276325,-22.434217031004295
-3.455196012674034,17.93018713053641
1.398406914264239,-24.111444050988844
-18.055873824472677,19.707472020285103
15.435660823332695,9.553200697978722
5.675619947679149,-8.489653794645758
2.2771402754610195,14.485125316811633
6.156162602576474,-3.5575296876290814
4.527709365206398,6.158675445735758
-6.896850159236349,-14.545322771440496
-11.996862301301833,-11.750809643886894
22.15984650649552,-3.4389442672522534
-0.6481006095104096,-2.9854028353189266
0.9225145621008792,9.157708910516572
-9.497342024371113,6.239565441234203
-7.271968039708382,-14.148931017549495
2.261968498456705,-4.624118986859601
0.8226693649261134,-7.461316201292451
0.5520132288247952,7.386810278320002
16.887940463005236,6.1285372616841824
-8.292106239802063,8.629102093570232
-22.598881718629833,-9.028133388179667
5.016203662273737,2.2359767912501143
2.324519944911983,1.9083238929771538
10.269649462402077,-3.669748495036063
7.2227695179183105,-26.386140535722824
35.51935440044119,-14.1687303284264
13.400771705596728,22.848921786712104
3.1719719979112595,12.285921586076999
8.069105415318731,-7.280539793328822
-14.190163430989067,-12.098869151381596
-2.564190839392829,7.681794735683029
5.851862973726157,-12.405887655723781
-11.926187111155482,-15.921820954602817
-20.18207124200635,5.945335237584295
-1.9004545184917898,6.491486199395321
-20.462836903334253,0.962100082564953
-2.3736911049247738,-23.756050752117872
9.233568384537524,8.42092110220317
16.122111544812007,27.194947275376155
8.725759355928464,-8.18526770027387
5.697703591779534,-11.792049967016137
-6.703607474773587,5.8695589738938665
-10.003283211534537,-7.93855307671827
16.645948788310115,0.9548131862619216
29.201985066668424,-5.959672524428257
-1.6865204918241223,-30.07413665077828
19.423528845235893,2.2423361546384646
-14.512875647105213,1.3352490565531097
2.8282666679242716,-3.4430297800654515
-6.5472727735421286,-10.670743378135976
-2.7637809069534516,-2.0078538321392645
-21.56583658988548,7.796458329987637
-8.787988956223346,-2.3885153383328235
-5.387706902962557,-14.970886811322757
-0.1410857564576935,6.292186936037044
9.351523203244895,2.3427108664066676
-21.38753159274635,-14.286638579401522
19.46726962070514,-2.066386237013596
-15.274477602033755,-17.495529140189603
-7.508104882601179,-5.545037815019788
0.6409825858714795,6.825838986391069
-4.510915966811989,3.2182645488996435
3.9391588224929364,-3.7093745722385307
-10.851796503640934,-13.927075701152534
1.629800711245025,-5.916533300809047
-2.0143268469563216,13.074884134128467
6.084029338916997,24.579843383978194
-6.0376558039348325,1.2990176293000375
-8.12716976012333,-2.634812079452847
2.1443527309520185,-3.953592754144251
2.566001445308743,5.730462387781653
11.996574232198753,-9.968094987343596
-13.831272358943085,-15.565017426542715
8.34018105925594,-14.0822115707401
