-0.6291762690154108,-0.17146782192916518
-0.26688287563892726,-0.7680354204800116
-0.10494911826618543,-0.2725115978729534
1.8975429503287493,0.044990401756347595
0.08432071222360289,-1.143426413566393
-1.075378995082801,-0.5710010585464034
-0.04851797468899439,-0.8894078032610131
-1.10253734422284,-0.6930862904416848
1.0546813058590248,0.09213466250549072
-1.314392033417079,0.45736871511610916
-1.2213951636500373,-0.4293265357173636
-1.1341701645398738,0.6114945666298943
-1.0158548512181906,-1.2107317483586224
1.4756810860455953,-0.9455879404003105
-0.5397524326049276,0.17338610678689365
-0.8552956848967042,0.6111984183191761
0.9720728380085903,0.5344188393161984
-2.1098337654887085,-1.199494651958935
-0.15432713123693065,1.2237183672712646
-1.3548142537502998,-1.255005659861464
-1.4644285412032032,-1.5081159260620294
1.1723586008737048,0.5267371014643365
1.6234181263023202,-0.8486495200509414
-0.1492735069662606,-1.218820106225778
1.261957668824935,-0.045027376865267074
-1.0130077958160977,-0.2506004683060596
0.22264742735745388,-1.132932999532575
-0.4079210490872069,-1.18678696534545
0.3323136518140701,1.113505192237156
-1.3227403664591035,0.7113283334966707
1.077442235431765,1.687263780597734
1.3567773370540355,2.4140134873870966
-0.45606439439045393,-0.16406099404739144
0.34038079934554516,0.2948655191470274
-1.3205365395590534,-0.8711680639362012
0.5642001124407843,-0.19856253452261885
-0.4331924909149208,0.1855642691992182
-0.14414273949618178,-1.4904808418694782
1.7907670724137932,-0.46938363114922316
0.1753324930447496,1.2462270879869726
-0.643310398286253,0.33123830917882036
0.3089296731613209,-1.6439533922427734
0.5174017166558814,0.1680817843683545
0.48636863082465,-1.5629680763745288
0.05084532191611044,1.6324422006652495
-0.40509256455236714,0.8828180049004748
1.4133947295678682,-0.41662845711678737
1.1110434802897111,-0.9062686458365548
-0.31146122444111907,-0.5651068648583111
0.3012904115367657,-0.9824220280824073
-0.4004921307187251,-0.4991229832249827
0.1228209206810509,-0.11741230481302609
-1.3819791184189747,1.088258666187742
-0.35359267770167063,-0.1108330707148833
-0.990833453555682,-0.9612073684230924
1.3642497121054122,-0.06630229819701812
-0.5038567576372514,-2.1175765018270507
1.3981880990207007,0.282364256951056
0.21430956538682502,0.2779234047609043
-0.40609574981999763,-2.29464804784606
0.02430195156479798,0.28242907636735565
-0.003591017538091899,-0.170062106881846
1.410123997085143,-1.140064935392683
1.4397914737595416,-0.380905944947974
-0.4080330799428225,1.8271163019156678
-0.5291499688047032,-0.11883787398865935
1.674056618397739,-0.3626007134341512
0.42110897386871327,-0.6845450571050601
-0.42202334836735783,-0.9961526396776708
-0.37943684992070825,-0.2428169228654773
-0.4633950843398963,-0.9714029955707391
0.6396318899361128,-0.9629353640035427
0.6304118170941011,-1.1726791323148444
0.44495716686582726,0.11227968904452683
-0.22779237717239612,1.9130864588629588
0.9653902597355694,-0.33387984138265625
-0.2079718828226095,-0.001563334018096704
0.9654771125858986,1.3657264819700816
-0.1313380499019646,1.2426252001050573
0.694546135140141,1.0789866120025797
0.7983468615797001,0.0763093707798784
1.2071451861529563,0.30433718060330456
0.3963169101012051,1.6458634535714565
0.4303963695680655,-0.23078574837674992
1.4033862938550898,-0.5257721857905017
-0.07135843069988809,0.31308252027474176
-0.6542075662596214,-0.7868634522244378
3.323795474072004,0.25242763561864007
0.09026517493147072,-0.4676732694386693
1.8375943028178272,-0.7868769297088909
-0.6013750668198622,-0.3568864179293457
0.13656486531203277,-0.7568879501196605
-0.8540493430729181,0.24902802686928782
-0.4444705881149233,0.9947921640398424
-0.8649887604392421,0.30326885234069656
-0.7311339832177876,0.1531019243903951
1.1640260630582264,-0.21514684967477438
-0.6473925208260735,1.249882650292591
0.3192309931723621,-0.40872439607093103
0.731072167988379,-0.02336364677338567
1.4927784190962834,-0.2713538988744068
-0.6102176244108419,-1.1049469593014791
1.9311241492320155,-1.285195083954116
-0.42762959449347054,0.17651115031458414
0.029946594945630577,-0.19349393606459095
-2.252778343661167,-0.2878984001936086
-0.7698196759363578,-0.011646687974758502
-0.7429912756077104,-2.0228030564591943
0.4491274798803191,-0.8478568273593804
-0.6082192787710637,1.8828452457785165
0.5738016032427433,0.7222861438565263
-0.060934219683132645,-0.3166098303703336
1.074937402901566,-0.3596326902450259
0.40004717931464406,-0.4347703360611063
0.48548583296128345,-0.21547810500673914
-1.2366189332831679,0.24570863745652907
0.27594133816378263,0.07432694176975588
-1.3688445188174674,-0.3651138618967255
0.036541655861132456,-1.093743652059321
-2.3276213228411753,1.5268907605958908
0.4155806241165542,0.303910209638393
-0.3428143607051915,0.5015411163972042
1.5598178158830034,1.1640602255872365
2.3138060976654358,0.23707806709368834
-0.002569365778504193,0.26270641222637886
-1.5920522978502085,0.7890017822130903
0.3965837106192852,-0.04218392090928616
1.4950998130422013,0.5511042148049163
-0.7964502133806598,-0.46486719274611277
-0.602691651718193,0.18915591161868667
-0.9605965400423817,-0.9100921341930983
0.519305413700128,0.9400424390360028
0.047149179412143256,-0.3374431941497498
0.697939637534001,0.8751036805658163
0.06334547592222727,0.14758346255133808
-0.6050703381653041,1.2927130725502867
-0.07038162380663032,1.79771605431971
-0.8020180686251451,0.022826547080880544
-0.1782784292721015,2.558455445900318
-0.9343513726241741,-0.8445480553190535
-0.3488357729436843,-0.19473576200467513
0.3277015637026922,-1.6034045690578116
1.3864114758156219,2.1260540493098814
2.1540939539776756,-0.4619043200619102
0.45774362631638,0.1309980087014733
1.1860544974844112,-0.16109634382839155
1.0707052400093076,-1.844969832900596
1.5697101621831275,1.2327632779934181
0.29224060184866985,-0.9703546426088655
-2.3052335378253956,0.10975503374463758
0.4573175367261131,0.32558845615273724
-1.9842475511117266,0.5843116615845667
0.47335755206778657,2.580907286680003
0.8310737561922851,0.9562666258198428
0.8708381578854992,-0.7840145554230389
0.26632244879906,-1.192206546290854
0.49244012380236063,1.5552498397202592
-0.5743691027131375,-0.44009017760698954
-1.4625705847413795,-0.9668477625169498
0.8310050019008796,-2.819209668423239
1.996850012493248,-0.943028843851071
0.5212802663776304,0.2041137598207929
0.28954862509089213,0.7138097363884595
0.04710719345057859,-0.08156754398940931
1.0853556051700846,0.4363616883424976
0.19274680700208435,0.5445711158063286
1.999848526813924,-0.10613147316458572
1.008419449724238,-0.12609523266913278
0.22782553370405023,0.6892487890743648
0.7743206418796676,-0.4148593310373158
-3.140415319327688,-0.45224044259556034
-0.30534095476826895,-0.7263190727454705
0.8542112326405293,-1.5501687867310978
0.4802372906177697,1.7288284413276902
1.8411303741388159,-0.2080552603622056
0.5433211126893197,1.2066134963866615
-0.9493794872387158,-1.0291116892847847
-2.05110707102335,2.145514765752572
0.4979961376105782,0.76052856772805
-0.34988647374775583,-1.469293211212014
0.845952921234241,-1.793292285482635
0.5460887878224029,0.006998442679920583
0.01577391660248911,1.5682359152041347
-1.1444136774562954,-0.9974049828786642
-0.08884796106537159,-1.0444995116564606
-1.8866507968700865,0.062257950967236846
0.45928202912962546,-0.3173207642473946
-0.08927203545578272,0.7564426217050773
-1.1993166528298667,1.5684069171748105
0.8877382426070501,1.2263283512463368
0.9682410780782537,1.1833410447618093
0.7506581732167802,-0.06055103815564209
1.041876904437144,0.2456365399397746
1.5980436007365162,-1.481750625372689
1.4378061732172276,-1.3384280900580106
0.09702053816153218,-0.422502870882814
-0.14647881066170446,1.3623135264190622
0.16161251513359376,-0.7925907354133453
1.3096292069419753,-0.5013334978199642
-0.41538228356331686,-0.8587499562593742
