13.532548681290594,2.000943423259371
-10.917075955927617,-13.815148215502735
-2.4370774890987867,2.4966144804272847
-3.9846862425438845,-2.9041952163572935
-3.102673813066863,7.800476896277647
0.7190438074192802,-0.3650977815011176
-5.546310645567127,0.9188661657056847
9.100495953659829,10.809340503418523
3.215446825730311,9.24255888272379
-3.7376957990815685,13.171695445502106
9.478799695366357,-3.9282869764104857
-3.008822358816764,-2.538493531156117
3.0254044303036007,-9.593950295330536
-4.615892068607268,5.995674604099104
0.18680141783069448,-0.5368745733065452
2.8213239068712452,4.996852437731528
5.59306040754576,5.398699035927175
14.315770368437809,-0.30222088768657684
-3.125998606832195,-8.761765164640423
0.19799106173991643,0.998511198076245
-0.8364992107436338,-3.280003489474006
-4.014530327244398,1.7885968950392859
4.846431248675652,4.477464619045387
1.1569185589132545,1.727364966684135
11.597509866835923,0.4835808503762493
9.924949016617463,-0.7526881603319684
0.8949227098072029,-19.632337945808786
-8.876745758120144,1.8190294732226642
5.061307307255647,3.22407950526469
2.7462415448656072,1.7949923989199292
-6.140666719681752,-2.555775878716667
-13.540361618107593,-18.416707362946227
5.887834646167651,-2.1924472224584934
-1.943410705165808,-0.913467676797765
12.953242707212954,15.527143732479313
1.8036273895572492,-6.020555018488379
7.848325337156049,11.540484592556197
1.1057968747980216,-2.1955809547383565
-2.9413345863293703,-0.22598617570573643
-16.512659528089706,-8.83708633925374
-0.7785656524552309,19.592966798038866
-2.611110580127149,10.603305027048037
-7.128109515582629,-1.7316058768192946
-7.409126524595232,-2.1914740955746055
-1.8117446571376754,-17.80911419956699
-6.084952829100716,-5.49489069416817
2.636351506845858,-1.542605927885356
2.4607768592805495,14.667457937543691
1.8275887392940098,0.6811026869723089
-3.313004066075983,17.009991543787127
4.635256357604734,23.19569807969057
6.619476877847315,-1.7155524086471812
4.464634017325916,-7.085373387611124
15.266222210031476,1.1245563531637193
8.60355587643765,12.754776093377943
-1.2481394007449191,-9.934299568442748
-3.53894665825408,-4.061267378593172
-11.910931310086628,4.969743340366232
10.36200401720075,1.2784615728819406
14.764969404284056,0.7541641502495243
3.7667062561286433,-3.2529790321987884
3.332734614934486,-9.766021776968858
9.833368543643477,-3.0238390057646694
4.605077094164383,-2.600171411252513
-9.362575024034971,-9.190639300927971
0.24330204991067816,-5.5481196514198965
-7.528049797627064,10.609312552255698
-2.8253836175862204,-12.782350358098984
-5.134645211535949,2.296599804900386
13.0463811981247,-0.3381610072645982
1.3772276143421274,-6.652073135942557
-2.0554081523923973,-15.023774403607877
-9.392044888128854,7.101304362648904
-3.8024097628644054,8.06715424026823
1.7347685051361106,1.2124492517812295
-4.6702120336953055,2.502025965185454
11.818745504175567,-0.3422762696131785
-4.163729847606562,9.107533090481866
4.09539275522443,-16.772288410298433
-5.921017086123813,-8.256823753375823
-8.99805270560398,-6.424954734984467
11.296099206542815,3.2957259184315086
12.536868256469841,-0.4148900225787191
-11.574167864270631,6.3902376208841005
8.991762156963695,6.880268917402609
-3.0625932302036833,8.779182357561945
4.605664836828073,-3.3485978829420144
6.255754297329904,-7.913691888484813
-1.4092804755749038,-2.1192620711312884
6.435943738613821,4.388268650242782
-3.9982982964387217,0.856807272961436
-14.913474175746574,4.355515839416374
-2.7116872106973675,-0.28208602458344867
10.226835474996124,-8.03819287679845
3.7186785965214337,-5.144411647158596
3.8375667413928167,8.940092861396792
-7.308473857158059,6.390551800993481
3.802762000939098,-13.387158397152872
3.484022948209517,2.966323827308827
-9.140514051231765,-2.4428892857875493
