-0.06673032976557236,-0.8253814371801548
1.4447031970886541,-0.12040059559294865
-0.9288196294393404,-1.1125135690448917
-0.5156529917211399,0.9089492471442395
-1.06514422578827,0.6452785301536867
-1.037569957684445,-0.5420569973250984
1.2253568005418205,-0.9677575440669436
0.6479911476295724,-0.517882050112857
-0.4397057647246166,0.7213380974311598
-2.2803677861401566,0.8182983371858384
-0.174958143151611,-2.048446158394728
0.22427223271994753,-0.20797723190521955
0.6749631504612722,-0.12471694377934057
-0.8889424417240095,0.028987753780984442
0.4424636613943625,2.7055754392935856
-0.02225120743733347,-0.46684396648677273
-0.7705521062479336,1.5674604804076457
0.08533515678872729,-0.3679312976999643
-0.7125507009672228,1.09822981328994
1.578709550539539,-0.8642340793809078
-1.5868609291204205,0.6723200129191762
-1.510567299758628,0.35107730749343846
-0.6793391918139223,0.617786856241757
1.1802248892925056,-0.2236174298775853
-1.0493800142814178,-0.19899517729648752
0.3584589511987729,-0.019056351329629313
1.0073857943170903,-0.5149782657845604
-0.054525372185092874,0.10403795870182712
-1.157366373933476,-0.19777122515756504
0.3096227869672303,-1.4928514230481233
-0.28509796217746824,-1.697210851672114
0.39566168031146426,-0.11033917606018119
1.2029599783859297,0.25667747349967907
0.07553319198010923,0.8636959108933009
0.03565846655692484,0.17074476782795742
0.4671745387387271,-0.4842155256411319
0.9322391736766475,-0.8161331523262265
-0.09255986685787111,-1.1400088204149368
1.1319970271877602,-0.1358832953430805
0.49122288486447435,-0.46871394924545484
0.5663431579537613,-1.3023595474619927
-0.28014478272437915,0.5551263356179826
-0.2549841199899147,-0.9296760912105875
-0.8965965760736353,0.61988104289578
0.17107572500852905,-0.20294099963086776
0.8407416375391246,-0.4853835109654822
1.4772781892021234,0.6559804830851536
1.1538031957242847,-0.7821041922711777
0.697467085395813,-1.6759707152371992
-1.1708435869440041,-0.1407522393306895
1.086988169992597,0.6103572775719763
1.2630019574970972,-0.10729919614417378
-1.3777333842325126,1.6201707627017954
0.11397392759393682,0.20150266903299735
0.4654912151432302,-0.9207445542871515
-0.3167982668784526,0.6815277981213225
0.43951656319451116,-0.27514033103479396
1.0847106324665958,-1.199545857618514
0.41692473125662427,-0.6735952912932863
-1.3025593799695339,0.7253529338533056
-0.27905303371830414,-1.1837622969774197
1.80800926051924,0.04694200668970556
0.8006618105688288,-1.8735563225672878
1.856928786681623,0.3660955495750276
0.8967941807822697,-0.7513540576855505
1.38818714763302,0.4819803834849399
-0.6680129777005104,0.03287091207947519
0.9410379814675086,-0.494431992188528
-0.21864868269399174,2.092970513623465
0.0027652953806890745,-0.7362701650644272
1.8776166841650908,1.3406616151800537
0.7290230656839483,-0.5700781206760371
2.2078357514490765,-0.2913545482421485
0.6230362295171895,-0.5299558458415727
-0.22300766575573602,-0.6142314826361075
-0.1627530228594646,-2.1472717643223764
-0.6573117776337477,-1.1780465086790644
-0.2960006848910763,-1.3554341448177027
1.3108671968890953,-0.05203625239621669
1.5393167558613396,0.7971857082869853
-0.13653984827625118,0.9721568680741504
-2.096454206783379,-0.9440064096504003
-1.093576827709379,-0.5699705824881952
-0.4868734419576536,1.1464543618467982
0.8766657322901421,-1.5161442396402895
-1.0294143503417708,0.09710036236414349
1.2190837773021193,0.17146669325778907
-1.8633678697604568,-0.2026512877574874
-1.4721148414832075,-1.5638228222304165
1.0118771759422749,-0.305720871202799
-1.3556956744474775,1.789716431328116
-1.5603065989316713,0.8198123716468413
-0.29368540147671623,1.587167178982667
-1.1735531752266644,-0.17686060336302567
0.3235863007468272,1.4111283743620746
0.24165662440859068,1.3343270592389007
-2.7442886148744083,-0.19663347138376489
-0.10825968471845727,0.27134222451600304
-0.6163314360655481,-1.0187321289780136
-3.3644578951110096,1.0650646697643755
0.4740479285050218,-1.062298212763464
0.345727969442663,0.727963758358083
0.36513784638800534,-0.1472591174752946
0.19402349018518553,-0.7490595058813296
0.550270994034366,2.17437740178506
1.4442142382486978,0.47208196823928544
0.9687166666966662,0.009444840313897808
-0.7637725518400704,-0.3303424465627608
-0.3992537387801511,0.9757466708976112
0.1055013532611512,-0.3942380487301636
-0.2126069861131613,0.7281033900253387
0.7832889359193164,1.0264905930515107
-0.42068635690289935,-0.43412889503498775
-0.9764896112228006,-0.562258419518268
-2.8490576184644727,-0.2552523246743342
-1.551661072367529,-0.6673249323180999
1.5885238967119826,1.1154879242307874
-0.5251314946655452,1.6565283991826547
0.7653035690092528,0.6279545587616522
-0.9022906428393885,0.7810063755892954
0.0806096762653486,0.6051995032568435
-1.5511000921194966,-0.7891772113689706
-0.7286013228565098,1.2059461688985003
0.16391721130254683,0.24753067957439023
-0.3486565306967157,-0.9346552090548095
-1.259921390411892,0.6863190291253598
1.101340182554875,-1.8311306808280066
0.6131980305284465,-0.897319778546394
2.388429335427807,-1.1015790696470826
-0.7912053234150838,1.3149856243790738
-0.7218249915206916,-1.7686728815785802
0.39915289101318724,-0.31162361426244195
-0.10115895368744626,0.5529171026999417
-1.9459176921323724,1.1583542648962446
-0.23344955852468793,-0.6237654521153241
-1.2772734263033552,-1.5678212888217855
0.45227785343669935,0.1573816837562818
0.34212508074347164,0.9932533294903904
0.2872985359981719,0.9500765069395546
0.2936228722819217,-0.8080383774220901
-0.2793283260632576,-0.6212175467422888
0.8874836391127445,1.8950950059995253
0.30470588187381475,-0.5287970040527723
0.18331698359703838,-0.9469375691998488
-0.908652137040552,0.25726333261540485
-2.6723664890003236,0.5196910832975933
-1.1073311520881466,-1.072054364736667
-0.8270199462589699,0.6859919677101118
-1.029222259613624,1.761929173329951
-1.9838056284247179,0.5212786197545389
0.4539947039354649,1.344996652741023
1.0672481207546496,0.13374367242593457
-0.37981161634303223,0.07188412120743584
1.6088325620981234,0.1322054641357299
0.2684689914204423,0.7761376359854291
-0.6150449638866605,1.353139243419263
0.10802835273902797,-0.3627803684518492
1.4636757082194891,1.1710869130217005
-2.1083664236968964,1.0972964625906565
0.6193552213357884,0.3433358782020148
0.8248242246887886,-1.1873103084187364
0.8334862406835322,0.11473244640338483
-0.006112370862987624,-0.9048897380503095
-0.6201773893379304,2.974157846233957
-2.196431820198332,-0.5677541669434713
-0.13480505257542355,0.6906876217463485
0.46715228456079294,0.4785628717554159
0.32802231432763285,-0.04129869292791381
1.063500961676371,1.054262914888841
-0.8776457310524266,-0.7959731066457415
-0.8541538076953448,-0.7884613737783109
-0.125380476867873,-1.0312621910015656
0.31868672692020533,1.2670198582727807
0.7411155134775477,0.7904090587981548
1.8562950226625086,-0.47023795940371
0.5467149479774497,-1.4746028038811656
0.6704324305483035,1.727690442610229
-0.0932439468445497,0.8121430507445242
1.2126482198539745,0.8742490967945127
1.0840532532504936,1.1366705787275009
-1.9134342259626955,-1.0364105968589319
0.862466481265577,-1.8827368056118234
1.8302863923099457,0.5424663359792186
-2.3258205033910397,0.8872524702720785
-0.951844857769617,1.1529719030822148
0.3955296852110096,-1.4383669650324789
1.2819390177380132,0.726933930822058
0.257812015763179,1.6744382425207782
1.2315243503307003,1.669238797450648
-0.17062679923116578,-0.8458596539640204
1.9558450801582716,0.5239443345631858
0.02934463852078337,0.3868196346600972
0.622777484606141,-0.38552760688849613
-1.7337361135075704,0.24653470458760113
-0.25254926947394013,-0.543738481683892
-0.8763277763054415,0.15171360696954694
0.39203963472545295,0.7122340731273101
-1.2891034573484792,1.0984082183739066
1.2330850429390796,0.5173443719442821
0.35669525838757876,-2.464659334944164
