0.16112359609552318,-0.08901347379317207,-0.7386543238196142,0.5686096615607026,-1.117086750296001
2.739640932181979,0.7323468588084472,0.002678188727448628,0.07950862414903097,0.7432130424892752
-0.44946210038234585,-0.4129235241764488,-0.8245050525052228,-0.5428718695834391,1.836665962151829
0.09515583509815176,0.0828383408532469,-0.02436854205424069,-2.111383356221796,0.6630452113477561
-0.07440581733643656,-0.6198205987178529,0.015516227237047514,1.0528849170738956,-1.5719603668263533
1.5771212263525531,-0.8559212445749748,0.4797803519119471,0.36827959352193923,-0.173133794421595
-1.5000684151665804,-0.10264842001957478,-1.5287220629628109,0.2677032264153505,0.3897547683267449
0.33599520886019946,0.5378328395926366,0.39791175167234777,0.9154518827190752,1.3284274971180634
-0.7654817834475829,-1.6906154563391103,-0.2511805706018626,-0.7719752398782405,-0.4864083753954154
-1.2346684581743899,-0.9125687397057833,0.7602709225281905,0.9109368602308119,-0.47579978256924266
-1.4047793071499575,-0.04754232446058633,0.29449265957254217,-0.6995659506066183,0.07925580383773285
-0.6441166555068288,-0.47715782340371643,1.1787360396300777,-1.227058959811866,0.5686341314490541
-0.08729289228326118,0.23208601488798386,-0.3706599582057904,1.684907738338799,0.5317196433657668
0.09969590958225893,-0.10977056109754502,1.011793790902814,0.23075050169198155,-0.3794450744560983
-0.8406233051050953,0.41837124794591635,-0.017975657374284047,0.1190603985712834,-0.2233693016699207
-0.08440487973902934,-1.144851131073114,0.2129999317279399,0.37191352979722037,0.9823445883788274
-1.5597619774586537,-1.2778229941298545,-0.7720089965554013,-0.05694409333672368,0.49300618812714214
-0.6306276926807193,0.6647161582928822,-1.56442327306996,0.14456786325014348,0.5868387270361325
-0.21555504133021777,-1.1096157393541641,1.1767309353135453,0.19417695903901583,-2.0470464699612694
-1.1781836930736926,-0.7849749834420754,-0.9730491445139222,-0.18501000494399222,0.052037488437049764
1.1096810488529676,1.3523646312623763,1.1425324984196097,-1.8146200402790225,-0.5011544015577293
-0.5818482649195528,-0.9904226538446387,-0.0018493836634657754,-1.2786009072009772,-0.0075196743965086675
1.319570975003792,-0.5930646659083258,0.5157259880273438,-0.6641168596779221,-0.29429195621270154
-0.8722417443642735,0.35614735336047704,-1.3139096780554802,0.21187599638796636,-0.054106392686549765
-1.253440854352253,-0.23860922220470077,0.5982459951881451,-1.6501376803876373,-0.7644806983163239
-1.5364833658492525,-1.3354204657005149,1.4151319374613784,0.47758726556937164,-1.610564106583446
-1.454644025194566,-0.2458835052439436,0.5644102755703271,-1.572086619241424,-0.09022270861490957
-0.25012171610974887,0.5352397909268442,0.02947776348293525,1.6678353308080507,-1.3026740138496458
0.5720712854108778,0.7118841270850927,0.8935569352116676,-1.2136532749844118,-1.8679595856534927
0.537964443930573,-0.7429070176643836,-0.4211074035119329,1.4346569114699685,-0.18226281406123299
0.6660209891036935,-0.42793327180236684,0.01618759318341329,-0.3905575619172378,2.420480482288782
-1.5859727894528488,0.274486749324149,2.5050757918449134,-0.5746432543278495,-0.14136939170947446
0.16293706477891454,-0.21694949143422007,-0.782027544974588,0.9623053756862502,-1.8955242348709909
0.8275031555783267,-0.7890877056768635,-0.32109693571871534,-0.880289482326291,0.42012410547540907
1.3001993263906413,-0.9694802500347466,0.8682512150012813,-1.4319760200665586,-1.2984691976462066
-0.5790688846955769,1.1412082347253139,-0.3796778005757108,-0.39225152786950623,-0.5598924628221096
-0.04676488070540085,0.8260506804514509,-0.10234193643044447,1.3296474215468974,0.07521114620675165
-0.9885493568507345,-1.3546951409789194,0.4036635821522298,-0.2787509673876138,-0.3991066084792197
0.6382559106770331,0.9196959632155063,-0.47303726752619485,2.052294552489687,0.10625831712056397
-0.13602945045069265,0.5777622209522858,0.881018043904164,0.4990277622806265,0.31899630125245537
-0.24731195949056184,0.44760870537940284,0.6635279389802206,0.4100477852240422,-0.543025920572809
0.3406410850042162,0.3349968953748037,-1.1846645317232383,1.4937759271190583,-1.4229006175958785
0.924638323712605,0.8362730071079092,1.7860185961648234,-1.5433067477565154,0.05923457791867407
-0.11957123965302145,-0.2940393682935518,0.5348230664651912,-0.17413937175517147,0.1308738857192607
0.2882911145213527,-1.6517886631878151,-0.8015678824426266,-0.47763178718390764,0.42669093489899135
0.47077777867522314,-0.3035501792977063,-1.4210869179725663,-0.2748059394171063,-0.7041778591041682
0.431327350525609,1.196276654915927,-0.42556421782914994,1.1862209508388672,-0.5039384534912598
0.38958846768667693,0.5216202403290812,-0.12354271814064553,-0.07579865997561694,-1.4307180665226653
-0.0170472769023748,-0.5869769209810374,0.10013791768641629,-1.0013251007751969,-1.884529651891693
-0.6476454583748487,1.7068512281779318,-0.09586470235263647,0.7106790693647589,3.1532240733418364
0.8604717737808101,1.9746775868513855,-0.5495624385720693,-1.820225379745455,-0.03578348757003506
0.8699323853054829,0.4272532804598379,1.140040711152482,-0.7106589558758372,-0.47447916492920145
0.7478008051615351,0.497008549566179,-0.1831307609448944,-1.111113047811958,1.4142333961734976
-1.464331801374763,-0.9839908993400075,-0.4140676900548111,-1.7101480514757417,-0.6793790018862406
-0.633585046426794,-1.3705401752389914,1.1416184467882031,0.5859149732763692,1.619598122054209
0.09670887279461018,0.4124661372812838,-0.279180651213408,0.07177569048612663,1.5433211270528582
-0.31946725705397955,0.16819604892980203,1.4473186096212685,0.5341377707007561,0.14077953994020584
-0.4928737027437261,-1.3744722207165712,1.40692674117362,0.22028967576536368,0.23078895016052384
1.933971918455052,1.7687208548402809,-0.44524617352693635,-1.0242329901650822,0.6047698868769527
-0.2400138856455731,0.7772699215087041,0.7955906466582102,-1.197098277137911,0.30518225740664173
0.8986572046582683,-1.0393347684153798,0.15259500187262717,-1.0805776946077172,-2.4694805555242985
-1.9455133945498766,-1.3770810039856147,0.6265837604608084,-0.7390409275401415,-1.4040892133781608
1.9479627008600635,0.35909792276015867,1.8790673131850282,0.2776185502415321,0.570983365895156
-0.36578287042963176,-1.1389978580373468,0.36795515823523967,0.3700789778524229,0.003385248581041689
-0.4638799228754212,-0.587903818758431,1.3755522090822414,-1.403654679321482,-0.6547995344437753
3.376621857810646,1.829915618016972,0.9836867531091082,-0.3441823401550903,-1.389308985739272
1.4541476020542514,0.14625578854583562,0.03357247183027983,-1.6057956864009346,0.29069963565326545
0.23469823833638048,1.5025550182146283,0.4175025341449014,-1.4305269627266528,-0.7076322599412803
-0.24514314950421026,1.6928642647581071,1.2829972017131657,1.0842273139731107,0.47344424866659046
-0.6031189975807619,0.36331965755969786,-0.9778137603294538,1.5332116694110232,-1.151551967745131
0.41853190211740443,-0.14395546538970194,-0.45787087726713305,-0.6524878733523011,0.6741472716530286
-2.178655132475438,-0.046129733950029055,-0.5547112962398887,1.1263210625004858,0.6744238146037481
-0.8475106492781855,-0.43745841344108244,-0.20544908768231152,-1.1517253660890652,0.3950272972951382
0.772909478948045,-0.6697367891659539,-0.8893991903882188,0.5926929608156918,-1.2789767770403606
-0.16081659689268898,0.6495324206530684,1.0339874582590673,0.2879615109350868,1.8621581836057113
-0.7704018870498802,-1.6276853000962899,-1.346663248204806,0.794824962156113,-1.777113632629273
1.15998823293546,0.22098500769344825,-0.8547181481590079,0.3813798338891983,1.894808658586186
-1.0060089245441528,-0.19246306808116048,-0.6580097937809547,-0.7403385115714691,-0.7341677232070628
0.704400869732376,0.36562418232165,-0.9091622373243127,0.8148582507058081,0.18094177885981816
0.3221972824795761,2.358251747785723,-0.6028072952520098,1.614964711360055,0.5850712525987367
1.369843139193827,-0.9425408063914656,0.4678065043007093,0.5109516933408514,0.58794279384297
-0.16791099106717122,0.9240351875475906,-0.4531258392325468,0.18828675437367662,0.6843209401449877
0.7103143544004631,-0.7097813638284927,-1.4245681968170842,-1.2207103308353981,-0.013439357802188433
-0.912251270120536,-1.3839802278294298,-0.910707213981276,1.3109475193082465,-0.3244543907864776
0.2829573513645646,1.1288851794873718,-0.65634024072711,0.9236765705758171,0.03620392021590658
1.0847845745451128,-0.25370967050791254,2.0472616800792247,1.857006117557112,-0.6290435748533586
-1.0232469989473434,-2.0313254448881115,0.7525867333956439,-0.9122445249731028,-0.4630008591577313
-1.0661571054098757,0.19414076422444038,-0.022894114137574088,0.6983234892913046,-0.48805224662317753
1.106390727798899,1.2107160848005412,-0.8825716359317469,-0.6802917137193492,-1.8447974389252926
-0.28836247343127797,-0.6489779820000424,1.3098761973540756,-1.165395331650185,1.4050027439403068
-0.6179208464996652,1.0667782247242255,-0.9039827746334476,0.6496434013604913,1.293857187668203
-0.43847668496475084,-0.8355873350530132,-2.7941546714750127,-0.2114498617375609,-0.35682392116466716
0.5572737476210745,0.5101175209945973,-1.1053954914987858,0.8770228310042132,-0.284258086777403
-1.553971074611842,0.6950222906963326,-1.5094068102773497,0.03250093777865008,0.06824425989697673
-1.1968320588348111,-0.6927968555311276,0.4822892906732405,0.09948236481897993,-0.34782146888568216
0.7792110737332066,0.7980768815231031,-1.1568233402793382,-0.3494322253437103,-0.7356837926498575
-0.23473191657132272,-1.6121598533182961,-0.6540973280823539,-0.31490766926954916,-0.5707774840505969
-1.4260624845793055,0.8574356754382398,0.7891876977819648,-0.3597876044964543,-0.5820163102802832
-0.9575076489792754,1.6767592384944896,0.9329347789474537,0.06893130721630243,-0.2520789816639714
-2.32089183040316,1.1983259519233578,-0.04188044243391345,-0.2558181855292172,-1.6143141208528229
0.16900831961772572,1.031670931463814,-1.5181602364155655,0.009869671540569202,0.209955149088106
0.03695924458252512,-0.8778809150930219,-0.6173223453098169,0.21784043783514032,1.7095866998497278
0.11921462225775492,1.0866305289904419,-0.1548329323769166,0.5847209362720092,-1.654170140572462
-0.7296854581767257,1.6889905506918776,0.0475859937317712,0.2619195194010277,-0.8802762447523228
0.09828555959746173,1.1681826468371783,1.2681059624067532,1.3783204121475188,-0.5036415585217784
0.6621810383840054,-0.1980240702501028,0.30674850643241147,0.2499352298400035,-0.12039175291860332
-0.5461093622009581,0.5177034089563675,0.49033196868130186,2.8104361875928103,1.1565301448377352
1.0088321909535312,-2.0567183451273574,0.37343251367049624,-2.2528203463544823,-0.9426924779726836
1.500978452147359,0.28406425391161816,-0.20366849098228376,-0.6850816630854908,-0.22644495316949392
1.5450690987115279,2.2573966284600657,0.6359627005083356,0.19459915626005525,-0.04733367894854624
0.4141971545182471,0.794278982394485,0.5850577852446117,-1.3547516575807839,-0.5669129651211323
0.24466172946258793,0.40430881535815366,2.5162511393251203,0.2560444633918518,-1.2846561523133782
-0.235520045037472,-2.1572315028094136,-0.5252471804745704,1.2455528097475324,0.8276117311813885
-1.1804225079283903,-0.45526252087542907,0.8301387788468074,0.2824310786930141,0.20473913968838534
-0.8241444479910428,-0.34950906079390015,0.46237641587929207,1.1069865926524916,-1.0093878130727867
-0.4276659079486852,0.695421723351155,-0.3304359484962641,1.4346886212261385,0.7613560927933538
-1.256760896423615,0.7077235882204839,-0.720930955470514,1.253897583421075,0.12383552053093036
0.6348973997215906,1.0251259720932464,0.593161512785603,0.9761401517805809,0.5248042166499103
-0.1296559846938113,-0.9396636464298749,0.23386484812133163,0.26714289336234065,0.4138086543882209
0.11579440756867541,-1.5865748705578495,0.5299597270610777,-0.34582542622765766,0.04733602258251393
1.0742459561995197,0.3657620794532568,-1.0158051200805132,-0.035692300280332455,0.3195951014459603
0.13629802601984178,0.6108656013493214,-0.022765314807534926,1.465324959639695,0.6787691773483427
0.7352395944391537,2.0660939089350117,-2.764661641918347,-0.3627675691899258,-1.9637999697497026
-0.8904094922990419,0.2911437088561468,-1.395855829278069,0.8087748227404988,-0.49582856310393086
-1.0424438181565137,-0.7224632179103889,1.5603429255196117,-1.3136060866690042,0.3178400045767143
0.08083401098751092,0.17759013548084518,0.9607184822583724,1.282215378425013,0.746467281357562
0.3384378118731913,-0.6792591697834589,-0.06120038971038974,-0.14832004658062836,1.132259261850966
-1.4964702898142326,-0.14919410597047267,0.9186515447884638,0.5841046809450835,0.043230270437683745
-1.8712790396367436,0.41699038890689644,2.2142719613825226,-0.7406497817947554,-2.1542012676218727
-1.1112216921778395,0.5716373261859387,-1.4930942159237297,0.05290965169419571,-0.5716200857586295
1.1485280282863428,0.6486282500683306,0.2265134194531929,0.23662357341711077,0.028706118748726826
-0.6361105497938706,0.5634705342144104,-0.6730737113241982,2.050578302593195,-0.06139933200258787
0.9412897428222028,0.44904874306976,-1.119969649635997,-0.5598061789622967,-0.34610554336788524
-0.5316993301525519,0.5961926854054448,-0.6568164080075245,0.5240093918517754,0.08101117698704541
0.10618732710912691,0.315708148263733,1.1755850890117214,1.4076086016428275,-0.3927798377640272
-0.6524047751524767,0.22191435774281626,-1.0786161676857555,-0.08898217517072918,0.3248152909765325
-1.4850914474254682,-0.9841063765928146,0.6958782543342937,-2.909417228037584,-0.7011448756015138
-0.2786003867001172,1.481842372239311,0.008668730338858923,0.02800219617411519,0.6677757958146129
1.0586391675683138,0.9495803559607132,0.5365774349403696,-0.7458110428133894,0.13595817358786697
0.6478521835213933,-1.3831246833086497,1.4684349229692015,1.7686552495077763,-0.6710959023678765
1.2483595904518523,1.950983278641824,-1.258845567149339,0.09123787704843973,0.3968717228780023
-1.2711768478189653,-0.22563710151742303,-0.7964542320421174,-0.06056279809882624,1.9325090797246565
0.4486161173636633,-2.162901295222202,0.8882390120147821,0.2905601333602447,0.776838089106676
0.01801570511409382,-1.4114898510176765,-2.2552979038078296,-0.7211699969877745,-0.10469714158982564
-0.06883001647559248,0.10255789376129656,0.4735833505044161,0.4821585262714512,-1.0408621254036252
0.8771263453971752,1.3846200943495783,-1.5918536130457097,1.3016080512059736,-1.2568107078997224
0.3022008351729315,0.9992829224872022,-0.9126744534662736,1.3122695607660084,0.21238149645471915
-1.3812501106861048,1.3739362672427964,1.116691562871516,0.7363509670022843,1.2114588792477672
0.37255419628218883,-0.9292884446362714,0.821166558342488,-0.1624707363347395,-0.9669787291663083
-2.6533290856967575,0.09889436616507788,0.3240423183751983,2.6782741009699227,-0.6132017261719085
0.25671663071955975,0.5508135210584372,-0.402671113553783,0.7508252618799242,0.394767831427431
0.6841301479670279,-0.27242030950819285,0.049874583216160694,-1.054115391297665,-0.7582175819729586
0.05561964270555378,0.4916515433373515,-0.49867940460186944,0.35402715183433503,0.09128305679636699
0.8858995405763712,1.0686320272889909,0.7316123936935608,0.8105140301830469,-0.531020858469297
1.1757472654361303,-0.9071079060822839,-0.37347613514531564,1.6087707221558547,-0.11059549446292773
0.7493638473423989,2.730838804353241,-1.7181742266160707,0.43769567535361686,-0.36506180490048207
0.04868651466023362,-0.9645216548816786,-0.2778453436572649,-2.519756829780688,1.001117866244458
-0.7490010489207394,0.6085605450254015,2.355586830755283,0.3557639991397727,-0.2567205979719611
-1.2370601559431038,-0.16420601487780057,1.5213855498966418,-1.0602330062701197,1.527017846801083
1.5449190927914374,-0.08596756353353696,0.44833500324375536,-0.06572024544873763,-0.033187794566080224
-0.33459871507581007,0.17030367377299185,1.2197444893620462,0.0834053477412743,-0.0334566220286852
0.10699552991142058,1.022429528500599,-1.3200447809065243,-0.7159875716706796,0.5466366650203235
-0.22361015412069354,0.07003251751877732,-0.6196564935921524,0.6597244535492173,-0.7942769022998389
-0.16937789492482214,0.4921967165405323,0.9994794918195062,0.3005359845132029,-1.0765935585631587
-0.6217172961056661,0.7145521589241405,1.4804429200608824,-0.2158733559688009,-1.2115940718550893
1.2952109795406754,-0.9773104796692862,-1.0103696992213214,0.2749665809340641,-0.9205692487951896
-1.649670701331295,-1.1349252933438363,-1.1317220631427543,-0.1513567741979769,0.25289257519231684
0.561700716416436,-1.7708146128226412,0.15369044748265687,-0.22663962486438163,1.3109285248518148
-0.04655642317469067,0.9453639869765916,-0.3508729680001613,0.9479619802334978,0.8374024246079329
-0.3404853367243163,0.07423494587598807,-0.012830929774335932,0.9967117363869019,0.17969410535787778
0.1190824303585097,-0.1192625275698893,-0.5429397766610055,-0.09054059390173072,0.2485471765806528
-1.1273285142903786,0.3608711001671828,0.6992732910579867,0.5874263914655968,0.19727091844002373
1.9899246728265345,-0.7376670670675638,-0.3929165811338255,2.1686292595751464,-0.34857483421704355
-0.6532979122245178,-0.9974065288133741,0.6850460430064326,-0.9931978789549741,0.32840672754232836
0.7102710726541157,-1.0252169547412813,-0.39138772943221634,-0.7811935696726563,-0.7649018446743214
-0.3703039312959045,0.23065017087520148,-0.02214747444287876,0.6229417083436725,0.08534458884772685
-0.6861150318099154,-0.19355458314651372,0.6207707194096839,-0.6534125359869392,1.1708733814224426
0.133961559931888,-0.2351748429685042,0.4585380147868073,0.1581773149063176,-0.41325433329136235
0.3886980604709937,1.5723909177328224,1.2661316986085056,-0.8333497905056034,1.090392448049974
-0.1771674976500264,0.820125988276248,-0.5712206370548356,0.7625067914641612,0.5650366974316525
-0.20403321367743063,1.378001405593712,0.8676186638288318,1.2019841487763236,0.7145332174186515
-0.8239089079879012,-1.5379099361907758,0.1492908303253596,-0.12096330744500361,-2.0746459675316986
0.35229844870803567,0.20812472871743204,-0.1999405359475025,0.23624765759427546,1.3684515237784523
0.17513830100809394,2.360447765517696,-0.861455411350373,0.48051117784185315,1.7852082249277146
-0.16772466725970267,0.7996777404331578,1.2622574653102578,0.43202730685285773,-0.4228205986756588
-1.1514049909563444,0.20057204205589346,0.07250377264198456,0.6569195820592757,-0.9358296652683568
-0.4696272196033308,1.0829091233099926,-0.04729164372074257,0.09885637633259345,0.8905675122780898
-1.987421617795548,0.27355411097935833,-0.36157066707893,0.40280303638268034,-0.6185256724755984
0.990132603612368,0.18445093122157327,-0.7504462724967688,0.13288917424783353,-0.015985086706986094
1.902135134398005,1.5275053381012158,-0.24682180024656536,-0.7671420672395638,0.3882184645782112
1.3215404653685294,1.1945975179403572,-0.8188181949963266,1.2645123564864218,-1.3271966375551405
-1.638155885463858,-0.6633160970218743,0.6128556293991229,-0.8842063314146699,-0.01689560213322477
-0.6887332525513346,0.5252840203403621,1.4502925451384143,0.39142872667583745,0.8213070725494072
1.1901371689236193,0.3145150714656416,-0.6407934522798129,0.24302770886364602,0.10541958584614604
0.12643248747880967,1.0443630013791407,0.7923706700050509,-1.3251309202293837,0.16067194668236714
-0.005384776575821292,0.6118237108797466,0.9927868012345497,-0.4564169745464933,-1.1436839997552928
-2.5397776358480346,-0.1934377448125825,0.31345286058323824,-0.841222115741199,1.3809330169498875
0.4144025551247343,-0.053421952392406935,-0.8639400502116384,-0.45484524569766666,-1.1023310426375337
-0.11191745092592774,1.214240365064035,0.016130147707684967,-0.6760698804327598,-2.648471716527909
1.1518094881565768,-0.8194548065064345,-0.8861962583469142,-1.2391297587665344,0.40993921661132604
-0.8358134376911578,-2.063125410966937,-1.7853087121959625,1.1098148803187573,-1.214473187145023
1.2447083271307298,1.5089332377931763,2.228057206669917,-0.17845305158509353,-1.2761783713066286
1.0363874141769556,-0.21089959428705612,-0.8292338987389151,1.4048804319403458,1.2346190534658223
-0.5395285948555476,-0.8947390346403225,0.9712388857731441,-0.2977392187260181,1.2398335834962664
1.4527167941733854,-2.5463920165292855,-0.6083588027456444,-0.8267202486359795,0.16262176896875613
-0.0034803404420519434,-0.9127941709877023,-0.0466242610156107,2.446042968389041,-1.3508701962571255
1.1818825338293626,0.03500095178355469,0.3707218224544699,-0.9085944478919148,0.554796755953922
-0.0003109711801578703,-0.32368766097040413,0.47603862853262396,0.699504524491285,-0.9704722137686668
0.732048627443934,0.6311799331403949,1.3956168672793716,1.4669327410388155,-1.3742594011299007
-0.8800376399152525,-1.0452994615407014,0.9617330554865683,-0.808151186575598,0.5588101994157401
0.3108156078809408,1.7260457283612187,-0.5147408325457087,0.07517861964067937,-0.27508778563244957
-1.2313828649773506,0.12870348218463107,-0.7875101102828204,0.09231404647498663,-1.0096381391817097
-0.6080346132809579,-0.4505325863121506,0.43519625207229484,0.7211673656076462,1.1505169980947658
-1.1084310739856613,0.09133544152130779,1.0132313931344576,-0.9281622583794823,1.0502466718062533
-2.1159575854791335,1.4094517089917473,1.0760872372841839,-0.7914629249048799,0.8796386526233639
1.2174018613382787,-1.8084400401110845,-2.0956834106491558,-0.5395553901487155,-1.4018700883188067
-0.4827832819541116,-1.7272527041466688,0.22245207157831737,0.03695863185224112,-0.3704239234261078
0.7815667691568,-0.2717688528339216,-1.1344517374599006,-0.9606050010310967,0.824690025919117
1.5616160896142661,-2.0469680075407934,-0.8326053841697071,-0.012465547131342476,2.11530583089497
1.0310527372832237,0.6221157628825867,-1.5162074261888832,0.047218630625077425,-1.2498599499475533
0.619317082707067,-0.13628908463114542,-0.4927633811686339,1.0554358560847859,0.5149381142106398
0.32325845029245637,-1.2403420755654035,0.9030517951407306,1.594989608901959,3.3676883993702695
0.6890454656641062,0.0497219296818369,-1.1566598187812636,-0.712384374642406,-3.1429452218937564
-0.14357501769540734,-1.743719536317783,-0.34435031982474973,-0.9104263815636078,-1.1744339065540028
1.5669525223624368,0.3306140792813835,0.41703783038535397,-0.2508530654336381,1.7487998277402956
0.01175607513276243,-0.3766146672368425,-0.18465400566732862,1.743038377274305,-0.9151787666348496
2.149447186362683,1.385052997563651,0.23407106814403578,0.7622857283417723,1.5110407692575545
-1.1485334293226575,-0.3066016880795022,-1.2241190515258729,-0.37446784803795874,0.055440443199139156
0.04054250861953488,-0.6549089542191432,-0.9195126907928205,0.15817534942949785,0.009615491822502611
-0.005458865259444772,0.0065678287389507,-0.3843454640957385,-0.4963182563756067,0.25794262226399894
-0.09244426876801178,0.21109470169781328,-0.11283368316299358,-1.495760042983594,-0.8077504142251607
0.5091939259674887,0.16644978618216394,0.36983405940042907,0.7967511773485283,-0.06630763668903757
-0.8342348295464694,-1.7007010756890957,1.4696139464034192,0.7671739054822216,0.17460717830279074
-0.8581449726563474,-0.07652284228270241,0.033351576474298844,-1.3485930652267824,0.2011770135178182
0.11167711891699848,0.7226431221735612,0.36400294827183377,0.14835688153379645,0.7011932946972651
1.0565364336874363,-1.1863728823941952,0.4251800345573821,0.5111311453940081,-0.5493673977811742
0.8893950812620285,-0.6511461103525322,1.2991835529937477,-0.7957392909233292,-1.911057468209956
0.9133862836012803,-1.4416057525937356,0.07249137722921463,-0.9877224537599975,0.39797737200456923
1.417258722374007,-1.3592401843785682,-0.16602494937298923,-0.45364708127153813,0.13674991754726393
0.008400207811448646,1.222737534365494,-0.46555261474597787,0.849647038622341,0.12999673633817044
0.8554230170710857,0.586241145479638,-0.41540043518687786,0.3507476681004173,0.6925034172514448
0.12901776886694427,-0.2318956790779963,-0.2804118439223163,0.04839841831915603,-0.13862097949053215
1.101591491603939,0.3113356108078787,-0.8991281337684601,0.6547428647808334,-2.428742394609999
1.6369004956624553,-0.043250872592587856,0.5804539941924758,0.011799166610181546,0.41958746771607275
1.5173931176767865,-0.5526163929654643,-1.6078610560061506,1.2667570378408644,0.33566388301185207
-0.5139685659035705,-1.5557362468215543,-0.5344745615293838,1.2134141503647125,-1.6231073561555691
-1.2441724741663343,-1.5447607042561498,0.39307443028727174,0.7212299614998671,2.2314295600787326
1.6302307242255258,-1.0806662394583422,1.1894843068034198,-0.7913911133997089,0.13830802980198736
-1.0164022696129904,1.085877412929825,1.8596284381217183,-0.11001420852675069,-0.5292552291055699
0.1881337689069214,-1.4008708684688784,-2.2697400785690816,1.0874515835750675,-1.3568405655955273
-1.5892448065602096,1.0857445341603333,-0.38516388221193876,-0.9643480191497313,-0.16297287300405738
-0.1571584785660058,1.236260521834949,-0.17168103271832813,1.4887373897906346,2.0491604923326125
1.7321760281004883,-1.148153153021495,1.1079531508261227,-1.248928233143485,-0.36511481894310405
-0.6819625758869364,0.9037886757374795,1.3791332984044398,-0.19950232128420642,-0.3243560953828295
0.5591714974106666,-1.0376379545527212,-0.47827645587516066,0.7303566705560722,-1.4251270665605256
-0.4013212721422474,-0.6029922894094986,0.7943526914105401,1.3113239533792846,0.2586355538545314
-1.2232153321900976,-1.0497300628105157,0.7390732260836484,-0.8825478455270142,1.0486449005301752
0.20347753721316794,-1.6601992871227647,-0.6083624289968947,-0.20143284733544195,-0.3723521066618876
-0.1262110864037225,0.27509009423245967,-0.6869557483292166,1.169261519232015,-0.9650329854967757
-2.283193856417637,0.5231116249800665,0.4533011828339644,0.7229996375853819,2.0455566934322733
-1.1049250506488286,-0.7109080003264031,-0.5475440985763028,-0.24099205181662908,-0.9150834855450107
-0.5565280587161034,0.9014932884713146,-1.8885978627957551,0.8629982926002004,-0.07280903912844094
-0.4477636731706196,-0.17818433114374252,1.4851967536781912,-1.3408723541441814,1.1738600269294577
0.7859361509358441,0.18525481681929645,-0.23699032522722455,-0.08052839622949705,-0.5740133831905714
-1.769896891201059,1.1091157063758643,0.08740030049943853,-0.025941880356219905,-0.6349902595521212
-1.2191835564851512,1.4614060080608806,-2.0143014271145128,-0.9534431090756572,-1.569717405932604
0.9778721628005453,-0.016616188075609998,0.5337165256713967,0.07021699186830516,1.2852020425775845
-0.8595534342287762,0.8610919035925644,-0.40756095071727316,2.0218114798283935,0.03780589593821954
0.3140301824535422,-0.20695068561931176,-0.9375054855709478,-1.5835602044526877,1.360762886573269
-0.08601509224850333,0.2627075252332666,0.027156301186103564,-2.7420580210207675,-0.023818234808547705
-0.8717567829332366,-1.0477727426512022,0.028730554052797026,-0.16958223102206588,1.6513567000460803
1.2322010246119393,1.9742365604617296,-2.5822859615448466,0.7234427980999504,-1.421162653022473
-0.3936072087525813,-0.06191671665686828,-0.772424464492892,-2.3101570114256322,1.6480416797678752
0.7427440849075062,1.142980673749434,0.41670560088798186,1.7655611817822428,0.643572843502839
0.5755794380006005,0.7946330602094895,-0.8156827252325706,1.2245302493423598,-0.26078898539517326
-0.9907771470202975,-0.13567964126752102,2.3363452539776497,-0.9991066696813893,0.4574859836048507
-0.902479160873265,1.1056993110341296,0.194714059779941,2.0725469502438822,-0.5333705576821257
0.7275864750085798,0.9524971817397475,1.8447363761843452,-0.5872777281019937,-1.289714266888768
0.7548459597117244,-1.131424707666979,-0.9026837637418702,0.885772911379679,0.4002255288520631
1.2859827854899342,1.3209533003095957,-0.4115309268332368,-0.7157093010192731,0.415814403564269
-0.21710888195078124,0.570470893913237,-1.0991501365796432,0.11047308678794163,-0.9472356068542425
-1.2845294868683574,1.1988740045332396,0.6646711048170958,1.6735040833773893,-1.675138252957188
-0.8219861063154181,1.15714050583514,0.7342801496250834,-1.1501185522294632,0.8239412777779741
-0.06934020354868158,0.6048244327214858,1.5856377972355973,2.2169291671039413,1.1093653869713587
0.23762629823856504,1.083902784462381,0.32697354494806913,-1.5041227305756408,-0.7833959489898353
-0.30126723566135116,0.4419099038031963,0.06647415294535493,0.7324753145020237,1.2892229639056758
-0.03383666565494639,-1.5364292889270412,3.208737799919336,-0.1163994085474054,0.3940923368189312
-0.4568825093214859,0.38989739503017845,0.8395517200416759,-0.019478222986258602,-0.6433945102970552
0.43865757041253933,-1.600007521585632,-0.009159278213157608,-0.06454304515415693,0.3043086020655246
1.4355466652635207,-0.3319380439197767,-0.4722230840229789,0.015808427391850965,-0.0807361186356992
-0.9872854159406762,0.5405559287189606,-1.3356810980797496,-0.07178863449994398,0.07578123808210772
1.3633032545953792,-0.9941437376639334,0.3478685351554628,1.4399941936005092,-1.4228117430117482
1.4443148127710457,0.9766685261074542,-1.387551994075673,-0.3233580583238727,0.14004602698692759
0.9107075753001399,0.08575701491504452,-0.6614872863579022,-0.23691548340178145,0.32268142511613773
0.536106871485294,1.7706867335837966,-0.1975464866610487,0.6868060226727662,0.7287256237638802
-0.18900457653410846,-0.5317923678560064,0.5513323566606839,-0.2956634491427899,0.754671179288357
0.36612781654046217,-1.3404081393284426,-0.6269653821977678,-0.21442359677032896,-1.241535767888897
-1.3910763368714667,0.9614263320207946,-0.40391674240154457,-0.7462931077813812,-0.13149049577725705
-0.25292296610442605,-0.09788620736662858,-0.13561836023090815,-1.8194740746748639,-0.7986694739828125
0.3203819208884271,1.3765324297392012,-0.5108459201381288,-0.10994386367419215,-1.7931145174371643
-0.23627873730119472,0.6713691414172239,-0.8707379342605898,-0.5900251818340007,0.007173579650911188
0.023316955118397556,-0.6859245721222424,1.1069735877081432,0.3866637636786692,-0.7782356192935465
1.8018379907121547,1.4926491668781374,2.032004527514674,-0.2129575717288304,0.7714300552804481
-0.26326832424836966,0.09814412150066847,-1.4036642340085923,-1.2370489775140405,1.8391419885118174
1.7774422688519915,1.5935266456758737,-0.8799892429726243,-0.10011550106556177,-0.07997415200620539
0.43964648127205197,0.0733963519606739,0.10285048202164795,0.9625892173994781,-0.6632396098215307
1.2138608767078158,0.1732171174056065,-0.6369369575364467,0.5615928052988601,-0.11988409907249209
1.017514798225785,-1.379968335665705,-0.7136259518298939,0.40022810108860535,0.10972388805754638
-0.05843999084175576,-0.8019488962376421,-0.36524113297750976,1.0904443923991118,-0.13379337877724085
0.18065819998627355,-1.05210340673006,1.6106515321175254,0.13631165388365452,0.411950545195805
0.44877858337683796,-2.238999142282942,-0.9802841327770778,-0.3647512162054275,0.5904957294897605
1.2737691589659657,-1.5706999873166627,-0.7565828371676635,-1.624623135552346,1.3142185614236295
-1.6190745629539576,-0.2354238139388758,0.518755177467798,-0.016653417167444423,-1.8435157966909665
-0.5682546571273542,0.692697985060341,-0.5643942610015151,0.5385147623496681,-0.5159165592382506
-0.9655064567381766,2.2026653395556917,-2.1214350597932468,0.1277314473206477,0.5199149387161609
0.9899702240629549,-0.9755872014559138,0.06980322355323859,1.006975185941328,-0.23328882347552674
0.22379122264672588,-0.20479459792173824,-0.3555508842958325,-0.36917874694138136,0.5473503298283376
0.6534528115214444,-1.1549708043277258,1.3820337161085965,1.172406529913618,0.8955938853329425
-0.1876909538314733,1.4636073596123516,2.1509719655693393,-0.4732371383540139,0.9199657474006154
-1.2095414979212622,-1.6032860578914625,0.549753352498507,-1.524277517232154,-0.21595774635002535
0.18211481316302444,-1.3794624167528042,0.09315451109583094,-1.6019852672571473,-1.4026317869535123
-0.7612500312360267,0.07972130281380034,0.336295514968269,1.4953570255274606,-0.2207202934135255
-1.1159245199956402,2.0096932901706563,0.8676056426252932,-0.45605229795328805,-0.2268617428642495
2.249880999808804,-2.121966065427379,-0.047062567480002364,-0.6656018822019043,-1.2950077772330548
0.9589588152144898,2.7173726952221453,-0.35234503860745886,-0.4230905396209894,-2.3773322555543137
0.026264913673991728,0.3807085610373819,-0.26070984187930746,1.209112567342751,-0.3028027164628792
-0.7469201204985053,-2.516516107353981,0.8473406515605574,1.0852079153211112,0.3902399345185525
0.8452796789347816,1.622658330805613,-0.9924881865745017,-1.941643246401535,0.4288852990864979
0.10248486049514871,-1.0057240080700671,-1.582886199613133,-0.6706941986369266,-0.6768974988890453
-0.10470328996705214,-0.7426549872839862,-0.4918029406986544,-1.050391879515381,0.09280661449775875
-2.021576809247964,1.301879344271157,0.33919775788547146,-0.07995415393559197,-0.18927811349774792
-0.30830558120557,-1.2279180062038386,-1.352971956430462,0.8965567278040811,-0.5929645964799577
-0.22422475550767862,-0.38186956600074895,0.17051173457611585,-0.3819160097406426,-0.924683483230672
1.1937055784782524,0.015567095255959566,-0.34615061149139265,-0.9362654594204398,0.25164216875672557
0.32705048520763624,0.3684377895775424,-0.5211039365804143,-1.4956149577746811,-0.278742990247664
-0.6756568699596347,-0.6908763796241575,-1.1694302314886988,0.4980428884623983,-0.21710660630660503
0.23079539445648917,1.166731020710091,0.9348925834604062,0.49105368040630304,-0.6912667659189622
-0.575418760843645,-0.9293658577701518,0.15907706818620185,-1.964008827466722,-0.09465462136926077
-0.03090408306003297,-1.8826051560839363,-0.3205783391007343,-0.7048053104619364,0.8689246734718731
-0.3323571702195605,-0.31927748356227,-1.6844556086378426,0.834119115092705,-2.0287320486222002
0.4208755025859445,-1.2111395201918094,-0.5300861361425416,0.5659658965793292,0.26596022051116425
0.8830564359030681,0.9875461728652405,-0.07178785710485305,1.0345690170106363,0.45946802671116693
1.232914053383411,-0.7405865486252698,-0.45789463480610765,0.23156695413639308,-0.10079547502370087
0.5770967459573038,0.4996607582490223,0.09318607065558294,0.7259081275691476,-1.5395246993861
-1.0417260759574363,0.45041927411879895,-1.702931080077233,-0.3517121704428388,0.8523825984349989
0.9043700648669224,0.4582718121196822,1.3547472158421094,-0.6689097381872091,-2.3721042663582703
0.15637949358527575,-0.3875416970864238,0.6426535116945137,1.1797564241788394,-0.1615067688694904
0.5609363902796655,2.0379292536276323,-0.7957674422284249,-0.54567021172169,-0.1842229288205251
-0.2667272438472589,-1.3917460845475442,-2.5360565885361845,1.0044298541958934,-0.5898569811725712
-1.1361185235748095,-1.2322960402579326,-0.10344137424000548,0.8815810086440191,0.3884615197585099
0.9110114914554964,-0.036505144850371034,1.0484490107374689,-0.0589686107943333,0.2759003141131595
-0.9440804328296021,-0.2857568180225787,-0.15130903962264444,1.3928368621118827,0.6655945261970696
-0.17841893342131385,-2.045769660620873,-0.24801364825651126,0.8198942134485359,0.7649385084756061
-0.06054973972073161,-1.3744466776424686,0.3691318937388812,-0.8942924103620495,-0.6028557578424998
1.1208958320604725,1.232277791700485,-1.111188487886697,0.5123873895458616,0.19122465409667505
-1.5260784510515069,-2.2221806319880875,0.25222323029946114,-1.009404969386926,0.4623100461876397
-0.24762505475892824,0.8399607293825124,-0.00030380868416942763,-0.4290002409531323,-0.393105168834348
-0.590920203994252,-0.9671629016132167,0.5494129163912622,-0.9231150064641496,0.728432167291041
1.5906622870346794,-1.3502612686027717,0.20220747945757064,-1.8424506249172827,1.2186307751376302
0.7973526315657107,-0.9812020901517248,0.15978677677451428,0.4044719827466481,0.3439563687302789
-1.703854782947264,1.7588753182163657,1.925495715397604,0.1151183386505074,-0.058138156742760724
1.3093283940788254,0.4541640890084576,-0.6875378770567635,1.3322730840021122,0.5950984980582485
0.21817346504919044,1.9132790606828063,-0.8608402570842117,0.4630008633987502,-0.9638490053577804
-0.16914140302163239,1.896355194115417,-0.47942765235356416,-0.11557320270591877,-1.7301581870503626
1.7460323674053735,0.6928332666660442,-0.5451122368910021,-0.6214623585673198,0.04113288041552159
1.0522918543472326,-1.020867224810394,-0.44697992411162857,0.7916226424506794,-0.8930328732516127
1.7440340570576471,-0.1757422805161676,0.42689621967278424,-0.34367532338943346,2.326034868729555
-0.39306629596755716,-1.4778673747951532,0.05916262978867071,-0.8366191483202766,2.207004849291994
0.5338763452775387,-0.08385037380402698,0.15531510806703908,-0.6035469338819514,-0.1597738756205967
-0.29374498138090277,0.1036940977382701,0.541157779823167,-1.0098423081326962,0.17453135423710683
-1.588892136577382,1.4980939317692952,-0.5831445246864502,-0.30481883278894145,-0.29674888296822705
0.09533992891347921,-0.9287939270483413,-0.5226328441026137,-0.1668835484520591,-0.07651091086278927
-1.0901108998442748,1.464113890826885,0.5327586290436102,0.05785866028019268,-1.7145587564687774
0.6938586445554316,0.6511908268372173,0.5814433206596263,0.19279700449525095,1.1844274736510045
-0.5616523616418712,0.5745974528121044,0.05815438466443266,0.8112382562461548,-0.5217991130713876
0.8016878690716572,-0.6970945082279967,-0.54316440685035,-0.19121453608815042,-0.691988496913365
-1.5393418905645873,0.29978624907606194,0.06985053570033192,0.3597658861029276,-0.7517063997534348
-0.10428753434204673,-0.41190388155839874,0.19042717805526674,-1.1499963877597947,0.3804336670138477
0.2721576164529589,0.42831534238940416,1.7999705628411764,-0.8923970830844512,1.1137140114339474
0.6063137940557372,-2.221067603422806,-0.151934484051373,0.2773296147892561,-0.3681207852059119
-0.6728339201453297,0.0835101564395387,0.6425169063673283,0.8752681957961157,0.13279325080371104
0.5400037059370841,-0.6440009724715873,-0.2830942238774393,-0.11929673292593126,0.20130695720027056
-0.7298105962170772,-0.9950808887456204,0.22329895133841995,1.1605908209846083,0.5049794001362758
1.0835611903319993,0.049362533937237565,0.5415539486897424,1.5168919267715815,0.08942270398453406
0.05303344317119721,0.08321436690230488,0.6020086846888476,-0.6308511283724854,-0.06464399132429151
0.6858601514211213,-1.4504738990029373,-0.13343667925676994,-0.055517643664909334,3.5411489678494923
0.27165453880553597,0.5586622890551963,0.01572896893576164,0.9758385690357815,1.5043889496209406
-0.22973076753007018,1.2469323742610259,-0.9860551020071203,-0.42268765407309544,-0.05512755269322102
-1.4290966532652092,0.7259576408159046,0.8744057746985557,0.0827209656198745,-0.7748707129899535
-1.3930026157881858,-0.5553878158131595,1.3162823226021116,-2.0585449956171056,-1.6545571067531633
0.1549287190650088,0.5884631564250347,-1.713515390171031,-0.3490977494405048,0.019112867505583987
-1.087367275730313,1.042566981946088,0.08636679026789755,0.8173143806353694,1.3723330027148026
0.6682127656795306,1.4041404780149205,-0.5753517069803192,0.6976709978354324,1.4019446518829135
-0.17991452818621026,-0.20994440579717585,-0.7887405632415821,0.6367744530476318,-0.8804995630648339
1.0537756881799718,1.1120638604151152,-1.3155923489059524,0.2238046089036994,0.5534193350894863
-0.26061877978243947,-0.027874764430482504,2.426097798574016,0.3515756474457897,0.6629543767779635
-1.4654928363873523,-0.1086130551286708,-0.3073424222928882,-0.27681927203941065,-0.29729203638762974
0.15969053045950166,-0.34237587840694345,2.7974173742989006,-0.17062607489297915,-0.3077912928078471
0.638592510428151,0.04702113261403663,-0.0851439314489186,-0.5093648751617689,-0.5891238117172091
0.6060386246201382,1.3558860061811921,0.7908010888788845,0.23880266616355988,-0.44153638285005414
1.0021829628157684,0.5319969201598862,-1.1102182861505707,1.1320026704170796,2.2005425987622633
2.1568882442871464,-0.35562387298262255,-0.03585949638092142,-0.6902577318021602,1.3365284555261647
-0.7196620885958825,-1.7943625117088384,1.1035982959432837,0.3082450844875429,-0.13744085583299745
-0.3935510798031897,0.0455966199142031,-0.39280343814048124,0.2529405444388923,0.3260199955570377
0.7826593055897956,2.247640680087465,-0.4511029070097089,-1.3126907085105457,1.0312875745952115
0.01972556586442375,0.7877302960586476,-0.0065865444454945195,-0.5580887244811954,0.5546105461783418
0.20893267966219892,0.2649158218212654,-0.28144678454908933,0.14750457782699894,-0.7698143370185913
-1.56175879930805,-2.429251953535125,0.3480486664781541,-0.3949852759227976,0.048662648130367255
-0.9690683760711144,-1.1189723312467492,-0.347247711230982,-1.5913255658340244,-0.6204566438530916
2.4145284986222673,1.5525958595111953,-0.8008046536278413,1.0925765232208162,0.15878482347939818
0.09983242830677161,0.26963676980804563,1.9981095301673517,-0.4236005901551176,0.4093946769439717
2.0586676799358496,0.008702983386342929,-0.5260227597888782,0.7094922883102205,-0.48865725210130584
-1.4448475523676692,-0.3335602552208817,-0.03355688926695209,3.3317329218293565,-1.2578835821923557
0.4370794697489276,0.3152186425423229,0.38043118290521827,-1.553517268209987,0.2902380234153118
-0.8290842821399655,-1.0306052000137171,0.27386999994182565,-0.07958143773358295,0.17911850629703777
-0.41975704413655557,-0.001426412391835237,0.7097789751564522,-1.5444641653630717,0.2744265856847515
-0.7228227563611924,-1.5031470920649688,0.34611077032121684,0.32946120677328794,-0.6096198851860953
0.18718996100450033,0.231656538886831,0.3907579874172238,0.009527457011727136,1.1528320185419625
-0.39818805636206356,-1.4412614843077567,0.9404169461846102,0.4759373162084087,-1.5820332270932511
0.5905648820954432,0.4074751339238421,-0.013817856708757402,0.0011398404078278117,0.7063357097439179
0.11468194113621558,1.2992251654654818,0.07162442769067841,-0.027483793490826573,0.09235037368565348
2.0178603054468858,-1.2296744905673096,0.6585539228666406,1.2413451231868204,0.019127153939335003
-0.9746534568345584,0.32940632251531404,-0.34732581783506633,0.08048290293871951,-0.18578321954838695
0.06883265829663955,-0.28080279607916103,-1.4021486276342665,0.2387408455979076,1.5669597405349684
-1.085655855196893,1.572242041197552,-0.37795467286314377,0.3783242487504225,0.3497424810087634
1.06751467946785,0.626636406621339,-0.9115161855434192,2.4699227132822896,-0.1416973896995265
-1.6774475369315753,-2.114875814949756,0.6357579746551244,0.7259280438196059,-0.4135985124606851
0.4302794534134154,-0.2659078194347421,-0.07293828940149624,-0.43195675266618744,-1.122536501448078
-1.3753684524945875,0.9510262630708265,-0.27753538497513486,2.313261598902035,-0.04291143032250012
1.7056422695987135,1.2209445871334,0.5560797698589749,1.2594829687726605,0.36922626783934287
-0.8112334970308617,-0.7601552080479533,-1.3587028990647971,-1.0011887059642992,-0.5036608097726926
0.03812309619870589,0.6592135233992126,-0.30106418622848463,0.1245007295549652,0.15029304454428732
-0.15663678589433558,1.190644011162088,0.7118100324044838,0.8532757285140072,0.35200003379941214
1.5137802990834226,1.0555498733309752,0.9553277715012684,0.7037801000983532,-0.9263807734446174
0.3531244831342762,-0.5070902177237293,0.37756787553418875,1.2153103923209811,0.1905190013193433
1.9597295427761632,-0.6441680871323,1.2691938305753023,-0.6342775869355739,0.020561596576207396
-0.23895277874086787,0.004578990143542027,1.821113647598079,0.38211294615860625,0.9994417359254237
-0.5834603847405553,1.6646030418599498,0.2417175432820374,0.8897750128225146,0.7241977028271416
0.08074516739704111,-0.3909283138586144,-0.7588197934768688,0.27484833898272754,-0.8749772605493903
-0.9056513863662752,-0.8073403542328806,0.000851008995029466,0.1352367207873638,0.6654407909586463
0.09784914135448587,-0.07354961586559322,0.8263683043595496,-0.623629256040389,-0.8547873660446028
2.594463527673569,-0.5009879433879875,-0.7373738055369418,0.12780773076404658,-0.23113425178090374
-0.5978873514650294,-0.4790059660003922,-1.7381939612857336,1.850283675426432,-0.06213978983635193
0.8657662563923044,1.2851265089637,0.708362009020882,-0.05858891160843407,-0.3244924431157511
-0.8223565783230659,0.19608310790135744,-0.5510350274904102,-3.003225971694461,-0.8208173233140664
-1.0846864925155173,0.1840170946267255,-0.4217394132645858,1.5397547948596761,-1.0635224292034964
-0.9420444213311008,1.9719667693289464,-0.8847392668390918,-0.6678061131820967,0.7495111059658508
0.2626591213819606,-1.059502360468207,1.129852852066049,1.204659030797872,-0.2817452416801069
0.6717799490969991,1.2032410628047445,-0.6221127442600378,0.8498727227672268,-0.3258218188760668
0.7485170513593489,-0.562446865956165,2.264838454576331,-0.857132443087556,0.2052493260547806
0.6485328287301435,-0.026810765841663635,2.145880073083438,-0.7541214537724905,0.3757478128124099
0.15405106286864959,0.7261445304970705,-0.13798702168401794,-0.18006491374693523,0.7216011226498689
-1.6209705885616479,0.40185260608267637,0.7096700626480792,-0.32022074328876265,-1.397809141295962
-0.7614115246435157,-0.8184133832095989,-0.6028293147225106,0.48609567957326016,0.9570175547243023
0.29028643330615084,0.7438858796029234,0.4690976921338951,-0.3943209643126096,-1.0839405032588605
0.6301539534522246,0.44359893349724977,-0.19683863180127784,-0.17376907562097862,-0.6419640482894791
-0.8943045439877265,-0.8144172745073326,-0.02886310910389228,-0.007063257160965181,0.2589989286179418
-0.26532808856333623,-1.4320773150773562,1.2725747080143424,-0.06101758764648858,0.2516133295558278
0.8374679885760935,-0.7581879857438322,-0.45761799629338,1.2584138034109362,-0.8698228341256484
0.48632983527108303,0.6525667094387138,0.8616997499370561,1.1044606464784446,-1.4362094950032753
1.6508951290714775,-0.7212069202144523,-0.8224885791294586,-0.639849953712334,-0.6561836525983645
-0.932269251235478,0.7628700329438578,-0.5470453354620012,-0.6054146473815546,0.12626421010274777
-0.5751704020602599,0.9270758382862612,-0.09064923440496835,1.3167087852446595,0.5806954813457296
-0.46400665395857776,0.7687501960011601,1.1657670631682209,-1.5718332794082515,-1.8112290161975437
-0.4847842174320017,1.0562259019313427,0.161542291857858,-0.3377943550999139,0.6041714992124061
-1.8444063695654702,0.5996441315133982,-2.6847814892011024,-1.9980734960543929,-0.3152001013554843
1.7894048174455761,0.5034984352306926,0.5851376795451092,-0.6579252649964941,0.7552722905431671
1.9687259330318294,-1.072109579570942,0.679469842021148,2.1554912221692653,0.08579356011009667
1.0377683310884236,-1.448253429061233,-0.8597317940521495,0.4891844474362045,-0.9215162940400633
-1.2815211775331206,0.9234953181538862,1.4788601739424834,0.12754656284801597,0.06977152606438321
0.8429573613456238,-1.14795272721462,0.11521726055168703,0.10803956385755052,-1.6034920628963276
0.5910810292803709,0.878947734295566,-0.6843541120185227,-0.7247029087874082,1.382172528445553
-1.5432980523327624,0.025219061139180057,1.878689706448348,-1.9541344033860875,1.821258275801579
-1.4883764445639334,0.27860540314161947,-0.8677291880983931,-0.9611719187605102,0.48652098750681866
0.655186066836443,-0.4769800611832545,-0.24266724222908165,-0.3977708202245152,-0.894994188599128
0.2796621973109332,-1.0051467957168727,0.35788647103361426,-0.6186832535543854,0.8404846149845091
-2.4239210879452546,-1.2146525310827143,-0.8787479823954276,-2.3808945863764133,-0.3945459250900772
-0.40393829040212603,-0.6692677560005049,-1.4561599171926174,-1.996260715209659,0.6910365896191155
-0.9565358445149005,0.5504396343127943,-0.9334779590387002,-1.1208679157938124,1.6329945556645986
-2.0045603122637874,-0.6022072175335408,-0.5747918320328766,0.8946710375600313,0.26003651731434435
1.077182028446929,-0.9262865901778543,1.3796027487464464,1.1083336318021524,-0.49943388097023583
-0.2404677356499266,0.07695183488601023,-2.1070776125717994,-1.3753702876964582,-0.09361789976705905
-0.9672700865459416,-0.311969331021365,0.4549690290120348,-0.6812674021896116,-0.659860643340686
0.11573720400832167,-0.3729551023580999,0.016536378430269637,0.05752297262721855,1.239637921130373
-0.2141892267229347,-0.5395591030802492,-0.9259456380963316,1.7309496644613835,1.6794913235540547
2.0929911735778806,-0.02120195385703632,0.32094789570763294,-0.028468975999993228,0.871313155423189
2.7247728144281202,0.23066809455732484,2.10209657076645,-0.03402030909978389,1.5718076540801131
-0.37883450366694404,-0.5229445885312618,0.9727652672488707,-0.8611669142376149,0.6467748053556992
-0.5560427903142372,-1.6253211144636606,1.2831076344464756,-1.4901415443630548,0.665816083774257
-1.2361168857737823,0.3711013814443065,0.45053267458715085,-0.9640127807671047,0.5592455761490677
-0.22890605383040583,0.8204881495682556,-0.14334789395664968,-0.7624298128280791,-1.2679865643002148
-1.1203182709288102,-0.5594310651687798,2.1507803802343237,1.178983698977722,-0.2982007901406236
-1.843702393832316,-0.4797099381818199,0.06571590400618857,-0.7688980654211703,-0.14290193336712548
-0.5706107715099377,-0.6237682288065481,0.2761278843349687,-0.37533604473277454,-0.2654231630588949
0.5857375984520307,0.19513155598535736,0.6977673988061498,0.1801311806389149,-0.20064622318161981
0.32636813690618177,-1.553926472639952,0.24760964778653347,-0.5542446800138403,-0.19198303178131854
-0.6300099648220429,-0.41288726903955164,-0.9625373638161367,0.6558321463851957,-0.5212140888638219
-0.12463678735413249,-0.8205779664016473,0.7951832359995532,-0.964158220765903,-0.006702155007567036
0.8584600422976795,2.093565228574586,-0.41361473310690045,0.8727504106607238,-0.4158361402814033
0.2788178988377842,0.243540565341408,0.5656592420336842,0.06306362051776102,0.07591568602292376
0.01816287760587351,0.995003696835131,0.026453983949092652,-1.0782361509397926,1.904154135157277
-1.9484455969467716,-1.1818741141769618,-1.2120779633699532,0.44627713754996523,-0.5572619662751868
-0.3695419576948714,-0.7871125681878799,-0.07401597745006036,-0.3993990634788524,0.5611233438899161
-2.2658694500345935,1.525720063385242,1.8651734342538144,0.668352479722227,1.0101083032021725
0.43272057616366233,-0.8693073702330726,-0.9148872345587322,-0.2768956275669882,-1.1644430496646578
-1.764737987164435,-0.98397959700217,1.065645966723051,-0.8051101805599544,0.6813151303965251
-2.174243842155271,-1.319788065368858,0.8983629552467877,-1.2898664461328448,0.6961705331259456
-1.6414324323802814,0.5269684284988804,1.4816665990698548,-0.6179984000813322,0.27838966944769983
0.6854798926359396,1.353307488911404,0.8600465638244623,-1.7948127042284336,1.0173831729431901
2.6062934713491854,0.7678005495890465,-1.8802414085982158,0.6584239149525054,1.322038672193797
0.1502191483368764,-0.6705527968581344,-0.6413494657789824,-1.2319833429572975,0.25811271929134405
0.4386827429874854,0.42510313601620864,-1.1455230695038663,0.02410402809907915,0.6689095138912972
0.6944262895198513,0.6192932001289785,0.7567566561569725,0.5931123015710236,-0.4569422589922658
-0.18008273493254087,1.7753994471800183,1.069669367675377,-0.8129958233425343,0.7021867810884027
0.2859349677703113,-0.5985718409506711,0.7435473838467345,0.3199545248675724,0.36207277888254724
-1.0099795269111191,0.8626931783331565,0.8247315075911292,-0.33235758096372237,0.9704528134473318
0.9009361788802264,1.6147932029572816,-0.951544847031284,-0.6332638084287631,0.7342916227698323
1.2620643356526713,1.1631569066276355,0.29571690327979583,-1.0872642075700987,0.29801868753820393
-0.21217802350059162,-1.2469996415396833,0.5167191266604481,-0.13336563214050484,-0.24987232714037225
0.17926823515499898,1.3362054508217385,0.5548895914604047,-1.7541399341870239,-0.30660235384653545
0.467099237666106,-1.2615913136259083,1.7701572374606285,1.6009002118086566,-3.215148463076034
-1.1055271287112265,-0.3457621567574365,-0.5795271085497102,-1.4238233879201794,0.09468639081364623
0.9385127226492754,0.003160996464991181,-0.32849232657182165,-0.5784331885228478,0.6104789059418783
0.13911746213077789,-1.1430568345265606,-1.9416032818146636,-1.2781359528719485,1.347758803449351
0.19071842741773343,-0.36052123055211155,0.8807450379280418,0.6099658587293262,0.7411044002923304
1.250878110215779,0.1279300416914828,-0.4471251377868488,0.6468513687877655,0.8167111625842624
0.8489732150262588,1.0275666851727099,0.9633964340450596,-1.7597176710400069,-1.1051738921476968
-0.22154268608745842,0.2815523023148693,0.38331395553558884,-0.5522392158287639,-1.1144751706936045
-0.5744165869826934,-0.3058684862822636,0.6129817037810201,0.0976149853984217,0.43550526854142974
-1.8186059900643223,-2.058544084174436,0.2476137690368535,0.9503777723440933,1.0488474835184691
0.13133638996555952,-0.4367827683009416,-0.20189008268669892,-0.10618772330792896,-1.1831430558283853
0.2721266662746598,0.41844025547777114,0.5856655241635198,1.8755869075942262,-0.0496266280974083
-1.589222488035896,1.2464969626591254,0.4652283981939,-0.42316859250170136,0.47701078336198327
-0.03038833300267293,-1.6974247845429178,-1.4725136435760249,-1.0677732999235268,0.28849649707297875
0.6273995963926353,1.8808066650800859,0.7323990109227148,1.0828087724252475,-1.336695758272475
1.0970952193712311,-1.2848995295916428,-1.0111701589162474,-0.13916870702294618,0.3486714258817098
0.23940653170385184,1.6447361720118192,0.1599885973252216,-1.0378768655921662,0.02754630245953676
0.17093399476123022,0.7071253477258125,-0.13687145742616483,0.206760167992008,0.7481378379282365
0.4555498700844346,-0.4661064183620496,2.6547760638427134,-0.7186612133022909,-0.7590249020414981
-1.327333616092367,0.17582185071223622,0.04199864336110907,-0.07706666150673647,1.3481181592161529
-0.3311087640425695,-0.1019529451478926,0.4958702733011432,-0.2974419922306909,-1.716768792112155
2.5861829039310438,-1.7304122524574286,0.15526596083351418,-1.0741592855809863,0.14177522545348878
-0.09267014640088488,0.07221617680667322,-1.209901208920676,0.2767003702300938,0.6146933564510506
-1.4787560204129475,-0.24571469975440277,-1.0566042803986777,-0.8181869796220755,-0.1594047430602998
-0.5397153712321983,1.220410412735107,0.7774489953250902,0.21526663956905626,1.0626064758079756
0.3154910196900804,0.6728313891690001,1.8350218093643782,-0.40292091391100326,-0.14574868640035663
1.063217344216648,0.0358526591694502,0.30111187726114547,-0.6039935315539351,0.6920812534758901
-0.43280318945925644,-0.3499842260968938,1.0676053171439814,-0.012593207444977399,-0.3752275443313973
1.1695369808911078,0.879496729812868,0.7924614536980997,-2.2147020475502175,1.1541654843103053
0.7267002349076027,-0.9600910539115155,0.15526420797132776,1.6651682497938447,1.420773213152828
2.1500557613560303,-0.521081287922849,1.78493200047193,-1.26377872622905,-0.697533858276634
-1.3890776219335372,0.8119891785977269,0.19059433093385386,-1.1839729797707008,-0.6277324184683627
-0.9276932877364313,1.7268921143296476,-0.06427417387633931,-0.6336800888561505,-1.3224446659641678
1.4836856836590353,1.4466178500475286,0.1639730963449139,0.1389007623045917,-2.6336841304741725
0.3720580568165734,-0.13708435377755349,0.03428239059546118,-0.5223269578750799,0.8075326239851411
0.2905746223417463,1.9474621070597045,0.23900469365408242,1.57994978801044,0.11076417137129331
0.3238144073648324,-0.5563859533097391,-1.155295346686481,0.2981618972213086,0.12614418706473055
-0.3814873345413702,0.19630440889851541,1.908677144565932,-1.4534898681679782,-1.6178962630396363
1.4516740628861613,-1.2399161684775521,-1.9914695960203113,1.9716517284293789,-1.318412652641271
-2.17359877862322,-0.9808765017261738,-0.7041494026772015,-0.9103300689092745,-0.5861726735432431
0.7183123357799306,0.8892685650088175,0.3573482362765005,-0.3446493088067458,1.0604136402259272
1.2626534637745248,2.0995936920362146,0.8052886375169597,-0.08980166599266624,-0.5967766380505983
0.45373952857842287,-0.22464561429987231,0.6157871264299998,-1.2739876523759024,-1.8834935023881465
-0.8296551753841012,-0.41148232099672793,0.1867797567684322,-0.6049899492488969,-0.09633249325351288
0.9732995889552353,0.24535373916240003,-0.582139655755821,0.3209664648707422,-0.16216030591447686
-0.2676844589714872,-0.4214258446596932,-1.9424893161710668,1.4485175149228406,0.10110648699641689
-0.12114304273985713,0.5130173243578013,-0.1148929149921974,-0.2724207885625182,-0.33741839256362566
-0.5052220565952956,0.48228043845315577,-0.10046241314618475,0.6849415521097107,-0.778803975931266
0.763461576442514,-0.4589210320682101,-1.1166987060816287,-0.3695846422748881,-0.024576094775504966
1.4317208891737485,0.028401607811664998,0.39685354311150783,0.344066356406993,-1.3910703482006748
-0.3437542229544432,-0.7870820928395693,-0.06486200994721025,-0.8628919447600493,1.7235715580955293
0.22577105314712617,-0.7199322883463607,-1.501469049581772,0.7806632734507214,0.5717751215696242
0.5186895805920436,0.31930343738537476,-1.4598791866110377,0.25644129808252264,-1.1453041534994377
-0.9785602138015961,0.23908081209406143,0.41731747282518605,-0.3703767957471638,0.44002547986394125
-0.17075166294945338,0.797327353710099,-1.8417830034400275,-0.9559242476440879,0.07830414721556266
0.6917692962754909,0.037901145275014474,0.4405926390584809,0.9196115526267498,-1.3827341443196168
-0.18083972051711922,2.419412149752702,1.8602263336135938,1.7797344355881866,0.4865348836405359
-1.3433628502354789,1.1465206931046683,-0.7091821784748759,-0.8315666385616868,-0.24291488033561293
-1.5008565919241879,0.3802127058301881,0.8034196994147434,-0.6805855042313246,0.5840432844064798
-0.7037089480694978,-0.32113437723996274,-0.6545725315565355,0.24348297105296285,1.3622504496605226
-1.0379962068553215,-1.1238522326410576,-0.878527323982173,-0.21026798682021144,-0.40786988403143687
-0.1958396132594123,0.09193518564855296,0.033519226748419534,-0.6544201312205175,-0.14930989415280685
0.7439744893371263,-0.33540313261126486,1.192213379642225,0.9101385265711376,-1.3701754144963125
-0.12886315309033355,-0.986727271730516,-0.21236049361601278,0.39773393775058447,-1.0457883849470457
-1.151013489226836,-0.9063623593536725,-0.4720098520619696,-0.15982541344549822,0.5079987715520384
-0.3750932323566695,1.532240495787826,0.5404228674920711,0.5822353829019027,0.14465752742644547
-0.4390147177969753,-0.5991970236994345,-0.2163193137205317,0.4041244125561899,-1.1613457923806085
0.5242609103171422,0.04820485491681581,1.3380925997269018,-1.4018838421330033,1.2664581786319553
0.5126781098105708,-0.7573710501228043,1.877886578026331,0.9777168834837883,0.11341515192552169
-0.14816744923074915,0.40363931760263533,-1.135850455494379,-0.17783642943317446,-0.05349287156653413
-0.29416634291235105,1.7014113802816329,-0.5567548216840346,0.8858257664868553,-0.1618800762936966
1.4445857379754734,-1.210550008270049,0.9553148160376068,0.29610651586396125,-4.5080970834069496e-05
0.8262592061531261,-0.3708289488564553,-1.0673670359074452,0.9649863355331025,0.16360000277855433
-0.8258202516280747,0.41996729045179765,-1.3465875417771094,-0.5176809805046525,1.648056025009891
-0.829089025217149,-1.8074620829244217,-0.7073397731123229,0.4787868540352684,-0.6721989363834426
-0.5045847094723047,-0.6682499256320198,-1.3253829382171656,1.2622366790291466,-1.3935637818111102
0.8756914362523562,-0.6325756504308809,0.19646216897379334,-1.3740513558485639,0.3297714095518771
-0.03794517971926577,-0.6111244246484574,-0.14193171328795823,-0.02334952880609289,0.23879910738440577
0.2146233641620114,-0.3171133426134278,0.6049366678781747,-0.8792753638767029,-1.3921714112726182
-0.5578947141337567,-0.4651431908100877,-0.21530000563309057,0.655713741762175,-1.6082755619022784
