-1.6703921428560966,-1.1655194968259248,-0.47249163862717125,-0.07280288345479441,2.0662323507066533
1.8870832556946397,0.24180904408136064,0.1644662133436361,-0.9114895123982854,0.6488720490424917
-1.461668939077138,0.030638065125935133,-0.03215156273565235,-1.0283067551031522,-1.5574941422294961
1.1302436967360414,0.8143298393039659,-1.416660667333175,1.429700080524327,1.392354274381548
0.3803456869634386,0.5867335395310099,0.3042859941192948,1.0662606749400614,1.3134311405579935
0.9219930467426988,-1.0915005487061904,-0.3714143749735629,0.3075000253427577,0.16967958307288272
0.6961022994131102,-1.1548870565549894,-0.879777445043966,1.8317122104513492,0.05009863601668069
1.657429671577266,0.9440213349517912,0.41160996401616634,1.3201826277086235,0.8141221652630583
-0.4525047450087597,-0.5688695921722438,0.6691798396657499,-1.0346940069194743,-0.5065421992622642
0.9854598235246015,0.3249738827894572,0.8214178270196809,0.5935998361760104,-0.31681078671613183
0.2054263827176889,0.6537863113599435,-1.3290931372040633,-0.641432162442275,2.8034724426887605
-1.0430411181685109,-0.49350356624364866,-0.03050162854986459,0.12088668060872844,-1.9431089808329816
1.363930352585629,-0.937000216773696,0.3688415311705456,-0.8821343278571353,0.695452658636142
1.0804503952837434,0.4377698829789685,-0.6645764468191757,0.623615214133248,1.5627132882943267
0.15737619810452544,-0.7198906209786508,-0.05967324632058126,-0.6344122216342227,-0.23503103865336286
-1.8107004681589922,-1.7191789352759916,0.305877489773246,-1.079074104871118,0.21969451482736888
-1.864992008504181,-2.3954295427197656,1.4182296092221758,-0.356675455246198,0.13902676973212758
-2.224583962294397,-1.0190675578222073,0.25393206967628495,1.2338537687217173,-0.2957663079551989
0.07642587569405718,0.5298924908313519,-1.3695369000699311,0.26548750120347614,0.5515695391661634
-0.5871583702171475,-2.4943046270558544,1.26980023921712,-0.93722934182793,-0.6623952122637458
1.1059574529189744,0.7636264250171996,-1.2588150612818663,0.43999267309022544,-0.6027154685207228
0.6185893159562754,0.007551458041273261,-0.6963509758595797,0.5187095654706451,-0.06586291613641823
-1.3961915310761575,-0.5323370666195903,0.1957531739753368,0.7262637306960551,0.708586183405749
3.5979448942012775,-0.9232146388922167,-1.4890962049975536,-0.013717448060800105,-1.123262299696026
0.7723931744093928,2.319327754377773,1.0133078493275212,-1.7176327308438488,-0.31138467211693777
1.09202310057891,-0.06000897683615826,1.2867287351370977,-1.0733866466090383,-0.8785135839679002
-0.2450297742724794,0.1134738013939811,1.2433468840424384,-0.288146415505403,-1.3664647469530495
0.3129284420225086,1.5251755048388498,1.3597278993189734,1.2603210472840702,2.1494053460397575
-0.7534572709369043,-0.736750928314503,0.3659014270130687,-0.6204144081002944,0.7995505406177009
0.5152663058806124,1.000711023574814,0.672219300731899,1.3495483872667924,0.8976641927873512
0.7160926690294216,-1.4565790238403704,-0.31197616448445414,-0.5176413011475197,-0.5052351326897762
0.3384969717798078,-1.6020668906727595,0.4928028480484913,-0.222699358693949,0.3666472863040865
2.3546423063940756,0.34724164476628644,1.9829913011154887,1.4207511642333783,-0.17282881941503184
-0.08000362046458524,-0.4245344733329202,1.3150675051913754,1.1768138165647186,-1.9224278767771052
-0.2922641289809514,0.4548731129056958,1.4475743185677983,-1.7616476650129105,-0.4983615881545597
-1.8515337875624052,-0.19533450383895223,-0.305362081208816,0.7490110999585652,-0.18995761195632996
-2.298421522823337,0.03022926750967207,1.0628276153633778,-0.8602596567096719,-1.5354875995962287
-0.6097112758698582,-0.12075843517073648,-2.105273138520229,-3.2073992643445477,1.2398905499304107
0.4555014308083551,-0.15378802870565542,-2.8937909269141966,0.3648750330557235,-1.0173243964570458
-0.24058848182092774,1.1216580693163254,-0.4085179534348086,-0.31398645947034864,1.0024078200649094
-0.1966523061759503,-0.9054600682944555,0.5119671898570262,1.017148791028794,-0.05647324322221486
-0.9465349499221161,-1.200475658868561,0.05485982654894679,0.9358572070043342,1.6720795344589519
-1.8957042180501549,1.7803571241914535,-0.5414364193688588,0.3307252997376104,-0.38956152411560824
1.4912205792986037,0.40662984198275054,0.8396026272151403,1.4511902601256996,-0.9984501192564363
0.14811682517361652,0.7041582401473276,0.42272934228892617,-0.8495509261761356,-0.022981547645070245
0.5639601417954015,1.0276236558136305,-1.3641140927170765,-2.048537216521051,-0.6507015063619762
-1.3546048987366819,-0.5724885100323264,0.8795482307806614,-0.9681160642209916,-0.8558790344157855
0.7634020837028109,-0.056693662530278605,0.8539827345366404,-0.5929558205109362,1.7227215091381343
0.2094636556122183,1.7185505968837833,0.6869543289381029,-0.07751939831341814,0.6347717320470304
-1.1120053262049847,-0.5072031579817404,1.1150993280765946,-0.71153420703831,-0.6187009737095921
-0.9543785230092385,-0.670451160554936,-1.055048644496874,-0.20234183969150502,0.4375868949676907
-2.38118650027122,0.23434674381189935,-0.9711966387912502,-1.0205271236060736,-1.1491604241775846
-0.5241097910822032,0.7421532192816673,1.0084058389765909,1.5436020824770613,1.3054051592683902
0.23415098371210846,-0.630836694202604,-0.1236522084109553,0.24256948336528603,0.048802138981875506
-0.5615296316814907,-0.48968521519663666,0.5968422563686907,1.5273618218103855,-0.45431520352363763
-1.986386152366491,-0.4269423415932754,0.25530610541266496,1.3305765021907796,-0.24822114944269916
0.1472363941552194,0.24684361536442362,-0.2599174350919161,0.013272764286435342,-0.03137244120889922
2.707268319130233,-0.603306740817289,-1.2091720405362658,0.3504637963015117,-0.25151924911023804
0.5061142279176278,0.41217941025133026,-0.9371826024898349,-0.9028163874496371,-0.29816044046037116
0.6833069173251657,-0.6230258504182691,0.2991517191428248,-0.0766890119374221,-1.600168516404491
0.42088875142584115,-0.3620956688040189,-0.3278384380706344,0.8194457362809491,-0.2989174746967205
-1.2681974457884573,-0.30597047756039236,-0.45037030205571027,0.6558141014103193,0.37659616227056153
0.41424545194230167,-1.2098130945777175,-1.017216989311922,0.6705835802354002,-2.2959993243997205
-0.6406593337355027,-0.16418687269329466,-1.245223160640282,1.9194356701363688,-0.16044458986685284
0.3455020857362997,-0.7702913095050185,-0.5372735747180589,2.273013789395475,0.35795907579496666
0.08853209054395607,1.2368999148790134,-0.28616742963504394,0.20532653551354224,-0.29412527849686687
0.43174615561828167,0.30230446850531184,-0.021711178525570383,-0.9503686344305363,-1.0416451069115624
-1.1116571954780734,1.1282995209629192,0.5814724701493988,-0.2009298349520069,1.4427020823340788
-1.0197902412063058,-1.3443485237913537,-0.4911502253510581,0.14964455795650616,-0.022207459708046967
1.6097551129312877,0.32792927103526176,-1.054389927585376,0.13657525157711667,-0.812911616853789
-1.1721360497607944,2.426028293205875,-0.7184100054093792,1.1403479271552874,0.1201328991601897
-0.4085490969063931,0.9793843327872294,-0.07321285766988901,-0.9554938464408499,1.2451218845188405
-1.1420992080898797,0.4579817071706885,-0.03407748835899117,-0.4942316718714388,0.1909244832744292
1.5788345188020152,-0.42387043179567013,-0.05431367041983759,-0.2860528364561913,-1.8581175846431155
0.3121119447966421,-0.388639081493049,0.7165861177326073,0.5698434299579636,-1.7341107740504869
-1.2552736908261726,-0.1323686992795709,-1.082538970460893,0.4405797916459102,1.7995574575329798
-1.695644496994262,0.404868619244085,2.448776786225842,-0.7395167192393072,-0.920554688511746
0.4323609588666814,1.8295365377562374,-0.13102530592322337,-0.15169766393993744,-0.44395855483026986
0.005067312292130787,-0.059530518236120884,0.4068798194167588,-0.6508154801047294,1.4828582020243308
1.3324814657254767,0.8427043584484405,-0.6935698782959616,-0.4618725250741551,0.09632418842306205
-2.449979302778365,-0.20295866572200835,-0.5174295024241999,-0.9836567078782542,0.3356687026266876
0.7140137648961886,-0.8853964435768966,1.0530395194574864,-0.3472548782732121,0.09610921811670521
0.002391862673990561,-1.3198475763414272,0.3380638631654856,0.24517792425220156,1.2549038531946446
0.5664877569373885,-0.8335136004200621,-0.8192410952739341,-2.2600996262779844,1.1668056555308792
-0.7010572168143315,1.1469371407390294,0.3939187002557501,1.9171091551109163,-0.8561558439774882
0.3560147720736705,-0.29963236461476345,0.06034133635746872,1.592074270819623,-0.16333634257643123
-0.4519302309990423,-0.6389033754839087,0.00967683102049717,-0.1921608448771295,-0.3605175900127604
0.2213740500581212,1.1133749013693344,1.141799254625571,1.1966267263585548,-1.5255623809761558
0.39546026540303336,-2.0726307053024042,-1.0037509159312628,0.8025923764345937,0.7723062205306025
-0.886219474414536,-1.0399696045267353,-1.1075097656169042,0.3422167377410532,0.05940723186689194
-0.49837562510161165,-1.0809644393262452,-0.6175377648898531,0.5856135673490322,-0.46103241956771496
-0.5503736597380449,0.934667908051577,0.7937874411309936,1.4607739236641006,-0.6690870804967696
-0.7550148272133311,-0.38243575156483856,-1.3564699983557449,0.9711962338656513,-0.770734996172186
-2.07595433295976,0.7494673346945888,-0.3354100698375381,-0.3113263268479669,1.3952950312042578
0.16058516734168615,-0.2864457409781476,-1.6583495686641778,-1.3013400369780348,-0.5336595887076152
0.16948024696768482,-1.0264490647448041,-0.3443747326845226,0.1956310562648702,-0.2891857152975746
-1.1809777966917214,-0.5148102856211723,0.6371135169714613,-0.3366637097477397,-0.5665307500623498
1.9351039562888583,1.4657278252078376,-0.22357585878334657,0.81362494050392,1.8358883246537232
0.7866754550089144,-1.9095881448012975,0.5567782468742781,-0.6488483602919649,-0.11586513044732591
0.29938760709866113,0.8404394507685699,1.16619820254562,-1.6822668102048115,0.627311903330764
-0.48142345230247663,0.5049037870962024,-1.0481381722437382,-0.3863441328558483,-1.1822091482381194
-0.9691065456988024,-0.10385154906303107,0.7325169033430642,-0.48481757853916707,-0.467901134755979
-0.08922786215349225,0.8860469570048536,0.5530460816487097,-0.3645456814158547,-1.4524584629428052
-1.5917254791052184,0.23195712453736575,-0.651601581720403,-1.5451668206195261,1.1481369908218246
0.40991776630192783,0.25082389618342915,0.5643986669365708,2.0430227262692346,2.2894413451206166
1.418082611509737,-1.1971472887330843,-0.15093910310208006,-0.5402141777013976,0.8937303896581493
1.2031441364833824,-0.23884710174853388,1.7770639765386482,1.0025541290441415,0.5975258664304977
0.9119149981676886,-0.06273372668978694,-0.9804591526209435,-0.5934278128176068,0.4124850162365443
-0.8014003906616612,3.0860615342929205,0.8752568288908478,-0.6611139464087246,0.7879990342105769
1.6623820433926109,0.6325006152520243,-0.4215679108968709,0.8185555631704328,1.4572896625936151
0.47263709100469253,0.1743995240595388,-1.2264997585872053,0.9681057323640582,-0.8036190310453498
-0.20668951301345292,-1.2174562850469919,1.3564210622994526,1.9060167814947608,-0.03711256578021859
0.9061330538214555,-1.059527124063329,-1.2285166184447494,1.9311111007796935,-0.2655078890700478
-0.15237342240845134,-0.6498067942545991,-1.55810312701535,1.191963084251234,0.15822008051959158
0.7326517765424355,-0.28621358621003345,-0.13504095341022224,1.8236872352630773,-1.3181023847266748
1.274166721081224,-1.868870130854939,-1.693321608639644,1.440768186974571,-0.5590229965226543
1.2653368911715543,0.4497774114783426,-1.0217843107808948,-0.4032078806015143,0.07310881161832239
0.40174251951636386,0.07555621746107928,-0.3020094235691727,-1.3075442770502548,-1.8371753489996536
-1.6016832290084337,0.8194639387821241,-0.4196602097855018,0.045052476447608715,-0.2933160082469642
1.1200157121029986,-0.8468305560031836,0.042884458704939774,-0.5437906915797946,-0.8178892476108255
0.24780880962371588,-0.08230617432360315,0.17908758010208567,2.029127809418949,-1.0916797687496613
0.06939149094411633,0.906085819783364,0.8505606237372327,0.6447950387840813,0.24044537937911362
0.5443193789919116,0.661546886270615,0.2091549761489512,-0.45643893419258347,2.6128889645724933
-1.3054648054322784,-0.620113665049746,1.3501823947088705,0.8368571875394684,-0.4663706584084824
0.498493597449423,-1.1843682701718568,0.5104854349136825,-1.5956212805421393,0.21723300951422927
1.2388933688380324,1.216822054817825,0.5372183029984394,-0.6046557404901305,-0.5607640171600574
0.8224961926700769,-0.04242272491436891,0.827456596702078,1.0265198820882024,0.0729850837874647
-0.47430455368101104,1.301814970064753,-0.43497519412965974,-0.597935934250873,-0.3701151976413751
0.09328628217807183,-0.7499429701405204,1.738670763947353,-0.19929693311942395,-1.6258364894051032
1.1430279950154985,-0.8620671922711065,-2.060962241274004,0.15180080725066405,0.8613023795029557
3.6796538075386103,-0.9614331478544723,-0.04823957549669679,-0.4082550551387443,0.37956662606744584
-1.3093865019647895,1.544237357673749,-0.988513958729944,0.38547545789606097,-0.9270245092218783
0.9923185009289699,-0.1407012460225185,-0.9512042022246607,0.7441459662360824,0.6774004522968308
1.612748623583904,0.8018892609585904,-1.1326876038488922,0.4803004765811945,1.7478249003852802
-0.9284217372505507,-0.7113984947725747,1.8825776564917387,0.6801544207196637,-0.5930071555240811
-0.13592283645652325,0.7558976319437668,-0.09913893565160323,0.4896696123234219,-0.6490523408006719
-0.5170788917562507,0.783270290081875,-0.6429517743159716,0.9460594164167011,0.9713880787035217
0.2308942325595944,1.6144020936172594,-0.22436834140014433,1.1459880390712565,0.802953794932931
-0.5139888030696061,-0.28795685758359924,-1.255824269948003,0.5760557501565194,0.7203908502010312
-0.7850764113502166,-0.42578813204304383,-1.8064080752304217,1.3887723386138278,-1.572724898388889
0.33947359789917403,-0.34974964484315907,0.2931704921714854,-0.5197760829063441,-1.101513558592529
0.7516498245290195,-2.1131958385404572,-0.35605590603035514,1.383049205774137,-1.8203685335624649
-0.15025327188126386,-1.0917701555640043,-1.8082539605639245,0.17521000455680388,0.6045931313482553
1.012918487556566,-0.7084510612144191,0.5746986517915161,0.022532945796308552,0.6320807853749423
1.2620675692866403,0.55336276081199,0.4901450674330747,-1.958826534969915,0.7914593056424271
1.5314851062212758,1.2958166255914692,-0.3346197709145857,-0.1338651378274366,0.3651408427783616
0.3604711232379143,1.1129717285579763,0.03865794124473564,0.22914362289572354,0.9719433292998142
-0.2606734528287232,1.0002718282932477,-0.5800134529784652,-1.166986234268079,-1.1582889832572456
-1.092823861328989,-1.6398814092237877,-0.4152565666436839,-1.3937587217740386,-1.431006434984721
0.6206677464826829,0.17302535195052793,0.3445060426977042,0.9034805134546917,0.29036618792589536
-1.386221969081392,0.054636388604155456,-0.42173626415708904,0.13269737220414926,0.6557019459991248
0.4874996630353639,1.2788948677846468,0.46132873320993756,2.1476867764833965,-1.1829168231375113
1.1655071619742714,-0.7424108535108227,0.597476554442755,-0.07541476225650542,0.4918464952231863
-0.527818232324381,-2.2214405813091758,0.8556372590857111,-0.030180781187570026,-1.0867901612915136
-2.1544683523919557,-1.4477574466893552,-0.29174339475959815,0.35386765802101583,-1.353438204347933
0.4637370147269447,0.9123158741684562,1.4735333402349622,0.26957191892587773,-0.4260592411732677
0.3134628682224783,-0.3822216728234159,-0.35525338069057094,0.180339332925912,-3.0484711721486772
1.080284254706502,-0.5264607598028941,0.8053853292232657,0.6126023986346031,0.9851662398294526
0.1680703249264142,-0.40087648779791585,-0.5292467553908653,-0.30163386225356575,-0.863069560395056
1.1798874882486723,0.3282952247018508,-0.26518855326275514,0.09724183227642672,-0.8174016596998852
2.435285313178512,1.0954968296666503,0.7623338511239354,-1.6239239181438188,-0.3519490175395885
0.6863102188907606,0.6544087644342296,-1.22232773020041,0.6069477505146869,0.20277691334234574
0.7990259767851847,-1.425966167946831,-0.9712071865471308,-2.0456712627895324,-1.6020215273839618
0.4238609066481103,-0.20486178686427992,-0.3982958649271958,0.9689419450768252,-0.4816929949934141
2.2766411634152335,-1.3394663071772157,0.8476895359834378,1.1324379433247007,-1.153913116328967
0.12571172412928455,0.04960297174126308,-0.6830052232633453,-0.23060626073626758,-1.33182492764834
2.516043190020443,0.6302813637223889,-1.0658743149463221,-0.5514211671418908,-0.1837511690169554
0.10337724249407791,-0.38806530751441437,0.4351486964129475,0.3676883948142734,-1.7892210215523447
1.3590493334713416,0.1455493151843937,-0.18085560379480417,-0.3484060913985134,0.34774904081904406
2.3725104804119286,0.7856382847141307,-0.18708750779398176,0.17410901920309416,0.9881973188582722
0.4035510787752992,-0.3230295935393009,2.27386495500131,0.6624937740742757,0.4662564784671027
0.6472169873881025,0.20311052817409492,-0.4809480542459925,1.222870780049907,-1.2467033249755857
-0.13611030975450952,-0.33901814248264983,-0.13806524175092016,-1.138900051361709,-0.5856610298402116
-0.3589823564613098,1.036217556493117,1.4290304362608255,-0.21156941537347457,0.37638043000520993
-1.1043615444292936,0.450854740660354,-2.2848700590711317,0.7566347630959518,-1.4731915323264764
0.39724490211067537,-1.16127156996832,1.0804341839345524,0.5303534838677402,0.5685682496234777
0.7802051800678526,-0.8860595059469992,-1.360815206067709,0.26245915778757817,0.5599847682199769
-1.1602250666112386,-1.0422760479632889,1.1534068752842368,0.703224123038561,0.3568957048071146
0.25146415217260343,-1.3190404534804123,1.6874312847816892,-0.3234502904050192,-1.211596700795851
-0.6950289558645014,-1.9058631222936466,0.40231049803468405,0.8836910976390278,1.5724950834514106
-0.8479215704078511,-0.8139859707929985,0.2135222006168271,-1.0950383305333313,1.6820759684033508
-0.4268867472995652,-0.4398360127569962,-0.30284130348487986,-2.484763598909746,0.674355015962344
1.550320768836481,-0.5927180969594958,0.5294013096286593,-0.4721860831370907,0.3859239742688774
0.6184053113805615,-0.6819547505004383,-2.2828905035172307,-0.3745182782839343,0.6284919093746354
-0.3418548012996114,-0.014763556857034035,0.48215084807252306,-0.6888356471248371,0.13445106440034235
0.29366326172901386,-1.344610316078635,0.149767910758875,0.3087167048010446,-0.23190302518213984
-0.1621487835755031,0.39827703193522307,1.094659021618243,1.2012920532827058,0.04373173611920487
1.1407198996305101,-0.29491027127455843,-0.5313394606650892,-2.2767024606292607,-1.0483483138770857
-1.3645067142545617,0.419238591005275,0.6468099647555938,-0.4757424094150992,0.9527172424265717
0.1538943605962296,-1.3186807793310633,1.0589041965858894,1.1878273625839078,0.3980673728122701
-1.3932113653834122,-0.1253990253718068,0.18742148150330207,1.150429338635194,0.7229726552736607
-0.4047743037217957,1.1030910131874674,0.9104792655705817,-0.7127348236850375,0.6654675733155981
1.0233739920099936,-0.20373465105821378,-0.3932031634761401,0.9900834789831704,0.29378647583871936
0.7073843685278106,-1.0867081780174974,-0.5832922780114899,-0.04194106024935231,0.9558364701133775
1.8283072704627397,0.5562010408432847,0.26908528805184084,2.2732304654516002,1.489016556682713
1.3678159386316668,-1.333408992650577,0.6347479900500173,-0.8870975277865889,1.0820055070161523
2.540102026495687,0.7804368886101857,0.03980378620259763,0.1562636175893025,0.8937609906901194
-1.6251927391412575,1.2190564514888433,0.9187546773980346,-1.0837806283098617,-0.5670283310359439
0.6434610795272121,-0.22276273570424426,-0.27391687148180255,2.192829590159064,1.4402306194777494
-1.8296715613903096,-1.468569005268414,-0.9317806655524802,-0.0005632177021238612,0.6656936944609374
-0.08024583927665441,-0.15560268664539384,-1.154363209247209,0.11937470484362973,-0.14295980231151195
1.1517067081239347,1.7399149383156896,-0.7407221763848519,1.4332420162578854,-0.36114723272350696
0.26447236201419877,-0.5198271678470415,-1.7767578861522062,-0.3751913344395683,2.1050609913099936
1.6210407360640502,-0.323559785035292,0.018880990321866527,-0.1748425291383291,-0.36152635171673475
1.7597381368362424,-0.38469956814297307,0.4385548712544321,0.7541408867523957,0.7375687154237256
0.7673414189226272,-0.0677323024614267,0.5478427356456875,0.9118378867040161,0.7372526812900707
-0.736614794045735,-0.16193826373666725,0.42891427106457575,0.510752790795074,-1.0218564005607178
0.0912063376861805,-0.1254393968834438,-0.06214274601058867,0.8088688591091553,0.1553107931474171
0.1426295818915538,1.3414451665132388,-0.5486671802209674,-0.45121351918490094,-1.4441107781464293
0.8360041150758813,0.8449306805392807,1.7452533707376332,0.021593352856088738,1.7245893324701378
-0.5507304124839405,0.2784838833647696,-1.302099884175023,1.1858812858038899,1.5120501805470596
-0.36111783841216344,1.814233729399846,-0.6621276283039309,-0.25153494431365314,0.14384046892632768
-0.6470411360811197,-1.459810065937087,-0.2141774880482479,-0.7508290570495287,-0.8392137001517193
-0.023980405938177175,0.5850806774422356,0.05028204172276028,-1.387549718398228,0.9203031177338383
-0.15670258898189685,0.27092587976423443,1.0085723563798739,-1.1080456024550576,-2.317882661818288
-0.24847654298508834,1.528133510702281,-0.22176430308852135,0.16995144852238975,1.313486296624759
-0.14529925532668483,-0.07907001655529639,1.5237891467350315,-0.37372837184896146,0.8864736045420755
-0.06738587387734438,-0.3922609991865475,0.5810758909285988,-2.70052185802418,-2.268974828567514
0.15106810551233338,0.3624603732704147,0.4106920691813651,-0.5268022173050622,-0.12422352712773127
-0.5084435989689506,0.6609373078073582,1.6701516453058045,-1.4125412428824389,0.5607781779215021
1.2922925724386685,-0.34662712122198175,0.3368630853297581,-0.6357859923206415,0.09900158891745474
-0.24613149712184818,0.613782750110808,-0.5339764251109049,0.29999991542593774,-0.445076746141532
-0.6559849363425793,1.1705870958982776,-1.1720769132869473,1.183652733077969,-1.4890493820514903
-0.574620632187354,-0.7473227164691404,0.1250277750475803,0.14209146838728123,0.6784334335373288
-1.528430174359355,2.620814158302368,0.5612031125011904,-0.8157889935680891,-1.3256605717252492
-0.939991816596156,1.061022630134693,1.2803221710511021,0.5137186615158871,-0.6863260941863054
-0.5243021902727777,-0.4119069327435952,1.4671738786790418,-1.6739124883515737,-0.8735178200793526
-2.162181473829435,0.7434248718768144,-1.3941582661377694,-1.618102503864925,-0.5018294568020281
-0.2612852799536793,-0.43378109737113063,2.610226137249014,-0.5786838601530978,-2.444563797555831
-0.6767665378935731,1.580807617780013,0.6735820241850616,-0.8990529981917593,-1.4826635048871177
0.8994708328359289,-1.013315399144282,-0.7479916975993682,-1.0701467158508844,0.9660392827972675
-2.504933163677831,0.6416623148287868,-0.05458743832061455,-0.08940205772788103,0.8719665441089418
-0.39348362177501794,-1.596611965723289,-2.1076425435196895,0.3893176721453449,1.5224880176353768
-0.30455269181127115,-0.5821995392892589,-0.24499015254064022,-0.4772513279691682,0.4520312194101173
-0.21964076091350948,-1.3318761662880654,-0.9639857718440346,-0.5205339303704746,0.01930035254044387
0.41322987901586333,-1.060163976341364,2.2763021168100295,-2.1649195592148325,0.9297640542491719
0.10640454855433674,0.1387333957909516,-0.0012993242616109743,-1.5579148517771697,0.8675038147641033
1.1887680572140111,-0.27600314004545373,1.1607609395448608,0.9863260703344136,-0.5589249682715254
-1.5887632277809713,-1.3032590674404825,0.734851938354548,0.006253640792155986,-0.11658335559409716
-0.15221613796651437,0.21068818169409428,0.5022361679408204,1.6640771415741087,-0.13332198566996817
-1.9190119123411489,0.3614392302672577,0.2697330223998335,2.399289681145702,0.15427950016105496
2.218423501794142,-0.144446584161038,0.06966275500167005,-0.23858412939778031,1.1973004603488642
-1.226485016734293,-0.03825105644928775,0.054919914940324006,0.8491422768045154,0.2444587789258675
-2.0768077638181963,0.937136086437414,-1.0171214482543185,1.4499713694064404,0.22615211076323857
-0.013567078251196874,0.7775292599726031,0.32525437456032635,-0.1382096064341662,1.7507342772951386
1.7263344195406274,0.7056733801526522,1.0465152051191158,1.7268201468981534,0.49081400614153736
0.10777481588966192,0.48704924475068984,-0.44613634011825376,0.5721750490593781,-0.829543672043962
-0.7933414533089409,0.3611397332973219,2.3071666314360684,-2.0352650517710305,0.24370156797448164
0.03660394329341241,-0.39668530658250745,-1.4764083063017421,0.024530760445469063,0.40111209782364016
0.23266915593988435,-0.8316162204379935,0.7893969432331646,0.4251639673028418,-0.37724873915125723
-0.049003111233642274,-0.019077221147116376,0.2981468129695521,-2.162713457690308,0.8306025765278813
0.5908634752772093,-0.3356983924865429,-0.32151140153509045,-1.201329171723436,0.45019342718381467
0.6490447829533237,-0.1291960772660655,0.1288179668872417,-0.6006865440906705,-0.4822051826294636
1.654869054691159,1.3449096670096912,1.3119186876165796,0.8426239191245162,0.18072973775379048
0.7046827697173756,-0.8460563272656312,-0.8453190970932926,1.6269315742258634,0.16429921085481528
-0.41572264566893835,-0.8423506443655726,2.156181803626606,1.1423425361425843,0.4626758558100401
-1.3847807844407143,-1.9172922311159348,-1.3809898596274888,1.0155138134167008,1.0860857464697815
0.08648678582287116,0.08603424824021874,0.4719674730580954,-0.4026051607056599,0.7482561981384648
0.20254447610268117,-1.5719750610623935,-0.21338920754953256,0.007448880234003987,-0.3130254508229184
0.09282285079268132,0.005618432332589327,2.2020621317213607,0.686780338648788,-2.0354723076811094
-1.6938649561956007,-0.5540883829734783,0.35810798677775196,0.18154265347226986,1.3233516865621893
1.9440743188037675,0.9505518106460406,-0.46050555297626844,0.48759628709600866,-0.4239797166710977
-1.1827083628241966,-1.0641288028441034,1.4864837437062468,-1.0928041853185062,-0.09852016912523484
0.48723614058378983,0.6057880740675424,-2.0356034967102365,-0.2119261192767426,0.3223103068699991
-0.0250170373715245,-0.08182171056860679,0.06801040491540335,-0.7008763958875674,1.6663857154393598
-0.8302899550960524,-0.41047771915464865,-1.2134291274119466,-0.7767328059064895,0.19666148453742463
-0.1746593253689563,-1.8190182087755131,0.2372317943234882,0.7284729117063408,-0.39006858739453404
-0.8631175211700793,0.8229190830450634,-1.5781891368051646,0.4649833350371618,0.5176250987586813
0.8708146281679108,-0.732243899275465,0.2874458798342299,0.23958387996894973,-1.101793822497167
0.7423467615949111,-0.7371381173743439,-0.6676257805925218,3.5491645291398473,-2.1321500288297655
0.35091621686194313,0.885199853636491,0.4509311110768855,0.449980845090918,0.16364886556102895
1.5834410411070285,-0.07586015021618606,0.8184188570683755,1.1354666229963084,0.6297077042524599
2.066650043223931,1.4493370301790012,-1.539768630459378,0.7967115819364794,-0.8006995801117591
-0.02435549602762448,1.1915702442072302,1.0843452824526318,0.8637226231623324,0.22445098435671532
1.2004719224760187,0.6560511176899997,0.5770637526158148,1.0252588436697652,-0.029094150322480007
0.9352767704043454,1.6561704826799761,-1.0830718721414465,0.10616816735871897,-1.8896443661561477
-1.2691162974134724,0.6007864600371651,-1.4317499611535658,-0.5902946387490561,0.522289900205199
-0.033745709043907286,-1.4750790829860456,0.45624418561336916,0.3182292533162355,-0.0840385205835591
0.9334557295572918,0.554177417864224,1.1967874229378281,-0.8714050401365605,0.07308656682591265
1.0201103125206024,-2.6332895415330153,-0.4913528724372486,-0.01189130387168215,1.9096828403170414
0.9674829782105091,1.0703474020240276,-0.0801472437210007,0.1970045375411078,-0.7707318294090961
-2.6765265695898477,0.606809403473894,-2.011152904297914,-0.04986421290592399,-0.4950130358888133
0.8752196727599285,-1.14181910178163,1.1316400311740216,-0.4144024988466283,0.06980656686783288
2.1242993511523394,-0.08693153999488103,1.2580587540133497,0.5553480159367402,-0.40526493827675825
-0.9377991338857129,0.6127786209885918,-0.26693376966433163,0.4131496294897945,-0.20327359378063697
0.8139424433436454,-0.524284269566528,0.13269727878924475,-0.8538569076911456,-0.20619510709408712
0.1939354316935668,0.41083557226284056,0.5148101572360402,-0.9610948015805457,0.37580860603840704
-1.2458733771420771,1.623019553997974,1.113762755482875,-1.6506618426047508,-0.06975854938200826
0.727029381475617,0.7116054396954508,1.1182023984670177,-0.8165053088983556,0.07893534172807062
-1.0918241518022873,-1.8852065276978083,0.1654169800561044,-0.8309262374692857,0.3652631322746091
-1.3216242771440814,-0.9293923736250841,0.8880695081048662,2.288554634546678,-1.4915525618014556
0.406375432033979,-0.7857052965716115,0.5659348677996457,-0.11281392182628701,2.2138093920133253
-0.22083384214589016,1.901003778678711,0.42287612614269476,0.8780294362949127,0.19852736494588166
0.5641700676910903,0.5904037423543608,1.0059925475083265,-0.30790665981203097,0.6913443079399763
-0.6516410368685606,-0.21505111424014595,-1.709789632124477,0.09265910281145266,1.3498955696626336
0.7539627664608074,-1.1243673904871467,1.913915335480539,-0.7596537804030106,0.03947027943786406
-0.45967023757739367,1.9616648623002069,-0.8597711124350018,-0.32535930734116886,-0.5064594060433684
-0.26028065056120925,-0.09954748146805283,-1.2845313185912388,-1.56128066043469,-0.0577229970314536
0.576509846885086,1.905174845420698,-0.2411086331328945,0.04783005065936991,0.15462680731375966
-1.4311990540306192,0.4701459160250385,-0.33721390692447056,0.40586288713850566,0.1745447505449304
1.7946090127858487,0.4638628891908071,0.9449485798772712,0.4122721097185916,-0.5934047065800334
-1.4203514510515767,0.9611724296226485,-0.10942540292429374,1.5943654868706483,-0.23481333483005384
1.076431222398055,-0.07465367086921357,-0.943873883053807,0.2928716140477623,0.0537874243161518
0.593545970709655,-0.27891328328231496,0.7165156337359454,0.9589751363171457,-0.9682350311056496
-0.05159518257435194,1.1188472206176856,0.005477873850872794,-0.48202521883727883,-1.0692445413196547
0.7292871029055362,-0.733008073612095,1.1484549083471254,1.2220058920178594,-1.1255423626640926
-0.10867439069639565,-0.6329014910849743,2.179842233011087,-0.30638203634260786,1.032404372100905
-0.15356835857610493,-1.1303358314991137,-0.027541545629094014,2.209676231041783,1.2330989781340045
-1.079340730160409,-0.7264876914251633,-0.09259183997176525,-0.5157553990643698,-0.8486794548047293
0.588969013372757,-0.22561070399732983,1.5576397933997186,-1.6558986020994335,0.7116291867400147
-1.1549897303680678,0.33220241783134424,0.17975099883020002,2.4020738583182935,2.795487492076847
0.7009683491311902,0.39580269215581076,0.47668384916117457,-1.3842553950806291,1.7041271160096523
0.3002187325809761,-0.8948236340551433,-0.7869465183631293,-1.7755184618253725,-0.5640710824649485
-0.3391953411558342,0.30408000283827563,0.06947567701702997,0.8035131644849687,0.2548979508148243
0.441804730524912,0.13192199981222336,0.4296720348289178,-1.2195368824073876,0.5259524385643233
1.7086713377620126,1.422659004295449,-1.4498815416372322,-0.2511395602287356,0.06321515478294312
-0.2115840534324053,1.023288877225474,0.13145345126781063,0.803712710063673,1.425192873403162
1.5976814182066383,-1.3226390470814933,0.4562108445586073,0.1775433141605551,0.13191321068533998
-0.9092057252273227,-0.38233725917360906,-0.19709105276232516,-0.6025226748741039,-0.777635834963906
-1.0293083459295287,-0.28806025116811856,0.6562440634902214,0.5541274829185696,-0.007411803274672331
-0.28493874895602767,0.9709413076614852,-0.39583949314451833,0.6619566751716602,-1.1102007968258463
0.19608771701699024,0.1484898827395142,-0.7324499597438889,-1.1592873857863273,0.9384128247030438
0.5617073251876626,-0.41860977797809,-1.3475890346090884,1.5573346486255037,0.9703636567296332
0.9102496703029515,-0.6065622077561632,1.7667209244651845,-0.145405142863669,1.1789128243915052
0.06886915198899006,0.7223717416850463,-0.04042201295424799,2.0397693123543696,-0.7468473257971138
0.5765586290475601,-0.0480248685967287,-0.6083520351127064,-0.5197380462179321,0.8466368814434825
-0.10691072875386268,0.031030129051814553,1.6305516066130172,-0.9172673830092409,1.0707461441834214
0.1992049299990027,-0.6497545158633232,1.0265515356064117,-0.2605263283139842,1.0317096491841264
-0.8810782972002098,0.3758642679418748,1.149394521890945,0.15678479364654482,1.5221550289611456
-0.42007934829611965,-0.6647299636522577,-0.44326893979043624,0.09399730783470485,-0.0441235687728707
0.683301244506936,2.1306333606890093,-0.25918625483795216,-0.48414428455243935,-0.18802940319631048
-0.8312875300652203,-0.38822234292195784,0.6378537017577073,-0.07002974653084656,-1.5998217545949482
0.029866439876924566,1.448811971035575,-1.0410665246105222,-0.4225936911012217,-0.09559726960015097
-1.5591570030810429,-0.26814006016871156,-0.25047568635321976,-0.23624868247818626,-0.4283981314292064
0.6384583307709717,-0.6377352937191303,0.27044171782750703,2.019798039518761,1.123138795963246
-0.11974797355106316,-0.5067780367544751,-0.04497384179222698,0.4738112329619199,0.5705664754078841
1.7339623531631818,0.6171560283372032,-1.6521089103042692,0.27877794808213296,-0.41593068164201086
-2.0154786930343778,0.05474139938569094,-0.29279614113954133,0.06709632234747709,-0.25007088085920387
0.25377333261684326,1.2710687842746506,1.5947979394110992,0.8029833629449188,0.9453746882524172
1.677415521089721,-0.5828723987874689,-1.8279555013715119,0.6870933999551231,-0.8872517764373876
-1.1556563464936147,0.7494605436747258,0.6483613954659919,1.2793211634085984,0.8012718716670526
-0.1884265502603784,-0.9193035545288775,0.31585345715246615,0.08216900691464653,0.9739827091869466
0.056922948503870544,-0.31654065749730587,0.2520350347191965,-1.1386573075506108,-0.5769018902035524
-0.8183489238704776,-1.7038708281354604,0.7041220493326431,-0.6427606238683522,-0.028846436955535112
0.3541572202509974,0.20201329645102922,1.1053500591719416,0.9860636618374654,-2.2432480737772766
-0.7513360363829831,-1.099393663933905,0.0842602567421372,-0.07413443316360886,0.29995062587102467
1.6380488736130216,-0.9262288309221688,-1.3543813259410455,0.0438595422073461,-0.9931555019026526
-1.2101227843902063,1.0494805357645516,1.2052924548096662,-2.824675818222457,-1.561817632004626
-1.7730435930505235,1.318760815963712,-1.2640082131147232,1.0203579340153355,0.32345118132996636
0.6600766362902295,-0.9902909298987085,0.699794151802778,0.24966295724063098,-2.073689215770953
-0.053933606991815874,0.7209071347780468,0.9113733451322653,-1.2348378201754215,0.16849746084961545
0.10977222245859519,3.152042895664202,0.20338651094013627,0.9587565965805191,1.0733471061687927
0.45285110003941137,-0.8252903663092687,1.640513201891248,-1.156302647152649,-0.3589101307346794
-0.18711496894461113,0.029308846503402933,2.3687297568535524,0.6093738230328684,-0.017581077881831633
-0.22311425632200838,0.36552577685582455,0.17398654347298342,0.7220775374970989,1.6222143923964867
0.21204187581011058,-0.3006479150604795,0.06409130628555208,0.4126423250896071,0.3295285448549974
0.45227277765461793,1.7278311210775124,0.3699270359231875,-0.11157526488514662,-0.5937753177968107
-1.0703366277544346,0.08625651621440666,-0.6213727300342855,0.7509620927486533,-0.2127172998053832
-0.21566964601683822,0.15553098386815262,0.8120110731241337,0.6088932700291295,-0.23447465835482884
-1.5285499417307968,-1.1297468829379764,-0.32312531152761464,0.24479555572118372,0.8858890981143406
0.24528260244594347,0.9425683664107791,-0.500192284767161,-0.22797100872870757,-0.7744581650419432
-0.04769298434471308,0.5901976725546193,-0.3247763681061378,-0.7342085384388757,-0.5236438793763681
1.4218752953317984,0.8046898547952704,0.15316057201005226,0.6577813176131441,-0.9504807930017064
0.7983082523437559,0.01600551211297857,0.8538476773464054,-0.7170952748828463,-0.8333612016444671
0.4322807398581551,-1.2346649884665244,0.29297024130715293,0.2704928502143812,-1.3289433285413434
-0.7703022794433774,-1.6060757684499007,0.6611524187552612,0.0724569373017185,0.05795782959319296
0.7700293740928004,0.11996398751832923,-1.2643155827406374,0.5686884209949801,-0.9430802490483372
0.47378307259941016,0.3586651398176936,0.12849336948575157,0.11101786596830598,0.5525638214671673
-0.1951751581034456,-2.0200240790350397,-0.41038604655088456,0.5444463935688857,-0.1339433887764168
-0.29635071078043035,-2.302785438835256,0.14897063549272743,-0.6967554257991037,-0.3801571403556659
0.005979622172506015,-2.7437042340120987,1.9735826269782144,0.7635881027145828,-0.5998396120075246
-0.5030213600389076,-1.1331180860035628,-1.1112716870277162,-0.32099412361281077,-1.2496341196102088
0.2115461938447954,-0.26609843654225124,-0.5720800183014768,2.3289925659331834,0.0160531711896617
-0.09127091753054566,-0.30986335042541735,-2.7660874810471716,1.5503073586767766,-1.73690336445628
-0.3829272783906675,-0.48197524215247733,-1.299345730982098,-1.997809828266305,-1.0522012806273462
0.08316119684720927,-1.7493966689629339,-0.4593497909066673,-0.38609673375520254,-0.8322611128749008
-1.444190482804698,2.238967469670951,-0.31506725604330654,-0.7822649422565212,-1.1724852606766945
0.748873743864005,-1.268641890809626,-0.3544672647923013,0.19982416840588152,1.2033568755248225
-0.6604030250244155,-0.21824364247113814,1.700737970217374,-0.583528809555089,-0.8759853418515269
0.029462294547212154,0.42700965564325893,1.4416557726519037,-0.7375806084107537,0.25019508529139606
-2.1211008701382497,1.1212177434548196,-1.0993767421533671,-1.4235500556054985,-1.221606834874882
-0.880519908418263,-0.65689198929783,1.766481416913486,1.502935151498415,-0.8032917101169711
-0.6492235976930995,1.2789165577190957,0.3630406445241547,1.3932897562653233,0.5658687716418781
0.04864335016403722,0.49836327245138484,-2.0631767234302645,-0.44655324873690816,1.6481532553871063
1.6079410932903928,0.39531645077976674,-1.6821561453871097,0.6649710510243586,0.3040289035227964
1.4579436152880163,-1.529236132293653,-1.0132684045463731,-1.08746775329464,-0.056593497878025485
2.0827188369409217,-1.0579879069451115,1.4523644902092667,-0.6387600393680186,1.4015840114539484
1.3255805309780735,0.7222891846038462,0.4086122039157706,0.2347090048155546,-0.09752453174858991
-0.35417386556782526,0.2096804844713669,-1.3389704732860794,1.3033503038058596,-1.33131114434053
0.4145962341381871,-0.9274197266929315,-0.6427302398981928,-0.20248342961258173,-1.7392265065896377
1.2598248169795183,0.32712690028216834,-0.32882494479004365,-0.4618238147354795,2.0176736395767914
-0.2508908089945135,0.0648942435824721,0.40227283684963094,2.6525613000222283,-0.20971184135664514
-0.16255472812256744,-0.4472439428084846,-1.261456867619392,0.9796027839794342,0.9517268208582258
0.009523866179404627,-0.19908922224502162,-0.36859782717900746,-0.7085240288030686,-0.22515331842064423
-0.6287077614605969,-0.6156816941436267,-1.1956255846961044,0.692406200325201,-0.2896976528581557
-0.13260536381864543,-0.9393542751144518,0.40063966213268076,-0.33425830817872637,1.461027825277142
0.1513293367424529,-0.19281788111277245,0.08447595694216148,0.8146594280247612,-1.3983403956900922
1.1106197329732919,0.5241146985539278,0.5701524611852568,0.720730028311142,-2.471390014300739
-0.5809460337680645,0.21847609756939454,0.8276221764961179,-0.9317974626838283,-0.6727159724395404
-0.8453821775567093,-0.8036099234475074,-0.9479671388323939,0.0630735180209805,1.2098849793029687
0.45923743443345316,0.18947181264867066,1.0233758041943564,0.33084637502440856,-0.3452712614864786
-0.3092036705939423,1.06466232888412,0.9885363401539877,-0.436178928135177,1.4701072544508798
-0.2298188536245763,1.9764760915779938,0.5056502264731388,0.46348005942790055,-0.4990889143687419
-0.9498493342313811,-0.6999716558215535,1.3457845932360466,2.3516709138839724,-0.10764765958195258
1.252747968746742,-0.042347651650573435,-1.7029010574953662,0.021959141274433963,0.31353670686661367
-0.46127097222628033,-0.29433974267272806,-0.684387495995725,1.0340561109878739,-0.05682716164334139
1.97511768335888,1.2938998235116934,0.39692012016555184,0.7479293137863474,1.1424897470158772
-0.22276062248441833,-0.14625503695561656,-0.6198701290703585,-0.7279574032143943,0.3141522457610687
0.589510783326525,0.16513355640620384,-0.9881547259448515,0.2777270679341038,0.2020785667167052
0.569705692061844,2.5387620981184407,0.33125905083875623,-0.8355740745089649,-0.4934469997048809
-0.6219713807385339,2.721723665638829,0.44154490351934933,-1.2005205196868165,1.1646035039034772
0.511604229587276,0.5369730211056194,1.1485050333233333,0.1640109944026678,-2.02193247562925
0.5264198518433603,-2.7034639738285082,-0.7983439643192725,-1.4450184957585348,-0.03599965802530271
-1.7252351234471945,-1.6264937140877176,0.3889503313499209,-0.23185813630403365,-1.5509979844380035
-0.11584367066921412,0.9543746499856557,0.7420696591165815,1.2525967376425695,1.0112654828802392
0.21591697577948085,-0.2577862751921223,0.42687804274782076,0.4093422820477392,-0.10305435367805378
1.4699177133202463,-1.5644256469402424,1.4264059594665797,0.4035505740410025,-1.2327555735411768
-0.3826057479647588,0.12746053230032645,0.31363630719448665,-0.2306194850461199,0.2975930040627134
0.5518608748783574,1.9409922212004442,-0.1107718212389469,0.44605540329393756,1.782505022384441
1.9477003282162353,1.4474851204951393,-0.07096979002395516,0.9556840709773219,-0.7345321647736317
-0.5331153265053122,-1.0808030768627457,1.3802516555701074,1.5491668188412373,-0.09235875441055134
-1.1901495310748267,0.4177359529342915,0.4520539946992407,0.5395757481962131,0.9077037151871721
0.14185485787883928,-0.5177436982880532,0.7715259373894755,-0.8369799396328172,1.035687998190691
-0.2650381123743831,0.5559063261333834,0.9299634486815314,0.9209263336967322,0.7752320307060114
-1.280192945221264,2.1603786117266837,-0.020726504346159313,0.8285484211325727,1.2816057348607275
2.623694110961615,1.220063242129615,-0.37155511172276895,0.05278312111153657,0.9107637306259653
1.1819454118274078,-0.040030105622703704,-1.0461552953877729,-0.3214804806628596,-0.599364053518159
-0.8902243726717817,-1.0166024678208563,-0.5018540258286454,-0.03550153814906993,0.1615702409659181
-1.1136448368821958,0.9279798507446823,0.081649415796428,1.1180251273145203,0.7366602414783174
-0.7075143638208705,-0.44256095995462097,-0.9967467962475087,-0.7891195865285833,1.4676472429599967
1.2863226269238233,2.3338330986286624,-0.2902769956746823,-0.11422465343574932,-1.4511095206088571
1.1767306829455402,-0.41600621623501577,0.9586278327814582,0.2849824878331248,-0.4810799994722999
0.1124863671461535,-0.9759631908788882,0.025629547456713173,0.754374788035946,-0.7743507708332811
-0.8332752297625569,-0.22388017338182348,0.28745691213984204,1.9554136318603004,1.0049642816855546
-0.34919837258400344,0.4527851415476348,0.743551886392389,-1.1895873907318495,0.6506872393861752
-1.8429353129351518,1.061009610982727,-0.026518814850458684,-0.0364918986819154,0.23139966554769523
-0.491609851923084,1.9502406001236348,-0.6669413216900082,-0.1032604859869244,-2.2450212417847535
-0.6999333979883462,0.6482692192424309,-0.6502011587363343,0.4648792147565223,-0.4877704215673195
1.8466966959254787,-0.1877663352301962,-0.08500178621677677,0.2353751477378466,-1.281953613713157
-0.7132655993617428,1.006358978463442,0.4287632558957041,-0.23079430219823216,1.0032437300115962
-0.762273886943496,-0.7272695955110554,-0.029798852829816435,-0.6833971806567003,-0.5416388478597863
-0.15341920888308705,-0.6270775636477931,0.3284118277778609,0.3080922411780352,-0.11423795774267181
1.5583795319729947,-0.8023003497765444,-0.6637759808930933,-0.4895266612426913,-1.097284666520834
-0.13667522865331902,0.355735278012233,2.3582070466239315,-0.29031409743990616,-0.18833154140744265
-0.02118356390657574,0.6845937139408705,0.5972935202503314,0.8233112312643971,0.4017947620428702
1.2873181694730609,-0.22931365097613063,0.3688412771130198,0.9514609649504976,0.5340658493251687
0.6339283084783616,1.3071728973022905,-0.7215773448644544,0.6296678169630517,-0.5053553386224734
-0.263016759136325,0.8046035753545709,1.4911931787652217,0.9091582739343207,-0.9406441746139913
1.1904666945931446,0.4944463736474475,-0.12694918261812774,0.0643129594042206,-0.014525109622768505
0.4602368635360658,1.8844132476594995,1.0694821877290823,2.23099634484939,-0.8469730464879794
-0.6049692829428146,-0.6710598412019448,2.7495583260805754,-1.185581985537853,0.04387272513329674
-0.5665140754046337,1.0011810664550327,0.18522472062043854,1.716682901380721,0.3747194826993994
-0.5368246364800343,0.3404325781476055,-0.6788020760381145,-0.028032906594650908,0.7876449057843897
-0.5605089997442526,0.9959796359489306,0.7267296980745787,0.5979745912240951,0.11689579437317496
-0.30367073771535147,1.969840275441057,0.6900474957129041,-0.5408164903027923,-0.2114988758577797
0.9712976159902138,0.8356637692649155,-0.8691974500280574,-0.20811039238346443,1.890314007077876
0.1435247036625843,0.2692779194947029,1.4063136101749982,-1.822745857021706,0.26172656975598435
2.7141472357628347,-1.8263991459191249,-0.1416929258154882,0.290986626745802,-0.7987073816050275
0.8201941463165936,0.15517455652656886,-0.1046901257730758,-0.7670403442403997,-0.7232761471163235
-0.9304968037332705,-1.1238991145906467,0.13252899378806843,0.6862762252175683,-0.7954090802409133
0.8292271769141679,-0.8215128206660938,0.9740242431155074,1.6551243642283155,-1.515582609381677
0.26962099394605643,-1.3308113294859432,-0.011436742727173996,0.6496002797296351,-0.8749209851312547
0.4473887156125553,1.8286421482950792,-0.056707582184656546,0.7027604482418828,-0.26379590632927885
-0.4473827487385157,-0.24072290937727914,-2.554151231907465,2.2027017162027525,-1.670328886311447
-1.201343838085054,0.060445342205592244,0.298843384740647,2.014430390368055,1.5355455324316214
-0.9126347255249198,0.8369176498952294,1.223602546267178,-0.8430650965835663,-1.304033423569051
0.5094215529752237,0.6358331543082337,-2.1104525337598616,0.3891805431014606,-1.195873653586705
0.5213210541721962,0.9989502111825566,-0.04424049631204022,-1.1496085680637607,-0.68395943204301
-0.5029370310196882,0.3986801621323883,-1.418036238481055,1.406889558467717,-0.1672777518505519
-0.2449639857116646,-1.7379045678989544,0.2926492830049129,-0.6334825851176229,1.75371062075786
-0.047982898895324866,1.1835133796938033,1.1432986754536174,1.2885256874210107,0.641165351990372
1.1118580403087002,0.8304311830627465,-0.8195903344392202,0.7543639531951735,-1.1237442272816085
0.12959461161137806,-1.0809972174661737,0.9154521514868248,-2.278131531888265,-0.3121016111535532
-0.20177150883032383,1.1241026283266695,2.192404564011595,-0.8189970963947396,0.9992449133417622
0.20636379258672286,-0.6833800889889914,-0.03316279531849979,-0.10998175472567355,1.7710070805560971
-0.619626880304114,-1.9089993104924645,0.28954072225750244,2.03466346978923,-0.28853828101199985
-0.645002245726953,0.8279345873572007,-1.6978618289110432,0.23892129239630153,1.4495890444732997
-1.739464784182019,-0.45146887053261353,-1.341263528362049,0.6396146602575078,0.6432257923595599
-1.713689306992406,-0.8541240885026932,-0.0032034145661703727,0.12171496602530184,-0.8144827934890145
-1.550230059609051,1.9269573102402187,0.16034008757734688,-0.058691838794389356,-0.49722739109146497
-0.1589496887003484,0.5935313733714291,0.03611340709146562,0.6076535361118859,1.4093249749499632
-0.2393145411292534,-0.16206545767579358,-0.9667251611601931,0.34643529839224657,-1.1478879580111665
0.004729661208259025,0.2789810090049777,-0.2771267365131349,0.3857364934178272,-0.10766348836538771
-0.17854508456933035,1.5545341097040062,0.9030082840673584,-1.2280484135620755,0.2896220942493235
-0.885832683346463,-0.3270426620716288,-0.02911144630768316,0.7648976371301593,-1.2603490170498843
-2.4859091834102496,-0.4896568213857668,1.3060675113989622,-1.6390116144921678,1.8030196665523355
0.7357063413330749,-0.5489785791684523,-0.27642092508461236,-1.3238489294466158,-1.5761070181561128
-0.5894737642205359,-1.5173039807247803,-1.3813551594287266,1.6209732745384218,-1.7458570554021562
-0.7463901178667792,-0.09796561532496523,1.7641884316671523,-2.017979796647789,-0.8509061145299139
-3.32603327060438,0.05991239537807691,-0.1651417751684344,0.44491960823621146,0.535488121161898
0.6660665183959609,0.12196603466570374,0.687650449924205,0.7914667551441661,-1.1782064969493315
-1.0164792466078771,-0.5580024695766318,0.6219691323516227,0.9751197518104083,1.7781135500309981
-2.648327100094924,1.250514067514801,-0.4690013962587706,0.6014241796201427,1.4934759490904883
-0.993332201375997,1.5975438552858872,-1.3487360076548243,1.4035416088069537,0.17442583873669482
0.12421325686839794,0.7789215354097546,-0.9688676842536588,0.7395944965664514,-0.15378401927741445
-0.8215820779030126,-1.5702958834679808,-1.918963419201229,-0.8542271464952252,-0.6660835709946963
-0.5440538689415474,1.1860663040874604,0.5279214794937712,0.8112044395566941,-1.295973590216341
0.6751824886868696,0.2979812174306585,-0.22501558283443254,-1.3495053862557929,-0.8960974954126407
0.7838299541461863,-0.8524404551757531,2.2178909760546985,0.4315573506480744,-2.52976150628245
-1.016139796254005,1.0509750938498679,-0.7507364172397615,-2.1277662398435426,-0.7262451694901232
0.6249392312013173,2.672163497711329,-0.24888733758431916,1.3559191132310824,-0.0881702043698801
1.154438032552671,-0.5037550860102701,-0.7767614359605919,1.7443047489528405,1.0298694431612725
1.576342442002405,-0.26946365478665274,-1.033404944188641,-0.5171754566495705,0.09246134574729231
-0.2025830582662495,0.22784411842350383,-0.547217942150582,-0.4600725892013303,-0.08171595718830649
0.3723723174794275,-0.02649338664233329,0.023444071447454033,0.012950062644058619,0.6168406160735588
-0.16349588113446972,-1.3217282013174403,-0.14185643876835372,-0.07383200727976434,0.054141826909033686
0.02918139245208157,-0.6183425760287092,0.5550091163725088,1.7369706696102087,-1.7887008474866033
0.019059346392264122,-1.76484715419753,-0.13428528377573948,1.4448199030811397,-0.5353814314170576
0.6856240960903495,1.051950696580779,-1.3278951175772165,1.4815472165501733,-2.027543840625798
-1.7528374395386936,0.274158913857346,-0.44916139051391885,1.1697966988255737,-0.3505615932907644
0.27418845284808496,0.5243780871280446,-1.502547448463754,0.36199264365313477,0.44283250023312287
0.5590870820094824,0.5884097381243913,-0.9032035166947225,0.2948946522128137,-1.2069602893906435
1.3751029153001726,-0.9504018769992316,0.6992578509190358,1.0255589689685058,-0.4541089840288866
0.6400182839128654,-0.29725638870882976,0.4651711710164059,-1.1523560030858835,0.27505924063372567
-0.017752905700068974,-2.833554880096604,0.5329973393456087,0.45884920587646544,0.6337193661772972
0.40687039349758797,-0.9588766002383876,0.5647894268322916,0.8715508871025601,-0.5677567707653564
0.3194485579765868,0.003464413243485666,-0.9428991733645963,-1.65594852680531,0.821381690114832
0.9690278063145158,-0.41452804256844,-1.3620098536799032,0.1601843877262823,-0.5709111625787345
-0.3799975549385805,0.5034530998282393,0.45509989898483927,-1.0688246278143525,-0.13177836782582036
-0.11325603787309674,0.3408685429636662,0.907166455569554,0.7140004388518233,2.032244162491024
-0.8883199642542293,1.615465245390569,1.3408940198174009,-0.9675773570467354,0.4724543897103086
-0.691715421470904,1.4088519269758812,-1.9382336144347208,-0.09457531650666258,-0.1464770262354718
-0.14389933458453247,-0.8573489066059865,-0.5270596782090893,1.1877782397904288,-0.1268213192755436
-0.2825747864120433,-1.4321560390706778,-0.29710251322634224,1.165608286349391,-0.23682345096715762
0.229863867160163,-0.41920374230684365,0.7841867711813786,0.6142078492754983,-0.8227894472568059
0.10079535030868736,2.0963768266485308,-0.5404950457071196,0.5661703685484433,0.1611749124808719
1.3552830502436977,-0.8808051952061616,0.5495173956686968,0.6250838582747245,0.7265033022925176
0.00033140955130280436,1.4133832255193663,0.281614983551237,-1.224335396494663,-0.22073752441267305
1.5560447697484268,-0.042789917028968984,0.3701339141400014,1.408495520828658,0.45718294624096983
-2.0348368825920855,-0.22706000835144344,1.2059549262028002,1.1079488259131705,0.7080940957028177
-0.24508914878404833,-1.652823172683932,0.22267726798601795,-1.4139299333262707,-0.6139787576323433
-1.0940352337652481,0.2441239510078749,-0.3809329462552044,-0.2607808892136497,-0.7872865686716868
-1.143013475461118,0.22937611250232207,1.7822693894253914,-0.049615015296882344,0.77534662998689
2.8088991505729313,-0.9143812598108014,-0.4937862583274037,-2.369369643171608,0.0992912289501531
-2.3854204459200625,0.0941658066156688,-0.6935781450182805,0.6520428115296677,1.6792513447923947
-0.1784213422413168,0.8319141046255516,1.5358226355575553,-0.8533827886120751,-1.2379786143423392
0.2943958083386141,0.12405948974785895,-0.9731134476669798,-0.0987631354371934,-0.3416032988470831
0.20836039451892555,-0.3862985695839893,0.2777547944873961,0.6829117589972699,0.8597529047484761
-0.45410257701464535,0.6422705284701643,-1.3140189016589132,-0.5858490753060591,-2.526175771888915
-0.9862611017866242,0.5910991868100549,0.29457583012995053,0.20228263630807536,-0.552014756851761
-0.7584379717970667,1.402391392960605,-1.7660280799174328,1.2753687413417256,-1.0959491542840698
0.34971940806879903,1.586139593922125,0.027571215456182595,-0.8752426577057523,-1.0507331706734107
0.9708636237894288,0.47054158400139307,-0.49057756980191847,0.1392052434458124,-0.47904689284224167
0.6209055542287063,1.7827728978136188,0.3284420668503453,0.5456891958057197,-0.2033481694229171
-3.2754341274666574,-0.8042310815907563,0.5045800693208045,-0.8687236691098039,-0.2834473828609224
0.22289690108822077,0.5702866372271099,0.9012780415460796,-0.8414533191982486,1.4282348243858907
0.457111304958518,0.942791040265477,-0.43924221106560424,-0.08582665088576635,-0.8069472251612533
-1.5568228183053459,-0.6042055688895345,0.24724418752044414,-0.9534691607022432,-0.43349109936489494
0.20251463129511568,-0.2968287577416784,-1.241443774315914,1.3443762906654584,0.05004081624422656
0.7529298713730025,-0.2074909500521734,2.5604888928920495,0.29507170609044664,0.31748930089954464
-0.28098937425973597,1.4505485689945414,0.05141638124538103,-1.3413000607787045,-0.986261534538132
-0.2551401471227611,-0.1968228360489774,-1.7049031016767697,0.06277896342334412,-0.8999643790649312
0.05535250884189783,0.5504850915780718,0.6444822704894207,-0.1916457953591811,1.2198137238286717
0.10091812683718916,0.009216806717093887,0.6749742166763418,0.28916121521624777,1.3313980527453706
1.6050031409931649,-0.0015703213636195765,-0.5538371872322715,0.7442976414725576,-0.39407244453810114
1.5252416977795424,-0.07963848279086642,0.7421634793134766,-0.22380243799370947,0.7271807520093563
1.0719989318077674,-0.9410518949527945,0.3604578113091099,1.6959166997669157,-0.12967800721497152
-0.913456172288983,-2.4857892932997867,0.2802144651771034,-0.07812731227591048,-0.32464269123089273
-1.2716417905117379,-0.8012479513015427,-2.3245814137808867,0.34617492531866656,-0.183809078217114
0.19233345061349932,0.19095053082265134,-1.2154195918888222,0.48927008141913064,0.9188634035265756
-1.4244095565924835,1.082937182207129,-0.0006633762901130993,1.307588106308512,-0.30668385472145165
1.5899752453669531,-0.012513955060794352,-0.011948614729674517,0.016237936805271556,0.5156455761095395
0.38491442596743664,1.4499621333573198,-0.25701225068938227,0.0013253838250830105,-0.5510820359940243
-1.6406581360801573,-1.0267278140970049,0.383754834130396,-0.28706263307543384,1.82883305397825
0.08498782366524844,-0.5686573288807824,0.22590897510109115,1.5394831129305153,0.3400889630279001
-0.09149904876004332,-0.9817741438892104,-1.74627022646605,0.5882016387420026,-1.437063107031134
0.1824328357135234,0.9067841436222349,1.6916070059454877,1.1945612720646615,-0.3918889419529341
-0.7457776131898294,-0.33785253153258216,0.3408184037752926,-0.8022629993786925,1.0288855996760062
-0.7838416967902206,0.8065205198786659,1.362972021192552,1.469259405459713,-0.26694519708745507
1.6772548859148395,0.30730812547924363,1.879092945674493,-1.118850880089588,0.6938507819716728
0.216058769024609,0.32419679881550784,-0.1913744562102857,-0.054346814210729504,-1.5430636897674657
-0.4310844394029911,-0.5810853217052137,-0.22688583847557298,0.927596346125467,1.3959870464923427
2.218298427786872,0.21502400901826246,-0.10313941423136053,0.8924910584047745,-1.552989139832749
1.623449895996992,1.3649789090669222,0.01465551069382243,1.0391571227225038,0.5362860485960089
-2.34522394560493,-0.37308975071120476,0.773935151874233,0.8470044333058948,0.9174588616486071
1.5495646851956504,0.8352454602151806,-1.1002230772935386,-0.06833984499734279,-2.0022896655216647
-1.5919176963187638,-2.344678869377348,-0.7463469941537073,-0.797761328604962,1.2012354758323418
0.23803481850242714,0.45370080131243035,0.5039320943594375,0.5437832053832835,0.05214883891208637
1.201700875645297,-2.176073322909148,0.10479537206684143,-1.0061112254881348,1.5828735224197092
1.0167142998442114,-0.6742560058617415,1.355462259491943,-0.07815003492010725,-0.4185026353321274
0.6237062911234118,0.6413603505974941,0.7623337106217224,-0.6819076650610448,-0.08100227515100698
-0.2635992812283532,0.6578621151681145,0.17216436866652723,1.835821926110168,0.5005025335237133
0.5921124711901833,-0.8300618381756486,-0.959654776134988,0.5674280039542302,0.21584934933490554
-0.44954747585731725,-0.11368635223517298,-0.13941822887473845,2.078000274332633,0.0030595251213864656
0.06371371494673873,-0.8480481881240658,1.2954644558414985,1.6998447658875355,0.8386218351670004
1.1804611010815804,-0.753746723595839,0.13515117633273366,-0.24862543320411482,0.07348158654290986
-2.423202866642246,-1.1024834870353675,-0.8975090990606241,1.887066539236302,1.5399861367653802
0.5694715591071406,1.6450122751702267,0.343339930134731,0.06807007889123451,-2.2256794081839075
0.8201925840500582,0.48480325771944993,0.2120650090065342,-1.3915211494721766,0.9902196547965849
-0.16968751423467338,0.8384338005312646,1.430976434416372,-0.5793468499475929,0.7362304691648679
-0.543779916300286,-0.09689633734479691,1.771325808952137,0.5332299866714051,2.2793343464271727
0.29803554866474985,-0.34960562676048745,-1.2482467772451957,-0.3511968622540175,-1.5738946036640198
-0.7003860572174481,0.2080928405602276,0.782900965628269,-2.2647461057677996,-0.22052805858027685
0.44344900925777575,0.8274747045462486,-1.7977425017673647,0.007731354905642272,1.062079645866322
0.2072009777228769,-0.6570930247194612,1.8868881347492519,0.12168933833084568,0.06516257746500502
0.07183803015320948,-1.395267569835956,-0.731117823250657,-1.4657395398168582,0.18261791864423357
0.5476116511558369,0.6385837126040255,-0.15189448918296594,0.33630795926915336,1.0706555777148163
-0.09184575122221265,0.9108816772410012,1.333436771033321,1.268055894528965,0.6080482102729043
1.2145955593592848,-0.7417422046190801,2.4909698654312984,0.6140461430297118,-0.12583864206203801
-0.5426946551373992,0.031182230282690952,0.06669251400109148,2.710211959317253,0.35445785282950865
