-2.003404642818247,-0.13793540869629106,-0.9185672598459612,-0.6839801395258628,-0.3815799671858999
-1.2809746371530668,-0.1413824518554376,0.3939628496913468,-1.3220769589464498,-0.5457545151426814
1.0868218533950647,-0.904018970789428,-0.28330814173032765,-0.08093356792569323,-0.5778224575760847
-1.356235659285279,-1.845620237927967,-0.010471320428373388,-1.3621822105082937,0.20632884035434862
0.5966647982573989,1.3522374473532133,1.50014051141443,-0.40195543839350867,-0.47381507946905305
0.6949989692424868,-0.8776134619552901,-0.06884159026156647,1.1257770907718687,1.699878593071326
0.10265747031990978,-2.0594167485411963,-0.3741908008527185,0.5448758826084543,-0.44436368462823034
-1.1270562384029976,0.8317076529935425,-0.530547339325641,-0.19339177711121472,-0.7246494221293839
-0.015312414975755499,-2.058709595762031,0.46235687855329005,-1.0035545499132383,-0.9074808423438531
0.9191832211593047,-0.27990583843840733,1.893952278678996,0.5312919172804336,-0.36076652898313116
0.20561614775938658,1.8429361187505284,0.5262298852039914,0.6405233736632007,2.3573929257478086
-0.6854677044336009,-0.01176027445167684,0.4190525089101491,-1.7510614385398604,0.4420005008306806
-1.995375698629483,1.3922117522538793,-0.5017111109821981,-0.6206760134269392,0.8022196014088778
0.5995583959908051,0.33156198386844193,-0.6272307889604255,-1.0208932578563497,-0.34603011063981676
1.9974195355165092,0.8947133464789334,0.04254381870606499,0.9883545562468247,0.9037769634893815
-1.33328656078298,-0.04118515066448511,0.2655111131375328,0.3763661391882608,-0.06749307993764019
-0.6422453860294243,-0.45007498564359233,0.731249894178353,-0.7103616136273341,0.2807451186491336
-0.8284970196406105,0.39214622776555086,0.040635349816683264,-0.32415739727927306,0.13282041057474267
-0.8048605454289638,0.7006868201336753,0.024952987680376532,0.7953003638114681,1.302295774146407
0.8116281565118193,-0.16789530820198906,0.2373572157527941,-1.1257607104379992,2.8811076767631705
-0.8891187844854954,-0.6733964799784292,0.6403190376920703,1.1683876627619554,-0.730571687868106
0.5982268790565641,0.4270880497889776,-1.0110837784486884,-0.04700050537300413,0.5782560343018109
1.1573112386464137,-0.11532643570695668,-1.5481806381169645,0.5303900829724545,1.6315588352730823
-0.7640761751347714,-0.2620599379132769,0.33830441281372703,0.18953472013769682,1.184706301663636
-0.2566595013301789,0.13548557137064696,-2.0229018145018762,-0.14703228784794806,0.2033452729008709
-1.2500358697265512,0.1388921359181034,-2.5972194811816354,0.23545064936966276,-0.32826719352028455
0.3004487167569451,0.5586808717936663,0.3698349430735305,0.5010470969544485,-0.011904671292863912
0.1060508092606961,0.18666172615757326,-1.2101728344380382,-0.7469960349653939,-0.11156429995167177
0.9716459133679102,0.060573530695761865,-1.186813820067087,-0.20960276665286134,-0.21566769326168883
-0.6936754021802444,-0.3127375145638506,-0.5080529655273879,0.4438830609810244,0.43028016825659327
0.8943650367108104,0.8712734214824711,-0.47337360680573404,-0.039237129166316005,-0.26245273779363204
-2.581177503429141,0.35860289335841045,0.20501217075680808,-0.5480055705151525,0.034753108895992466
-0.5140593265058196,0.7210604837243305,-0.06983110640544278,0.6248702836710829,-0.5226751251163168
0.8559953515367317,0.5002874791941988,1.4682106014505052,-0.12371763480889351,-0.5510294460051741
-0.18775642324199335,-1.3995286102731057,1.108622327635086,0.6678804282183087,-1.8243529593431633
-1.3818309491940775,-1.1946995362536352,1.538586510653044,-0.79736779253753,0.3038352038316684
0.5415377821060214,-0.07206456696646617,1.0831769452152118,-0.35087979676754505,-1.7639211322797748
-0.7432505985052227,-0.6566404200372284,-0.31496869687451656,0.8016963562550888,0.6784243486424154
-1.699802604939972,-1.1701883125173618,0.5274065397817341,-0.7407378344280084,0.6227889290028948
-1.1680955787590288,0.6680221113142736,-0.7012632255271191,-0.1736461585254048,-0.6745834226714522
-0.8380665306750762,-0.632790517673669,0.22693387691415687,-1.5003058575899113,-1.0163957224222981
-1.3690565740096647,0.9120251194804025,0.20093519580681685,-0.13204389501877484,0.7372050778820592
-0.936896413339028,-0.7739381057257482,2.637293977719452,0.3461740690893798,-1.0021279571751662
-1.6661593442077298,-2.0403415237785527,0.14001846908792892,-0.4446003459827308,-0.06426084284575653
-0.23716755614523521,0.8064941672943986,-1.1382106519652158,-1.635702239282545,-0.32604222445284303
0.3171747570930294,-1.0106804446919253,0.3746508810099433,-0.2545410100922826,0.6752451489613391
0.31965273626288787,-0.16970876525230902,-2.024290911164881,0.6779606717804274,-1.11926390072234
-1.6871955318634964,-0.1227428703366828,-0.1858764308605116,0.992063859810669,0.8941625467711226
-0.22499027432695431,0.6499353677542616,1.9014851443788334,-0.8907894426581394,0.8156641747124215
0.8667480547320505,-0.8325685639948662,0.5025815545765185,0.35581742585278675,-0.4182627413847864
0.5259114405500175,-1.067829826773067,-0.5888247912778671,0.4630867899732891,0.3160335983139218
-0.40061946177173174,-0.6635330222994676,0.3580325581434915,1.7529975840498877,1.1656598443267623
-0.48289136547984474,-2.395254833883161,1.3786945127180856,-1.299912861793934,0.084295095678505
0.2049173503774761,0.36495000705399455,-0.18528070191767126,0.16133558265670353,-0.21697572955753153
0.0736842008163897,-1.5330041006796693,2.1140951977538913,3.054340823480121,0.09573118145499623
0.9248448012653407,0.9599640383269035,-0.9802785320007045,0.21559660414569043,0.9665802530390974
0.33718478565076854,0.1980684888916384,-0.04261454469485206,-0.0969047096439606,-0.23882975180093113
1.426262931215035,2.138718993484536,0.2369294693254479,-0.8281762746698564,0.3975157177543317
-0.3315587307677026,1.033055712824719,-0.3311315334182657,0.0023322256179915384,0.18885585059805263
1.4893995210006994,-0.9886461905271721,0.5728711894271048,-0.7442540968598473,1.1333534438416806
-0.8801156929405488,-0.8348308383256539,0.6485790608333788,-0.1381761149490041,0.947527619449275
0.5499735128647361,-1.079244652514151,-0.34008017900892573,0.583730022522722,-0.9768245832490624
-0.31350977605479696,0.24221710719425313,-0.21402490797306317,-0.5942193710851619,-0.7609024737463206
-1.0334394490587093,0.6329812056882513,-1.5715489872011683,-0.9737820856164794,-0.619831180779078
1.2152039307188254,-0.8715636001906494,0.33633557324474056,0.05091733252197579,-0.5256479499627936
-1.6232567960150497,1.0730130963500277,-0.5872384564321934,-0.05065239245510471,-0.8320403850819039
0.13403023682222764,1.7218824868876417,1.853473930123382,0.5971339030053574,1.7646242412527404
0.07140623353298775,1.8133593833637276,-0.7397281299061791,-0.6851937082925752,-0.9346375580258756
-1.3967873773693158,-0.2886739254710966,-1.435355112278356,-0.011858436002849027,-0.5530312707879114
-1.8307388007932608,0.13863879575163998,-0.3234799333416677,0.6096259953945481,-0.9692172204734111
-1.0552408191480862,-0.9146753595205142,0.7425410861633801,1.3157477750839128,0.8032231001586746
0.3355398212408722,2.475783454279028,1.7266566163887231,-0.989871418159213,-0.25761108524953613
-0.058192884113663385,-0.7849587739346028,2.030982895372385,1.896865048601663,-1.1226985599783144
0.7035787174121759,0.5097712772812909,0.14847454815978128,0.09913421208362423,-1.5209405871833837
-0.2475362012612581,0.22106754615590982,1.439891969175182,-2.0574209834932966,-0.011076176544240007
-0.4840632622215798,0.4208750389874676,0.6325453317200423,-0.3795708894442745,0.7366314661234249
-1.3768232584587226,-1.0596578413348958,0.3083948354663657,0.3929974337074759,0.9717437057858479
-0.06260049145029874,-0.5427893463994373,-0.17994943533766794,0.712218191796254,1.836704583393269
-1.0461602652772124,0.772062812396821,2.564769166771313,0.5397166720815006,1.3140159550756034
-1.189265758543639,-1.2336028357893436,0.8613016368689409,1.658190142614317,-0.2781086849515502
3.7135810119996715,0.8877577119552328,-1.0113181151463793,0.040152952446805334,0.5915373056290183
-1.1052822880675268,0.10261090725939448,0.6602154944882417,-2.2177702542882147,-0.41786161249999254
-2.2618718687310606,0.8301115631938978,1.004825598132295,-0.5242148165036842,1.1351215915391568
-1.6093756958804275,2.307040407632161,-0.05041336514739332,-1.4107638797405744,0.41797132567777834
-1.8162765262422622,-0.08787810696328575,-0.2191470977650129,1.9053398596202018,0.12728779943585608
-0.6946198172911435,1.7357177899456444,0.6335485046755243,-1.0021773625602604,0.6709387685610173
0.3758356109023331,0.6058232434283124,0.8901816282213156,0.944009840094338,-1.0166159538724264
0.06046366125207023,-0.14453454182028147,-0.890102382762328,-0.423447794935447,-0.2503100581359557
-0.6610033288059112,2.032881638624536,0.10161692981493226,-0.9473756296230638,-0.24252053428517917
-0.7071611732575571,0.9549069183906199,-0.14318613556063267,0.35003591271576795,0.8569158574988464
0.8366561085539024,-0.3189343900414191,-0.7302726273571455,-1.2980665167179528,1.03277289611505
-3.0440540429687046,0.955028947611672,-0.11821517195732388,-0.7558310897068066,-2.0215903668935007
0.988909723647374,0.5415581537255322,1.519531277390603,-1.888425996324459,-1.3681141309928215
-0.39825920141864596,-0.25450741618484474,-0.7307577062874917,1.141541971784309,0.025897486302330814
0.9549821511791763,-0.1031011862049776,-0.37697892947064093,-0.779487016777952,-0.7039341797517883
-0.32770782129373976,0.7173918859025482,0.1673395253268597,-2.1440243273205604,1.139825302187833
-0.46300917115984164,-1.4150752465705139,-1.164032330617328,-0.20825238688376818,1.7389165972997653
-0.6576115648932078,-0.11372677977040518,-1.4876128462885028,-0.3738815734244054,-0.38842171277132004
0.1960145956589746,1.7931491536658266,-0.2937078824776506,2.0266509913353334,-0.7018346063649183
0.12570980515076796,-0.8211572253206495,1.383540999676619,-0.6329520708299243,2.0623411149033997
0.5054133170142615,-1.0954879491030116,0.9897628998965328,-0.12629523085065247,-0.3887677076823997
0.6388645651993077,-0.43567086034993074,-1.4489605410065938,-0.2983132366341919,1.0811640726817722
1.5880107325342483,0.9035798745320847,0.4458582719334855,0.16731167490681284,0.08014842906537867
-0.5504905308752397,0.7154366076142986,0.9889391535404288,-0.03344758661285579,-0.18486043584694647
-0.6969390006207284,1.8018753217930754,-0.43676109536694474,-1.0599793328602831,-0.11204657109184875
-0.48372226840885,-1.15666590568941,0.047163829654295095,-0.2600062682138621,1.6735624227922319
-0.7738748000698576,0.8659173345817799,-1.1560481741024193,0.054964905824357396,1.3114163406900972
-0.766468041212666,2.5791336078675635,-0.056659084611134745,-0.9765289747607767,1.1197936238953796
1.0448666999873217,-0.4232795703673275,0.7252712959747433,0.7710930680221417,-0.2565635215894933
-0.518002122498823,-0.6106070870537093,0.8278633465818493,0.9635778535518753,0.2649594732967091
0.12158941461372184,-0.10929872153140212,-1.213123961913582,-0.2004093441496075,-0.973824051203159
-0.18399261145072549,1.5610453339006316,1.3647021406926252,1.0009741623664554,0.7984520760328151
0.953386124149423,0.26714772113028235,-1.7321896850921665,0.7033855820116298,0.18906327199816678
-0.24524239201135342,-1.750240656000145,1.1602523425692484,-0.7341022280821996,-0.05123577425081972
-0.9628841257263657,0.5446494525993021,-1.5134307306345987,-1.3290862921476216,0.006146967459720624
-0.5883039690727124,-1.5427652916034693,-0.6025348855015032,0.28936823922918026,-0.159000523738051
-0.6467460080828167,-0.004466397094472395,0.5501071859523068,1.3515654121227623,0.09548118087361387
-0.014117446058418708,-0.6737150165653245,-1.6808884407040345,0.6548712941784345,-1.243816636070111
2.017096475459543,0.9530385189239807,0.020041430609044137,1.0028560882909205,0.386747059589911
1.4441516106889134,-0.6041854871969736,1.2780881658808187,0.7618199885893236,-1.4014857051180172
2.083635376589476,0.23974708002066494,-1.2486221353590716,0.10823027585684654,1.1372240702035417
0.19855776010624968,0.276508369046537,-1.5541432426797213,2.328275046769322,1.8989449891430947
-0.29345005777290656,0.6284631387293864,1.4924927880982075,-2.2988393921768964,0.8532281345763896
0.44110589192723126,0.7132523960516893,1.8300204198322858,-0.23742985181125487,2.0359384171921047
0.7179474782016871,-0.07902388918105896,1.9378100200665855,-0.7382109110343388,0.6317194881859599
0.4007408712266867,-0.17160656149231102,-0.008759793526096567,0.7526761176794072,-0.5845819223419779
-0.5317708673795354,0.9500984988535542,0.05935480260180422,-0.9086067109746446,0.4657617669688056
0.760243196191232,0.2608131510034483,-1.4209055105741064,-0.7879085923757655,-0.44301076441141124
0.13676938214098275,1.4312588699542252,0.13447225008506472,-1.6365704018753724,-1.0969086005635886
-1.5566065708610073,-0.28518876134851867,0.5633037042467494,-2.8242802301215724,0.17807309324566745
-0.09161882547159457,0.37303783185956746,-0.08840173803119512,-0.2980998938337185,0.4708677845350266
-0.7688172921100076,-0.19691302731094112,-1.988219311105826,0.6359910304473867,1.8124143912063464
-0.7523332225683422,-0.9477919667181962,-0.5834042382923629,-0.8650773015394779,0.6104515384526334
-0.5703579907920345,1.2750525570708862,0.7135262981537561,-0.0840772250241028,-1.0200129671534286
0.72949274017521,-0.624134701504246,0.3494418578788576,-0.388960587305178,-0.27663479307395433
-1.8502486722533873,-0.9257609405507363,0.8618920262265771,-0.5483076341036112,0.5089034440203741
0.01372776250219633,-0.024206999575313044,-0.40332113545615006,-0.46149763568881985,-0.5105169006197356
1.3020295122986456,0.18706338171844566,0.5323036759605534,-0.26384643051877493,1.5321384319610865
-0.6742883090436856,-0.4863642147381516,-0.3539194012192509,0.6102876626761288,0.02273774219909479
-0.1428456509893874,-0.58739025788566,0.530148258455083,-0.5430345020400784,-1.2137522249567376
-0.402255526141186,-1.4682500605173259,-1.286151857561146,0.08235628072587498,-0.7633684618431167
-0.05612906012215641,0.8190072559165502,-0.2613101025293675,2.0738219666881377,0.3132330773454883
1.9478755294820296,0.8527122399672028,1.4930597853155865,-0.21295568382839794,-0.9834507348244023
-0.18386126743214448,1.307159762878839,-2.098517921355975,0.746676448767565,-0.8978976313208921
-0.4490863087848377,-0.5655529984870683,-0.6080177386854608,0.5234593617960815,2.073289079937505
-1.2436727643176029,-0.3891158864968432,0.345519846518942,-1.5481992855991102,0.2335966472462651
0.33436435437284995,0.6309616486235474,0.6372416372358286,-0.21453700866744718,-0.7494713744386735
-0.36534134375889726,-0.7791784992347008,1.3721248378991429,-0.3094535311412858,0.8526480603272851
0.17302977109190315,-1.2650651125516545,1.0969154315031318,-1.897759744466606,0.39246974414953234
0.18290347727925443,1.1206889016054993,0.254178111438157,0.8257953108182676,-0.9130002973534832
0.13411978872688088,0.7467981890356898,0.9421665410337798,-0.13295207093106642,0.7319245330039803
-0.49732705025085844,0.4578474823450301,-1.702742593735857,0.9715127794678005,-0.5057436069056745
-0.35953474745126124,2.4830930343969846,0.046076124034410464,-0.20306424831917705,-0.44542962667631886
0.19950058010084767,-0.8672641431494078,-1.4114621164589125,-0.5947083577973946,0.1704592813757654
-0.05324247265740257,-1.9904109493896656,0.03227848376708745,1.5482370724522059,0.58989848729537
1.1599934401997434,0.3026312194036765,0.7187130294539738,0.3400447534409761,0.5850025735099091
-0.1608608631773515,0.326820813821389,-1.1292221507899403,-0.8393895628656127,0.4861124062076744
1.0736260637346653,-0.9636201137530382,-0.7501253515630889,-1.346458577049217,-1.3465080495683739
-1.3233106776584977,1.0029700316828694,-1.1835432175856826,-0.28439492810941497,-0.05763308936240362
0.8184930456207132,1.3649973462604017,0.10837384763268715,-0.5884144063546933,1.1060137252318685
0.9164578089362166,-0.5258895253563834,-0.03948886245174349,0.7218350094796505,0.0025712235496438266
-0.08099005507623386,0.9890949951227787,-1.3829231366479107,-0.9296109628224697,1.1184356680552363
0.22767653394637552,-0.5856138956632151,-0.649732775318806,-0.74877565670886,-1.732276281003728
0.634079063854309,-0.8895466771698446,0.4790514458561538,-0.6939413844552891,1.3648450500290548
0.5242718383923475,0.42519582967465935,1.0144610642035075,-2.201561135470346,-1.0214221436602458
-1.993289057241946,-1.7519262174290828,-0.8770616823748687,0.6397077648544317,-0.5612900620561084
0.5671903325430575,0.054333015033380457,-0.27331757873747414,2.2504444131544554,1.4900013046119807
0.374521470726238,0.4940509885044403,1.8503435344635197,-0.3980983221927644,0.579656381940483
-1.4389542744293904,-0.5558592859818956,-1.0229097449036557,-0.38244158922496163,1.046048742608182
1.3595397017877966,-1.310802918280926,0.8472867982402091,-1.1051303059476745,0.11505493208652293
0.7551676910698153,-0.4094051639412217,-0.8138344222499827,2.6937712316055182,1.2207526735214123
1.8909132934509085,-0.8079999078895137,0.8481333969748872,0.6323390033041698,1.353497586911984
-0.7394560798290205,1.4029006158953694,-0.440574471557039,0.3105562513221582,0.019741797858967063
-1.9824128493515505,1.4052854983352805,1.7776491369688872,0.4549714788763819,0.6993718621217426
-0.6278476644555365,-0.7862527094417903,-0.34966443645260553,0.07957285417646569,0.40064940080617556
2.618904263788892,2.308598798172721,0.342722042220676,-0.801494266094326,-0.5294505092791127
0.3064993064154701,1.448788198915809,-0.6426501582574576,0.7882898046720941,-0.9882241772372484
-0.861963990722708,-0.8690684033131094,2.1309809112534217,-0.2669602955878761,-0.6560244753392501
-1.5834641832253713,0.002308334734249525,1.727961710875122,0.36198241933874487,0.0931591170465069
-1.2363030244975695,-1.0325872242423795,-1.1711084365124993,-0.09967814111381947,0.34954379122175716
1.5345229901634523,1.4161396691137589,-1.0762987656791694,-0.228618883197803,0.311964486294427
0.044691077296573685,1.3599178640609055,0.17690009557939815,0.6975722566610298,0.6662683646479821
0.17306465526980047,0.8690007192361736,-0.7366943573119373,-0.16875254076138313,0.07009627982615799
-0.20873381589585657,-1.3907441015944986,0.11088397833866426,-1.134341098100876,-1.0834113462082198
-0.8180663548899969,0.8351719429144425,-0.23797439331433415,0.8401235140951299,-1.109293653960942
-0.5972236525737941,1.4808024346905957,-0.0014166071978645935,1.5129413864640893,0.46653169359682817
-1.265661256383503,0.40968748530088767,0.4304317405489268,0.6725813294963243,1.2054721793979846
-0.26905106872111684,0.9428360985769257,1.22077687528686,-0.7569803251505087,-0.8058685723692215
-0.6788462350282933,-0.03137158578892698,0.7373853419183738,-0.5956275008840747,1.0074814253261475
0.7736609353776221,-1.4385310392513184,-1.6676208006186812,-1.6758929380955716,1.0115903644971653
-0.41622188637067126,0.6697424839228893,-1.405390105422273,-1.3006438616498242,-0.6619699550724066
1.610707978392799,-0.2783374241434889,1.3814890848982375,0.4671318726472091,0.0026182516024917733
0.8205916427721751,-0.34735896764802565,-0.5901316895742029,-1.3940337345826952,-1.0400909429720502
-0.5221743292800777,1.1182769668653096,2.4731340905071852,1.359654904527213,2.2711875309981577
0.9631848351627177,0.9817794138284106,0.5974890216337813,-0.9687488255893759,0.30859680519916505
0.3634797609770744,0.4644427047627823,0.4456017720673439,0.8341668661077627,0.4368242904042281
0.3479690488168294,-2.4289940454275665,1.1922666171869183,-0.5526349175478512,1.5550827915619987
0.3718951856628536,-0.2971759164523709,-0.15530668296979627,-0.9393976747830518,-1.0042335415556374
1.0254678381103044,0.24954508966558683,1.0265100139795162,1.1224830794879326,-1.2759099266999272
1.6084635208815576,-0.0410615845920821,0.816054719402655,1.1179434299302986,-0.1707248031890756
-0.3321954768923289,-0.20726267062600368,-0.9984862809256744,-1.1892378093160318,-0.42809707592438756
0.13048370201450823,-0.09230877827903015,-0.44028695183906175,-1.4014237172586705,1.6394620148562309
1.0363458256161926,-0.8863410806719935,-0.1199950988570821,0.01863679979191252,-0.9916678813618642
-0.5411381967381882,-0.5085980715942391,-0.12848431074424388,-0.6345297724993745,-3.062202844556815
1.2812050360098033,-0.06104460353445233,-0.14805482932251443,1.1392064252929666,-1.7405863020093792
1.3056956405038176,0.80114911792326,0.07111942935653848,0.5340726500467233,0.7758637584317069
0.0237086285652828,1.0716976012618533,0.5783894913267982,0.3627551458857722,1.0189316906373083
-0.28602829649533407,0.2270793722694239,-1.599801817696717,0.33216423784447036,0.44143552098814326
0.47181872557239146,-0.3715410587253316,-1.5781511949688147,0.8777831199857355,-1.1110884234794363
-0.37469954292855756,0.5292191483351137,1.1877640629086146,0.043122168884273504,-0.30457490158273287
-0.4411286669431025,-0.04202926287423392,0.35212843958948115,1.8124526902169666,0.021312361097319328
-2.213138671718234,1.344103497216194,-0.34024676079789007,1.6171360491793065,0.336751797195239
0.8684950137080473,-0.7007317929392534,-0.4226337019238718,-0.8942100086596237,0.12469522364397895
-0.9409133961696844,-0.9273231966681731,-0.46832245648340326,-0.011265092857294339,-1.033282313348577
1.2747355522017954,-0.9485330263160867,1.6608719427563254,0.594714715722202,-0.758199728926312
1.4833038101362035,1.417702450757791,1.5258521716066473,-0.7102314501148861,0.44788711997195285
-1.2280218503397755,1.0381788679592256,-0.8874307984971096,-1.3704674765403626,0.18667924108475384
0.5993381025944426,-0.0757561782217438,1.0780796400535182,0.6341786303714038,0.025060358187033806
-0.6593321619373995,0.38730602051407587,-0.95108551867454,-0.12102057094591913,0.08605001307383188
-2.997766823377863,-1.7410527555687196,-1.35744054124593,-0.4682992916295795,-1.0200891786900899
0.39788957607521136,0.40530674929122734,1.3329265096314986,0.8490676887090043,1.4202222127902013
1.2299833042939703,-0.131916140889874,0.6700204795301534,0.37136307908422894,-0.1338714304430202
-0.8581752887618758,0.20280322944336118,0.8873704397263306,-0.12125867248928855,-1.908460833643232
-0.5279998897027742,0.8808932893705932,-0.06496760639056451,-1.1046195025754466,2.014951008519252
-0.4299967840868628,0.9545681383293313,-0.22961998860975116,-0.692166281537235,-0.42872125466373284
-0.5519684172347571,0.9298381109478551,-0.8143089599513396,-0.9813279493606899,0.5343761824473638
-1.030195801829629,-0.4796427356971228,-0.14398676266563754,-0.041171459726768105,1.733518566873603
1.4393167976840426,0.41319388032252896,0.6722436323515595,2.032961158743538,1.372976932394183
-0.4607838473478941,0.570113558682276,0.8672472503800939,-0.19674749452365597,-1.90348284194492
1.0192910130445252,-1.510093094569594,-0.3349255961366378,-0.9501409370570641,0.38093432230279284
0.7661453799959527,2.1028321632135976,-0.8007323285594005,1.0433067568096064,0.2748148818001619
-0.15758884257486702,0.291038693722505,0.7639332216139243,0.4498456905830642,0.2167796619943591
-0.25744563208378,1.4358626905480378,0.7978675043610292,-0.26651994200600887,0.9650114998887064
-0.34365562155988844,1.353410437348758,2.242051551525838,0.8925730066367953,1.618083941037595
0.27399598671519315,-1.1399574858510488,-0.351002864451943,-0.04697414995805797,0.9527983446051915
-0.019921479219656108,0.6857966290394084,0.8680746960148317,0.44707669655685506,-0.7814888448908731
-0.4434812459231862,-1.1164705090036973,0.4464610756847843,-1.2354734725669059,0.6747363351400136
-0.841121002155467,1.4129587468513665,0.5869511702238083,-0.5969889358070727,1.826898768063748
0.6836607716415333,-1.5194863740512334,0.9852746743187267,-1.7378124389910794,-0.5494337450019771
0.8588136174138372,-1.2634506479160907,-0.22589152916981275,0.7042096656664524,0.4169955786406144
1.429593495939329,0.18062647011367822,-0.29014302401631836,-0.22756498370568937,2.1714560473109086
-0.5958566989809571,0.4873596509731071,0.7251257856778135,0.9219215970948637,1.409752394248923
0.15345514278505665,0.42163561811885303,-1.3171853328581775,-1.4808483594825286,0.3389722767031242
0.13071691028888402,-1.1214728062099286,2.665781942596378,-1.4860378856908536,0.2401644280145537
-1.8088205405037674,0.17630111803855725,0.7193943005272478,0.36723734164437527,0.22995689812543593
-0.8650951249982232,-0.09918136241349487,0.2965670967413628,0.9154174930447064,-0.3925247227958316
1.3947776989432434,1.3965664447793613,-1.5172270563010863,-1.4223882169126552,-0.1258684877270573
0.24427354433424425,-0.8097867626651601,0.3071423704936678,-1.0406895560474976,-0.7627561606846722
-0.14249531598345566,0.44667011686087515,-0.16328452520929523,0.19627268299755013,-1.641143798955974
-0.4698902433543048,-0.11817501403908252,0.016757469519847804,-1.8188980310353273,1.5043226344331384
2.040075468380854,1.1749818555626474,0.02024336703502524,0.8541543298899728,-0.2568913681458517
0.07462121113289172,-0.12635851015070224,-1.8289709606055071,0.23412107904549714,0.7963923313923719
0.9322260514754825,-0.4840844331725207,-1.8380457949793216,-0.2971984196249217,0.45644741963074686
1.4169039537260546,-1.0880699475900446,1.089124274549231,-1.2038659943739327,-1.3809608188234583
1.8733530760720516,-2.2134909029762193,0.4002811097492918,-0.07765490745462128,-0.0852452205856786
-1.0976803588627009,1.8872653742791112,1.7187602074264041,0.8927578441566739,-0.6493970616947681
1.2785293567908456,-1.5790028239926812,0.07208422959973097,1.4921544241914173,1.906474853159471
0.7287077970726834,0.059904612976224604,-1.0441873370877959,-1.2817806380315253,-0.46974854768563623
1.6743418612265706,-1.500512216242086,2.7210316832949517,-0.9104305354214961,1.277786532339213
0.7538730348091391,2.0908630012450073,0.8677534845795869,0.43588120558169097,1.2134512206416381
-0.7275031669349777,-0.1935935141686682,0.4624055745394104,-0.9568352209103298,0.10538736690886832
0.5777837782342075,-0.7181941204330682,0.17023679438720704,-1.1505992582972062,-0.07115103428627415
-0.4099583909804588,0.932934709372126,-0.6980835950493725,0.5320740539309748,1.0620855740061115
0.81839405731769,0.2980794799555693,-1.5018019005814642,1.9375570545466276,-1.1208918930383223
1.1806983554980899,-0.7713072440042819,-0.5741034006976832,-0.8362733123112789,-0.49413205813128525
1.7306869312770292,0.15128028496349002,0.42726701627466246,1.5778336003191873,2.1427983154436787
-0.6603644941272171,0.9340386228003499,-1.4228467938835208,0.18096432250469446,0.6100415118206517
-0.3220626260721847,-0.06433892061427723,0.022334177850938264,-1.4603536914863993,0.8055063593092623
0.5268253346860816,0.08461726122426062,-0.3638171752463689,-1.1148142045419474,-0.8151765125981837
-1.435642289694483,0.27627004381276377,0.2757639205323152,-0.8989869093753191,1.4413748704231046
0.739756590959742,0.7650022505610767,0.37063833838306787,0.5287406003328937,0.682014131822658
2.023025737944372,0.5564877174322561,0.3789695798462558,-1.4770104008514668,-0.884045043887741
-1.4474605119446164,0.40865557526500274,-0.7525802634685095,-0.17538820627125334,1.272079161828404
0.32547951885142923,-0.24977180715721936,0.6614774991406215,0.5302631708618928,-0.44687740686951183
1.7461880523644417,0.4587988613135514,-0.7940282193088409,-0.5982126156987055,0.303970021389345
0.2502858017090466,-0.7570533829984524,0.10492762692344827,2.9237815399998186,-0.5196026856849817
0.3734324155527614,0.3278874224730223,0.1672596052729425,-0.04247065659097213,-0.2621634768398397
1.9198225636915665,0.2613907481599597,-0.19156187701335964,-0.3564105489572047,0.1346885206915166
-0.3520543548149213,-1.2323203545368655,-0.8044845265841709,0.7088433024137282,-0.05306274441403747
-0.18096134435115874,0.815975806649946,-0.6181873539502273,1.7002960479280684,0.14763768534312713
0.5219735552235645,-1.1757186014123264,0.2066268219083458,1.0066810796221308,-0.11574063934520987
1.3245279597138666,0.18522254169169808,-1.6685072130598813,0.9478426672431615,-1.580991319070489
-0.4828491970690179,-0.7997574987870408,0.4069388291099525,-1.160578965232293,-1.249724031698388
-1.0835226913045644,-2.1921248981271892,-1.9617268585533125,1.9460287779774723,-0.0020367810996704985
0.010936990099884355,-1.302996725535877,1.1292467003551276,1.1897353010195175,0.5025922097224186
-0.05177333023755787,0.29847648159082896,0.6700372767306351,0.614351226550932,-0.739467607234989
2.064763213787191,1.518083470677855,0.37167998459934615,-0.5712487995369449,0.7968825750138312
-0.5199116249027902,-0.6980959765163725,-0.24094770820588657,0.17227248638549453,0.22703380091524766
0.7017144173777756,-1.7288916176645641,-0.4047194446458873,1.8940950116834332,-0.6055131195955922
0.6206210013404945,0.2625481620397387,1.9072415369376505,-1.0420599196770228,0.19115835366532172
0.18286508227650972,-0.030461960960828552,-0.6420243426198753,-1.511969510099663,-0.2750937607269675
0.7076260807531893,-0.2914328345908613,-0.4981739862578056,1.332789271299201,-0.6566324617686815
1.3998012931960482,0.7896714996377425,-1.0452100197999734,0.7126183981293543,0.6513145757071205
-2.0024020813105756,0.7844233318564438,-0.2287507579528293,0.6702859848439725,0.38363631177556695
1.092046169456857,-1.6585814310624611,0.36271244916603584,0.059057831749585725,-0.34332386585992336
-1.283098524931069,-1.0371410098768248,0.9499443204363609,0.2628899335957038,3.248949665569179
-1.0249387791811007,0.9932682161845038,-0.18214486250822878,-0.6949557957895912,1.3081717988188417
0.7799638034783799,-1.559320904631993,-1.5348705214132292,-0.44944282880908254,0.597257585756106
1.062161490859855,-0.12924929706307645,0.23774128053060717,0.002288567810897634,-0.05769950621441439
0.6866245357239136,0.1679905881400995,-1.7969942022781515,2.015308207961404,1.834379036573131
1.7938289923703108,0.02075796746450032,0.6531826543912573,0.00588875937871953,0.6122038841594342
0.6282244889743562,0.448457687628879,-1.2198668328464548,0.05179814642250959,0.5794768001666567
-1.4377064385296099,-0.20858612873441368,1.9320495115122882,1.6989101494082268,-1.6690164258405256
0.4760413022182614,1.720988272097274,0.8750393418131899,0.13709246306969755,-1.0115204608282176
-0.00444614595290684,-2.3715942019074565,0.6854852595420546,0.5371018808729027,1.1663649764251265
-0.1179119150883213,-1.2322042802911188,-0.8104014785620461,0.5182504788530041,0.5508854347879559
1.8863311824878322,-2.10549528112183,0.9699756593481992,-0.6299739542585115,1.2050236487918506
-0.9046612490443131,-1.2450467215368741,0.24113101301790657,-0.5171732636892583,-0.14026530781082752
-0.27794566374026736,2.4460651131491487,-2.175854586895007,-0.6632925657967386,2.400373614624116
-0.8882218366326778,0.5652007000748762,0.3053408895054664,0.58352231044343,-0.4598525865649162
1.1253507379404903,-0.47904717373214173,1.7007072957726734,-1.5570682251831092,-0.9145770264538026
-0.6505219402975411,-0.12386275464913098,0.6312766857894447,0.8511018569390467,0.06093212787273671
0.7210632598579683,0.049415173954762165,-0.8789215560706847,-0.19305595585159704,0.7510620580760131
-0.2771086792421998,-0.009593866507776593,-0.9647249112196845,1.3178154901037846,0.5162052804201785
-0.3116137498390363,-1.1845706740083572,-1.4651549171419815,-0.8669070792632202,-1.9404874733759232
0.34306222417893073,-2.037891901478512,-1.3318231232756454,0.6885114802125302,2.021079407353581
-1.3246817937393565,-0.3848157276086729,1.0234948046261998,-0.4218379530178406,-0.6482048003843921
-1.3384022896488104,0.3232896990873553,-0.9636267828978774,-0.3241363832783605,0.5385242429335915
-1.5523369702145933,0.34539034942762953,-1.1885720059639104,-0.7183281351906763,0.7937921903767144
0.5543972834569475,0.1198978556736353,0.2867642131558045,-0.8094331220007291,-0.07072318576437508
-0.23615346332539291,-0.4238599529615452,1.7097237863039567,1.004326795064555,-1.4587450827937862
1.724914925583769,1.0460941905163248,0.5614236569173049,1.3618956704121992,-0.6718933625024412
1.5029836713273672,-0.6216871211037045,-0.2607110859033266,0.058918098414309596,1.7237136993083924
1.7215480990875975,0.11022555396142675,-1.3966134219594284,-0.49641845558875397,-1.14279732800004
1.5540460234088693,1.5903963191948722,1.0978895272191576,0.9804571201631544,0.35332553229779196
-0.4276373758152083,-0.6618964460209262,0.10495361536760182,0.9121450602281925,-1.740599011069798
-0.45723570173311867,-0.22827679505217396,-0.3563795340090817,0.15926095409801153,1.3944123627407616
-0.24212163322930957,0.25103229603817645,-2.1976859728281735,-1.4084823897358956,-0.3323107432971301
-0.14310641183325246,-2.291559787292536,0.5617807810359341,-1.0683492618430979,0.3097075357469437
-0.08225161089091533,0.9446191148411018,-0.6964905119925205,0.40643990985983325,-0.22928698571797326
2.167779440609304,-0.2615987255899925,-0.3673574925814651,1.5742586497795483,1.3000510257229694
0.3095489759554535,-0.37137502228269853,-0.3802851653102722,1.857891024952981,-0.11468598482023265
-0.4371282562612319,-0.12950183951710773,1.6897350307526118,-0.988095023443032,-0.8719236026669326
-0.3679927170376531,0.4568029675075523,-0.6078966661481556,-0.09527512591914483,0.9214286540780169
1.4979908292642805,0.4254239300297785,-0.09074041918618096,-0.07546264510132088,-0.4438268234527204
0.522542641538836,-1.7167336270089544,0.561531489694937,-1.3864945604671053,1.1147290128990572
1.4929673092578235,0.33207399143690663,-0.1401074514347452,-0.7856800290776282,0.5129989759762215
1.8812247113660838,-0.5486928191547831,0.8141518392071734,0.8380889989441179,0.2456944586077436
0.1528941817517565,0.9756056389749376,1.4515870030237972,0.9626917134649725,0.8473705944855339
0.12949390724371546,-0.18871089208718164,-0.7321755094823321,0.2799859779254942,-0.8324531256014979
-2.0922607462942286,0.349654771814618,0.12352607015674803,-2.160185463741433,0.7899071896296641
0.49131986497410796,-1.108666596392254,0.9269945798511471,-0.9092674687375484,-0.3439431622941427
1.3831038024767794,0.17912963044412286,-1.0229016337609005,1.161290756932846,0.1524378321134293
0.27218581486328874,-1.5354042285180547,-0.183481252439755,1.1660017293533724,-1.6791689855441083
0.6832163332380943,-0.6109090910783256,0.5170582909813355,-0.5630485734321217,1.4820432928542313
2.3942276399859073,0.057636880368093245,0.5918864565224297,-2.2835872889596716,0.00882229340208662
0.4559041251705656,1.5533933227377856,0.4317296697892484,1.6652928133849687,-0.20581375355033263
0.5099002201586682,0.1293586155533036,1.01191893852332,0.593363835994206,-2.1699154343594493
-2.190209792575405,1.107739902872316,-1.2830719227667646,1.5790910960959272,-0.3418561309183063
-0.07527276819605276,-1.7733777372735668,0.3594429876046343,1.4505170157689227,0.1855347830684521
1.7181378644990895,0.8054217546476551,-0.21377759587949413,0.40710378849318907,1.0347347853834554
-1.3297690894976033,-1.8514917764192385,-0.10599528380567212,0.28518807463837526,-1.3170473527362219
2.0704049944927427,1.732248327368784,-1.4106664965891407,0.8081560809409657,-0.2960774124555906
2.10477059800812,-1.6876448052672164,-0.2707292067342038,-1.6751752987811193,0.03937974859614456
0.570479781795895,1.030921365057636,0.623818643706452,-0.062157547758055834,1.8164430221303178
0.14174509943567654,0.36631609792931474,-1.4460581843161584,0.8850798748671223,0.4245286268535924
0.9050690196018494,2.6817121598397753,0.8796951650118726,-0.3142733570899287,-1.1410856193209717
1.1936214134280996,1.2463250719087116,1.7804875340270951,0.43619681053095816,-0.12004563903728639
-0.2853614944237897,-0.5521225222596545,0.1504301327274689,2.6272812556255514,-0.6555440296964197
-0.23589526551662468,-1.431927488902258,-0.5729741666738826,-0.9521999044657967,0.9923455853380039
0.7055057202917839,1.1225511338943348,-1.4236965043705971,-0.1558135652779585,-0.7628262632922468
-1.0000208649040192,0.6114917407634614,-0.7352798387444045,-0.5003072498285344,0.7950726543303278
0.30670431983427543,-0.47187481951309035,0.566859472817434,-0.19617778559988502,0.11610504315426112
0.3725967856679784,0.3567560310642359,1.6798049690451524,-0.22387656462778688,-0.6303034186042898
0.4352999369051121,-0.3858825851156781,1.312832429651323,0.31119609294842765,-0.3897253406596503
0.7678068265477216,1.761767387749197,2.167836228130647,0.5307674465152167,-0.31144314508402615
-1.2603956202913886,0.5879853795371662,-0.30850585532252206,1.1278668362103699,1.0243350715977515
0.8036451967893206,-1.3664553763274077,-0.16693433160860535,1.638366144956471,-1.3517763151952022
-0.7149941054452006,0.5292169793017947,1.1444844736969062,-1.205172401383661,1.6117799460034037
0.6954430623058089,-0.09293811787879226,0.7124391958374062,-1.6247890748857607,-0.7288858614314571
-0.4077311711356371,0.8534479585483121,-0.4282161793767092,0.65226509081364,1.249214683744488
-0.39777591522751254,0.9333987699318699,-0.6742105003449221,0.5241800175749667,1.0774011211496137
-0.23126772115339544,-1.0700357022024938,-0.41543498663114947,-1.3359824310484267,-0.8458086988171217
-1.042615232175886,0.6274776107680008,0.6771536505633385,0.9649446143791245,-0.45709358057610117
-0.1882637291401212,0.6017421998046381,0.9614491229209933,0.4484630793934689,0.5682377416808615
-0.33513830690714563,0.7660007529778383,-1.156854657581184,-1.753065887588948,0.28662268588699225
-0.39532196671615644,1.4296827629923206,0.4734422805369547,-2.2197718069581898,-0.182341238205096
1.2107285454617456,1.3076854451215005,0.525398286055094,-0.5631590598203516,-0.7947003492039251
0.276368174996014,-1.4594662426611082,0.8611450331760564,-0.1025317145059808,1.393584555046219
0.942865187259868,-1.1108867361838393,-1.035363790702753,-1.116119004822447,0.6664092725351621
-0.32765601616099277,-0.0026814829313904433,0.5624047498039428,0.5742483164122208,0.3045865940394656
0.3553040504348026,-0.04012003351362798,-0.8588478558951746,0.3291351396170262,2.49554580675838
1.618455753906333,0.39194160522543825,0.7406953576732757,1.2218653237669999,-0.4691479163428774
0.2860836064599744,-0.03184236260172437,-1.7431162467383687,0.38920779862353483,-0.46068953580660416
-0.8190620394984414,-1.9661819373327458,-0.8055558855387802,-0.17141379889492714,-0.6839697088454164
1.0923457200886482,-1.937015577925529,0.5487739635536681,0.2711146382229568,-1.6522591540637406
-1.5465734422580664,-0.3622044212066214,1.7171682885727881,1.0194912915422287,-0.21604354509441004
-2.492149076361004,0.006649389957172822,1.6566228915393786,1.2912899746569502,0.7403935561073193
0.8439521807561553,0.14733179456772283,-0.707932429885158,0.2890297100681292,-0.5319652174469086
0.636905504991278,0.3864087751702752,0.8157716009772251,-0.6218894847591638,0.00478804432305199
-0.9856189456201523,1.3418815934674695,0.08272669117827626,-0.49330679633056795,-0.2064126831840466
0.8709762583271565,-0.866085568754481,0.48347451988764567,-0.5801748247263996,1.095329104950806
-1.3126629792195228,0.5985716068496703,0.7864803389983877,-0.9379108042937033,0.48090019816071794
-0.8640714484276785,0.9630587539937503,-1.0551931297030046,-0.7920877369866759,-0.0150581139258569
-0.37270983177386097,-0.9417007743765925,-0.11681005729815716,-0.8470743096922043,0.21154503413543663
-0.6440632623179406,1.045130739638014,-1.3069302120288828,0.043136392175135395,0.2286874268632337
0.12801606062856932,-1.910104926065765,-0.9753944435644938,-0.19849856833339358,-0.9001582665134318
0.7891428049538873,-0.28319420366141945,-0.1661427688959405,2.0093726443716977,-1.064856640353409
1.220773300406572,0.6036465482719418,-0.5202133821729444,1.337277199946677,1.454243708316742
0.6894960590089513,0.27813171002919224,-0.9258066996236352,-0.45409400497289476,-1.2494741356045966
-0.7542866943903493,1.4804847228707358,-1.7759705144669669,-1.1701598101401105,-0.8785939339345034
-0.004825470552683001,-0.47444757161877504,2.1268470418753345,-1.72571278408394,0.8468551248538788
0.5493962363563007,0.11521839653715936,1.0751598983956725,0.043750304482245414,-1.3020061993536192
1.748626911670229,0.26189109749101885,0.801968076056491,-1.0004583715990618,0.04886242037404953
0.46331736458890804,1.69049636270538,-1.0783213770979003,0.464990886499998,-0.01180371781364484
-0.7724405324947563,-0.37619531468220474,-0.8306265308669415,0.029481821930823836,-1.8768945130643722
-0.08982457901129953,-0.7910398855845717,-0.35867993034422246,-2.264136895672008,0.7993151438341318
1.2765894062626613,-0.271503830405812,0.4729892924718834,-0.6784698653720062,1.4844613312838881
-1.6534876033576118,0.29533148139006743,0.31460115123953103,0.9752853857783714,-1.3303584198012568
0.7406979586803101,0.36579031923354866,0.3237150938657222,0.29540517609503625,-0.8415128151111034
0.1716768431006574,-2.0443971017275544,-0.09087513400579873,1.1773964475309604,-0.5132806119992684
0.654631470568678,1.7651461179777144,-1.5968454773025262,1.1735543609296024,-0.40968567865151484
1.0075040525283963,0.6434022897222097,-0.19575125965164908,1.5402674194070383,-1.517135689187872
-0.5969754998800091,-1.0154463676033767,1.5727991284515745,-1.1098303354419354,1.2479732974294167
-3.5240265672164597,0.35773040019672986,-0.33413701329011336,-1.5617086663781188,-1.5422055008884978
-0.7599996886006256,-0.6254024882731803,-0.7933374910387212,-0.10386959013684671,-0.6888119168124186
-0.4197756319178781,1.4905384616332722,-0.5678579312763681,0.9007807887016502,0.7982671909962501
-1.005083838291823,0.6705201706078849,-0.7433128916596884,0.06683045578312055,0.45937903979061445
0.36288319359928717,0.23307611417668384,-1.5557993583543401,3.218590440572372,0.5541462090117227
0.31297795029679254,-0.5975673506623745,-1.0227645228774533,-1.022979835717238,-3.0750047067702675
-0.3471614724241662,0.3038232950125461,-0.9252923053001315,0.17597125762312693,-0.25312986737499377
0.5062651426411103,0.48810494394511983,0.3487893995555856,-0.45358946925548593,0.02308444000518006
-0.04989035471990795,-0.7867195532176346,-0.7220813277153433,0.06970409387122603,0.3432007740752514
-0.22815787870319862,0.780716065664697,0.13379491961675952,0.1481551820915527,1.6183579491909592
-0.8559859045053949,-0.13475705537451874,-2.818905464329001,-1.0081343523777235,0.7153351205267072
-0.5722321214053155,-0.6188113495857931,0.6813451391337543,0.10052853043722966,-0.3460656787498191
0.7542073561764479,1.4583744685992548,1.4996494057462266,-0.039675564107034475,-1.4674956657204434
0.41649111991386,-0.48879381211635087,-1.7376309240449161,-0.3641049902267881,-0.7921968725959391
-0.09829945050703821,0.9100191065288836,0.47667067856282025,0.9729133084035236,-0.1295011920798356
3.0923993903601947,1.4636863292123778,-0.9567861291559328,-1.6211298399204317,1.8086657742841503
1.1222606691816686,-0.6301514173699106,-0.22358565133801217,-1.3434581091765805,-0.4820396768206994
-1.103256260886905,-0.8074372073551994,-0.9199647971832008,-0.5975859196161709,1.18640948848777
1.6322515195355474,-1.6079776344927843,0.3467323973705039,-1.1379710213987737,-0.3985601793209411
0.49805684195653344,0.4669654328328188,-0.7590651144048534,0.05903648234207926,0.3042497465717367
-0.7512251370665515,0.5886159039913402,0.26028032151055003,2.0182994228263365,-1.1233896331425883
-0.6273790078319617,0.9896957026846536,0.2560150441635742,1.3703877523593582,-0.9795260413009016
-0.5023774843198199,0.6289936456606836,1.4059045814330067,0.08142365736796342,0.6931791047878251
0.41389359811064635,-0.0845136897229103,-0.32201740165611065,1.3160237186430535,-1.4458885564863053
-0.18868725390704075,0.5621193256976262,-0.5571644497598216,0.5323140135948885,1.1136642345889745
0.1635579498825061,0.8813421070999802,-0.9623642669474712,-0.5243013385361999,0.4263498597158664
1.4728938319048928,1.4975880199183211,-0.9205979264828926,-1.1115972894211306,1.2258407482163365
0.8100549755241215,-0.8872864285051528,0.024023349911533494,-0.7606016576635942,0.602034271402766
0.2689048700980064,-0.9799092728599715,-0.08863942780767067,1.0833938553301479,-2.6640605212126194
1.5087193244337322,0.7633721075057236,-0.22157573180931045,-0.6592122715905971,-0.2279745104930041
0.485891271410725,-1.210701002577962,0.8483492037237035,0.61776910621091,1.3582945997907712
-0.1932612341299704,-0.21471151774270628,2.474132815071398,-0.03491289369280293,-0.11000759412609783
-0.8787159461931286,0.2527747820397125,0.050835005229195235,0.195110678229157,-0.48055664637117523
0.3344329078455122,-1.0693999815751405,-0.6345676808281981,-0.8728710359656002,-0.021700755228846923
-0.9561352186567044,-2.07693065464231,-1.585181099867044,-1.1551603493856806,-0.6102122562364514
-0.6231498826741302,0.31833613972564007,1.1503593522837072,-0.16675912201213688,-0.2586736111603092
-0.660135360758305,-1.090266252337435,0.49317320157103234,-1.6405506924419684,-2.268625346276997
-1.3700744388235933,0.2898100395627752,1.2713717465694132,-0.07269720433906268,-2.5803364451793995
-1.1754342891887761,1.3328202831217144,-0.9726013803320069,0.24441086036257673,2.427344618994074
0.6312670372915985,-1.0857757637965897,-0.3565707484642346,0.7277180520332177,-1.9789401980807286
-0.09298772071967777,0.5797248225301375,-1.0897201775419931,1.0670990432780099,0.738528317609749
0.06750434805892322,0.24378699919550142,-0.6015689635347741,-0.8206416564117507,-0.13193398582620114
0.6401633974701535,0.2602972834762461,0.36475950380303734,0.8866845878910568,0.8496205062986266
-1.6234980880407661,1.4307392981747695,-0.8087703405590295,1.3905157156925643,-0.6818174007298327
0.9797854660927661,-0.3382511821526992,0.750867091589059,0.5217749845128773,0.7041117649240217
-0.6191407578604343,-0.5004399056116636,-0.29786670388813724,1.0255255139189783,-0.40673909886949755
-1.232146577140535,3.1028402266681163,0.00202594147930693,0.04609095671493475,-0.8761033284213436
-0.10038151750354082,0.10376936614732002,0.17584114704712772,1.007090538923802,0.3806735082172277
1.014022296608703,1.5488613933880613,-1.3550869739435312,0.32278433231211084,-0.7485192469648196
-0.14324908731792033,0.2429048933612877,-1.1007666287640818,1.2589837185831116,-0.8105087345081493
-0.20943990425883827,-0.06299666512102453,0.48681207325130244,-0.6918393319773163,-0.2078113601327431
0.14715966678881376,-0.6668584131135913,1.6756907885011023,1.7654594761097888,1.0064764660941838
-1.7675117861272418,-0.17228466800935494,0.9869397126221564,-1.012698770723823,-0.45029808908010605
0.7582618252602115,0.5058106176071477,-1.0947912506308393,0.17984825907331153,-0.7753703569076358
-1.4074171382170861,1.0583812893037556,-0.7149866895426458,1.0045945381478623,1.2866751406206869
0.6998197523413916,-1.0980846642748476,0.8080054787643749,1.2267830038192746,0.6416592379616605
1.3359188723112663,-0.49672386168116484,-0.8777734843816072,0.35893588798595494,0.5022062537643636
0.8269104495969096,-1.269567894282869,-0.960592874138489,0.45787887539347255,-1.4875695254176777
-2.133872799151224,1.0032237885891384,0.4194568833736807,-1.107080928002857,0.22127731984982668
-0.12922949512572585,-0.05696133258226084,0.31918483012609034,-1.3626750249677164,-0.5079111883649827
0.3812024638707716,1.4505653450180025,-0.7145064802497184,-0.04757248199987533,1.6448277997895127
-0.5474456202340963,-1.066362697024029,-0.3418406364396679,-0.7937104895355835,0.4020004062645688
0.7678265676965462,0.7953961547724004,0.0860562751069162,2.9696971402016596,0.46064912244330614
-0.5837109125445663,0.024405224068687875,-0.18517253059450672,-0.2885950811080579,-0.03899004016482044
-1.4874295540456655,0.9106286338788441,0.09058974929798379,0.30384219956992486,-2.3485361193112446
0.8672660137339278,-0.44255169636107955,0.6953508216658483,0.39702857296688515,1.3610611551967506
2.0125504637836658,0.07819134976135274,1.7023998438088768,1.2103929248452412,-1.5785615704414542
-0.2799756782650845,-1.7268827211557327,-0.5298921450080604,-1.3637734875785104,0.10034000276247577
0.5024570003002949,-0.7106509103872488,-0.28293266169183867,-0.8605642502484973,-0.1021342874981791
0.3504521387517069,-1.5182695465358689,-0.46838082537890025,-0.8161657359450708,0.35360948650821666
-0.766961771163731,-0.18974778213478335,0.2912410046564996,0.8548472159014792,-1.460178992180216
-0.834001945016778,0.3235877390152704,0.8901916729194802,0.25070607695693375,0.10193856584801414
0.6537556270598001,0.555636508427227,0.7652369041770019,1.3259828692837525,-1.1462019454439651
-1.5982114696971075,0.2578982484918893,-0.5441161272003731,-1.373531777390147,0.22601634752804034
1.8550413101932233,-0.07711308726236987,-0.8880513666211536,0.061987845061579866,2.5402686410088546
-0.4886083922216244,-0.7100768878289738,2.899461376706542,0.3939049987089852,0.9900946569801186
-0.14985128718018403,-0.7707541842864629,1.524290240356094,0.008876681040029904,-1.1518330267157812
0.08424997612116782,0.04358629134752805,0.9891389098824949,-0.3530746031296651,-0.19000871675659223
-0.05508721249366785,0.9428817029927007,-1.5867166692752555,-0.5029563200699345,-2.1465490316559306
-0.3438030273011036,0.3904056877193951,1.0793232701177262,-1.47419895634798,-1.0973662646901057
-0.3522812686287511,0.9492585824435068,-0.06154698465559151,1.640854180229552,-0.9685524184262703
0.5117091704092451,-1.8428016330089285,0.5782982911386924,0.1615832987404184,1.6279496486970737
-0.4162969021036914,-0.8798120586233084,0.9638368977554673,-1.237080980123762,0.8403784002965465
1.015642440269946,0.28170258609523635,0.46083562498842573,2.1012433443887133,-0.7208622400082604
-0.2324784529251672,0.6231284717278969,1.7876554549165762,0.5537084896276004,0.22923515866819053
-1.075699426783965,0.6486569480468789,-0.9097649919342264,1.235414830213348,-0.05550165812674356
0.0649237403604111,-0.06787718396686916,0.2507687381659071,-0.35989644903574775,-0.5000988135594202
-0.1125672806379432,0.218643072334775,0.11450747642595152,-0.5735761369480643,0.6562297867073072
0.654634724674596,0.38285047171736175,-0.19253517393056147,-0.2865310226383177,0.8946718637890636
-0.7424285990067764,1.913105042530072,2.4846411722225765,1.176908712140808,2.215381500793185
1.5494088015445882,-0.5554913291373639,2.465971674185631,-1.277796241613627,0.8133644665747436
0.6770604216834061,1.0439436749809785,-0.8375895611214161,0.22701350390180863,0.18053418340264413
-0.3530365252743877,-0.17997007625585362,-0.44626829725751327,-0.6054882347038891,0.18974393172018222
0.7124062627485039,0.3771364935859073,-0.7519456944397526,2.0741667222247475,1.5047370026742493
-0.042506677894623354,1.6005699245276428,0.047229618599879036,-0.8082717375217999,0.1006375816394969
0.09005715364631124,0.4979855647050943,-0.36815550394766006,-0.7840126324071514,-1.0164790224152196
-0.30376060882009015,0.26930224273040015,-0.9622862416213878,-0.698964303191969,0.29706322715189715
0.4415697324910685,0.4079247668600278,0.23647846924533764,-0.7150538671544051,-0.6729021501851213
-3.350110011502911,0.6704401828797363,0.23001682384726566,-1.5624836551646002,-0.7573571073380416
0.24867216390197472,-0.33984173348935076,-0.2996496252874427,-0.74887769301879,1.6464499410516773
-2.1239513416532723,-1.0818843695118896,-1.9891514149892753,-1.298598062677555,-0.6210728837511292
0.8373398172567424,-0.3736337171041518,1.2170244848635263,0.9559036203854507,2.192672860337453
-1.2775082520212566,0.5150151556659006,0.1853796301431609,-1.0076750433356378,0.4714698102526736
-0.36275986132771226,1.9514201024754485,-0.15094218008240806,0.2705535710742844,-1.4333031397328704
2.068244752829763,0.029038522417482834,-0.09259833892258512,-0.11364183740366858,1.5045278700410762
-1.602723195629391,-0.837408575183346,1.821600516486812,-2.5005006180784974,1.897164644628272
-0.004280930749995612,0.6788880042067001,0.41160854399269753,-0.2323578499371718,-0.6862619812383763
-0.3237263932302517,0.7916026310734863,0.3047490379360135,0.5670590220839246,-0.9590364339489696
-1.8275472655673308,0.26389748747833136,0.28081571471162814,-0.2470561753788719,-0.8981700231687368
-0.6466779988440664,0.8595064549598502,-0.9858919050023287,1.39998083847638,-0.44638298199068666
2.0528723300222107,2.5070669610231087,-0.2131658687400715,-0.8167133381731558,-1.0921963186625527
-0.018272115817579537,0.7310940483458562,-0.2290254958424135,0.054346842105137766,-0.7243880032489213
-0.9748696795088111,-0.6909351083250802,-0.7993412849521687,0.8960970824968287,-1.1299315717540326
-0.5079224079391853,1.0805828264782935,-1.254642861131039,-1.5161691354959472,0.21861518735203958
-0.2417615436429786,-0.6398023475783893,-0.7707889817105161,-1.115512511559349,-0.22092488664232007
-1.075409692215202,0.28951237595966717,0.9646530923843878,-0.06900218777531818,0.6149795695888417
-0.47966205542327933,0.48613753537405613,1.4198904302147115,-0.3471438664098165,0.8175185714838932
-1.1708851387945207,-0.5704902074730218,-0.231478697077019,-0.7864685928251067,-1.7310091867445268
1.6491803556022884,0.4120903801696687,-1.016362563149747,-1.0422829486111556,0.9878922709551632
-0.7743413261975027,0.8223928259516636,-0.283103974456862,0.2676155369696195,-0.9112814317860699
-1.2908112625082115,2.5562632573132533,-1.3709331290523523,-0.2823901044106359,0.7886890794787466
0.6037558707484926,-1.6928318465897867,0.054400867377584476,-1.2569764091912434,-1.044694622994738
0.7733135972037829,-1.097053376754764,-0.31946771770324106,-0.5210624081376588,0.9976226415352649
-0.8361386124459572,0.07514305401664417,0.8586994052232827,-1.5803402361735859,-0.8241961311072104
1.3966245899439225,2.790282957315264,-0.7762373883299434,0.3541138325964806,-1.3395765502501447
-0.6497876736793555,0.6438868978076713,0.694199852219565,1.20046385648762,-1.3072833115993445
-1.403817156459033,0.622384913880353,-0.8644397092673987,-0.4011079664958492,1.0880100598060003
-1.8277464725993244,-0.11257071367635356,-1.1224727686365272,0.7654502342967258,1.5558383807635567
-1.4848563827292085,-1.4541958826553862,0.5423896302915041,0.6006080522614577,0.12071359250033188
-1.9921763208374008,-1.7427265768458418,0.278800727681052,-0.8519554658828208,-0.30174677915334086
1.76148681545201,-1.7917324805876342,-0.9115882598443676,-0.46779213140971115,1.181972163578188
1.7674693085018633,0.8529579342133344,0.5768173093849561,-0.0022581186173146915,0.6943258695317504
-0.0874248987878645,-1.9391036416533918,0.3299339326115933,0.37265748202448085,-0.5888603341016757
-1.51654941270681,-0.23559922104765252,0.2651758831598698,-0.04005784755992089,-1.5094848415269992
0.5240030755493854,-0.36645410124429534,0.8888376770295673,1.5674929822209145,1.6819451226984463
-2.3000778003055156,-0.9806469755514902,-0.3824522069122307,1.3856188669686171,0.5890592700095362
0.6261477179858366,0.5255990845964285,-0.3056412016781085,-0.6204822040578046,0.5079601958933069
1.2877568862542357,-0.8270722365450968,0.8669519330599799,1.8924673122372397,-0.1881485692792333
-0.34495579702489304,0.6722599967248961,1.1657766047300113,0.26880324652092946,0.22722562469157787
-0.78301912095209,-1.625081925458222,-0.2872488415206408,1.5053713006795466,0.38167554774111556
-0.5393415675770794,0.7075432637748238,-0.060191998585837236,0.4404894668482033,0.1850178251487345
-0.04175348249658863,0.5224931113398757,-0.7343481545554112,-0.07478037566549471,1.4897655215803711
1.2040144978296738,-1.1600419428974926,-0.1977660645891643,-0.7796907628138032,0.722720864783543
0.6626656503148851,-0.6954016823221721,-0.9631859331405895,0.3372899401129479,0.002794844737240244
0.7968283547761262,-0.24972687580262687,-1.8269374143341117,0.5740945235995523,-1.4787091012035916
0.6051619924935442,0.6331515255422062,-1.6694402220842541,-1.088764291988247,0.40599636169960346
0.3033022423229772,-0.2933973355398748,-0.5672698226173188,1.0830641442761875,0.5219978105753483
-0.8053256134232377,-1.3944710809141472,0.876573727850243,-0.20148657099736156,0.4107944093727005
-0.8308324941540758,-0.851347682564383,-0.6647169368212772,-1.3469614799093683,-1.6313484357161274
0.6152702115251418,0.1670615542709249,0.16173400807192406,-0.4128111904322294,0.711297471725471
-0.8302084770631433,2.453577357675754,0.4269200184626097,0.5967785835371421,0.1726921528492459
0.3034369923098747,0.6654323901002016,0.582562411556968,0.5606396110644216,-0.2840275502878025
0.21288752094587768,-1.4008921554998932,0.2664627512062561,-0.551480108773213,0.759819994399499
0.6227435168727514,-0.8488974392268078,-0.06733042287071296,-0.05691774596791867,0.06727798166564193
1.169031330047221,0.11643908871155656,-0.7885634184852192,2.1380730417614284,0.8867995586640638
0.41952601134770806,-0.5659594129774178,-0.991696717012914,0.10964368427647338,1.9728264732315444
1.356768314953727,0.5343414052935533,-1.389681806065074,0.20342626270308,0.7705233315710883
1.0195008773466343,-1.254267351221453,-0.11163014313903971,-0.6980080483681796,0.7190314588479427
0.475587991057209,-0.007928911023920458,0.6443974568156772,-0.018973651430126835,-0.34335261598309286
1.2092906288123562,-1.1130730236418775,-0.5841168482333831,0.14814296499943333,-1.5867173836595934
0.0031902558926944565,2.0176182574567165,0.19839762975130693,0.7370070116157026,-0.4065480802674241
0.18008805325877675,-1.1752444378670108,0.08287764487181151,-1.217350224504606,-0.030700609332042023
-0.11285616933346243,-0.37709873205130384,-0.8021891019278886,0.3832532018197961,-1.0144174661551733
0.579195907178422,-0.45615258219977517,0.5109290015090999,-1.6203895013388157,-0.004468461202965956
0.4363063312256134,1.52646920678984,-1.319768961121081,-0.5976398787744588,-1.0669846719856033
0.761609152148989,0.8526487941407523,-0.9146970485278154,-0.7316065334952058,0.2120577258428761
-0.6740379951039459,0.5645291328240849,1.3637473222231624,-0.5142839694049635,0.18202588086649746
-1.598731673433156,0.32765163849548506,1.5393766426847746,0.291208857661368,0.6201446697150669
-1.0679306377050903,0.36981798518517345,-0.8531131563937803,-1.1673916968831617,-1.5857961969076828
1.1843633670186018,0.42123023062508574,1.4002028527773198,-0.6667797178785934,0.28080990931535316
2.8217117530338878,0.421895407934802,-2.2493006460296048,-1.4407794262409916,-0.91039220040816
0.2890658859911118,0.6120369313050408,-0.6910634727721973,-0.4655535936147029,1.972537347072867
-2.472285938172077,-0.3705123865902929,0.001006086634448372,-1.9728508445313262,-0.9526487765884954
-1.0655654443891214,-0.7989213416926323,-1.2807222727614278,-1.4432841101643432,0.3449078167792568
-2.4998546982424164,0.6656191587215674,0.047854555785731924,0.6596065297941852,-1.1249205285743127
0.7983412810105073,0.15030012976170762,0.5198290730515022,0.223731405562038,0.3200027715274732
0.8353229886081356,1.6766730555719733,1.6039979575979357,-0.13084125295195137,0.3667007955960139
0.32718665767199206,0.23048487045960003,0.3451794905786871,-1.8977447216977261,2.88037933667291
1.4191923789924563,-0.44945837996389937,0.8883419426857186,0.6630841306686778,1.0940719350601302
0.578413238412088,-0.11825416832870853,0.46523082578381825,1.321966528751256,0.8868700563019887
2.0991784104372178,-1.0766784229880066,1.870916863303698,0.29529347212124646,-2.059088569605079
0.021086535063314704,-0.8606578638479159,-1.020074805508412,-1.311426805848053,1.0545887671686964
0.7337770361005451,1.034421984263774,0.05260499344427034,0.7200944420463975,0.5799738652836457
1.2448873005272858,-1.8675187477634985,0.4425210048410244,-0.32138619430987236,-0.16855459418541907
1.038908257109495,1.5685256680441613,-1.708776530403713,-1.2630571026442383,-0.673634103218485
-0.7453513376719607,-1.0295117729235366,2.85916876602596,-1.6211654429066484,0.3015287570221827
