-0.749896729067417,1.4236080580787693
-0.9115846462990311,0.4589518549590312
0.5803055447389008,-0.6402450153271232
-1.1030075667349353,-1.204055253556668
-1.5087844393333845,-0.9550025395682187
0.8802036386546037,-0.9013204370775838
0.033466671494145485,0.057531178701697806
-1.338487736155686,1.6298772313543115
-0.07125412404639626,-0.8179527973740918
-1.7334565915083504,0.027548149661081756
1.128787833184342,-0.13771678395072098
0.16575473390092424,0.07911883379140354
-1.4457812763430438,-0.04908579749482678
1.1466084741664289,-1.7127067192253236
-0.07532746722202506,-1.3346065754475733
2.1128857420110507,-0.5986043759828437
1.7949070013047612,1.876474993437783
0.8689586930460786,1.4059465552586046
-0.45921692238015316,-0.4585240495296851
2.204028390454916,-0.662362884914931
0.8550178822520293,2.628955382902336
-0.9295860165031256,-0.6860559960272945
0.7295368523234073,1.1737235916241657
-0.44667721829521184,-0.25000316460816
0.450235332646735,0.12702585595010304
-0.04616717055959366,-0.8430059490137822
-1.0965450367381353,1.0983364654501728
0.03252356187513389,-1.3572713047055707
0.2944741607151329,-0.9495267581107725
-0.7518519790106911,-0.7471727993465629
-0.5178238802283607,-0.18754744655097103
1.6741424093927897,-0.8557347589225387
-1.089196944193057,1.7696716289318668
-1.1032809741601413,-0.4177984950831201
-0.4841417478084802,1.9354729844408312
-0.5022896588309542,1.5611686515756298
0.08185035651536471,0.6934148187127156
-1.9951067398016644,1.173478419990653
-0.6930304850791165,0.9765266225318883
0.27779067407630875,-0.828065717648632
-0.0005079548481322508,-0.6516527629082888
-1.5847370735515345,0.9701250022164282
2.011623191545226,-0.35898612896667703
-0.029914632918910587,0.564758435513364
-0.1613502551512402,-0.37907603836683257
-0.5547879380530509,0.45892154663408663
-0.48253817636982865,-0.49552220604072955
-1.2833626079167715,-0.6787588729571821
-0.21063759686788783,0.3061220439898924
-0.9787570673724847,-3.1699167258647654
0.5122017942607351,-2.17310539302559
0.47286604109691854,1.0233603793069395
-1.5192256168532547,0.13417871276603746
-0.07925817153484757,0.057621507105552534
-0.833300678797373,0.34609002376374537
1.0615412431467603,-0.2138823105400371
-0.8496049647738303,0.8057874812080513
-0.6270790577782545,-0.6470273202867645
-0.3929995411630323,-0.6423862743206883
-0.20340999957418118,-0.41588209404807985
1.5776371958113284,0.46925382102554614
-1.6600208762969682,0.11241694936145438
0.11258906090294221,-0.093122597312695
-0.5886426596568007,0.5965180749897403
0.672112303967379,0.8897576549050787
1.66516207043689,0.8143270843633588
1.2955417539957803,1.8067423844078148
-0.21263504052386484,-0.5844879668665154
0.35128945532338585,-0.7675253558437827
0.6133309714559035,-0.48158082762160725
1.1883446893886305,0.2796600349712034
-1.2519715916118253,-0.5494107070252413
-0.07908850091774641,-0.2673103181752246
-1.6371758170714172,0.4973581504429805
0.34399807700255874,-0.30532669757310377
-0.9614087517361443,0.16016416644390374
0.23249282271550822,-1.019125474531339
1.1374111279967598,-0.27165575156414373
0.8318483125322015,0.7100729486216281
-0.6471120791152384,-0.9916900256799603
0.7939030312887722,1.2726237104788582
-0.8632730993381074,0.9970052091548028
-0.5619987911455624,0.33132679859706815
-0.6845600186888883,-0.36003768514138806
-1.5261968242142105,0.6010552392374768
-1.0193538258082795,-1.203593924075188
2.0557832789753707,1.5406966838563732
-1.1135097732792945,-0.22636204197585194
0.38424583497000053,-1.0500011736291064
-0.509982085852094,-0.08659979232134206
-0.1170823426965652,-1.6520520559362106
1.0717228685908837,-0.6378110357338603
-0.34773327937276843,1.0089291071899475
-0.3298864023320592,1.3842456975923205
-0.37965280364323256,0.8583556843482024
-0.1468587807147633,0.19140283995805613
0.6575189505169408,-0.8026224104679242
-0.3417960839784195,-1.2076852684152755
-0.4671903710655338,-0.45646646604589514
-1.3358665438553499,0.13064716620556657
-1.0413872446274397,0.4889174529473477
-0.335910291093014,0.8607559910681413
0.3069039934245099,-0.8485353087167621
-1.8924329845152208,-2.1807999257165895
-1.7336219766668644,0.6701358539493913
-0.3816553850367617,0.509115561313447
0.7544070064318804,1.0047284031039918
-1.2626160604387047,2.0149622225557233
-1.3065104970381767,-0.607839699618855
-0.45829541728682405,-0.35708750681362245
1.7922901750663076,1.2763092418538895
0.18615870639663867,0.1533107632087379
-1.6951567914189265,1.6867130879319594
-2.5830798378848763,-0.7283802106041132
-1.1289648900142868,-0.8131378140256637
1.2170815753128121,0.6859761638167364
1.003925023710775,0.08737856847250268
-0.8818730006629582,0.43045416981088974
-0.20853942103422518,0.07300099636747452
0.41041184667324987,-1.929607489545113
-0.11139915723524034,0.3562020431266872
-0.17153729911972104,-0.21512240767696347
-0.5983988478179318,0.05156117081273903
-0.05993988570992317,-0.434071214263506
-1.2568725177208742,-0.45697412600860615
0.7658083097135822,-0.37597208150057715
-0.3062011698875879,1.2637109360287666
0.49010772276943737,-0.11473795978231334
1.3987371838094933,2.724932795706142
0.22258009953710747,1.2761633538676318
-1.2073770470217182,-0.9090974543172192
-0.7869557693707409,0.8226494312032873
-1.2944158476647079,-0.5967975219994712
1.1161640578724055,-0.3060211214953662
0.008007822102381266,-1.230756228889233
-0.3867249146342082,1.0398604973124836
-1.2502550668418289,-0.26697577843671466
0.03688075367374345,0.02675702549609648
-0.2079090928780435,0.7713844554972301
-0.7119747109370744,-0.45976023794295456
0.6623396860460562,1.4615750429923597
0.6772584370577509,-0.027142674209214276
-1.818608425546189,-0.7289729553334783
0.12087152776390722,0.42656615171392004
-0.40245708227774835,-1.4305995428262759
0.3208287219934443,1.340200055449796
-0.14945463556138056,-0.10460421090794962
2.3315014751554357,1.1505952805969002
0.8335322253168473,-0.014177452966105264
0.004610050471341355,-0.7457025683525584
-0.3681428519188357,-0.5480152788370756
0.5053053647642615,0.9176733951804229
-0.4930019506915921,-0.68129369153049
0.2802997274738944,-0.274560938834501
-2.224712299070833,-0.3123585613857938
0.2382375442877356,-0.03950783561816213
-0.49819373417464263,-0.12063889912036913
-0.22418458492889382,-0.3985263170543844
-0.6700984392239443,0.725640387267706
0.12758353052407936,-1.3266937382874047
0.21400705694011168,-0.23732383801308565
0.47603273452367156,0.4618189952583125
1.206109390350462,0.0352538949874473
0.5918450975559122,0.24297718865082713
-0.27250927684262144,2.2329602294573103
-0.4556820741012603,0.47865291087408557
1.740499786437715,1.5753987549568462
0.4930359588550835,1.4630882954607047
0.8320909455607578,-0.9803464063119132
0.3403059119781895,0.03317002034145052
-1.0044081252659942,0.25076396037782483
-0.9283592266089148,0.8045490606716665
0.9689865283733384,-0.39131464385959297
0.10216986983234604,-1.6322458431073736
0.2018849623752772,-2.0868288422633503
0.6369700471782601,0.8943738417964233
-0.18707845747564755,0.4759971446730075
1.1611458411380866,0.27156036752953544
0.5648918170700641,-1.8927440722227737
0.27628618697960045,-1.873846118272317
-1.0167863432374455,-0.7609854975894819
0.6583972962933655,0.4924400537947655
0.13588723078116566,0.0338826931108047
-0.41828594881529363,0.06678673528461984
-0.2675962811320752,-0.4388368291755895
-0.611146646166454,-1.813966714267738
-0.45630506983286817,-0.7569115178846123
-0.8015443977127849,-0.08930524114520558
-1.5714574661983647,0.27751083169329477
1.3907854808655227,-0.903787937933783
0.46696750423464894,-2.667047522666956
-1.2961552580051725,-0.025902044294097787
1.5174884686487027,1.1776151653970968
-0.8322431803315116,-0.19057239438396015
0.229347428854382,0.1643834638315989
0.8368789690010584,2.0328225394729187
0.9449330450999335,0.7996858599681528
-0.7883286333109985,0.6023071486442215
-0.734840980735442,-0.009318032746176753
1.798762647349045,0.10851909013319376
