-0.4130695762921139,0.7283449452625371,0.6453952672075242,2.0006879630155217,0.19766069608162515
0.8123232405985763,1.5535403894524469,1.5312182893355426,-0.4166695659472895,0.6245723637855016
1.634199445986993,0.8245756468354095,-0.5618835191991798,2.229118116166415,-0.7379149967621159
0.8136546807512104,-0.4873977845815303,1.7234852579293896,-0.6558531243254085,-0.12482811429925367
-1.8011376448447964,-0.8345711103358268,-1.5312977513662274,1.8203288390218804,0.7259584955053404
2.093997890426621,-0.12541862556836236,-0.36864245657377365,-0.39890967868639543,0.49056864765133934
0.11827115374802691,-0.7909528699708774,-0.031496611810625144,-0.7002454596476934,1.9215627377421958
-0.00013421414986240364,1.2581820372767267,-0.6794297418924717,0.14049593296377744,-0.38919205270442453
-0.392841733672317,0.027560892275903488,1.8393513863163438,0.5282737616235832,1.8251507867014083
1.596947019390091,0.07586747048737438,1.4419664237223975,0.46256986059527366,0.34749358941621067
-0.4681057893377227,0.038980078776935795,0.67460992802896,-0.6440679515791603,-0.6381956849570077
0.40364248078885745,-0.2713085066717071,-0.28587912469473103,-0.2607355338439488,-1.6119987124527926
0.6854460844226552,-1.2340097046250833,-1.0939178764685196,-1.5138836906090096,-0.8675659321205146
1.4498446319161833,-0.7366077508308904,0.15034901423811642,-0.4197573772950002,2.0072264177252297
0.49910735275032325,1.823663985442553,1.9407262503986933,-0.5283532480252139,-0.10927818504181347
-0.8576033348468546,0.6350510522008557,0.5939390131816485,0.17122434304103695,-0.288897494300393
0.8561399331097695,-0.4555600607756357,1.340452096713533,0.2196574788507927,1.030240556884502
0.05145439564130715,-0.7111512861641468,-1.118232978541362,0.25317106887853186,0.6264737612649175
-1.5157625051766843,0.6740612289371875,-0.29941755176171503,0.7896028541952393,-0.09154607199871817
-0.08639273923231242,-0.6122262952854255,1.7254259787813364,-0.9121767472696043,-1.074396092616322
0.8363358572004577,-0.03728691704734428,-0.4887690304595379,-0.40062525936903165,0.2791433052389368
-0.42802521930803766,0.3508226695176582,0.6174011306247542,-1.0664958310456178,-0.6003942710077799
1.6362761883661432,0.5543937619278893,-1.0934137551765857,1.413420096378457,0.07827550794885202
0.2114356276609287,-0.736084588341867,-0.45113597816592743,1.4773299693598878,-1.6225751885724757
-1.1771733650977514,0.959042124964719,0.6990632519136175,0.10365835752934456,0.3473359154292242
-0.2921881608991806,1.673778921311048,0.23585955343963128,0.4093954150080075,0.20824598195232993
-0.4110899220144808,1.162982862951949,0.15268319408488962,-0.9129519431023423,0.024138050839121194
0.6747905853377902,-0.6230895027140552,-0.09613269802172762,0.34962150913617046,0.7570915753330224
0.7887921312164056,0.22336329061300034,-1.0191966046427858,-0.7119248530299509,-0.40130675021105217
0.9314840839109074,-0.46331835146283307,-0.07512503382576609,-0.77975299308368,-0.41068861073713164
-0.8429107304761179,-2.178920669059868,-0.8844933962604031,-0.7330420322775376,2.4909726824933105
-0.07759629030532199,-0.5762826615065009,-0.14749598073146397,0.5755562722202568,-0.20626218613109573
0.4442127469972059,-0.34251911975182525,0.10429159218855057,0.1487203195012268,1.3807587490424482
0.4738971019356898,-0.309368289544738,-0.3941311323271611,-0.01726646642661767,1.3484940276164503
0.5168696214593452,-0.6985852136104076,-2.0500627153395485,0.4838908756970505,-0.49260068213856284
0.3489646115963563,-2.7150453836748345,0.6352285296140099,1.1613031282480488,-0.41487027442846436
0.3822620059534637,1.2137365153490849,0.5137000091567501,-0.3292761338218676,-0.6180372400058124
1.259542796976544,-0.2880354680664747,0.1763115301739369,-1.1525149767086926,-1.1921530420302695
-0.8804292492857082,-0.35317126357348494,-0.15204339559963978,0.6498253240831622,1.6442263821029601
-0.465833628841672,0.3604879912229616,-0.13236713254047533,0.398260917972002,0.8182770426316955
-0.6304403102575227,-2.0142910332875066,-0.45592429229608666,0.5198903005839974,-0.6239294124079009
-0.43947541448413613,-0.2719026984961248,1.0520449011067683,1.0124628507615834,-0.3951822787610663
-0.7787646067038255,0.9377113278069275,-1.7138933137119927,0.20146254783429784,-1.4117274762706848
-0.8935800116213639,1.046609565256682,0.8017970096277985,0.4979377787294758,1.349849913382469
0.011315271035612905,-1.0215052455737343,1.6290596287406323,-0.5010951502825689,-0.8234215329600618
-0.5131757512398336,-0.9493807358621202,1.194655399691775,0.02577666221900357,0.9060732191862622
-1.6427661445029251,1.0623081577954663,-0.8330422016034246,-1.9130880554782246,-0.038160805761743646
-1.2090660112636742,1.0201383881886958,-0.6193102876682454,1.0822769436612314,-0.8619116691039868
0.07499396632329834,1.0619838995653523,0.07440792947964117,-0.9953876054079438,0.3556017102859668
2.7127358220478843,0.6816989063410815,-0.5249163997332172,1.1750180308939535,-0.9888667376579435
0.5648583305945724,1.4222204485528525,0.8630997304204896,-0.33572852578272566,0.14132778766132187
1.48961179383098,-0.8991544047197384,-1.0371885457696535,-1.1827377707131883,-0.9839584544242659
-0.9684212972650474,0.4400176599266553,-0.1961346770696062,1.6817551337629024,1.05703177655474
0.6594023111233175,-0.36066391084135113,1.4968454040612207,0.3605252874788532,0.19047886528764713
-0.5415647575565777,-1.0341473286378013,-0.17064482916534815,-0.492699299246432,1.9581029277464692
-0.5504399657780277,0.1533036853038911,0.49578467888955835,-0.7927374209061755,1.4676407738274255
0.574879227557424,0.45512020794884644,-1.0440345939638598,-0.27486405744069065,-0.08706330009158035
1.4449966140004737,-0.48626823497315547,0.5666403153192854,-0.024968112414421807,1.1981505645726103
1.290218413679296,1.5166283152127735,0.12899996293786817,0.05737841639586528,2.3851774773200014
-0.23963351318182938,-0.92958603439382,-1.1492827890431447,1.2479383739796246,1.6183369786329078
-2.4119170239145404,-0.38023761249175575,0.2901448868776292,-0.17495107590997555,1.2241925372447902
1.1879752643512704,-0.38982579557967717,1.2225339263827892,-0.17466794714335182,-1.136895255492197
-1.701190565023604,0.29940921558071193,-2.0245336562564926,0.7128312432984785,1.4528645669519638
0.047132925412765474,-1.6168632571381096,0.5855545967581168,0.5828797570970521,0.47802421940304524
0.6507473526395993,0.44449137403087746,0.5931903056639135,-0.3780943219995205,0.029653296339593245
-2.0566004090339485,0.2744651623853097,-0.7835399189425575,-0.6645076094798009,-0.9514232659033385
0.4343644871612092,1.5823497151992028,0.39327616114602687,3.0461406431362943,-0.5757198294395882
0.4959811754764953,-1.192279738568498,-1.0315254704185328,1.2644483884107605,-0.0990695824471028
1.7453056482409035,-0.9255803994104255,-0.05355313271137711,0.30268019716588185,-0.8017765205402774
-1.30235768337107,-1.8867107526615097,1.2742587308897348,-0.21297019898887065,0.5624362609292313
0.5235957761084763,0.8592156342992602,0.2763731695766958,-1.14559778126212,0.1969620045039637
-0.7615060976842282,0.6474977112083723,1.13649343135273,-1.9387937159943625,0.39668920906873373
0.7947309483021772,-0.1800685716995184,-0.1108968981433216,0.9302613275224065,-0.07012013233736938
-0.18886172883572672,-1.0337128625359524,0.24012662240040358,-1.1951217047685754,0.49392499169003534
0.5625936146107675,1.340200337963454,0.09033403938729478,-1.3378645597808274,-0.6181004262644952
0.360358492463992,-0.36003611340150943,-0.09918701099507853,1.5518739727705757,-0.609650686234424
2.3159451397446413,-0.2919404685510031,1.0036036236757866,-0.14995633845332437,-0.40841909196203485
-0.9216091843322254,0.5248931390952717,-0.11121908479228101,0.3918476267648099,1.3059520490894074
-0.8926158608429895,-0.7167885091484258,0.8919907263168734,-0.23619772981611828,-1.1940595206956741
-1.1408097696205053,0.017262930144833863,-0.22743376942117835,0.7257928513895863,0.06284803390663343
-0.13728524180604101,-0.22825998389255983,1.1868697360562603,1.6733945911046548,-0.4733057179119506
0.018909400216796324,0.3893336449865074,-1.162041724508346,-0.8460719560232638,-0.765190006601879
-0.9681781451430508,0.6075312793684237,1.4537499076255114,0.027346406472521217,-2.4721609451282895
-0.136076357133698,0.23267310418569015,-0.5226874234252654,0.39058434532155206,-0.1986259602646721
0.6772674143702218,0.1784827092847692,2.279563788077756,-0.3297584318820825,1.705873201941234
-0.30801480084807237,-1.3610266085712106,-0.9559684015354392,-0.7335266366713655,-0.5629853747002553
0.463298893494113,-0.35525987658740826,-0.8390641962916273,0.06784779415594397,0.4927450467327964
-2.1049605237038453,-0.9349726012242352,0.06192167100365809,-1.79343291058453,0.36901946164768223
2.300577824407452,-0.3938342061557567,0.8577116180896579,0.6866189256621873,-0.8510070532505905
-0.3854154728585162,1.2749658015066472,-1.9410601718899179,0.49553119691929876,0.42114072276764103
-0.1399106526146461,-0.39472889687271334,-0.5136072756820282,1.0205601751172295,0.24298754607539963
-0.4375449996460853,0.8416407645576808,-1.1942364182937073,-1.679190773979573,1.0091010842441803
-0.9170896151266233,-0.7239397382484432,-0.4806720917965377,-0.8555988594958158,-1.142671447840961
0.07666946231976342,2.329131128679212,-0.95280180335272,1.1957847991257622,-0.15671535327206287
1.4656699008811966,-1.8975994843381054,-0.631002723477157,-2.3068967556656355,0.3631949851207306
-0.7425913496394668,-0.5647816852112233,1.5669267569496417,0.29700800611672257,-1.7503613049777338
1.7352679866043073,-0.8848794047964108,0.10933256492493458,-0.9258663526000416,-1.584491860833962
1.1046085494836335,-0.6423352014596866,0.6319342089830545,0.08608671147985805,0.016629544019382447
-0.9046018310195851,-0.5956142611459885,1.4795103804173366,-1.511752373364571,0.04734108923890417
-0.20780134817371987,1.7736361630060398,1.7478117268521658,-0.062344646262351804,2.440216329961607
0.22287659493083634,0.7140060248285147,0.7546184474750615,0.24264428530547758,-0.7923581440788441
-0.24689871092511606,1.3810115603742734,-0.7708880479249957,-0.5621848515390491,-1.3579180907967503
-0.22478592270747813,1.176281013259654,-0.018503463563461758,-0.4653531587048716,-0.006858681316472084
-0.13788781195814137,-0.7180652038135139,0.14525903070749008,0.9133218669701083,-1.6542691660838191
1.8043149244098629,0.9043677865317764,0.11503489653478702,1.409346106769516,-0.7990608565034102
-1.0541432241124418,1.340382563747811,2.04627963594858,-0.601317384768811,1.8729496993571786
-0.13389338264715867,0.3813800989060973,1.0999448183237108,0.7264310978693195,-1.245544277524014
-0.03936088375287392,-1.0266579505645528,-0.5908717350924093,1.319835334925781,0.7679418798591467
-1.9590805780334448,-0.10972440476706999,-0.23076486921321004,1.0415838668517203,-0.20510211860397703
-0.205146963730671,1.0498530299450868,0.7069675729719209,0.6272131444843182,-0.40441784877979703
1.6215934772352092,1.0055427297617623,1.2356338633325392,-0.6361267455833508,-0.7084298814288728
-0.32613034709291133,-1.405753168157884,1.133768414833116,0.4792210498252293,0.8245196155633866
1.3091066735683823,1.1876044058416722,0.2752535135894732,-0.3289289249763402,-2.2671408745987427
0.8155496181831695,-0.34583823314972256,-1.2695354408382666,-0.6866655604620356,1.3952481015045433
-1.2530582231871352,0.8658156012116386,0.7472164972921094,-0.6158789994763044,0.956806360206602
0.16089194886697306,1.4746047482878062,0.05781501950397223,-0.2034265532490525,-0.9618990884234591
-1.9273538927473426,1.5320262359989436,0.8441034567118013,-0.24961309870601503,0.3047237774706342
1.1816910795363817,0.08479748847577977,0.41580100626862526,1.44982654919201,-0.67290277750172
-0.05923178804374524,0.2860598798324037,0.4984761770084684,0.7427689743956741,0.6267657831313694
0.006343917250193504,0.1433548291920149,0.8161946292467698,-0.14255578600945548,0.3158496575645213
1.9951462618957712,0.5702774734611058,0.5040283133759498,-0.5234901058447842,-2.0626387407886293
1.0647580280564082,-1.7307177255030497,-0.026643317381209296,0.6115970175531812,-1.1442468068027065
0.5569270710723757,-0.5705052378520552,0.9138323727928358,-0.3802393808245106,0.7645407644184974
0.4589531530135651,-0.25999030917157673,-2.092948517038213,1.0364844522417909,0.21218219615893372
0.8141836524661054,0.582844144162373,0.22545412302057022,0.43368522809832827,0.10622896443809764
-0.2032661544111797,1.7796593224208184,-0.6262952696357769,-0.800354924882253,0.07294737706483492
-1.3451221290003217,-1.4961377272393683,0.9775074595955492,-0.1383972753585681,2.106715275961836
0.3342261922649743,0.5944245993914673,0.21895504861985085,-0.2749860873951274,-0.7365519552615728
-0.07907707269304833,0.3965171770409187,-0.330408746278591,1.473937821367547,-0.5006737901681458
0.39049914685812,0.13566426202720203,1.3841477397325013,-2.028027463003842,0.725630123798903
0.7054875320363189,-1.7424693673097984,0.1762103037992173,1.1445435631071863,-1.424051541657254
0.33464310454903373,2.3301030282941277,0.011666831464463526,-0.17927243692991046,1.2091736563896949
-0.2600056969279437,0.856910322630863,0.48514589064649,1.633888691771315,-0.6977085749282452
-0.731430657839197,0.2954690214251123,-1.0885402565171614,-0.7726786229557427,1.9647992759679276
1.2245585003646695,0.1235420454587654,-0.2753522667468324,1.3653026664993884,1.6960756074109196
-0.7642529634539716,-1.0357378771121004,0.5615903554070122,-0.22205873603245732,0.8632086627521711
0.5064557727734628,-0.61270183756517,0.33756059105931774,-0.46621977551686905,-1.2528265971840575
0.3068086470858226,-0.22783937387922945,0.9800527898521965,-0.3373085377214781,1.7479424837939335
0.730723533121411,-0.1641737931118263,0.24190832852894278,-1.203845196448075,0.7921415643378893
-0.358435686063339,0.3156505039890653,-1.228826096386283,-0.021590888456305215,-0.07033660036482924
0.9893721477186125,0.4906664812717293,-2.57505879700461,-1.0158581732905811,0.43698812328951614
-0.77859171281565,2.3886885505851136,0.5675723883445492,0.11196639859322484,0.1961327135380222
0.8991739296241115,0.7859845515032117,0.3036511474932232,1.7426880502721294,-1.41225945350023
-0.5266910751504755,-0.14877467922775062,0.09955298962180151,-1.383665264806831,0.6021745665414894
-1.696616489449727,-1.5695640533239097,-1.2424834236831472,-0.3899256927894776,0.8368128581464843
-1.6492197006310823,-0.10480246375215659,1.265074532042631,1.3031376050484076,-0.6422491780740563
0.4021926167955398,-0.8365374661970113,-0.6315545320988388,-1.6263587858239537,0.9246783478433972
-0.16584138862954226,0.23447638982501431,0.1627876901083817,-0.15869578638761728,-0.4553764298719407
1.723447143223934,0.19526405711655836,0.21989969650001612,-0.6156644811362386,0.5622328226031822
-0.36994200380977116,0.8369081421558919,-0.010238279834948892,0.9239692896143307,-1.3504364878179484
-0.003722502215666878,0.5754908571761748,-0.5742952242973217,0.6985702092296114,1.160161703922903
1.499239370295071,-0.07806869049012265,1.3855241755697436,0.4779035367238834,0.19440082115923482
-0.45347796358106257,-0.3224985778140457,0.22966195470901518,0.4469994983256473,0.281198296498229
-0.6591564117754916,0.38212971964411485,-0.8127808357840408,0.2732955748302264,-0.1076773714120125
1.1077074365499386,0.32039526645465805,-0.3695888740157219,0.3029976777508918,-0.39537103995084394
-0.3812466655850637,0.620515245975203,1.5616452998253767,-0.4976385598789915,-1.3629775286674737
2.281042443227376,-0.2740982747206535,0.9898078049218055,0.11825381442448717,0.27532546254313434
0.19187184613692349,-0.3660874022247521,-0.9642793950134088,-0.9861772827184954,-1.1319814054130553
-0.4835771525545069,-0.42464810405957143,-3.0513300137954174,0.17448124786576666,0.6678866338359651
-0.1428164850411346,-1.4369552666494347,0.057247513549075764,-0.2750826756204633,1.2468901999746254
1.5259564717064225,0.6085896088303295,-0.14188505822590414,0.7185230777474353,1.048670135081361
-0.5879103950794506,0.4769383797875627,-0.04790244304968857,0.36264211185049255,-0.6497710423309088
-1.7817421073744273,-1.7154394603028533,1.2496674311612592,0.10079260769779362,1.0904112160587274
-1.3146157091504809,1.5582795908825293,0.403812997239993,1.313717123169795,-0.16109120393474283
1.382148806650793,0.6933183160910592,0.864330713369044,0.8132439776876261,-2.9297669218327917
0.9349252292196175,-0.34790199809960914,-1.5324808115809132,2.170903730017665,1.5063689301972576
-0.19618648450161008,1.2315359830090542,0.23816402486921107,0.41347734117723983,-0.41978903364244086
0.1754044250957133,-0.5796249222921237,0.6127247957299687,0.28256593125764135,-0.03780996099252114
-0.26447185021383157,1.1814763814246994,1.9461249182466587,1.4503569822635103,1.3804945531403876
0.683350024220163,-1.1059127201893835,-0.7189208225560756,-0.2918399642577817,0.2229726849227734
1.0305528460514302,1.164847458505407,1.6153796780339131,-0.10340569760575714,-0.24963815289354743
-1.0076426381773242,0.14247589592482007,-0.7516453137838677,0.8565949653607725,0.7301479243530933
-0.21157423525232696,-2.102590836717417,0.5093478033242665,-1.9204446288662294,0.09374350607968766
-0.3495994894381224,-1.3343004997836352,-0.8907061124595944,-0.27088652028640436,-0.21036490103426456
-0.5977855993175147,0.2407138828864027,-1.3541016039168947,1.9214458830382903,-0.7199376939488983
-0.5391998936711286,-1.4879606285130533,-0.9386986552554089,1.6929072467729847,-1.7123067586849232
-0.9561068085354999,1.2178979434204145,-0.8756297089178048,0.24402101569516493,-1.715030967302928
1.2290331002603545,1.1978083312516148,-0.2980319462270223,-0.23813519893933216,1.505747834763271
0.5592226454835084,-0.6439619032533421,0.36140483664343703,-0.4990272126937228,0.4941523858971475
0.8763918501183284,2.447795674913378,-1.2249392054454427,1.8911907233021725,-0.17980958843426365
-0.18112851576926933,0.32812558032097316,1.859635512902463,-0.4361095294369976,-1.5130792084330884
-1.5121458647354067,-2.2228270088492987,-0.21481333245552095,1.113413365347822,0.4336412233334944
-0.8229317910080584,-0.8259535084318076,-0.8247516551539751,0.9264797244727008,1.8217824162587932
1.4942051000748462,0.5156580124722624,1.7461994725269017,0.17388972530465824,-0.5497647150364308
-0.7819380205855111,0.234485952899918,0.6851022036184944,-1.4749404370016288,-0.2635489607129124
0.6522560348853197,0.21849592355043773,-1.9110754282066567,-1.347098730343204,-0.1662778439225979
2.093599452257305,0.6349224959799504,0.38253413708052497,-0.11109146247046679,0.9376195738719895
0.30219308148565505,0.5061740757437481,-0.3915576713480888,0.4868962401475556,0.28865757649951085
1.9089190501836264,0.19668364986207112,-0.9377440880109552,0.22261126520495603,0.7484701422550322
-1.3136222693351203,-0.3067871883187241,-0.3134156142475806,-0.9043304680206117,-0.9539448693505281
-0.44237143527736095,0.24470123140310573,0.3462619423537866,-1.2160741394553596,-0.38670296726994846
0.027884750905676537,1.995339181679402,1.168582670633157,0.7438392383935722,0.14034493903713613
0.01220740238065996,1.7518416051009886,0.10377271236061639,1.1355552904027777,0.14289796099271176
1.1102718564216394,0.39760136233762855,1.5925623929576,-0.12666521051716204,-0.2734479241684977
0.1516525855481537,1.118359832047992,-0.6825858138613451,0.4754670737512442,0.4326239435902653
-0.2621239228588537,0.24665076298883268,0.8338441795106422,1.184427345838335,0.7429474267119903
1.2456593063735621,0.8405289538869454,0.8117251718785599,0.09687023716974502,-1.5733300380198034
-1.0321368823410098,0.6227474475808423,0.965876626372732,-0.10519861665930677,-1.4756263459472019
0.24794652329940953,0.05435907286354972,0.41568642608206985,0.5871013775150924,-0.6626185902580173
0.7341903621916176,-1.3511930169216633,2.0217533394824523,-0.5182872575307277,-1.0502412598000288
1.5296174010673618,0.6095821335061717,-1.1568896904719421,-1.0447931690342067,-0.4176988921530414
-1.1310177813256457,0.00751471429572743,1.6949823126899957,-0.06692073275612807,-0.2131383872400396
0.6735829882919495,-0.5784106496635696,-0.13567143085161,1.0384814224543149,1.7812774915459062
-0.15333765387024767,-0.3088007940221583,-0.2434244882957354,1.29160506303554,-1.492220046943251
-0.21866346920171809,0.10305417646259707,0.42126573744608126,0.09578600592950819,1.1754750526131816
-0.09937828007620457,-0.1230410891276664,-0.0050122241463216085,-0.6932157301530417,-0.010049686710015614
1.2302017111986316,-0.33523406843889186,0.5663014994159753,0.4131687353906471,-0.6787141919648673
1.0668520952124092,0.9078552448607428,1.0059358358937036,0.37352755833663825,-1.168411682456231
0.19829406746418934,-0.16023949289379985,-0.45283739139603874,0.9602118538530903,1.1576010586506877
-0.1486593888520583,0.24505651016593358,0.9354289132845982,-0.30675100743246697,-1.6512623797691288
-0.17257112007250724,0.9485465645495031,1.6983103780016502,-0.8970621334903975,0.08450164255583346
2.3104991504398757,-1.8918147099247669,0.7237639266421078,0.5729036282352341,0.7822333708538629
0.12171993808034222,0.9684160561248449,1.0892802229901586,0.7353117158989213,0.4507290190537172
-2.2564211611174585,-1.5674079703196244,1.5885468437517805,0.23653459950913133,-0.2090320909104559
-0.2831039356012911,1.151328349797696,1.7412747156954336,0.7928081025482053,1.2019294489115682
1.2735926303433682,0.37434554042035956,-0.02150569669685686,2.38026729793072,0.32503023175307527
-0.20405396018504304,1.3557984215066805,-0.8185437019892283,2.511464576073892,-0.3370098484252223
-0.6431874628654233,-0.16248623318168348,0.25820232002436555,0.43858522854203,-0.3493505967914096
0.9998956096521472,0.9483268487830884,1.0985523357204443,-1.260597985503017,-0.5127168201775889
-1.1138383129469027,1.6591948319033154,-0.45475935312494564,-0.221935818141189,-1.109313204459923
-1.7945388269392932,0.13538237665587002,-1.5595609182756038,0.22426974121550794,0.3041168872381779
-0.1191780234544789,0.5923675908673949,-1.7947024784635504,1.3573193884225336,-0.1379713256451977
-0.3303073958025024,0.1872085679507943,-1.200273660713081,0.2861253047900028,2.352782625330297
1.6960809678137396,1.0191863054653227,-0.6598722810970409,1.058484482236663,-1.315988302260782
-0.7457266446619158,0.37455073933874394,1.0684680585582451,0.8215571763864612,-0.3831209721975788
-0.008576291025844977,1.7539082358996478,0.2229830851883041,-0.407246309267437,-0.862384410232236
-0.04348980358814665,-1.2464092479643878,1.2436905198981043,0.4398348351205603,-1.1398896860463865
1.3328673607660517,0.11425251749888905,-1.163845929071957,2.6555996330623155,-0.6630166117127992
-1.5837177507960862,-1.8199944980315939,2.1073217992150095,-0.31944676597899446,1.2777472545947899
-1.0039586910606175,0.8268516776220812,0.16049603813539734,-0.1773087705189575,-2.1978081518602335
1.1481396926671978,-0.4078383091597503,-0.13432550632476095,0.7338760010134264,0.04265858909924565
-1.2489203394900732,0.768309687028162,0.5392823324027411,-0.17880052146494782,1.2968411712320393
1.277925719019212,-0.9531975667177683,-1.451956124379991,-1.3783631682855828,0.13262157471231611
-1.0827008981800725,1.5053275611226884,0.8630773050074402,-1.086924575908763,0.5500842042312807
2.0026596825134866,0.1444612281532909,0.9118539992559554,-0.9863839075126438,0.384128635847358
0.3153742671579713,-0.10097521958205351,1.1357521323389366,-0.547781688417633,-0.6878379261312608
-0.25022568254114197,1.1674395463249339,-0.5737814315446005,1.8917899274608527,-1.4010801332618676
0.2862921698339337,0.3408572597314861,0.43402466588493865,0.5637097275232628,-1.033305875258621
-1.3220871877556724,-1.330059856383537,0.2673240531773652,1.7616929776022026,-0.30706949895991564
-0.8466888409395156,2.172554280373396,1.1491806594096654,2.3391694476032576,-2.2103226315589866
-1.6017159975594701,-0.09375549996510495,-0.10183291272040124,-0.7521445691363577,1.0854988179421434
0.8766778358090525,-0.25794748388719085,-2.2335246345004776,0.14813154442346865,0.10348142935344659
2.1634378445454225,-1.0599426585257608,-0.19145603268699687,-0.8262241956420358,-1.0511370537281017
-0.4382136202853924,0.03356765453707798,1.019133275807238,-1.6808356404041143,0.7161695478259773
0.20553636731183647,-0.7030793117896759,0.7088081686412006,-0.44654245701250184,1.2508612057797583
-1.1653465911606258,0.01219457816143932,-0.09150751010154277,1.4795306454636383,0.11204509408234753
0.964674060109179,0.5887683627827316,0.8257364900135027,2.2679808650165074,1.1344665766952386
0.2673411726577607,0.4239190409802133,-0.8233352220452625,1.597695990864891,-0.9818875288282283
1.5453177926619142,-0.09657069992085858,0.14368628591700092,0.655274724628979,-1.061572976921639
0.4514849710712953,0.31097332955273577,-3.0404867891307603,0.676271733631684,-0.7171396320415849
1.7260840981099272,-1.6727151440341101,-1.2515928934514198,-0.22946380481944034,0.7187927193890097
-0.7931652656861643,-0.2867842820943575,-0.5903888864995155,-0.888594751960801,-0.6125013485449975
1.069043187444542,1.8721603433037253,0.23814766114018657,1.0824861357805735,0.6477821330258657
-0.3739160142020849,0.15098750045509518,-0.8134335770778649,0.29149687820850984,0.052277838624075576
1.513942330821385,-0.5524327027741475,0.7333051044793945,0.007176893555868875,0.6755845126409441
-1.0963526379297726,-0.23420451379832272,-2.1426799259583085,0.7660098215156584,1.5095776908975587
0.5305039238777051,-0.655412770419613,1.9001983995552474,0.04359864847784469,0.29619417320167984
-1.5694248831000719,0.2460961744803688,-1.3027826182694975,-0.6427987101906424,-0.3790483890952599
-1.5257990205027028,0.2364220381946955,1.3363102568366687,-0.8204186794191078,-1.4756477360201332
0.27574936338031325,0.039220019780869156,-0.4064023545232516,-1.724741544580151,-1.6818516025616719
-0.5900118661471917,-0.9360378017076526,0.2506247665503438,-2.190953390987437,1.4287112740906533
0.34711779558132044,-1.6548393874891674,0.540812197390277,0.545814844976783,-0.6700849051141987
-0.6712974671463213,-0.006519306452561551,0.07495434414800696,-1.1531053667740152,0.7486425913649931
-0.11873253871193955,0.687659035849608,0.5794482801582354,-0.5818253561921501,0.09913442139788238
-0.6775394751677524,-0.1721370448742335,0.41729386116886963,1.08381975803596,-0.7086510131637347
-1.2753114731143027,-1.8698300623616366,-0.5376624827959956,0.6681513909668488,-0.20766433739908755
0.8935934911318992,1.0059191460875072,0.2746468611289281,-0.9181691891242028,0.851813360785076
-0.18114191466700968,-1.4910181273377254,-0.7267934909730399,0.9455456736132363,-0.019379848901764644
0.13936091094934,-0.6677407231576459,1.103888689641508,1.6711538830471442,-0.6530408178990278
0.9369423786953424,-1.2716691564140703,-0.35550635630366045,-0.2838347888529932,1.0059039200534594
2.8703195867362976,0.2801916520645759,-0.7270175116475576,0.16895609216978905,-0.3796303162997432
-0.5298083157674659,-1.114210567599079,0.3714912534677294,0.35418096868121574,0.70077327955719
-1.4864874960252135,-0.07739179527142385,0.845245995409638,1.2075144622357172,0.8758298748740266
-0.1727103604230151,-0.9575328987507298,0.6298264730218,-0.3686017392294416,-1.2065883332692469
-2.336879710749364,-0.31803839880167867,0.35117695677857486,-1.0675623833296384,-0.06176492136708758
-0.1571520422891258,2.078282879438509,0.863909696092002,-0.1337554337665439,1.3243853120815534
-1.8277097813157308,-0.37177265556844585,-0.7262066086802841,0.1802391333369231,-1.1468557035592442
2.085412252947147,0.7391459728400477,1.3354257991871097,0.3333575544263336,-0.7492034918345147
-1.7726240253403005,1.429078381051767,0.503975372503685,-0.2517980549377554,1.1287595735328537
0.7553178046922382,0.03476922640711364,-1.1770280111112383,0.4318330263930215,1.2649901547714473
-0.5967612385188663,0.360399656172951,1.0319742973452009,1.2698538612695032,0.28307198529590866
-0.7889245652893309,0.8163917791841597,0.7898055054702475,0.924926467593825,1.6222361187525578
-1.146742499230525,0.2671193370226255,0.012943262465898395,0.3720939531481398,0.33968592030581474
0.8092580124876537,-0.3391372374023964,-0.412088508068802,-1.0004856598741894,0.7375422521680441
-0.507851149471171,-0.3349211131031553,-1.4800724687901856,-1.5481494390726065,1.5395953382410998
1.1339503710710073,0.5612517513440527,-1.4678532465993666,-0.47292027036225,1.074328661031711
2.7380706333315388,-0.08501899847817092,-0.8974913354689982,1.0575367842462313,-1.0397045593659973
-1.258394714616134,0.151175715465169,0.8081711580679631,-0.19754746898159445,-0.7372379502005867
0.3175344793379899,-1.5059073528989009,0.974561095515886,-0.5669860997423319,1.2047969069046003
-1.2331596141175603,1.8720242484692076,-0.822286836223908,0.3523931404212027,-1.0354711727405814
0.9287409138267162,-1.5449854627064914,-0.16249794365703066,-1.0045984641664147,0.059021214810300864
-0.4672762230221828,-0.40013803706298334,1.9852725675947267,0.7729076663717757,0.8887877293896993
0.16832345583907582,-0.7591071930580249,-1.4249767006644167,-1.530094299375424,-0.05853694464075885
-0.015240340375385247,0.47292347193981665,0.23101493303437312,-0.1691905837728952,1.3658533644224355
-0.4736622404973494,0.8228203863536315,-0.5542709315086563,0.19799811037809897,0.5342725288928192
1.8866561651258458,0.27538979745362685,-0.19790723703934265,-0.04645054624380742,0.20669680560364145
-1.354612484884559,-0.28554240008343196,-0.7804488714015567,-0.3078956177000559,0.09188252743320775
1.5146345343046008,-1.0992386808104448,-3.1847800159342605,-1.3225252195977402,0.04030062473469749
-0.5249584515235731,-0.4983389691972614,0.7144223641587846,2.27875437428655,-1.4920956018455964
1.0788871937247866,-1.7651478621764667,0.5737660709307352,0.10006588166886211,0.5889495480116101
-0.474864996317997,-1.1357282982417265,-1.6770510199559683,0.6563890891706664,0.3596501680087773
-0.945368693888507,-0.685964928656168,0.16125336589927836,-0.13353158818978567,-0.6648662685837292
-0.015834054414339112,2.646095718339799,0.516794725946862,-0.4616729899481644,-0.23278328350881927
-0.8470312271342769,-1.1527392752290053,-0.8352575005126661,0.5761960545751182,-0.11222408479870663
-1.0905953582276764,0.3160077662230915,2.491922345898833,0.1585279451300041,1.720040252147039
0.6564651072398764,2.377722835201893,-0.3222168897853812,1.0683562715119337,-0.3188074098611134
0.25902638233434505,-0.44514846563486826,1.5030051979771963,0.013655924135439949,1.2075596810552733
0.09472473729333612,-0.756928145632799,-2.156200459277193,0.7656357449520896,-0.549107156315493
1.4803913400456574,0.2081994937716417,-0.437347162186844,-0.049850784821174984,0.8769450518612628
1.7604924330801937,-0.7905897763242665,-1.1687084893121749,0.0615974036061488,0.28265139015030355
0.9196289382637339,0.9033572836215406,0.24008044367145456,1.0873900847001658,2.6174641687437634
0.05610900343104821,0.5992968086427494,1.7741262858950513,-0.8170738500983561,-0.8272741441528363
0.05073106658292815,-1.0899840509876733,1.3606430873122448,2.3898498075950263,0.6311652079576283
-0.19312183759920865,-0.12280308435827135,0.04128148058430457,0.5103933253895638,0.9808366190483071
0.12755148133377942,-1.0738491984522858,-1.616774399070303,0.2475709616410948,-0.9565580674129527
0.20775446849097776,0.8362564689778251,-0.6123359310878405,-1.1509085817956504,0.20522479241723418
0.6976915126936755,-0.4481105805937212,0.9744435165293273,-0.03156317627500083,0.44069458034763803
1.7730786809232866,-0.5415538070659391,-0.8555512182487239,-0.3726000391958383,0.006237598480755363
-0.07145213878542282,-1.5308663322483356,-1.1773946463511813,-0.22717413747169327,0.4851482859061069
-1.0751974565205153,0.5528176039985915,-0.4695423483847177,0.5015337256368969,-0.18655575638084823
-0.10525112058525705,-1.273072210679406,-0.9214975450921996,-0.3605115384717429,0.882626224729599
-1.390918764403529,0.4523268854519704,-0.10709753472290304,-0.11067420492780207,0.5153524275876568
0.2435016818474095,-0.7591125556644522,-2.326409391889861,-1.1553454184511656,0.10302127743026178
0.18174950317526706,0.5581770852071871,-0.11396655022912781,-1.531543418623255,1.4485453184385526
1.2823516037296292,-1.4588236626345121,0.6624944472429644,0.6596867111676964,0.04598236499143442
0.7131678773722688,-0.3869053500603303,-1.3987469846809035,-2.8476974703238165,0.9545363933512019
-1.0729922870976822,0.5435952825121687,-0.19384906575798427,0.8890618503593244,0.1346814471414664
-0.5850591560832102,0.6569873074835716,0.49114884845494133,0.6312574544169097,1.1547434048414387
1.549152194714799,-0.6611164766673703,-1.90885628234297,-0.009764095468922434,0.6709780948633052
-0.6945126823979842,-0.24553621800114686,0.7093616219849044,0.5534909774752533,0.5572781957519766
-0.5346047029450882,-0.6027504773232611,0.14679721582273123,-1.7476322540649747,-2.1800439208400726
0.10499298525634147,-0.8326048939000298,-0.11630434974741416,-0.7859338685747274,-0.804912408258848
-0.08007739291806604,-0.7866364105131954,0.2823231750935514,-0.031583195919742554,-0.41822903425165625
1.2768968457501801,1.4013464559075701,2.320285171843669,-1.4726527531961884,1.947847255126153
-1.2974897015106184,0.2988112866670297,1.2915996611480731,-0.5504665711048353,0.9863864782441493
-1.2695954693886968,-0.4869507286235673,-0.8883323701524036,-1.0536911968433635,1.1473681418453279
0.0829470551105602,-2.0309541648110927,0.844708956699334,-1.0596168413081728,0.6648347926529986
0.06908629336652637,-0.04039366422634696,0.2913107936297513,0.6913729028294568,-1.7278534285226854
-1.2483377641162472,1.2000107755942435,0.7443762205569715,0.14341754225075637,0.4959975660079716
-0.45311216401612664,0.5804906080554648,1.3438382228976626,0.2890198656749631,1.9896595883253083
0.9021152788208004,-1.013437424497689,0.40053903130335367,-0.08232993148928461,1.4345129924484625
0.5766577926774199,0.8135376530025255,-0.21341701893725346,1.8777714713215392,-0.8662757177922081
0.8171266869413103,-0.2772572586515595,-1.5990854474704288,-0.6925010323751565,0.5722965303852844
0.8575649901365189,0.31882705275013473,-2.8652791746143715,0.7590499558805908,-0.4571763057144751
0.4225183378017927,-0.24824846639454334,-1.25554848883362,0.756206323887453,-1.5574141234727878
-0.9481225792246399,-2.0337617654166658,-1.059330928793386,-0.5757987672489355,0.1269467028238646
1.3510898398703544,-0.8655295539644425,-1.5261399187478437,-0.9981716552529937,1.7059289600312146
-2.549048910912227,0.6500016230561847,-0.39727399871691665,-0.7483630727450248,0.777089912442437
0.6074098579368252,-1.4645035384272695,0.8566728422440176,-1.32090714594941,-1.1960549147810038
-1.1593595266987238,0.5927881382622457,-0.7007052268975316,-0.28266906993772056,1.9497385130592741
-0.6956187372026688,-0.22088993824335074,1.1453984958495547,1.2014206164987102,-0.6766591860537116
0.4860901040006836,-0.3978049815140917,-1.5715759014186617,0.44348422387178793,-1.0071535220765209
-0.602568468405683,-0.3699903728692946,-0.46131823240774883,0.4103687152776503,0.8092419395280083
-1.5341297847552617,0.3754309410894964,-0.693728523762907,-0.25459630135203004,-0.8129298031949582
0.6835997548743601,1.0393986747927098,-0.4040408800464005,-1.124132041201439,0.12290271479891483
-0.2529136393941111,-0.15348844253684213,0.7973472603841848,-0.6148776307317856,1.2343272467520188
0.2383738390486779,0.6181191743274314,0.2165297693288801,0.6622244470430227,1.4334660756812305
-0.687930635103009,-0.31445013211929984,-0.03167865016319035,-0.05266058791308945,1.4662504800006038
1.9116463875734626,2.1033966063722107,1.0127651995519815,0.19135921079074697,0.8024373901499532
2.105536668905038,-0.8152901342366867,-0.296930455455677,2.1022540394759184,1.3930568979542015
0.9629076433782436,-0.9807899096532179,1.4199762562697662,0.7489078571035916,-0.0913231485471913
0.3159021270344977,0.5935307742244439,0.8570651834311608,2.13618861608238,-1.1729992785278325
0.3996266558326944,0.16426868254071755,-0.32111566375775563,1.4482875206420736,0.2956259581390011
1.25975267091255,0.10126023558582738,-0.6102266713612252,-0.592821196323484,-0.708860346494042
1.0577015686568774,-0.034007475276019807,0.6942420136783444,-0.2928444957059267,0.9983988357725712
1.4925696944373816,-0.2759067255809391,0.1618877349182023,-0.30133081465343603,2.0517664149199937
0.02254905380505225,-0.8728157265558543,0.4377830895634587,-0.729854203066294,0.17266795187176762
0.47482998973995627,-1.184789942409234,-1.2934327366212555,0.6650666696763156,0.625657170519067
-0.48479772903238993,0.16263186066589136,-0.6925401843900798,-0.2030076663695794,-0.6427166970942054
-0.20490531776405368,0.819306886919516,-1.459897298179058,-0.6687927723043403,0.7532788291678715
-0.5564161294474529,-1.2593924417116757,1.0974804884101044,0.49539341592933217,0.7828793610749772
0.003038533138348371,-1.5071098080352752,0.2884411483564988,0.39751083399468007,0.0339479586012372
-1.2276726497636703,-1.6936799951485022,0.16498998387822233,1.645534795459944,-0.8566371540506555
0.5005434060458983,-0.8183695822121027,-0.6244709214088566,0.9150105747320709,0.5414048675078823
0.283373147929359,-1.1932203609672514,0.8195173319734251,1.6098545689065615,1.6621341630528221
1.1380485452103322,-0.02345678691855496,-1.5632798164902288,0.42213378618808145,0.28494297697868676
-0.04525968797354783,0.43425464375611506,0.053878021169362536,0.07145672190190223,0.2602113835675002
1.483654355014048,-2.335130599388373,2.2421781916466776,0.8294673202879576,0.00042917269945790215
-1.2497510825127789,0.7328326167879979,-0.7746283478351996,0.12567919096584224,0.3516623974221137
1.6061268905123895,-1.9703180773450117,-0.0639496623843036,-1.992715286329895,-2.448108268286755
1.839325600733696,0.12942870536375542,0.9886037064016996,1.0647198377683742,0.2644585540366153
-0.06450367303677904,-0.3302133777093168,-1.1481914813287242,-1.9828535789221604,-0.04488612593826725
0.5058676133311791,-0.5927409345695719,0.8776131912841981,2.53008539488772,-0.3311609305066919
-0.8605816395726275,-1.258813324199135,-1.8783298085140119,-0.12258997032140476,-1.1438082565324592
2.472553672279041,0.470939658479291,-0.8446210102665713,-1.4297897512327005,-0.5501937423761128
1.2637644717441938,1.1813934088382603,-0.8411197979829542,-0.44671293749529734,0.6233085092566774
-0.045860524523264806,-0.055430576536433906,0.060062096016369394,-0.21110802481569474,0.3658293336187489
-0.8890988205798604,0.23993613236253575,-0.7071647495563796,-0.01153372110512504,-0.5964092590656506
0.3958877265179377,-1.9503115027962479,-0.04040214395409705,1.8054280888232015,-0.17506832619874543
-0.5277982688263665,1.4887504643627067,-1.7682240354611432,1.1055697851839204,0.28465725122885044
1.4671294025847805,-0.9583060539898888,-1.371469057769851,1.1977043718230374,0.30852252842969036
0.7247318919735027,-1.044367628474353,0.1910665616955829,1.157312860781948,0.5066089866643816
0.6191031919214799,-0.10988165825770768,0.11305896363252019,1.1391606975261763,0.521982312484191
-2.1109290706583694,-1.6176536568757318,-0.057548496144882305,-0.6663617760191093,2.45934767089328
-0.2028312568191453,-0.4180613033649019,1.0406883388055703,-0.7823170682920843,-2.101245267687588
-0.39242570076091515,0.1143972966469708,-0.4521717803993174,0.32585237877734846,-2.2134959578751805
1.0864484523162488,-0.2525123383244068,-0.02704498046731738,-0.38696507865620394,-0.8727986807931833
0.4345456091876666,1.1484802630822184,0.1643090752108917,-1.01911680416887,-2.1939205461517006
1.029707127311654,-0.5089191949621439,-0.8460971687859946,-0.5691748822529686,-0.3474609236788071
0.2649767717736008,0.5283264033043931,-0.3115161950183049,-0.3749299061033511,-0.34433833722761414
-0.01906429283367381,-0.18613830800866377,-0.7711487583275846,-1.0159240812723356,-1.499779999276591
-0.4221991353463424,0.9224304571964674,0.0235036395625979,-0.9666482866560826,-1.9160329144452617
1.2670675960586566,0.7709691131419908,0.8561508630387547,1.4722696324602673,-0.2145881817667792
-0.21514847258491362,0.035667293615403745,0.641685952790704,-0.8759024420195173,-1.1762069690791856
-0.39318810877747234,-0.3677945810652021,0.6238000481655291,1.241795316857609,0.0052196645279855595
1.2509370178831687,-0.3282708909979929,0.5911848490549702,1.0420219065187704,2.0562842188403336
0.785090373025443,-0.014081051333992033,-0.9135190338401027,0.9148700456118167,-0.12739065808534306
1.1960361897179974,1.1162295934982918,-0.41959079693514834,-0.07204937576777812,-1.2256948452173397
-0.47371385854804154,-0.5784611374160891,0.63759951018363,0.2558806304155064,-0.7531050140645577
-0.6230722449508523,-0.0017493197722385902,1.2557873849589554,-0.24783055575237523,0.6300603423385585
-0.16986161114610834,-2.535892269421179,0.9682505724160562,0.5536539520104282,-0.15154646039960804
-0.10520843127761746,0.20053128650031377,-0.26506535296362316,1.162214282469141,-1.3065498442520092
-0.8234195145728601,-1.0995827777881306,1.0454426532257344,-1.0934096550289139,-0.42276758825037114
-1.129392696718383,-0.9441506725617075,-0.6973058518209592,-0.6695130018582236,0.7147577534035457
1.9943482150807677,0.2146334272665853,0.05599291880476287,-0.5476949613378596,2.0412468194107296
-1.1641254051179843,-0.823814664872965,-0.6511654604965166,-2.7019675821566542,-0.13546082747356128
1.0341409740051626,-1.0500850633910035,-0.35764216238709534,1.377678147921623,-0.8259192475035295
-0.3057717785006229,0.29132998494158596,1.3623988618952092,1.0956863445796847,0.24337641123823306
0.15044611013010592,-0.8195559118303489,0.18515473180641717,-0.4731576933965756,0.6278746631518537
1.7226523188254383,-2.6377598959147894,0.6340431317785505,0.04892293963488591,-1.9441442973539622
2.627530475391331,-0.31626202201786,0.027178973223807558,0.07278233522054778,-0.4520280470007962
1.4517861858890249,-1.9493892838833637,0.18655264148921966,0.4295033079408253,0.35373193710834483
2.9441953666237075,-0.5549896414705261,-0.6231341147371088,-2.263001319585507,-0.8798213172239814
-1.5745978479872678,-0.8545600840515113,0.9665989151206016,-0.3195019875311915,1.8536427678479577
-2.326986582077722,0.08195828427450584,0.8401980097141836,-1.0903309615687689,-0.7779118239122932
0.061170102698428125,-0.8670846977958814,1.1404247160739116,-0.4108421230201407,1.4132744826376729
0.5816702789810776,1.4050033362839995,-0.7245624740771289,-0.4570325239268693,0.07519649210231398
0.27730513817519004,0.46439547559256644,0.4656996616981113,-0.14646151221363551,1.5275050998050959
0.5324673418592448,0.06537649801950386,-1.1547675258288754,0.3658608327743791,-0.38260764299330463
1.2773900913819878,0.028764613476839625,0.7173429003340396,0.3215838489222912,-0.3156118662518041
0.8188666318099208,-1.0577970491225257,-0.1921293296205128,-1.6022369876774512,0.5791010825249822
-0.07739692529721308,-0.25556481405863885,-0.9153157598841771,0.7122791066266846,-1.2846792324421779
1.262941916992459,2.044606286586412,-0.006349823267588292,2.2484682315190874,0.6851881302906631
-0.7556687673846644,-0.1551124996202481,0.10440352182212226,0.1320384183245285,0.8688019263105619
0.42711123156685216,-0.4644737039675413,-1.1244968113401537,1.514399653995491,-0.27061198416574633
1.2112668281707404,-0.9080554190406914,1.191847505723251,-0.6555144170830842,-1.3754515592213385
0.16292451101780817,-0.930218212600398,-0.2512962366122303,0.08828743330117982,-1.4860923705919704
-0.19026551389648536,1.5183399921247838,-0.3587420942896379,-0.5187084275931845,2.044186260969634
0.08270663452583994,-0.5376406820893392,-0.8029008383433871,-0.4313856235338594,-0.7443191287965835
-2.0998721321561007,1.4330797477780206,-0.6178220280826661,-0.29087249070533405,0.33179751647578604
-1.2369849503343022,-0.5525870895106222,1.6851144951651678,0.04490592098006951,-0.8914368713154545
-0.5232121846239477,0.42529307063595034,-1.078509273177087,-0.7941922637882404,2.2140510956739368
0.8461301800902384,-0.3977572608163306,-0.32952280154766944,-1.1939782528715257,-1.8137608861289765
0.0245394825237574,-0.28503453875647694,-0.3859499352882289,0.7770132233358077,0.4830133558118931
-0.13583236235898336,-1.347073134359325,-0.4924716002063893,1.9018332530941184,0.5631863861594019
-0.9272238705718664,0.18015953458212816,1.377870130275905,-0.7519351522405874,0.38632512332374674
1.0913629921043908,-0.6474980630903415,-0.5060145781224508,-1.0896042728079522,-0.41818835829411144
0.69991213956511,0.18483265091334228,-0.5259530578424634,0.9673903647629878,-0.5657893869310048
0.08047423448827183,1.8043397389174651,0.40474202837081763,1.0161727060357935,-0.9012598650640623
0.7411163295385994,1.2962419309647448,0.7661901778765627,0.3463046436609463,-0.3200816294233583
1.811390969934341,-0.306254888376443,1.2927138396272433,1.1475220382090294,-1.1112272293611307
-0.9130513047616333,-2.8017223631108807,0.7019163869906551,0.43020094317715984,-0.3503342547665732
-0.931893760980004,0.08896185834675377,-0.6959630090164751,-0.444270919657133,-1.0939443856015494
-0.08426628323367161,1.6851849224900515,-0.15276510904482968,-0.25603528410087983,0.8080717076670171
1.002873737152345,-0.17867378664068778,0.6758343861317859,-1.3637038509824662,-0.4285734711857205
-0.08561811086855253,0.1753290806175848,-0.5271792841371391,-0.7147217790802104,-0.5295383472095909
2.1947630652982544,-1.1792417467481842,-0.40570465427596386,-1.528083788257953,0.3157957878510799
-0.46932788620098287,0.6461504096023539,-0.49515938646839697,1.1171221250434429,-0.494041687518937
0.623483575029511,-0.487011601659824,-1.647148829362068,0.9249503548231164,-0.07703997541710798
-0.7873718381117205,0.3921845477511868,-0.4938258309478555,-1.5665205360245296,-0.7807449885967741
0.46306218240452807,-0.9512988418157119,-0.2075479317216218,-1.1451788033522117,-0.6854848220616896
0.8648124560274757,-0.055894525565753236,-0.1964272353220596,-0.8538200200541242,-0.4882871204479815
0.3064362647154366,0.8607091123812373,1.1736077522729476,-0.7527186996104597,-0.1619154864009293
0.8257754473470775,0.8188345430993296,-0.018195837229352686,-1.348689215581432,0.033536464680342326
1.8109296753030417,-0.3698575742141672,-1.245718015572735,-0.40797814604038624,-0.2288011524392242
1.084874921006374,-0.9054870677087898,0.6045638043165622,-1.446211579372921,-0.9596884295058398
1.1806632712271832,0.20634802045193779,-0.1701550845267425,1.1727318161179157,0.2722602327414529
-0.054222154839746364,0.9651347409422067,-1.367190065929477,-0.8915105610537524,0.2933398282087458
0.8260174457888458,-0.967392178817432,-0.771573245587689,-0.2216997970811195,0.47450894180495407
-0.49184658506842827,0.4946379270517043,1.69455991550851,-0.6839068633950809,0.9755065074367777
-0.17675802019558343,1.1090041322432607,1.5789355595855854,0.041154096030480536,-0.1425203525997958
-0.6098640255506936,-0.8587823214108853,-0.8278325600503806,-0.7578008181859374,-0.2841918460692359
-0.5563209226524348,0.6765015118963933,0.5333172321465705,0.6591362583109243,-0.03823576959180725
0.3357008487738359,-0.2290895446707384,-0.754992083147296,0.9988412889903483,-0.9943679661865509
0.2139807686864127,-0.8490174403319896,0.2759442123827782,1.8914920753101185,0.34025569390409827
-0.258345891065041,0.3283379928330888,-1.0025038324125581,0.576118347137396,1.5449166253495683
0.1940752550636748,1.4882981115548024,2.389778169792944,-0.45911715819928084,0.06809764339392751
-0.17170279855614198,1.162578952851808,-0.11550452249840358,-0.9939891869698021,0.406365171102463
-0.00812908776697614,1.2742702136008484,0.32625642633621615,0.8828522852829972,-3.023931485987091
1.0223109529527732,-0.9139015415087066,-1.063467079731002,0.5814288328278693,-1.997469278640726
0.07214733759437102,-0.9194833446128883,0.27044913266473875,-0.4871519171308116,-1.9195133298413283
-0.49150023735321474,-1.2035680546723704,0.2605546943771992,-0.14678208895746742,-0.4777322182176398
0.9971312438337206,0.06360505961018796,0.6465090810564768,-0.23391830784536882,-0.2841403466351744
0.31275662263557596,0.15043455442443718,-0.07526489509179689,0.7656292637085834,-0.17188809481231818
0.7942450095768168,-0.08394334420045343,-1.0843037464415353,-1.5774411836503242,0.015956597107229326
-0.13276124062028433,-1.5948689419519066,1.6043344627906897,-0.17992381337782903,-0.6499632716872277
-0.48370388106352846,0.3968987989744121,-0.7275015495541183,-0.1574188451543277,-0.23549603235437247
-1.1731079962494588,0.6315766782383417,1.876892550191054,-0.26162700557641,1.2216096889914758
0.45113844035070544,0.46379058209250307,-1.9844090411895692,-0.20846632983025046,2.856669680147224
-0.7167288963232785,0.15670991434373502,-1.0953126431528108,-0.40955584535835887,-0.8581115763343645
-0.5522445539358771,-1.2239650577772578,-0.5184923856965152,-0.14331097957498865,0.8800567755387699
0.4343344129288589,-0.45550836278899826,1.6985423949129408,0.09148103703885177,-0.3118255202522088
-0.9269328287186502,1.0893119365670012,0.5259469177693592,0.1730473279662825,0.9810584645866836
-0.2617257312078263,0.16425725467430363,-0.1330021297990731,0.3333216320193998,-1.6090725815468467
0.1515717911786059,-0.47543551887630303,0.6199354258914734,1.2760494694408877,-1.1079795495785973
-0.3254291848493045,2.2345558488415467,-0.9749084817908961,1.224398528392959,0.5519699936621434
-0.8611209284218039,1.3807805347400635,-1.3483204846398285,0.6785801461893741,1.0728094396508592
0.09000686360365338,-0.06842913963526447,-0.42163591412096185,-0.16677265134403663,1.3910270206214024
-0.8501073765820537,0.7235265228838241,0.7392431285225296,0.2240534711701538,-1.112954435184022
0.7499848116252045,1.373164479048846,1.563263407641414,-0.7258079022994753,-0.15359120319768854
-0.874045519193726,-0.17567744333545887,-1.2183800499268296,-0.3122970488539565,1.1690483050621618
1.1776062794341513,1.7720538384648328,-1.5973694864025725,-0.8890843032214727,-0.7437523838981693
1.5523622474348904,1.3439336050270276,0.8353210696353904,-0.21675401639719774,-0.5295711140673772
-0.22815295024221507,2.164982574497806,1.120757281151793,0.011148143096663612,0.402910577184057
0.7066888794996566,-0.05925858837829309,-1.705814046477623,0.994412648325584,-0.15656946033032995
-1.043372204993158,-0.33102668877141556,0.6251768023332813,0.7078118934755776,0.1238205196446933
0.2980400112904151,0.0857381336584246,0.3716939312659763,-0.7393842940351697,-0.9028174149959008
-0.4062847280552563,-0.36150460817222646,-0.4588542314134241,-0.3932519285051576,0.08542084732903316
0.6412873647586239,0.88040271257851,-0.6434448227586153,2.043838005310215,2.2558491963210705
-0.26785820950238226,0.4785922368706482,-0.7719299509850569,0.029841775453161388,-0.09248474681143706
-2.1515491636604755,-0.8937596095107773,0.3153671305935751,0.40468189068652327,0.5469262453716778
-2.0162286019432183,-0.045900288119819985,-0.2246465001402057,-0.44097120022211556,0.690784290729123
1.3140473401392596,0.8387511302922469,0.7153073609385029,1.902327608069517,-0.9895614595400732
-0.5660990968743865,0.7111213944222216,-0.32092573938757096,1.1896156867354155,-0.9763702631587597
1.0511119426711673,-1.199261895834023,1.0920379708014494,1.43474492684168,-0.45571804627728335
-0.8069499990555546,0.7662838720599828,0.07702818509777007,-0.032417642248436795,0.15378247952680038
-1.6404786296498692,0.7728490090653312,-0.7213855513516872,0.18884242171202642,1.180040161701395
-0.9969461165061212,0.38122246043286584,1.4271040786475413,-0.8576726597819405,-0.5768204392767967
0.5926857807189517,-1.1647602078966202,-1.244711930909494,-0.0361309206653828,-0.4688448387387769
1.2151381251161566,-0.05756125675873218,-0.05319883356835411,0.3808462318723606,0.289492680580835
-0.040519710341654754,-0.39850381879925834,0.7927265574279831,-0.04450103012003804,0.5266960256547635
-0.11250969761452596,-0.3330777541693725,-0.43233536025907615,-0.09521279955658904,-0.39164941645017626
0.8312520159959219,-0.452717374184467,-0.9519405701354031,0.3153013862450608,-0.6445383341120012
-0.4156685572522917,-0.7826309514758543,0.37616322852566964,-0.3600459832855264,0.041199572070425135
-0.6113640420589712,-1.0814605259319574,-0.785812864216901,0.5041883105535241,-0.571868410421529
-0.8265848480128579,-0.12398536669853413,-1.5583315842072116,0.8390318325881296,0.6216637671704374
-0.522176318865594,0.9608477055252213,-0.2917933836784209,0.44910567588614286,-1.7858705287951404
-0.5188512750364601,0.7112954038668813,2.674604346445525,-1.2518381471001432,0.684699771425641
-0.8418854888519205,-0.13415472037037846,-1.3745210281589482,-0.20008474503758053,-0.4397965015115331
-0.2564045247215753,0.4268045833387495,-2.330483770944164,1.7459232586874238,1.0732983236235842
-0.36476203311620375,0.13397057088449418,-0.20805773389072985,-0.13977986128230713,1.075893300639071
-0.4630674156664459,2.811465046145409,-0.37134537665078754,-0.7545527356033018,-0.20400871745120036
-0.1299241688751471,-0.32419665737778847,-1.3860458584019446,2.317126190647721,0.5562157617005317
-0.23750386345604882,-1.7417629846151832,0.6281357107089566,1.2009449507204986,0.05023004733330527
1.161019899594791,-0.3980807088473087,0.8697111172418454,-0.831413955372333,-0.5741065164970647
1.3431863081880986,0.5693058964676941,-1.4544175862355497,0.12355973685523955,-0.3830462746352516
1.1623702488595817,0.2314952329623044,-1.1541704127918735,1.2739276495246852,-0.6124048947083461
0.1453720832483573,0.07371317881484743,-0.9079054140142029,-1.9597515630851625,-0.5383642963547238
-0.376036622496389,0.4922992315682005,0.2539031314575273,0.5269500107185586,0.6521235524199983
1.0571564845825854,-0.7194860936946078,-2.2364441567741795,-0.9212715490132949,1.7320853723841096
-1.1613407308367802,-0.04055896829766002,-0.22113701192101212,2.228790793683406,-0.3528954038727598
0.03221102652624818,-1.4141051136762675,-1.228695732063427,-0.9715838236727347,-0.05099487526792676
0.7365471961818693,0.2258074060997301,0.18689203307684796,-0.34770176456628177,-0.48187607379240494
-0.17463942054824663,-0.7408436031167643,0.2561357863366674,1.4723588316925915,0.8391380229612562
-1.6665633649057678,0.04953910229050182,1.9676884358732698,1.0588025368810956,0.19972862230029634
-1.8679627315663423,-2.0425665261859356,-0.6841204526873226,0.6906059568554861,0.46157883706129643
-0.9174741640581094,1.075718838478219,-0.40265157243756955,0.5773992934639136,0.2592819081187068
0.9971510680076062,-0.20959572945094654,-1.200764048018274,0.4731881463422364,-0.34455532471990374
-0.126872582891275,-2.2590455898071413,-0.7934709055736323,-1.2251518134065178,-0.3957032540237974
-0.1896140472316058,-1.3104578621017133,0.7418458079667082,0.5597583568331417,-0.7309961332191182
-0.4037193667298594,-1.3608378239579781,-0.2783625437919193,0.37740189697550963,0.15301255809465533
1.4188291881763677,0.8467265853206227,0.15136495391854307,-1.8606257921473406,1.377114333118721
-0.23271356961162684,0.09957225741844179,0.47595652179642794,0.05304096545061208,1.1780890267863675
-0.7997523532404067,-0.12660941836173872,-0.2588230482547175,0.09915625756610313,0.9907261295193984
-0.47320826121002035,0.6190912009586165,-2.0716116686404407,0.6596567003746904,-0.9461949598919249
0.15001773792300302,-0.3254715038020394,0.09391334890065021,0.9466166000376385,0.33559351307677454
-0.14144963524638376,-0.21866224802920478,-0.3100117584239976,-0.13765073337946568,0.3858370684585269
0.031448793283548125,0.4777306047865898,-0.6816737583085506,1.2864806434823592,0.5004919732595512
-0.6591541437951469,-0.08080163789208579,-0.9368311316159522,-0.2599315653513874,0.4826541426928512
0.5788562416352204,0.5599611339544792,0.2640879012413364,-0.716954199524644,-0.5262059244542842
0.46577392737029044,1.8632847145524423,-0.3191216060817785,-0.3312795552884163,0.4115997134060692
0.17398731604151346,-1.5678644335572902,-0.8466080474312554,-0.9825142347671924,-0.6226487711050439
-0.7190683910597531,0.1717784073424503,-1.638538320526409,-1.3263177426868582,-0.08635881248631029
-0.4435699968646292,0.3542970787352839,0.11551319403692942,-0.9181643979192177,-0.520716085660606
0.2827899922255996,-0.5063912630480055,-1.1663565016520887,1.3168422044803805,1.1595536450116173
1.1223601004789892,-0.6217755433230965,-0.6910228642398167,-0.010844896054278762,-1.493912268586563
1.6256972306172917,-2.501039165071974,-0.8639369685002338,-0.3089697499994438,0.13746217781659273
0.8696919596867924,0.03237007134504269,0.22700283308410063,-2.187100955108051,1.9545193800810214
-0.5203244231561973,1.2529429263152496,-0.31885802153210235,-0.43406457522468733,1.6079461530261108
-0.43145024352281813,-0.3498459493067576,0.07204349261901047,-0.788089356875879,1.2375945323005655
-0.4901528503337322,1.569403547975404,0.5006734140159589,-0.6275490620038824,-1.6804101627150094
-1.55580832144126,-0.2611250010847841,-1.4649790842279033,0.40641357494155855,-0.047795362751714664
-0.11519694624098092,-0.054073332676094266,2.43374071744277,0.5925089046162664,-0.7124882696946783
0.6569425875936934,0.5716707483267013,1.450693040505951,-0.8873517381761562,-0.6832370079831892
-0.4967424792771909,0.43548389332656245,-1.3029884053516336,0.6186687037635454,-0.4180677176594628
1.0667007656341667,-1.6376518495456889,0.6198669037271023,2.412458693845815,-1.1633399306961245
-0.7760891622107894,-0.8102161085436316,0.3935507346736813,-0.6361902727458721,-0.32402567836106244
-1.0954862198095676,0.5186888445985572,-1.3090806527245797,0.9940381821333636,-1.3737418852643977
-0.6331296969684762,-0.4350255601348172,-1.524960763974761,-2.1105331795609663,-0.9996569227031769
-1.5669991943789139,-1.026772625466686,0.7849454176319668,0.804889330596136,0.34731058236974516
-1.5393785210328845,1.7948077638338187,1.5057293582417528,-0.5073741390503764,0.8288530235990759
2.307197928614095,1.240452426681844,0.6114489767982385,-1.0289021962126463,-0.7551174597106768
0.3796829167885974,0.9389793226494426,2.386948078449923,-0.31962552809908584,0.03904214936509051
0.28483060763696566,-0.0789527155858627,1.1284583784627833,1.0324647715080406,0.6424016219133402
0.6323829140523499,-2.8205112747600927,-1.4009471814341734,-0.8107912871876842,-0.6858674233048299
-1.1873270907278413,1.0302966115091425,-0.12938537736376926,-0.6236465069884932,-0.4092102366584952
1.9670375031060385,1.9770345325420284,-1.5089309331979124,0.23623489057057465,-0.8046171385230058
0.6137562716251581,0.21916318703209622,0.351426533085465,0.4192504899476962,-0.9081918460489277
0.21931816774256033,-0.31221581397281506,-0.1694114720070078,0.8143192333790268,0.015246229031188194
2.1264220810001064,-0.04478366122852132,-1.6458064864881214,-1.2010737438302863,-0.6987577764812071
0.6507745545703373,1.641108331352525,1.3356580516852141,-0.16639734236810594,0.4437274688970191
0.7102988635937965,-0.8663295447220869,-1.1582159769012013,0.318378996116426,-1.6746926517747973
-0.171578670292582,-0.1574043998908091,-1.1945701014068661,0.18365842080406317,1.1084937582054633
-0.32522249914298595,0.3659414259840641,-1.557945849924853,-0.3102406516744377,0.8301694395364994
-0.8349617056639953,0.5649885429697145,1.001960009668651,-2.0433800721536843,1.943332339542337
-0.22810995177362536,0.5011649955175534,-0.8722613931365485,-1.7886082008187714,-0.10730228677001385
1.5688139978808506,-1.0430233846133128,0.41841408217021075,0.1513427398094606,0.10488022934464325
-0.6262229462116159,-0.8865940981266864,-0.021459956837192738,-0.5362683315010042,-0.5061149051904063
-1.553164587059978,0.2765699667397173,-1.0090172413607048,-0.6529946638886306,0.19669161591234444
-0.6456912527802637,-1.8031467980568843,-1.4468805707684118,-1.0356043360745473,0.5244389906762001
