7.329661975107538,4.477472745682707
-8.055650291345724,14.889282537536928
-18.9708714793922,14.227720517787795
2.7957711683604054,-0.2935052749096201
-13.459978128013839,9.245232531934164
20.292897809687332,-3.807507738045305
-21.473604185301117,-12.347009316368188
-6.518690856976296,21.039606213317192
-1.407227957804193,0.6522653994706635
-34.74223395775186,12.86189116467275
-14.854883342887419,22.121774137139127
1.0990395480891317,1.0009150302494199
16.226077712680784,10.166945407125828
6.302069951903201,17.805391221414812
36.14019344353511,-8.741847927561619
-10.543207969490377,-0.5143493023009231
2.231787364975849,4.420299014117009
1.857197813993921,14.552430830168007
-9.347208364454062,-0.005220403165953513
-9.852495317099091,9.131456387438622
-6.62310404426449,14.37748625333904
-18.26588892712607,19.550817994065476
-9.788461096347824,8.883932395019956
13.959143215990531,13.456512224884907
-3.6886214208537496,5.06172928450964
-13.062747143955466,3.9890445202266003
2.4965287597087453,-12.08362814070439
-8.835030933142724,-2.297727464140291
23.22474952870651,-13.287197739405148
7.292374325156398,22.226127866127428
-23.87807988912279,-16.812645378910275
3.459356226137439,-28.15684050391856
8.218313038538808,-10.895009856772258
-13.901906339432477,-1.8579978505920867
10.578284199533424,12.768843306280587
10.563120653949275,1.2448222943938267
-15.60744597837987,2.4495487362093797
-10.674615856092508,-23.192896614038958
26.568424503239346,9.459569239937807
-16.634705237663002,11.798300332234337
-18.737098233889483,-16.030808300710348
2.0199331403413754,-7.643847538915015
-9.801454698977532,6.175749666286139
5.445265929759762,1.9000403993974662
-2.3628817879458492,-1.997352112947425
-8.80808912730847,2.2324870401770482
-16.043800855294606,11.89095365075082
-13.588611567302971,-14.062817341507792
3.8178068989500034,-11.192190488317248
1.576982622832133,8.724754745672469
29.473422724247513,-8.693706734457736
6.98934620659672,-27.294394130853615
5.260906390756789,8.065466761538358
5.6260784249663045,-9.910581314900895
17.971873024914586,6.1683488189371305
7.313475587969573,1.640264987687801
-3.9089181631659753,12.573693670149527
-9.305447299821333,1.2601470277078919
1.7652730590604973,-5.768010636004042
1.244179096822441,-9.62482997346307
-7.1105044666836505,-7.707986035720944
14.584794736288446,-12.954968199599207
10.266639961482554,10.150194854701079
-12.554499369938556,-0.569266078033674
14.577238380458157,-1.9948325005206247
-1.9777237595150066,-6.286431963393732
-12.259847596768934,9.968274648219545
6.317871090575565,-12.731967063133792
13.069155442082636,-15.100186133819633
-6.738753826711694,-3.039115017187453
-14.331572248210781,-6.911457360249177
19.031127100778008,10.99922754177862
11.53990737867154,5.786521269602693
7.4148761460934765,5.389397468559469
1.7763399199804564,-0.06609811642628216
14.569181345450325,0.619769390328291
17.609004717343407,32.215351093918876
3.7042869636615663,-18.011224746347978
-14.941969519804172,1.1099542056385685
-9.932575101351889,19.05626405242149
0.8218302305927849,7.67005679069454
-11.927783886927125,19.93187982648627
-13.421204332628202,-16.56147900766146
-7.016425573102756,-16.047724288103574
-0.2504779710155458,-7.4505784966125965
20.03895407134834,0.3894698476995768
3.7221064184208354,10.269569019840453
19.00607561169967,-1.840830645214262
-7.024851135039402,-3.0991550557736707
-13.934444721537009,10.481568509633695
-16.06055416733765,-4.0210406284167854
5.079040616655308,9.516870733009343
-0.5132038150817664,0.8465621552209168
7.015587523515858,-19.48112313699863
4.702228619756385,10.496547813891382
9.073555954174356,-8.572838345071634
-15.569489711684485,-5.501021052949461
-8.018793815930962,0.16218521604231562
-1.8288464883169504,-2.1283328759079336
-5.4588052055872875,-5.787713565408601
