-0.33454232343424434,-0.4415959502852701
0.8577194124178183,-0.7383231450781707
-1.8957678021686688,0.002856056869386936
-0.7076936067209147,0.015032607420804268
0.9906809350095034,0.07334752116534632
1.6200077980159153,-0.8605281058527483
0.11435149991678543,1.790040350570721
0.12857482934909184,0.4191436448288641
2.1852019730359316,-0.26229491870600274
-0.7129360590242616,-0.06068283521260939
-0.1925000354148181,-2.2311856326683546
0.7288145688295399,1.019691301966928
-1.9574226019455674,0.5267381187759216
1.0115155983344764,-1.1058400928655971
-0.6165842676365638,-1.3972241271958312
0.2884154135148102,0.31079928979377314
0.5580662634603006,-1.3961698567587075
0.2732111165913258,-0.6926683865058147
1.0323234620767536,0.09751774266742089
-1.7497254642020443,-1.3257763197745733
0.8065722068812259,-0.5829462040258767
0.1855769325510632,0.16243526212194717
-1.186684957109562,0.07354342470112592
-0.6011950721999993,0.5888300459975131
-1.8468210092931663,1.7004862286616198
-2.216395441994094,-2.4889614246472087
-0.3686031140993906,-0.7651877878992731
0.382653086010753,-2.1499750742688284
-1.0841963001738506,-1.1263570534020158
-1.057755060528393,2.676738983501529
-0.17215460052838608,0.09041627613547062
0.728788200784763,0.9689123325261626
1.3450772373168758,-0.41131147721767514
0.3435829018045518,-0.09450141194547027
-1.3976660980855542,-1.1563007128549971
1.5098178120453676,0.06656128957933571
0.8913916629559325,-1.2234619461000855
-0.5712858712866726,0.3880126706186623
0.9399430806062625,-1.4643387389085327
-0.5752875206182634,-0.25463557229047484
1.857222522665696,0.944889030343427
0.32796374131413775,-0.8464387992492005
0.22256170256183033,0.6424596008791186
1.9947137983969725,-1.8935933950670267
0.6351082952393312,0.812481828602155
0.8065315697300199,-1.3713839698312569
1.0601498829209088,-2.4772736763313845
1.2271954279713952,-0.6722914168478671
-0.5495361500531178,0.3032344907297971
0.5696862167628252,1.3801672395030742
0.3294051224855874,0.6938234224137172
0.44476015696426624,0.33341344618807733
-0.23125100252688763,-0.35798217545444777
-0.1322755516719283,-0.4094001327112451
0.48525035336685657,0.8160436343404204
-0.23834055726222333,0.24681807840119618
-0.9031127800834443,1.3365054933637648
-0.940371521402325,-0.05594932013859417
0.6274360991101797,0.2416461980637234
0.07178806297946194,-0.6064041600229341
0.3578727636322597,0.6920032740060805
-1.3781306043808526,-0.3936858390498401
-0.724562635363002,-1.5010089274436431
0.754841778197329,1.0619898209081944
-0.8740899020043926,1.3158085069229535
0.31421007890307867,0.705725867305599
1.2939195848934149,0.041177899401415245
0.2746541811123024,0.8619695572415513
-0.047553685320652676,1.4203290367488994
1.0663824460668179,-0.8099196090283194
1.0004554637589167,0.8420627755180305
0.09061746862543031,-1.8763120107731703
-1.685418663598512,2.156901695867913
-1.0221872605743816,0.39544915498975874
-1.5578896374457367,0.45429894679350863
0.4104703688061289,0.6834049367258321
-1.5524660846143332,-1.4615987381490658
0.050778718355976464,-0.5253231850808834
1.0558002815389684,-0.2810756597387761
1.1720738381254088,-0.11129816458841367
-0.5043757751496132,-0.8657236113893949
-0.5251071490882967,-1.7978749088315447
0.31184501171935286,0.38331923764482495
-0.490535107272727,1.0451187048907336
-1.1707830017809764,-1.2734151450318651
0.4570924879067516,0.13982772888937975
0.23378389999331034,-0.2519924439294986
0.263351478556141,-1.1363163411342905
-0.4549712788061858,-0.22344528580004838
0.9519904798388324,1.6891736805843882
1.4735739260071716,1.3658172082252045
0.6388792612823316,0.06567811370048465
-0.46174105827498624,-0.271485870505271
-0.17351822988475663,0.5004003336401963
0.6513165589082156,1.413283543578244
0.46279067443621025,-1.430563331443487
-1.1149970999172567,-0.9967499854827337
0.8420006763891061,0.7160608597957752
-0.7671403092693126,-0.08714669861078989
-0.7021306717718999,-0.4241686530328579
-1.2132551377754268,1.0231173412944143
-0.6778627091082042,-1.7424729827971979
-0.6609971750597742,0.21499869047324702
0.3647189871679793,-1.4028453905675162
-0.10098941903375128,1.938506574020236
-0.0351517809660822,1.061219239981827
-0.07326872854206817,-1.5327622476344342
-0.4880456141205634,-1.5672748994023067
0.151605689303191,-0.19855025785281966
-0.9451553514200721,0.30684786644529943
1.815012557474713,0.8602898983880053
-0.45755724811777243,-0.7712530494050528
0.8215609342623613,-0.6624812053849319
0.06842497202085338,-1.1549714847873986
0.9303276331853508,-0.8249255386289518
1.1380119166022638,1.5240452934154267
0.9072766365461971,0.06435812778991695
2.0366909871170233,-1.598999956748803
2.0598583146465352,-0.07359410565549632
0.7004704036762777,-1.4889469945569984
-1.616637269652211,1.0278738887901995
0.15106529168706487,-0.741805845907868
0.07626564273743265,0.8037255389989004
0.34162134805271976,2.0962587575776306
0.4685346950358592,0.5940680291227014
-1.8340445523976456,0.3204686089173409
-0.5537759897551352,0.4924244779023758
-1.4392728457941524,1.1748578673426537
1.4118244377587283,-0.5436667652349303
0.11092532008889483,0.1672617057275381
-0.6708554320671346,0.7004993228715404
0.7280531519212259,0.4458949147012813
-0.01903696035608127,-0.026096559593879708
-1.6898217455124334,-0.6965873363955639
-1.514764690818243,-0.9977802404777507
-0.6651506311895965,0.16650458542438915
1.0550861996000138,-0.7089747374879642
2.635261935732754,-0.01562769000314104
1.8585859891708814,0.8845155126537214
0.27093224003410205,-1.6861529603226024
0.4316970336141086,0.31570739043831914
-1.0095447192154914,0.14163718566479844
-0.11273822153229807,1.1897535992036223
0.8567931157122965,1.6633605451462605
-1.0881131912713569,-0.39805135233846867
0.0137164200476686,0.24344881886459876
0.13179075805021223,-0.28182962808284895
0.6675161604759065,0.8066520463776469
0.8018556268144594,-0.45199659542531784
1.8696081085124607,0.33660700261677523
0.2982519199109017,0.7863238088988416
-0.036516977095181556,0.10967827756083469
0.8451937636277916,1.1385124132048738
0.6323684226986088,-0.41118875033160096
-0.5188779869032853,-0.006234034594362783
1.2911550329169352,1.422634425194884
-0.04525311835556724,0.2116682821213137
1.5128899772761015,0.6258633755086295
-0.4972849479776985,1.6234554322416601
-1.0005002094886597,-0.7162699608822644
-0.07407089157252637,-1.5849626777990422
-0.4263617385727845,0.5868845429548144
-1.242661406013474,-0.17761056641354162
-1.0501670588323935,0.24454104182640374
1.0603969745414594,-0.14994357362873786
-0.18860670568050672,-1.6103811914614174
0.10505549249650357,0.41117647351249764
1.0604438193547447,0.5773757297211
2.0992157802163622,1.7319608388217616
-0.6258046514836043,0.03381375657184949
-1.1323598331879974,-0.29698319106404164
0.9295641178879722,0.3109735212746745
-0.9882163410780507,-0.16904787603932975
-0.2668453576584659,1.4687065483457933
-1.684871074673299,0.36809652273705984
0.2770576826129343,1.6857753878249495
0.04035869828340058,-0.6576701232222348
-0.21531464837753822,1.2857007096258923
-0.5662665375035201,0.2969470911944135
0.9091186190737162,-0.019442052090785346
0.47031677026343854,1.165214740868798
0.5060074297507422,-1.3663871581370726
-1.3845097213905935,-0.779613270380343
0.03324964651315517,-1.777243353653758
1.70650537948352,-1.1662260997636718
0.05905731186378026,-0.9696410093196319
0.1566242796820789,0.2888232091375478
1.9704884606344557,0.25512821358333765
0.9838322395579275,-0.7022572287418294
0.13955666429493804,0.37391691644396075
-0.6448206846705336,0.12441122440126065
-0.45980283060611116,-0.5868625668388335
-3.5981179878203737,-0.1962186882750511
-0.22643196833594073,-1.3717956107898968
-1.0346485241862404,-0.8139841396725954
-1.5589391021408567,0.7983921397071642
-0.869400856473365,-0.2793982640767858
0.17021271050348713,0.049176376026662506
1.6519375716010933,0.25269595402129075
-0.07527988632849465,-1.3582867611028988
