-0.3042494048164527,1.2320093144666016
-0.6226245679263268,0.5280629363044005
0.912157780684995,0.3872849494838285
0.3176809152746041,0.07416711407774618
2.8834854365957043,-1.3922629318208475
1.658688003244465,1.1271026315410977
-0.36425765782655073,1.417777874175233
-1.0944586088335437,-0.3807727051891537
1.1207851768334443,0.09993159153922078
0.6030360895116469,0.04829781469163905
-0.054794681594267855,-0.05208487246568463
-1.5195944447069547,0.4815720578669261
1.2043501855152885,0.8261308423355986
-1.170580959918626,0.27727135452833085
-0.7622064240790575,-0.740625442782412
1.762425126767791,0.37179340664738864
0.07465373843908568,-0.5707480726092721
-1.8231719075007071,-0.30028918483367945
-0.8069599603780698,0.9245859613717375
-0.10722459909301447,-1.1445164117592384
0.781661046069715,-0.5607978737338987
2.9664726729942528,1.6345582246119497
0.6830327593834038,0.12525009423142652
-0.8607476760332137,1.4748337682761887
0.7489345493322667,-2.0606090847217646
0.43944498945103977,-1.5737831664380286
-0.018561608978046457,-0.7551073907983175
0.010115351803727357,1.3375233602683951
0.8338967673389155,0.17709978991019076
-0.18480414928126326,-0.6166435560555242
0.6283599565806757,0.21277313145501398
1.6969851655374975,0.13859669106382622
0.39995301598915894,0.7471430487604083
-1.5582401803784411,-0.29378343352025743
0.524563893600469,-1.0682723227140822
0.6032396784109709,-0.7786611942041622
0.05380632149516672,0.9645340657664678
0.2324869441577928,-3.0019596298967763
1.216855088438232,-0.8253819362231912
-0.9029646080097835,1.8234653029154106
-0.40070678759515677,2.0726591633093
-1.4290020229919271,-1.765417971097431
-0.534057199533496,1.3530991776872618
0.20467105750327605,-0.4803308401168806
0.2873848861946187,-1.3834232634658676
1.5819457082826884,-0.009816941016345119
-1.9876238967127469,0.8643338751648362
0.7209279468889038,-0.20663239861554264
1.015350106132145,-1.3376846352648923
0.031478437997962495,0.9671058039081235
0.49123549503028757,0.5975385295209603
0.8416509083084818,0.3898025673881395
1.7241155842350773,0.2621188799923859
0.6757678396450212,-1.251807650742395
0.22865289017024965,-1.7248663076395334
-0.4966200503542418,-0.8494717298206611
0.09244895430134933,-0.18784471692279808
0.49910971804682586,0.8678079167832391
1.4279521678580855,-0.4071983436986314
-0.007979180695289457,0.19725612618716026
0.8146467890537324,0.3512875594989325
1.0575944437258151,0.44002238067782284
1.724594530678803,-1.6701421761885522
-0.09331083166994493,0.18436867850698987
-0.22415925727939054,-0.5701041770912134
-0.959093080259584,1.2149890058123232
0.18842076911151248,0.4262048707645721
-1.0551986717025357,0.555423720021717
0.056307469364927684,-0.8954341747244183
0.809960907784315,2.1564667796825683
0.10062848248090625,0.3045673184054288
-0.52830289435761,-1.119826086785506
-1.080285879055711,-2.5505958544976735
-1.234116872460418,0.8409986596627307
0.5565060082743247,0.3153609795859456
-0.09057132843878167,-0.22081029141989506
0.597173539949735,-0.5340553318960706
0.5996871882698445,0.3932757727670782
-1.4624530770611033,0.02007554765087036
-1.2306076803800285,1.6967347173037548
0.027450221144393456,-0.9036774930509677
0.3560095656189575,0.7764754173596766
1.338796735028414,0.02685757287926629
-0.8408900478550211,0.12970682354286173
1.4757983321030679,0.20290131868804046
0.019178925317851637,-0.6231077918526723
0.0892119495634779,-0.12052367057313149
0.662726455668515,0.133596071684125
1.603027665261251,-1.6831306417866203
-1.3119882537026804,0.896567490487527
-1.016096359505991,0.7117965130819123
-0.9960085900009498,1.5382079666546284
-0.058583167963237266,1.285176459004298
-0.6912859481874393,-1.9415524008405665
-1.1361029752189447,-1.1378747542749024
1.8592961082525041,0.07408910935351615
-1.5406337352401,-0.0026611372622653323
0.17995243505236547,-0.8911903608342634
1.324435132541155,1.193429076577509
-0.7788531919766072,-0.41152979866188977
1.5581376580650355,-1.3693928272343903
-0.5062665529084144,0.31195088798559273
-0.7972175755372323,0.5041248059064114
-0.8522696489812424,-0.11698447030965156
0.8461599497919908,0.7880952592393315
0.0998939780341288,-0.7911549368761723
1.7603882748348987,0.8754047242309863
-0.3550211060694664,-0.026358043587004623
0.19186104092970638,-1.9895497514392235
0.358557344135465,-1.4399206697008846
0.56081678007879,0.7719462190388158
0.8842146257263106,2.001872563558331
-1.2848914098494824,0.12345187687568722
0.13150707822322827,0.40247928018812146
-0.3840359016857855,-0.4833414172849335
-0.9794829252918982,-1.140342727264059
0.7470592086523536,-0.36855727595394094
0.704379406853781,-1.9101438414886203
-0.02032657530809635,-1.8124378019843979
-0.4736041429392256,0.809580906838137
-0.8397091042328707,-0.5673715850131902
1.3274341926023143,0.5079137322502754
-0.06303673329975705,-2.165743994093315
0.08620704163641216,1.0611603487686427
0.3714204336995555,0.27597898820800265
0.14323427070228734,-1.1694323331190901
-0.6238932780450905,-0.20737107975833252
-0.06028784715689918,-0.709609769846911
-1.4184972619498524,-0.7102296298343624
-1.582743494692462,-0.4538076824354324
0.5043888666164056,0.024263553316739954
-1.1442333229473753,-0.17444900208531156
-0.16136977675007688,0.011281758384157585
1.6775268443417999,0.5012717998190767
-0.9530810024935804,-0.45410093583257183
-0.5189250655214365,0.13738167363174872
-0.5606486367890169,-0.211881194981961
-0.048740621584563396,-0.3067076713215909
-0.348097267212906,0.7648384563209247
0.14022179634312995,-0.14370899972798026
-0.22941230881851504,-2.427667509017843
-0.9783795017417433,0.8344926124789106
-1.0822790340915238,1.6080177348402027
0.7326541197036502,-0.7613447747941332
0.12699647905936626,-1.4696414798780342
-0.49135086331981936,-1.301292728683987
0.3525429301556566,-0.27414112137878754
1.6432064137172433,-0.6480919501602622
0.1296957597307629,-0.9739004335416985
0.15563730682753288,0.325492541148683
0.6669264024415485,0.2410838451870372
1.131123369487355,-1.7116721902263485
-2.060700837801757,-0.45848886139493666
0.8475297288922276,1.224841667420929
0.6444584902870184,1.6186721148595036
1.7423024727771852,0.7746072499903369
-0.8419118987373511,-0.7772836109918863
-0.02349277824800642,0.27007940706351224
0.40642840934108315,-1.3765864023333152
0.7321164298970881,-1.6689601728682568
0.20563243571526754,0.14567694203095682
-0.13059432862761836,-1.9803563882976285
-0.8232960155947819,-0.1455398135921853
0.6422392039952914,0.007130322875430725
-2.0983788622676274,-0.6165596314916042
-0.08367459653122129,1.620395740133642
-0.17093791230931046,0.7356648805924509
1.3133968863287175,-0.9045083146472576
1.5192966009527682,-0.3945334775907042
0.8851684677123982,-0.21556586647368198
-0.805619542470695,1.906048875429226
0.7795688979768584,0.6529055898664853
1.9989246817948396,-1.413915771043131
-0.733437784701167,0.09932968006074207
0.6634203585197608,1.6808669060317822
1.2548495608933354,-0.011562971426531581
0.23181089283214046,1.3194118126375065
-0.5065329296146788,-1.7205780904051795
-0.20664753072250064,2.0686618085336144
1.611340972674643,-2.1033415922819074
0.7315020052193743,0.3805955768788142
-1.302777524976631,0.23669643726728126
-0.6758981497526791,-1.3191137530382873
1.5237486905202644,-0.3459941867980819
0.9024633552967121,-0.6943248207711021
-1.4926136921380677,-1.9986884274985088
-0.03664301151216307,-0.8542226542051755
-0.031039300955511242,0.7537416856057898
0.4430506342708829,-0.506803705694957
0.21718493562369245,-0.3590828939933832
0.8751261198902008,0.30751994467877003
-0.6930869657961101,-0.10778086989024584
-2.0079479672489984,-0.06690819341480576
0.005926124255575396,0.8889187315254478
-0.2513976664567042,-3.0240805337727177
1.4159044156975469,-1.3375042934497388
-0.394504015303172,-1.206230118495255
-0.5191573380242236,-0.8173379131655467
0.582207576934046,0.20237936018505512
0.5938157466893742,0.19107628001603716
