-6.775190831767601,29.61186185577335
-12.726001663273065,12.164479617101918
-4.9490928049795135,-11.37564566636367
-19.566364040145537,-18.385210188013215
-0.07207808373573954,34.087378545125674
16.620023605979032,6.354415318908833
-6.220961521128812,20.0023733710156
6.663327659920507,-15.967583338603454
-25.66657136212799,-1.0549368705184774
12.603876489535592,9.198882355315028
37.8561090019179,-10.044116302683499
15.514458884810734,-1.735968749598113
-15.702534377389668,20.600731381866872
-14.656910278659318,1.83951380320968
0.1279031509932258,5.471752122688457
18.038754984628415,-12.97729412156994
-11.753501041909896,33.118740617864184
14.606202493239737,-25.71492203921762
-9.226663042209013,-3.7240619456832995
14.225765248202938,6.798457550183336
12.271006765657672,-2.871494256944491
17.655606192440104,-23.561093760697595
-19.878998091849517,-8.110992590772726
5.683286257427954,-8.79783654433564
16.22212637618371,-10.968742703827534
-13.272634577655218,8.782148592186015
27.46523699440467,11.905616597852879
22.23115650996088,-24.190838625854173
16.810883533571882,17.057009173470846
4.854982371861573,-5.31789605564289
6.457029938350702,2.328676812868947
-13.444563905566318,1.7232200095668082
20.37903835360345,-15.6334289221817
-12.58666250759416,2.8932382074495147
-13.134849532266355,0.14691617314604954
-6.340049360023396,-16.593332453878453
-12.686826202510934,5.990801898141958
-11.00292957794791,-11.66294973210635
-1.6295861141692791,11.74895224447994
1.3846663880037813,-19.056550052284067
-25.297582692368508,-9.96549496489802
1.765398878175994,19.20983991415513
-9.462973639590574,-15.095391169946701
-16.125931502119602,-5.078021448281722
24.493834042213678,18.258368641211565
-21.068483087637755,-0.29130839924155616
-2.392243258650974,6.981636689739734
7.718236434190925,4.323244251558876
14.15663476187902,6.611791906162318
16.516964566298796,17.53173272649113
16.209653269334545,14.960978978170896
6.367134184796257,-14.50361547418781
4.825516841022331,4.383112465793875
-25.59441508135687,0.45529042936237607
9.7126708733374,13.26415851160764
-3.1056758956221246,9.876705379727959
14.552259026203256,12.418685971989966
-5.210460917807238,-38.283653828195476
-11.953127667689065,-24.932366509682318
-0.37632925482677315,-10.045701226518126
-9.955782168917253,-1.7649064781971084
-6.610645201478652,-19.472800162118332
-3.211255379384623,-7.5993775330941205
-0.056767726762252835,-23.542122445086
-1.3872945314180773,-11.262032295751606
22.508098690804264,13.95423154716843
9.785096441456291,-3.1995342130608275
25.004676403532493,8.873768177532991
19.773913127995122,-13.10982050690724
-11.329078773374764,-2.640822285381999
10.326373234021098,-10.111528679249364
4.019606249665674,23.723244219179648
16.04980898665843,22.955740663666354
2.7135148654716668,-11.241473069922641
13.00051013188265,-0.8417949553811814
16.186397618996622,30.928688731058806
7.069691245705709,-15.521614067715483
1.8424499200020437,-5.5779222966303035
-5.808774362672054,-10.5640570518926
12.985896103944361,10.630864449433945
-9.955608856742646,6.5197570446984585
21.473304746491994,-10.35922531086
30.755516077294338,-33.25650168068604
28.77952897865415,8.835089683771006
-29.5226328045006,6.75375807781275
-13.107422767415153,-10.067567512297718
-15.955640001164298,18.0662988177537
11.26919463755682,7.1492400261642315
-15.490399779254211,13.58198531624581
17.201281987721565,3.2965657250088736
-3.1127254493988428,0.44046914175546514
3.522753432227307,-6.342584374067007
21.221106897900206,14.715700256849022
18.772986374864217,-13.8609406586296
-17.855614995421515,16.923618655874478
1.8104006584808614,-25.85173991641951
4.451575860344418,-11.603918583392753
7.414373144652275,22.854631051662068
11.82580386764691,20.250468292723657
12.858860046165816,-9.079099866107013
