-11.550880002384917,-19.0552404282683
-5.804879413221301,-3.216246116122791
-9.746300368148747,7.720187711965298
2.4329695852234554,9.19587719071464
-1.750735899351966,12.654088229605406
-7.459708485619725,-1.3771061898193566
9.798440553146852,2.1471705783255897
-8.349371932550238,-1.5122231595020912
-6.042002300322107,-6.355868129424538
-18.999501696571354,-16.07044890184867
3.736297190707328,14.487026551841387
-0.2182719669880795,14.890137411618177
3.0764185823327406,10.964975596897776
-10.687952425505056,-5.864167367561261
5.886239079300413,-2.6810043850858767
-12.049772627598546,-4.072913051878842
8.827351770641922,-10.168294775162234
-3.505608422144218,2.1294456243680218
-8.611934689624302,22.162606186419293
-15.794813256711905,-5.612875679305292
12.278591184752367,-6.22901112132066
26.299979596042547,-8.543936871056971
4.445678833923808,-6.148873033262909
5.032351086343489,17.96720872755194
8.866865353163654,-2.5546051744323757
-16.03530850766063,12.610071603636698
-4.86686265362664,6.29687387132279
-7.363017338964867,4.656950721815443
11.825166406708346,-2.844427458505837
-7.39567804480418,14.902293629929869
2.4965590213846327,1.4722403866756064
-2.735909776248333,18.51303843305398
-5.285482822762257,2.210589878425476
-21.21667540793181,-11.441798938924087
6.91229071473772,2.5891759808643244
-6.218521710589119,0.8055715462794901
5.834516493918409,-1.9536288845842886
-2.480275441303598,-4.032465764643807
-8.302535351832967,-12.06464431875621
-8.241161238701073,-18.641844323728666
-4.409091632991313,-6.466819406144063
6.134063926799642,14.216628692564145
-5.996975947535152,15.839506257978776
7.9672627594954175,17.4705576529002
-8.592506273690962,-5.646589156910436
5.215376464392934,8.464604334207891
9.6482570239608,-5.1954470461709
9.54624591066297,4.993631173382637
-0.9364356728420269,9.839815205688904
-13.781072439230595,-14.064867303634934
-1.9534376846389288,-9.797440328208545
-15.387067363196607,-10.446170794475789
-8.57903372301094,25.16266558010939
15.455437059151897,6.676830708634196
17.535558373749634,0.08149431772993943
-8.608944262840115,1.4399173371093594
19.36102893441563,-16.210305829679946
-0.9890876043925481,26.751717180647205
-11.959832534165425,4.14174990970818
-15.392199007555192,7.296491932801558
1.5457219235015582,-18.80985790840488
3.0190492408392995,-20.572528808377847
8.253735192925461,-12.68243527685003
-11.985881659654128,-1.6397473023131548
7.610247227588861,2.1968294951570106
6.95457453368569,-15.198648532554905
2.735495056689775,-3.723391368604232
6.105390270469027,-5.739910326047933
0.9397870328185096,15.712268145042877
-4.436772651668424,14.334861562181576
-10.187973415122027,19.776411290193543
19.388181225615046,-4.1689220756530485
6.872305701238534,8.029665484122884
-0.8428459011194906,-3.577673282630893
-5.498696024091041,-17.62572907584462
9.375466519414388,6.352211552002832
10.118605906417972,-18.166146551352217
-7.069658444916434,-19.61038231586414
-13.709119259651072,16.1109823052596
6.654904915523179,-6.901976304825179
0.9455330822990469,6.071657109268876
3.004774111297107,8.007847434172147
-6.318997470637605,7.2322422570036355
-4.544300670114244,6.664565590058277
5.460005751881244,-12.899753264101747
12.515922767807451,11.294482678402531
-1.9992342470179496,3.3185361264061104
12.25143069699984,2.6560708398767168
-0.07995556804903448,2.617587784063085
8.373806796132623,10.659953305538235
-8.093798901077047,9.830667968358
2.94888865321119,11.085274407148077
9.472687923825822,2.476569585022893
0.4255697657065074,0.2050887398423824
-12.13952359341403,-6.1888763189368365
-6.266320959560194,4.61256795905513
1.1910596552733734,-6.838753321147608
-13.624152250892763,8.134195351220667
-13.445590551918151,1.7948519261896623
1.24529898557046,-15.517639290625453
