-0.6918212983428182,-0.08670049262154782,-0.2898902189832731,-0.8024529804775444,-1.008303702603864
1.7265275387716876,1.9951922622655118,-1.1974263233124411,0.5318993693906674,1.386544681219126
1.1869101961812067,-0.30497553750521544,1.074079964661022,-2.3000725305324825,1.5412288203869722
1.3524089050764587,-0.5298837109125611,0.7083794150387157,-0.5700131050941437,1.1255142899365955
-0.5241780510467681,-0.2679846667781407,-0.13087019730099986,0.003067129126078685,-0.23631478522746976
-0.7131578227237515,0.8014266381113025,-0.015162293413009873,2.6556556935861217,1.159879203274206
1.144423524330106,0.5116057252506333,0.4681903849501173,1.5945391606194712,1.2830357281485163
-0.06113453689091742,0.4589341667031225,-0.2218766716287242,-0.4052172961207638,-0.8271791886817155
-0.3025274975167107,1.172043984669902,-0.8953683856322792,0.4288541527725297,-0.5230912949116386
1.022351036848965,-0.05257949534867959,-0.5948377001483536,0.6707478393700063,2.214010769562769
-0.7089710173516391,-0.6639490240011998,0.8768816073704779,-1.0570540315609993,-1.1173415591864753
0.47000319040787236,-0.2329420385081064,-0.1821901544372426,-2.4213057526115973,-0.5439420614369833
-1.6092949377780206,-1.9839134073731812,1.9092218724913814,-1.2102607495268498,-1.2587941524837456
-1.8075440062267898,-0.4634210261105756,0.5931776484657147,-0.5818724555384337,1.0115455905691442
1.1425910263824093,-1.326340051318313,0.7556212449466344,0.15961478036641263,-0.916677898688202
-1.231723377924986,-0.4859185794954167,0.4430381626586717,-1.5764693107227274,-0.6009906807685139
-0.9459700305733276,1.0747860135654443,0.2755206341055023,-0.6020562705124741,0.9360853266265486
0.8601329060360637,-0.6838067473871293,1.7094355915897563,-0.2807368587458846,1.303791464965119
1.021272291162468,0.05378214449408187,0.19472330660067827,0.12784099011576355,0.37078070389976087
1.1818099080834472,-1.6671038308000783,0.5364324629698447,-2.044430060171563,-0.9356717842579402
-0.15227658791500595,0.7406989544971354,-1.1736741363632512,0.832818856721014,2.570242147261699
-2.102008482301574,0.5242051313272135,1.7621494803916242,0.3107437597364371,0.2688111769251745
0.775199132558049,-0.76987392585108,-0.4795216917880376,1.2955469852665251,1.4208399606031088
0.3360728242436164,-2.027221506081883,0.5466106640683106,-0.3870599163163956,-1.0988394021451833
-0.23074615232388423,-0.26870678777072926,-0.7351725010898981,-0.1674376147462294,-0.6118966742882052
1.102567564175514,-0.4723136412407952,0.7252574702776914,0.19763780128246078,-2.104445124763459
0.33361535268733056,0.4185480524298031,-1.1083394783541556,-0.21797305711719958,-1.2672731378338062
-2.4830418789580975,1.9472400294875065,-0.7510198091695524,-0.7182725525267056,1.8019803633781
0.37655216947228176,-0.7195872285456294,-0.9913562389039725,-1.0170111652943807,-0.10078637460668355
0.7450267452597152,1.4895911688111034,1.2581897357717589,-0.0762341532339331,0.06395476109360519
0.5466636725332408,-0.3182491709321184,0.09399843820801115,0.7223912369125655,0.2062846375728498
-0.35708383201746635,1.3553096049945352,-0.5769110247912627,1.278177685772934,0.41590174209650066
0.2128990436442132,-1.4345872540061047,0.14939317942944655,2.2093330276488374,-1.6940870500352905
0.4708025542877767,-1.0915300008293307,1.2250407374514012,-0.7688805499026776,-0.08460261514277956
1.6198628539371058,2.9207735584716206,0.3718874064040341,-1.1907799589032644,0.0024827812175311106
0.14620108902522297,0.54108559119472,0.9146654761120319,1.9415072108465898,0.8837490766568351
0.36663951476958206,2.04657875288087,0.679004526677641,0.2101628334909725,-0.20849988706694858
0.6203763469948801,0.09776153862984507,0.5477149963055531,-0.5097800691479567,-0.19813716912612225
3.186955489966158,-0.9219979229669102,1.1122488843808143,-0.26969102125715255,-0.20387677179297578
0.07295062309240875,1.4259042020288213,0.7286930094065249,0.8439725981755145,-0.7649856384594704
-0.21759589966065,0.9418964830667615,0.018157313451356363,1.53511763253404,0.764505121306744
-0.44388374633950584,0.10323376607179031,0.529375929111363,0.26168153978904996,-0.5160524436398013
-0.4816368907176492,1.063655029502136,-1.2982984020618948,0.7443695820867134,0.2194332150336372
-0.29256816851442274,-0.20919465458546563,0.25166471130799706,1.343569401797992,1.3537045030541268
-0.57707808807484,-1.363051835012835,0.5956052478305859,0.32060337691659757,-0.9389982445776116
-1.304438236975744,0.9510834814335238,1.550980819751687,-0.648076693877677,0.7732625359374998
-0.8387876794794163,1.896949316899914,-0.324131874427066,-0.47659825870685657,-0.9082889261114134
0.10043382969543742,0.4148030296950626,-0.8093959221054052,2.253985752144523,0.1744096801134649
1.4809208641802398,-0.7373017290249517,1.2283529103804482,-1.3263783122156234,1.204145914083987
3.193174868377979,-0.3273444677242009,-0.5381900829818184,1.823850017674916,-3.4348293610694403
-0.9015291196181457,0.6975158972083381,-2.1862591610088944,0.2645183731048568,-0.8429916551196462
0.023905868780961126,-0.3943186930354253,-0.1843432872416121,1.168899039094152,0.8332273590934689
1.1925902757787963,1.278202277238205,-0.569573279980613,0.23367559455055528,-0.24886875571065578
-0.6413306209827777,2.0075910342120302,1.2684000069489159,0.41184112596050265,-0.16056362336043267
1.1768633641634079,0.8939889184873697,-0.8500529774242293,0.12858553442592827,-2.6434621472731137
-1.381153402159712,0.3643313206762278,-0.3117268279200905,0.9250220813889249,2.986276547113599
-0.7059368440256996,0.5043723209990271,-1.016947120387361,-0.43688047139874453,0.5316519515652256
-0.11743595064628479,0.6462308820173135,0.2688221170409495,1.51791109096558,2.240522946973237
-0.9447291517820301,0.2431083331003717,-0.6857496459673063,1.4713898944774102,-0.8536632599145529
-0.056495740770378035,-0.524939945498827,0.09828598314865307,-0.5134826974846085,0.9357687558728605
0.5227625731024679,-0.8043874209365501,-1.0406160528801676,0.8739333757576616,-0.4179669281592626
-0.18475114880317248,-0.4821563144728849,-0.40861437624101704,-0.1251788368381157,-0.9949405363649402
-1.9600479500684005,0.6773829486590394,0.41342446859705784,-2.41415670551507,0.1486960132026494
-0.4211491809538169,0.3410755323085677,-0.8386455705778236,-0.42891087554942137,0.8163692343934369
0.9499220884902836,1.2059135579199665,-0.8044297310455261,1.2903547559656903,0.059558679518012886
0.6790607712002119,-2.109006946315326,0.524201784437567,1.4558471079793933,-0.1874179069906262
1.094182976148361,-0.5741613521577646,0.8770491260356251,-1.6057627515144868,-0.5949521766378761
-0.4424305888886583,-0.32128540139519296,1.3878691200912452,1.0525397497786584,1.3318802789394393
-0.5378911613550719,0.18322849353572118,1.0414226938183315,-0.3638488667377628,0.9250109447271684
-0.22561737331513443,0.1501747686485668,2.537187027089512,1.2036304680816243,1.3013278340917371
2.5018611047989663,0.7422704310128629,-0.7549487496403825,-0.8325132020868786,0.5989169629339695
-0.22348950044948324,0.20379603259601078,1.152844868030771,1.030983325791887,-0.6475318886302073
-0.73122359814804,-0.42639218179088223,-1.8165517767104111,-0.1447399956105675,1.20179528317029
-0.2592839519905116,-0.0247377401316403,0.7350778398367183,-0.17583550915374685,-0.35063487382432806
0.9096817997256674,0.4425319433300897,0.19026834319818514,0.3969100858667846,1.0179434643606633
0.9634867650905948,-0.5547908286234651,0.0690412883257983,1.3678100092642098,0.19517201341285798
-0.6401874565444218,-0.21965354117020547,-0.10402561423624346,-0.07688524671874118,1.6307348383233344
0.8717001785459171,-1.2258193421880543,0.6092961995182742,-1.8141373281130801,1.620457686032577
-0.6385729820497693,0.6265670385244497,1.0566115584030997,0.3106932718414627,-0.11716271933141688
0.11939815394710421,-0.8134890703510768,0.8951371050675632,0.40730044976830626,0.9357098588448817
-0.3071960255627464,-1.798555169372959,0.04076558356279235,0.9277638974708003,-0.4095798013736475
0.18952972220969452,1.0452757127525567,-0.45819637650557327,0.18939408795762136,-0.7298548462064596
0.808613769867266,-0.1580193733886503,-1.4274348147688278,-0.5175490691513417,-1.2235621395709333
-2.164989271204634,-0.028554467815080063,-1.6156134549609789,1.8755132376488448,-0.3655605690317493
-0.18713258385636208,-1.343723981105497,1.0120785355603499,-0.09412774683417549,-0.7784198378217471
0.45569000720808117,0.11185382952991514,0.28236516914222193,-0.5048423790127661,-0.6631415608926776
-1.060073738928038,-0.770818755818269,-1.0326420653226474,0.38204145469368217,0.4780094730868477
0.8998893135456452,0.5953091989440965,-0.7315801576693128,0.791230143390617,-1.5560377012317277
-1.619505079659673,-0.11054145240316655,1.8589365359549526,-0.32730635395868324,-0.3644618462492754
-1.3569725755205992,-1.1785693739219263,-0.22787963073252537,-1.2444134271737823,-0.2461889883420522
-0.6820146432325143,-0.1123219579157893,-0.7359441363221866,1.233507235939902,0.15139058004405723
0.5162122265973957,0.15085723787467945,0.8680602842826732,0.742295640649408,-0.15952537772979422
-1.0848100595845684,-0.28379821539283123,0.7702935098827794,2.4640866327793756,-0.1460517223136706
2.328858698132723,1.5550691209363106,0.18895742953059413,-0.24125243454303233,0.015149797026229515
-0.533722428681041,-0.6127746148161736,-1.0362364050228876,-0.4902342650914788,-1.981813795129835
-0.4110286387442393,-0.727973409598377,0.9537295741422436,0.47585672265781426,0.6148885719824866
-0.10620973042218791,1.7325041824063216,0.493207712158665,0.1193385280941899,-0.18765925448087187
0.1465351758868775,-0.7333802337266252,-0.3949362195281657,0.7362219272289282,-0.8979951367861866
-2.3690808694944616,-1.7437820391380263,0.26986263891285667,0.755833793715665,-0.8641729704690884
0.11592120015238856,-0.412063772657422,-0.5088288790529552,2.000363719870282,0.046707936161841164
0.5954530707069774,2.099711288462738,2.6507657748508313,-1.018864978191604,1.7146975368441801
-0.5773408024546988,1.4454854740345897,-0.3523905240890082,0.390210754289975,2.1328700251665387
0.33893788369005057,-0.03269860668485277,0.9127066811761658,-0.4531476509099573,0.9986384321038014
1.2889939542046998,0.8310593449205294,-1.3209868726611513,1.9184844121036626,0.0761900185237735
1.4188795120218722,-0.5949902972432305,-1.6272022765457694,0.2841217130720308,-0.9636627988983836
0.6205942064198117,0.0066469463995211826,-0.2493473160789206,0.8889516517394005,-1.0805591298706672
0.6759057547645835,-0.2864921725829583,-0.32830971987295016,0.696372975065332,-0.6830872757056624
0.034410387994042904,-0.6742159755359587,-1.9696070217986004,0.29190197759132086,-2.318631993162969
-1.0099070292607042,1.648095435974207,-1.1406866509444609,0.5938762727642926,0.8615228975941107
-0.37546945189851916,0.3009508905569254,-0.18999854213756867,-0.05596678293524418,0.13871403181459938
-0.1232466476720192,-1.4461064310603882,0.7229459152807668,1.0918701672574513,-0.38263483826473754
-1.1489331296355663,-0.005628994200642758,0.3500854124345363,0.8090809709622814,0.4805518853380357
-0.6001324010511054,0.27924737903501806,-0.42985753901733964,-0.42183751943436537,1.4001747682349437
-0.9501922025233502,0.3000138498451869,-2.429700169597408,0.457796336900191,-0.07928610259051781
-2.1871855105895515,-0.15226233595604882,-0.31583201213535184,0.10084045956916156,0.6780428903546939
0.5775205526777943,-0.500579356278587,0.20942195299315156,0.9753385502041078,0.7557776385474453
-0.33414973127549924,-0.5956172596347976,0.10648178668040602,0.3936438339291817,0.026129734865335756
1.2511642130453235,0.42200135562692315,-0.1582089706484716,0.4517662976317759,-0.11188254752825261
0.6110293652631353,0.19602353554615373,-0.19794946822496362,-0.4439919830199839,-0.16930262787977973
0.811049875966426,0.34667951556315035,0.3331326680367091,0.06351821694120398,-1.0885780240565601
1.0070864312983494,0.7169785827125011,-0.474006636134062,-0.227541169117335,0.23249094393334238
-1.5093644404296664,2.0508405594507013,-1.839187688884269,0.8104305692923374,0.0124575316278636
-0.7792209706506699,-1.6185372629770092,0.4639604879342423,-0.10725120132062617,0.5550682988481183
1.102072196075084,0.8738785179054347,1.1526425908665667,-0.05401520201020468,-0.8159348310227352
-0.2722791160886459,0.9460807894873522,-0.0981772854367498,-0.6254300287071698,-0.4492302434646359
1.524106286206574,0.29051127492178785,0.9062812958578612,-0.35179903931259593,-0.6799098278078195
0.6675312196501205,-1.73857134862172,-1.3963403981993858,0.2913648088497969,-0.8946934251792439
0.5457416706358132,0.2189792089536097,-0.14037196374737332,1.9809307888100658,1.3200083558803477
-1.2665600419354575,1.3273663113161225,-0.7850516946129275,-1.0300074223738276,-0.17552075639346112
-0.019165341538247622,-0.3895703830770672,-0.5032373708210145,1.0710590992448124,-0.41260320762442454
1.3922898749721546,2.363793300235759,-0.7878405200886489,-1.2195161801101828,-0.2928419784575921
1.5242242798361503,-0.982456653919941,0.0035402041777866464,-0.6752678495971641,0.1820452514771173
-0.356727826722694,1.9289155922596675,-0.8555620252725068,0.4965187353327378,1.6333798439245713
0.047851075600289915,0.050625827530380564,0.39427493642566414,0.7602773841066919,0.010204501188662035
-0.8866050464349834,0.6672839181205901,-0.900300769382464,-0.5068838028503821,-1.0222077472578954
-0.5410143639688693,0.9583416547264809,-1.7113776695064187,1.2629690538410618,-0.4714295866555717
0.7360816672308192,0.38997784434444,0.3235295957991279,-0.6600035511159178,1.0348754912000295
1.3729687194407383,-0.6122367341616531,-0.46136035512481044,-1.6968647845239277,0.965302756638792
-2.262434369880112,1.3349957240090846,-0.5098031568772119,-0.9096711356702852,-0.2871116479135606
-1.4583843032036683,-0.1712221821621353,-0.2365804553732817,0.7037194848878257,0.9297683332484041
0.2787009556367789,-0.2828013553473696,-0.3052045375038427,-1.017894453367295,-0.7362482906012827
0.9960100698057661,0.020611193251473817,-0.5133539575377053,1.2221835993668972,0.609768582510815
-0.2059009190319008,1.6326424083104474,1.490229082802067,0.18567811450403018,-0.19779118696552273
0.7613250803151124,0.9836653591858684,0.610700429183567,0.5527836120968975,0.24920269476155205
0.8661094949867265,0.3609941268417188,2.2717528275015324,1.6500911212185172,0.15497002436502175
1.2361990251883903,2.0968916854701516,-1.6103829058609438,-0.486034238265677,0.9352381173147741
-0.38290686793196854,0.3236803807531328,0.6426148533261717,-0.8294494092505943,-0.23195308674809492
-0.6433789719683509,0.6075252572154812,0.8845599915556421,-0.26632279592137986,0.02573685899720744
-0.5043695577124543,-0.49902784109936416,1.1925236702211262,0.8270713225328442,0.594281059434368
0.351346952647386,-1.4900756487787874,0.8461229047704777,0.4740331227829459,-0.8142905241419908
-0.6260131244638018,0.06182322228212843,0.5250188092265805,0.10133272448916396,2.0907044739842986
0.41314742193952186,-0.5568130020725284,0.929111074042218,1.4384927488590151,0.38549684829965203
-1.7250007462831218,0.3180247443679846,0.054836650287208896,-0.9831915047867491,-0.24094933518162798
0.36585427810202276,-1.6726519227057033,-1.2376198446177549,1.1252979061863406,0.660182924420288
-3.009757592528277,1.4832653111978726,-0.7140271020877934,0.49153777086227163,0.49431701296150865
1.5178596418145427,1.3765185877812178,0.7763900736658217,0.9290650895489507,-0.07665937737997622
-0.18187830505144287,0.20093056115759836,0.15004776548440343,-0.5648174582471348,0.3385845382087579
-0.782389030211328,-0.6159030124891328,-1.1036329728660499,-0.834997420457759,0.4684402195371703
-0.6648198749281766,-0.5925140931211912,1.564447669418324,0.37304177335332034,-1.0768239970521998
-0.10203978084792047,-1.9344383540729222,0.3563082851853004,0.029906892599864964,-0.48602578354520554
0.9507004639623753,-2.9476754756939556,0.42709630150789857,-2.2887370547374104,0.01745948384156231
-0.09953142491868283,-1.6933298543784414,0.6772023214123933,-0.5167187802068696,-0.5617450230956076
0.6504812798163668,1.2529306333909347,-0.9053245638682121,1.5408418799355341,0.5161085770461745
0.5392860421487302,1.5892804183335638,-0.04205327601198926,-0.4274085912419952,-0.3610427958682219
0.8029097708778911,-1.0821941462033737,-1.8056986149690273,-1.7448985793096237,1.5184991363699176
-0.21194770701663224,-0.9337111166538492,0.508645792918894,1.01211881374054,-0.10128004975657295
-0.2727800218932346,-1.155887512164593,1.0281327811282808,0.8092253698038379,-0.8967193340945618
-0.03382106213339229,-0.23848269330277377,0.896314167319436,-0.22412507063684858,0.07345747921775606
0.9882018043771883,1.4923751899282145,0.04617601344288613,0.08601500493398066,0.17824692483391646
-1.1348143096145342,0.6430464060090539,-1.7489456422338767,-1.6455435473148028,-0.1734803455234374
0.007777458982689912,0.7288704903960239,-1.3959162027195273,-0.016780490661589393,0.9097541787615454
-1.1395593821976961,-0.5446819134075688,1.383271531065663,-1.3898454075281492,1.0849402515603914
0.5576935063388756,0.733281714414164,-0.6140780452530243,0.5355902216772419,1.7571544209897743
1.7899690160693966,-0.48497652040190026,1.1467042597796764,-0.609210298506893,0.9321296223389631
-2.193181241441172,-1.4681938823850786,-0.22139753605300003,-0.9739977592456075,2.048853012856249
-0.9547385795462576,-0.8176221242375447,-0.4736558714560427,-2.512909775682661,-0.7710657829921874
-0.47699731569089754,0.6902399855640071,-1.7508600256725195,0.9666229322948098,-1.0857614919115093
0.12462342928244916,-0.13835887031459027,0.23141733360403474,-0.5187340370438744,-1.4409564918469524
0.47180726669751694,-1.0954758157320375,1.5376219864802039,0.7108785201285184,-0.29430996546260724
1.1944130037126808,0.4341399703600261,-1.4303554524360933,-0.6013767033059424,0.4409245430224976
0.9923862857666349,0.21507322162622752,1.723999444900253,-0.40241905629369,0.6774678730096135
-0.902522342841836,-0.8577097833056966,0.2619506993962664,0.045877853489790975,-0.14330503704269665
-0.07246195835267792,0.08985761730083568,0.08509511180567214,-0.6968480598920833,-0.049309956293950484
0.674195363881136,-0.81776095070974,-0.5459931922418356,-1.1249309039860111,0.3231836261020285
-2.2183873575040307,-0.1879031195282946,1.1502567774724957,0.7102562868741265,-0.3073652434744016
-0.8445878984903964,-1.0696259041637473,1.1279411358384692,-1.3937125410645745,0.1419430215384937
-1.1481285566548554,-1.7156792225771889,-0.3350955928945718,0.6339771892801843,0.4048545426790532
-0.7602408192513506,0.6161219378104242,-0.241967088479643,0.08567954921843106,-0.47487178067541347
-0.7586989936177064,-0.8182246923006475,-0.9046661613961108,0.45915568466582035,-0.46723740246683215
0.3560700563715003,0.3679199372778685,-0.9690380838189259,-0.4625063244326764,-0.6807231821501203
2.051279309929766,-1.6527422024090361,1.0302945020222836,0.5358775185575061,0.8008626529390055
-0.2073488785927426,-1.5410711393548546,-0.003496827615085693,0.7917484722305518,-0.24894792804890375
-0.13974169878835602,0.4328347369623121,1.6523446558371608,0.3277169879829423,1.3091149473164077
0.004879295678678367,0.5509165439597296,0.755747324285778,0.1229059914899602,-0.4700330407278983
0.09318977946232235,0.011532171882658718,-1.374765675612929,0.17438232476579094,0.7088435875552085
1.5193403253945803,-0.07098373690687153,-0.01991397080697298,0.05276238643207921,-1.1020913860571946
0.7756233137835122,-1.9776033827074349,0.26411629123908126,-0.2119650138681594,-2.081252366650762
0.41775935965965494,1.2500817781128983,0.32806744984293346,0.031152433534246456,-1.7792993458720938
-0.39661498328729106,-0.24150408210309662,0.23365798308882285,-0.47121572890066415,-0.594316721323119
0.09983495626808113,1.3328677534976026,0.08363627237226581,1.0128107277451899,-1.3309991444814926
0.12964429621435908,-0.13524056119126804,-1.733745733793426,-0.47630158296723246,-0.4208444441246976
0.3295006988877462,0.1996621479808029,0.09794546017943559,-0.2625198469551869,0.006245801694698329
0.9106274148358419,0.5235652680234026,0.9866256310948837,0.2541453405085638,1.7011622251733458
2.0618891670102126,-0.6548095273233757,-0.6441922270817966,1.1772971423943779,1.5480269841854197
-0.3697539549561016,-0.5445631182361929,0.2901111440856856,-0.25725538747013466,1.3000213983645035
-2.360833808904333,-0.6366634642026885,0.08323397515929347,-0.5750146489397419,-0.9160282638331909
-0.22487237697381163,-0.2235676268252328,-0.5325863549982282,1.02935957995278,-0.5460557174240759
-0.5965859533189748,-0.13277347354732896,1.7097214966107495,-0.3803032919794909,-2.1026743801319845
0.578191526731373,-0.884362547186931,-0.25393354379701893,-1.030145806436005,-1.9474199671655976
1.5116251204998592,0.11180055316747556,-0.5015481369521363,1.685072408558212,-0.41764119783574627
-0.4692843001485004,0.49423572362256996,0.3594039046066354,0.4135921348626947,-0.32584398062077186
0.03217658796045428,-0.6557417191144248,1.3546251644743617,0.3479154053491141,-1.7617443994252215
-1.8007216164840034,0.7750557604201895,1.135381829444783,0.9859605997616354,0.43685902557922857
1.0837332870886809,-0.04330203029942686,-0.3820772111602283,0.6205972564690959,-0.2552988557475338
1.5139443875833956,0.508819890963181,-0.01110505860695441,-0.4649997880073161,0.08118952531088869
0.4611597984411674,-1.0096287263107515,-0.34903106574834186,-1.1010327322358204,1.2148563686347085
-1.3679876372595625,1.3928509836777414,0.08273234345428465,-0.7512301812919849,1.4312384495502004
-0.024626284463951726,1.4248186365983597,-0.6542419093049779,1.710699019089794,0.7590374277686497
1.0388265013605085,0.3490808526136566,-0.6258025619459644,-0.05110884245280398,0.4679107106597351
-1.1659943092839764,0.6190785725293698,0.15889161058966925,-0.2333572609644929,1.8574305616458227
1.0169555868642037,-1.5328865929742672,-0.22656273867831495,1.5710691161840893,-0.29030621105763954
0.16965160853541042,0.5137730281844941,0.6171244814212303,-0.29912931051563973,0.5092962734927708
-0.28117929286491616,1.2058402067995526,-0.40592251531959533,-0.167417004937783,0.971165567736734
-0.4892666339322689,-0.4094179931027361,-0.705028446348215,-2.3278945379142466,-0.29775340246346854
-1.0362286911587797,-1.7509195595193205,-0.37456924137526026,-0.8820322353616368,-0.4044789770290157
-0.15292648636597078,0.6793410958824069,0.225905440086773,-0.007640355235497203,-0.20650036419251336
-0.6348237705560742,-0.15096189139225935,0.49041075531265876,-0.037984210975254236,0.40944874829382133
-0.31933298340241245,1.0531853181928965,-1.2750908470484164,1.3914269094318108,0.19706722925198275
1.0625143652236777,-0.7271901232675722,0.04262228989484265,0.4961213080804041,0.25722930412864087
-0.0812848169734768,-0.28682626863860483,-0.1400539846539405,1.3362602341055478,0.6008074424355592
1.1925166789412058,-1.324017121307838,1.6047106901306052,-0.39540302413732553,1.50614156701116
0.0547038185973675,-1.332466998653589,0.44482653595777744,-1.1937373787513343,-1.0182732858396473
0.5354101796668643,1.317044022777219,0.5851509586677157,0.1748112337929485,-0.8932381874179152
-0.22963443716342727,-0.6815490951249985,0.27847011254399473,1.258654766615439,-1.5249498543609925
-2.136716194430985,-0.14333118068182718,0.16800186368228814,-1.2409733338900457,0.6056797516301765
-0.050403182953220556,1.2074000369757842,-0.48600378788373055,-0.9504516891199217,0.5900644556808485
-0.9329392868064466,-0.6584527831574692,-2.417805546856607,0.2321431947864034,-1.286527751655364
-0.34849489834295344,0.23114497675199686,1.0403772839055119,-0.2107573668487397,-1.5066983774496348
0.5542700642032711,0.946260050205734,-0.2228194652614858,0.8819475381526715,1.2689805387896302
0.10898703314145732,-1.0723749965132408,-0.18399121068567412,1.140916313959266,2.100566917683491
-0.3539634908294601,1.4234530911215009,-1.9930874912426024,-0.17831020715095036,0.6213454947794519
0.2967539527480263,2.2013482747854125,-0.2873668721042699,-1.4770745212779,-0.8008890150258894
1.2524461747091045,1.5192991180694584,0.28900923623118374,-0.5865988061753016,-0.20327222481956214
-0.09094542729160826,-1.1278816401805396,0.6608207494296401,-2.235744889753075,-0.11872137066779112
0.02287631896292492,-1.4419785120703632,-0.32411599727348195,-1.1709613379173427,0.1376808489563448
-0.5647890647077995,0.37245811025353814,1.0509246291842647,0.0071813546015288806,-0.24954606649250022
1.822739030486513,-0.06862430485771506,0.781012463888093,1.0220411225449697,1.1690626719236
-0.6796249625362722,-0.46786668899732453,0.9087165242690047,-0.38971493509088173,-0.24274195204092158
-1.1638364720032048,1.7152405441011827,-1.8480148639167855,-0.7521302851382722,-0.10702135040133157
2.310975069512633,1.1160728389750112,-0.6092402826504558,-0.602962568835056,0.800969462993908
-0.4205586402369214,0.1715995678224696,0.24755220266465272,-1.4250762276440312,0.34725328665204136
0.3371464091442571,0.09370717800972726,-0.1806738862696289,0.9347995054703041,0.8568456889312139
0.8598927520557608,-0.21656474169842907,-1.4437580201297573,0.21783018616564692,1.167502576124546
-0.20639522855021,0.13473487995295186,-0.21878289470640092,-0.6247554723033422,-1.2796075463313594
-0.03913897662883658,-0.04158401726080944,-1.7608396287542352,-0.9393760026270159,-0.5355528968765862
0.6892048383454629,-0.420195151587022,0.7350298502872582,2.849869934850891,-1.2334148389502784
1.7915017956239012,0.5757169096883247,0.37086327604903,1.6173411041989814,-0.9304332955812562
0.41521249278061584,1.4504000970698459,1.0217917061273118,1.6745189823229651,1.0374115320919606
1.0166131356292722,-1.009381193074044,1.236937397695219,0.5330409597621566,-0.9311972180071477
0.5474368836612789,1.6212084086259642,-0.2211438171145018,1.6370780217999927,0.7052382655573339
-0.08896909235995432,-1.3673302954411424,0.5755822257594226,-0.4214157232756243,0.4291083247381271
-2.3505362116791306,-1.4098996146860021,-0.5941486487653858,0.08837896327467484,-0.46691669870496677
-0.9453132896288848,0.7325103799253122,-0.2679808553455284,-0.4954312378644541,-0.7296344489811449
-1.1643818436401623,1.6570890660360007,-0.4551008651567051,-0.5627537990558408,0.4848418436853068
-0.4213636436360129,-0.026480568425040634,-1.8701101806249598,0.9364327746455842,-1.293396396828668
1.2565915857657444,1.8158602234842152,0.0659598095919743,-2.424378042660087,-1.4130806664320235
-0.030336564388798386,-0.3146174825600795,1.3001626450695325,2.321513901932496,0.09038040958120976
-3.421676165492529,-0.7391121399233226,0.23916817306399596,0.10666058751290673,-1.467914037497387
1.8529577029772926,0.16296649449777825,-1.1805851544012298,-0.044536959766060376,0.7664449467882677
0.35027707952431286,-0.2037280526398605,1.1444102809990062,0.36573965108554435,-0.909633594335427
-0.3711823074205805,2.0447862785917645,-0.2508006632717179,-1.7444476403553824,-2.646685181785288
1.7744905001543276,-0.0388436281271916,1.1920785934883187,-0.0710105421995557,-0.30292528505473676
-0.5773360517768895,1.9588607047962332,-1.142377811853615,0.9941281377819052,0.37854478779600265
-1.0950999493547497,0.03934328822377045,0.7394345932310793,0.3943756297135639,0.6784215041522237
1.094150507396762,0.3204223874679091,-0.2725098296464366,2.283405795097329,0.7477203220393225
1.20059431658425,0.9592353577016561,0.7084621736300474,-0.030059635179259542,2.85130356192364
0.68054904924301,0.5740813602250058,-0.28789671095974834,-0.2539171197425751,0.1953759714006831
-0.3590097363797897,-0.3597150421313986,-0.518408699631716,-0.40465848043884134,-0.825794427248767
1.761243841859309,0.4155343705696442,1.5266636062951195,-0.7115740889915724,0.22475298457209608
0.07006320638902985,-0.20770436878907378,1.131500797505852,1.3325361410434409,-1.3406259029856942
-0.19500809426431892,-0.6690639901445303,-0.36038962613073033,1.4221787956920093,-0.9385256870532502
-1.0239902232472207,-0.3936561489044673,0.6246848383847989,0.5451660837090205,-0.5375245283731599
0.7622450685394541,-0.5701449499718204,-0.7666950168854504,1.5216154041725087,-1.1744665832100194
1.202791978492645,-0.04832496208813285,-1.2450219664494555,0.8217115894177698,-0.49056599558616065
0.48944198871125794,1.3154037176832312,0.6137431749871387,-0.14910899892253685,0.5280241740259694
0.569156580061029,-1.625324777002523,-1.6480481304486532,0.18708033203478974,-0.7931819282407953
-0.7285337586203777,-0.6495798393136458,-1.190188747789719,0.11337766108865617,0.66225204603653
0.8690484333775967,-1.2173033445456998,1.015163811893401,0.9420821526124442,1.1014625342002295
0.7212012797712345,-0.4810746256976868,1.7862247457032245,-1.4138553012612476,-0.8476043602377593
-0.8912869997260519,1.3975272534998888,-1.5843250869571195,-0.6476721098606499,-0.36312912557866667
-0.01830505833032666,1.8531054053647478,-0.4075754455773472,0.16174576062404897,-0.9388337451836163
-1.0681303098415198,-1.1795239297511422,0.8740887574622525,-1.1640393418423687,1.768962409142276
-1.291481371882265,1.5229485964805078,-0.37440376689027655,0.21497863412171841,1.743776520637462
-0.6934253988369401,-2.013970668831242,0.46764431011309876,0.009910768832732352,-0.02226297763626193
1.1923220688724974,-0.21775152439227102,-0.4864624510504341,-2.045070427736436,0.8839958105971242
-0.14673591911158373,-0.08817603662804119,-0.8070377599697093,-0.14923770758732263,0.4779996445114149
0.08256464457618867,-1.4606501797761173,-0.08721165976560545,0.4108309374775524,0.1864800002762637
-0.49933358083624324,-1.5415758969137148,-1.804428350009758,-2.0920414069685043,2.093098605450556
0.18323454462848007,-1.7488937446532886,-1.1793498051175915,-0.5025937893930954,-0.2772225986573843
-0.2256336352652941,-0.4102968850305929,-2.1964450984532276,0.06098629927858191,0.3146874128607091
-0.33953749028173846,-0.9250751971523308,1.4529361195363752,-1.7949267106708315,0.2865143834997333
0.3481761955126291,0.6120545271571259,0.4566667735885545,0.7287761288739665,-0.24208181398994932
-1.5180187789887205,-1.1751576421998207,1.0814936561972872,-0.17300139626785085,-0.04271408259946219
-0.09943354334592462,-0.12417737364586047,1.1051566270890645,0.5199254127096214,-0.15179725702768726
-0.9733638723332252,-0.4794594040116281,-1.654339259916978,2.062586881788295,-0.6824174435706406
0.026247345913728404,-0.3558308076431538,-0.5462727812034261,-1.50544815946063,1.4108080527534455
1.9974870503761322,-0.1561817388792127,1.0710330484008281,-0.6298912612675358,0.3136699704239681
-1.1334676641893298,2.4118768470658045,-0.1847751726531485,0.2896671313360844,0.6892518936684877
0.15456721351844516,0.401364361159064,-0.05254189108367296,-1.1086762450848873,-0.7981492238312602
1.0174800495745717,1.7430087260031482,-0.6722688377110234,0.0023015868693394693,-1.5948545328085626
1.5022706907236734,0.8554784405189806,0.8970935611453067,1.2941681678364643,-2.6754476401346596
0.9017675694550668,-0.8337355055698445,-0.07928404974329889,2.0471070535397837,0.9372295961368232
0.9418674448851694,1.5004698311870313,0.23391643843271798,1.158674109853973,-0.7382684194708742
-1.136072800973183,1.264332023859837,-0.9282828670074064,-0.3544523760803612,1.1807204803722025
0.30305526720045245,1.9041272921193277,-0.05232721427974208,0.9936192454918226,0.5564403236515688
0.17072022666635708,-0.8354188490551088,-0.5381525249460573,-0.4455050128957473,-1.6725474304346064
1.2660425550867453,-0.4478462152407572,0.6007947664122851,0.5547300753423042,-0.5434294259882132
-0.24926664454852945,-0.22053799636877341,1.799504686556193,-0.5592584738881852,0.10573446539223179
-0.3353497480675115,0.9287315885856212,-0.28783173882596075,0.34149088865611976,0.27027635942501343
-0.8752855851875744,0.257001618403389,-2.3066192228311757,-1.6597930729357748,-1.1610766818213956
-0.06095915410150752,-1.2362043135734289,-1.048143728168174,0.80592784643461,-0.12398285090861605
-0.11053553732224682,-1.7378491882688014,1.3668577049087278,0.15441301856049722,-0.641981462710093
0.04792684299152921,-0.13306329255905305,0.331614224771339,0.2587171825134419,-1.3617122574879692
0.7531427710701798,0.26577104765715076,-0.24609205165876918,0.25453740256646057,0.48440578035264836
1.547036098511029,1.357869411882899,-0.9210210585514571,-0.9453561920351004,0.29866011949185883
1.6809244876917764,-0.1443274640184098,-0.6524166545306654,-2.267022344907821,-0.7228161045810668
0.20805183074736025,-0.912014097384843,1.5550911727613457,-0.6795347539838744,-1.4007044287447747
1.8328572532057286,0.38585214689794606,0.03988547472841693,1.1077258633944753,-1.1045049800079085
-1.321095656608775,-0.4891904633503764,-1.9008014092460601,0.3275762474654445,-0.6442213931075769
0.21009158303619427,-1.2542772696075484,-0.0721768482990904,0.9784737503696274,-0.42041348308869064
-0.4707974353557858,0.7995657354817564,-1.3328785584614828,-1.1921454885936231,2.0255727484759607
0.3646421011686877,-0.871613805612918,0.913364873148683,1.4830453294166084,0.3986962887651353
-0.37937518527426495,-0.4801940809947809,2.7954178552727686,1.2990852132900632,-0.4240352845982757
2.0337634663296416,-0.6282987618356557,1.5612481996864733,-0.8326756953496628,-0.5992472464942078
0.6825414948229075,-0.14542927646896206,1.1596424965639085,0.7339229783226686,1.5843487026996497
-0.7062944078129069,0.05375419857359862,1.1285896977271679,1.3400793036852345,-0.25304471371307913
2.108671448939132,-0.8023695304308034,0.2259493373322938,0.04130743675655985,1.0083925493082622
-1.3416011399226668,-0.33292739216932715,0.25778609873090785,-1.388557378189217,-2.3590400985284132
1.978822171878025,-1.533817571992346,0.4398991470076241,-0.28776535884996246,0.30865321262299156
-0.9150349007516081,-1.395893578455015,0.5556848574273021,-0.8950712533299487,-0.13095397160256897
0.035466809342868506,-0.49164230871387504,-1.7063489683236783,0.12208948190337907,-1.5747032810651613
1.8772108969470505,1.2161281522589387,0.9636044533444448,1.3019712599696371,1.5598444784365078
-0.7078301575871496,2.538712520473306,0.5930795583629316,0.15045310869364215,-2.558436153135781
-0.6058636551692448,0.26021817812560327,-0.5663206035155296,0.008953933310349283,-0.7325356696572625
0.6410716154304908,-0.2180518846508079,-0.21266444292451872,0.4446516524805956,0.4805131764152572
-0.39084308500335196,0.6614233412734514,-1.2192373911946366,-1.579081079273556,-0.08728322188625198
1.0316546897101302,0.7464402228060237,1.0892052593311763,-1.7673116946679477,-2.143467725342573
0.03940680077443631,-1.5717042416833595,-0.25409648749846686,-0.16224246363400469,1.9100015071079677
-0.4157766693786307,-0.5349942702345172,0.5488570702440246,0.5829826803194581,-0.21013539817887122
1.850272406954984,2.2007466067425945,-0.1003944090247947,-0.7252551808459715,0.828072683620152
2.0458441391615834,-0.7238348150769336,-0.1461314970572868,0.7676891044895064,0.6503943653527577
1.7210009815173475,0.5726875952049618,1.1012458002968337,-0.6619881286127909,-0.0950867571972904
-0.9366423286324287,0.23202518109801135,-0.43498119844607,-1.4816670078977134,0.6168054427611231
1.1296486278741367,-0.48858378848397904,-0.6760206428022041,1.1720280966532284,-0.06839212345776213
1.1049125661822479,-1.6332541557377889,0.5508468098802866,0.14002093481093733,-0.27285836003461544
0.7165891623550181,-1.2717320811598645,0.238731219192664,-0.298521053746218,1.344871214811062
1.3105150348893548,0.8067574221414415,1.5644317234107497,0.1329569354850493,0.27522790440215916
1.7901564280131697,0.5242267123895626,-0.1733903692265639,0.6856294806753603,1.505817888246123
-1.0466824972315338,0.2823429297624464,-0.8980880138312111,0.7524193741573564,1.1088219823427956
0.6640778423212782,0.3433730690317116,0.5633654426935129,0.25670658774269994,0.7665212198620395
2.0009702316887252,-1.187739607662117,-0.20485224212012682,-0.8737258836095564,0.696832680375211
0.20538718298202904,0.02237853684671825,-0.009861799338391703,0.07811806933756205,0.7208305774250359
-0.630956918399843,-0.30726838987929694,-0.6737283559063904,1.9449977718344127,0.779867933307845
-1.2947866710275935,0.7797544969177181,1.1017486098352216,0.9179030942803351,-1.2461089990483687
0.31880333962144286,-0.1785669876126267,0.4880099261505351,0.5359090125312836,-2.913820669854531
1.513317644375515,-2.311005460198515,-1.4395783108666933,-1.4369162967612297,2.065417353000791
-0.9083300902870504,0.23583701359358894,1.0329416566904575,-0.40572418886714157,-1.8497578962331973
-2.8176023181441203,-0.6043220943584204,-0.5464958565589326,0.1625037660832402,-0.41774872323914203
0.16055212122207949,0.054641726370921274,1.5121363508652825,0.14417705449180132,-0.15231073983897836
-0.5084818867830396,1.1744495641630819,-0.6444496851043922,2.080832434763204,-0.9782861991988796
0.6190933586948109,-1.6506044763533285,0.932159662154847,-0.8299890160043988,1.207344318495877
0.5672745794625248,0.6087331840389757,-1.1930734115829178,1.122971870376763,0.7713286617117817
0.25484049103006684,-1.4067865147289782,-2.307601328508395,-0.4124144189299884,0.6335899271601713
0.24142290509499031,0.409455290450567,1.024603310736476,1.6642569405438477,0.045919929781753875
-0.6802419767959872,-0.15115845074626058,0.4943705929897193,-0.3042104899378196,-0.2372083163546781
0.32920507210761274,0.9816756317850034,-1.8325891981079683,-0.0971723131296599,0.21090835194360638
1.9697693413814035,-0.17865657100787793,1.0283994435414399,1.0699730142783765,-0.9841263609778959
-0.3980821321892024,-0.3363907230152359,0.02399548279239511,-1.5713510149210181,1.4193110297679388
0.9192063705706401,0.15037011527684394,0.787820303021776,-0.1957371522902858,-1.1706206730574027
0.1024772454749023,-1.8120786789544023,-0.3675365394747399,-2.0396141962702767,0.7025165543367257
1.037518096118868,-1.699024739063429,-0.6263483204069917,-1.4815144918229441,-0.050713610131074616
0.4785797076847987,-0.721908950753091,0.17305293872258617,0.3412532167932745,0.1993512932128578
-0.19874834917959028,1.6041773180368006,-1.2859045190480642,0.21060256774499256,0.4797680992507007
0.279288798077809,0.23316998850416162,-1.0033618161957167,0.5653854066730517,0.572747266508808
-0.5262206730206274,-2.750511105211075,-0.29510126965045336,-0.902304225606424,0.10761924818349777
-1.32968037947717,-0.9150504145154139,0.16668729257635373,0.8929928357709244,0.7589041634706181
-0.2924824361874089,0.9896922235647356,-0.7795398264008241,0.8945709582810145,0.2926700039489697
-0.4211590681048535,-0.5997263917025683,-0.5310153843365941,-1.0944639717106817,0.922502374794054
0.8862936837690057,3.0871145008478353,-0.18265747456154355,0.951209069657377,-1.1892002031013953
-0.6388678838669765,-1.5577038366382672,1.0424193512299662,-0.699015012961548,0.4390942924109278
-0.35781175974514656,1.2230167665603195,0.7992258020544398,0.5402935199863105,-1.245646695300598
1.8005008186645561,0.056457798119084635,0.6389340636946548,1.0847065024615745,-0.8078797880849216
-0.8043557969638887,-0.577140894630536,-0.5983902320605348,-1.5819310816759975,1.4073487117461574
-0.04824044242203198,0.6376373880595069,0.2648867347401366,-1.735550129132224,0.021407045101776056
-1.9337968245579005,-0.7608732198573341,-1.0833533436670826,-0.569610067060416,-1.3477034305466074
-0.7579838038048837,-1.7256776843629835,-1.6354485521552855,0.7246968815719637,0.30660148754589966
1.1520716004544063,0.26945465695641746,-0.1584896248300257,-0.3232830048990529,1.906950439271362
-1.2414395199072135,-1.275139686216741,-0.6847493483919034,-1.2891511020451947,-0.17093879038965945
-0.2341653416765566,-0.42375192534861184,0.35708285512373766,0.9932966777309575,-0.4082063046244477
-0.3381590181619564,0.6640927140107693,0.3402188766623296,0.05671583856148921,0.9722811637214946
-0.6424096831174303,-0.46582654287783737,-1.3677639143831661,0.0035712829702500277,0.1057339707636013
-1.1117859505449235,-0.6629711514085327,-0.20413110903552678,0.36789747517738286,-0.3566791353124261
0.9733286085515119,0.5856499872048108,1.620557276492625,-0.048047071761485594,1.2711277003740113
0.9550600245235277,0.48605099711238786,0.10710616186157869,-0.041108490611356185,-0.37266263844617714
-0.1675015996063123,0.6600007377486392,1.1105634814626288,0.3172977139381753,-1.510750109909513
0.7242067510339039,-0.6685474334912712,0.9675134132630792,2.1375754074354285,0.4440732787890376
-1.1387057237703886,-2.1424937323451587,0.9231283547344908,2.444679905405612,-0.26992698359544276
-2.3807246510353424,-0.6129462731272952,-0.847720838586571,0.35219072463946877,-0.014436536953176713
-0.9658891251985766,0.4169282263657189,-0.07674081846462526,-1.139111576174876,-0.9753883581851949
1.219034575237255,0.1385486315384572,1.5177252043222678,-1.6314153535826152,-0.13120029199014976
0.6306961883567169,-1.1965934386805186,-0.3271291032357693,0.0754101868709933,-2.4107740448760673
-0.764775932880559,-0.6878559019534204,0.01706340125628511,-1.8883267008228068,0.00025956941560790066
-1.010354723702842,-0.1405538760827652,1.1466041056464864,0.8306375127218585,-1.807199599601907
-1.1237753283736165,-0.3105555110549463,1.1347718489629937,0.6293522461412298,-1.9238631482429203
-2.3149449308186583,0.8241766025793242,-0.5961956460981915,-1.3149015626584732,1.3046420981709355
0.7487304039601127,-2.327309642202135,1.422779980619267,-1.2963462865553097,0.45769607945809865
0.8309592066957712,-1.7549869119438524,0.5046451885969485,1.401378687040067,-0.8301631347618813
0.27986187040429444,0.00020179336605325352,0.2161905574648963,-1.557321773083727,0.8994021051764647
0.7193256107682565,-0.13261118072950506,-0.22848433635165033,0.882273647380925,0.2708056326644683
0.8166127592613923,0.41088626340157863,0.35592410378040285,0.5636271333993441,0.44571138542821254
0.40560281100281226,1.4863491004273521,-1.1628421209712771,-0.2533189910587637,-1.3391294379214131
2.6919580478028315,-1.3163891067399398,0.2057629781117755,-0.9713269394823881,-0.15103765561926177
0.31046317629141773,0.49460822095875967,1.0959552569143358,0.17469626019736834,-0.900170613325979
-0.24958259984090667,-0.8562281156487731,1.7297561099298848,-1.5714021434510166,1.2341874237032984
0.3247394891737388,-0.20526998636179947,0.7502367496094654,0.33671600191735124,0.5570821760382805
0.05302855020930283,0.9487269613583992,-1.1236962888156354,-0.02552846097176544,-1.0564150890905024
2.2051819385631233,-0.8186667862427252,0.36073070475741204,-0.8363864255130923,0.19470213974109757
0.6912046965241556,-2.205380346316289,-0.28473788952747187,0.3916960344992062,0.8516111090785379
-1.2585207580230708,1.6117319291153513,0.43103260822767336,0.19610851291939574,-2.3263622980802356
-0.025022386063847084,-0.4317115120441544,1.1875825938219864,1.7294822856192347,-0.8440405736248144
1.3886544141446435,-1.5580588663605117,-2.2090949522076286,0.6283303408714462,-1.3545830206587666
1.4795606123805973,-2.4103307126303295,0.2386907020786557,-1.7028385189522717,1.1359838097949664
-0.007139871600404644,1.6155613124793995,1.114826518921666,-0.18380837806290481,-1.5283664592337238
-0.053657269003771484,-0.08230143225784291,1.3130143741210587,0.7497974421779668,-0.3161158809967283
-0.3059759150428298,0.4430341279617286,-0.37848740687600246,-1.3213636044366865,0.6834315232210535
-1.1524322253716277,0.2778810041008613,-0.4837668592841307,0.15896424126417819,0.6914694005350722
0.12057565799672759,0.43956558286084335,0.012276639864137028,-1.4886555321457353,-1.204603131210751
-0.5616291624481768,1.2886864617737144,0.1795971019061524,-1.4880318986553573,-1.2438410636694879
0.7569371410200808,-0.5141209339513634,-0.8846458402628149,-0.23526381300820182,-0.8445074736228494
1.1291401921833524,-1.4474529713801068,-2.139231496845997,0.5974764551142498,-0.4072133823447586
0.9086496491802317,0.19705065397706195,0.31844314420217734,-1.093129783443056,0.6711469223509118
-0.16553330873445884,-1.6511190754525782,0.15050308852122724,0.09380472765822419,0.5474229717161899
0.9352876076674965,-0.00290443259288325,-1.668453661605204,0.07130275002785477,-0.16590321424007196
0.02307685411756273,-0.8750293689157986,-0.9601838107755272,-2.1858559883543127,0.7160561124700606
-1.5917147224447885,-0.18760254849415794,0.38792094605104066,0.5820226657165445,-0.5359227991437164
1.0069949449478768,-0.5357832914640777,-1.269220833813824,-0.6843498016831835,-1.1816674505746327
-2.0271952556552573,0.7945902429641784,0.6255154474388605,0.4497198440643487,1.212385178106467
-0.3060922929410182,0.13485313475923902,-0.39648194078275184,1.2514724694572859,1.5283406096232246
-1.9820842636838474,-0.31889567643167616,0.6542833400348125,-1.4072883115623283,1.6559806869393339
-0.8284671407072057,0.20913531436103316,0.490432341234918,1.069547497087641,0.8234630345417585
-0.35352928768564645,-0.03849691820669087,-1.4708187726927686,1.3260913322156795,0.36432657476975755
0.21926151016942402,-0.032240978558568695,-0.2888187799466855,-1.000999357141693,-0.075420099516262
0.3211321129006706,-0.542044925220276,-0.5832741126791806,0.8997828417509753,0.06694769009443646
0.9015719409656973,1.1076212911387204,-0.1354351337571794,2.3829738749944456,0.16795082797932245
0.09901417352628059,2.15812902289186,0.32360050345949337,-0.6632238611320388,-0.35630158274656065
-1.0674345883715588,0.28461256641690436,-1.0297322346988873,-1.5976710871429396,0.5507104462857128
-0.37480671404837396,0.9109256115561605,-0.13844205865579137,-1.1707324533360768,0.48889410397441274
-0.21098200349222818,0.9779849852575647,1.0789951651415335,-0.18254335986841277,1.5069113519627113
-0.4502177839059395,-0.14549810894624743,-1.2313896963226345,2.11052908362126,-1.8322208562125872
-0.2751153513261962,1.5449029595883284,0.38712020862212393,1.189278050089473,-1.1079295825716478
2.5861153937866237,0.9563360307493888,-0.8266119813463512,0.7157515076127349,0.15605784850687315
2.276987608725726,-1.2659755397215107,0.7638985723135973,0.3292755457108785,0.38164573436110116
0.07729917406855827,-0.08807477037495227,1.2536975628813818,0.044771722203393836,1.116361555488155
0.3882191007444324,-1.057246388876058,1.4277798748597827,-0.8150325309452691,-0.7722787919203062
-0.9180013671599216,-0.6947547551998496,1.776550742678111,1.1353217927495796,0.38225549574177664
0.12974773768717016,0.44012813176651344,-0.04749863812717403,0.7569610398762243,-0.5362257233735305
1.7990814164411524,-0.5153940839519723,-0.14511491365988774,-0.5454082181629354,1.132014401686242
0.4973549886326463,-2.3502679240881594,-0.14745172131199516,-1.1614026690021018,-1.417962326275777
0.8970097102793982,0.4568412922812281,-1.3590279859383394,-0.0403152449381544,0.3589183967676669
0.7576018828665761,-0.19858008763599322,-0.0011833161344389784,-0.26319146574546426,-1.8198858284665487
-0.15362295463795228,1.0997001033652947,1.0670850256092668,-0.4314748581737872,1.226867099036412
-0.9160740141874745,-0.12902247615939494,0.45965464780462106,-1.2111018894893195,-0.1518364020034133
-1.0145665584904864,1.199595278107019,-0.4230796812727138,0.7879432867834448,0.9532994336613325
-0.30855212460062065,0.28757929382956876,-0.25914810879439626,-0.8195795630454877,0.24388092200465133
0.08145524441447906,0.14817362975173026,1.091662292415494,0.7664889715914643,0.614091582909861
-0.4134216533189845,-1.4007283343385477,-0.3925719066414109,0.6006393460978816,0.06787408681761951
-1.2788627898127785,-1.910120592702587,1.1621852819638911,0.09482179262638454,-1.88819516287739
-1.761636261177868,0.2200089522601823,0.8808113390447518,0.08627073097647571,-1.8422337315475972
0.5280087376627937,-1.3332130385367116,-0.8800596312617978,0.02467075851482305,-0.8810191933478678
-1.2731360418237976,-0.9284043910900213,-0.07504127171399917,-0.06356166921073525,0.7661936609506423
1.3359094352839107,-1.001920048289923,0.715147324689867,0.6796338865700317,0.8756018824071347
0.2111710432347913,0.09989498677247212,0.955901024169697,-1.3733466164985597,1.0751970602281677
0.4396054961332441,-0.5060279758972804,-0.7005978738560468,0.16327283926437014,-0.6566182343456093
-0.3923961019892288,1.3890086979556504,0.5615250318245413,-0.5412964035813387,-0.12509527335030016
-0.7234224665519512,-1.182729756957918,0.6863539273579927,0.0068364161301255385,0.43295512795004537
0.3355505179888863,-1.0162771376478248,1.7988366085888945,-0.19940603598940765,1.145203448965766
0.5098849006137468,0.4943537894558906,1.3310675463508137,-0.5782731281627828,0.16828659648102834
0.6561833616276277,-1.0660402241713336,0.027535831113257303,-0.8794114297443826,1.118866142006874
-0.16359499020486645,-1.4380861571951085,-0.37575572830010506,0.5955633282673252,-0.6988763526577283
1.1808159659622866,0.15081132125739688,0.9025777581774089,1.0433383002235144,0.7586501108209145
0.35572917967549544,1.4778427716126885,1.1492640905883698,0.6189848116614823,-0.07526532923115087
1.0053419398182746,-0.058229576113184606,0.12476585164498835,0.2400935637075545,-0.2503079811307764
-0.7112008709086803,0.836237109689441,-0.27944417047039455,0.25040587585827667,-0.8715802658668659
0.2553669573107515,-0.6622947330711386,1.183213208731221,-0.7576602907275531,-2.209623728480007
-0.30592830889977163,0.6447075172658111,-0.5726119324310783,0.2209742253519716,1.2062500045704967
1.8050458886434297,-0.8256182061733972,0.8748731483190758,0.47837662954992877,-0.8690819556102969
-0.8800892332665345,-0.5400495012131876,0.48196722112450785,-1.2107763641823928,-1.3047011137410336
0.72923889098889,-1.7305338817285125,-0.1575810479320189,0.7817867684973413,1.0479972473609274
-1.8138742844806302,0.5391756980216742,-0.24330681749452754,1.2549350622367255,2.0711104693258267
1.7299711321630409,0.9143880043573608,1.9661973377507846,-0.529913741898343,-0.013894361612445071
1.497575287653116,-0.1678839584570256,-0.43415458832441817,0.07305087595869604,-0.5819389674905983
0.09332535147771669,-0.1803657687175826,-0.2961677484081812,0.955428206163208,-1.068888387064715
-2.218302868181567,0.5072311142613258,1.5330118825743813,2.33341173389408,1.263666651508522
-3.810579751251587,-1.8172778972266737,-1.1433142070387567,-0.9002552670031745,-0.6678609437365564
1.035802559976689,-0.6086911048570066,-0.4098417749267331,0.9783286866540685,1.1894512797913441
-1.683447556596274,0.16659791995812717,1.5183287365530944,0.595585896926064,0.07450195996076237
-0.6655494983181425,0.12432711332341118,0.6009411984255372,1.723499784911043,-1.6307971803746362
-0.9688922360682365,0.6589102415708673,-1.5197009704734021,-0.6159507650414371,0.7307950306995826
0.14264942970301497,-1.1893752939986586,-0.18235029097138059,0.42026756555160144,0.8945215573296246
1.5354927424041256,-0.7095003680780396,-1.1552076451576172,-1.3339523201927774,-0.4221946775993078
-0.08745802313389894,-0.25928891187032654,-0.482225132050506,-0.7866236333474118,0.37049027574493154
0.8737569488358051,-1.336212064696826,2.8463570175248627,-1.146517181425915,0.0109193021325766
-0.026667369602644004,0.10666852513934882,-1.7089212384481065,0.8082178664338368,1.019441539903491
-1.3725703887431933,0.9174819969123169,0.004301755205496279,0.3608896041224014,-1.603221117004634
-1.2246103726433832,-1.3266792637148392,-0.6604823775384566,-0.06264559765871755,0.9203381323580792
-0.5158263254450943,0.6677407681026204,-0.3435674377499869,0.15860936665257563,-0.35286409962952386
0.8364820409116818,0.11659688863517152,1.112444206611551,-0.21004858522498132,-0.08357742913332473
0.9059738778541201,-1.1047812273925002,0.2449680677289509,0.990700416597655,1.0151416277592722
0.10963733779560866,0.40842325996756046,0.30957111132313986,0.07445347966022342,-1.0082306090578776
1.8480148633570248,0.7673531116873104,0.21635377617860171,0.9246084816797875,0.12019080293221732
-0.8052263107436328,0.5798354275300304,0.058546930766426294,1.4919826765358877,1.0765810358555088
0.6918931406819113,0.6756514253599721,0.8899452430991044,-0.6715784122156023,0.06860394731434201
-0.019935703012174868,0.08786275740439649,-0.6722795381878819,-0.9440664859004907,-0.041762785218012806
0.1911955007409408,-1.7766513152109726,-0.009172187799034923,-0.08945618336849546,1.4376049746850876
-0.3592195181440187,1.2467215974082375,0.6574024019205525,-1.772647306518362,1.448954994819867
-0.48884339780114705,0.6709605552771131,-1.1921320430466011,0.10520120855673404,-0.44659082109488757
1.2737468420985376,0.23474157431851383,0.8752934030019885,-0.6854448368333508,1.6856023579960453
-0.4470207160547302,-0.44246802537359964,-0.1314901342575961,1.041306938938789,-0.22044097721089143
-0.4862665474016721,-0.13331245332076702,1.0032793357271816,0.38087385013853364,1.801368385330891
-0.2779488544052146,1.3663036440045935,1.2562317767019398,2.788358250358697,0.10731046965502183
0.4786457639263201,-0.3430699033754315,1.0436110827153298,0.9911878839246556,-0.40253375505004363
-0.11862838822586655,0.6200246023117356,-0.6143144143551535,0.16393853989295767,-1.3363003882519695
-0.8071029660150049,-0.07696334208135347,-0.28060587091972594,-0.6926039889591135,0.7999872272577926
3.1520810776463777,-0.41026681933969006,-1.9216267040723882,-0.6932863606692521,1.5905084866383343
0.5084982717196954,0.8496278562581324,0.5471509953138098,-0.6425767798916265,1.0857074374353708
-0.594640423369885,-1.2816569686290347,-0.7040302624903332,-0.3317642917096671,1.5932719184556776
-0.11910747272439128,1.8427123295749661,0.7379202443646156,-1.3334801584293663,0.42708361215828505
-0.6298071779371405,0.7002003244114567,0.8822363661415585,1.020378648667019,0.0043770750761678995
0.6314469928601724,0.05812906408805515,-0.5093342808206399,-0.8360100432916454,-0.5041275023349017
1.5494022918112222,0.340210679341161,0.8180132301303435,-0.6951820850699575,0.04358949790343001
-0.3490697814722115,0.616708084476333,-0.6484592237136511,-1.625812222832122,-0.35953837377376174
-0.039098439920878816,0.7628882902860523,0.6060123507097198,1.0890227336120053,-0.00211356762356778
-0.8418775276942141,-0.03165513479252649,0.4651280371859542,0.7015412295871699,0.2323036354868585
-0.9002457974131975,0.011981063783235562,-1.3123161980239697,1.250102686191402,1.4954410449623627
1.828078075660221,-0.0972991358363006,-1.0429139918813468,2.021574872786375,-1.4989016264427688
0.32196710946844226,0.10074294687448618,-0.14882975615784644,-1.9333848135122136,0.6924295322626162
-0.01476694419363898,-1.151558390480733,-0.8716419547240034,-0.2716561329456703,-0.49547432368358474
-0.12057749258497905,-1.0321097806573998,-0.9393037661989412,1.7890299280123854,-0.40922153478345
1.2007505132124687,-0.4531165204960599,-0.019261655040251187,-1.1415360056718105,0.426154903987652
-0.0636299136907635,-1.1309853649494066,2.5337792475272023,0.7330557459802363,1.2136057470049437
0.2755931227818409,-0.4441124653042371,2.0810220511558395,-0.5106835712966739,-0.6029941245493113
0.20520047182164544,0.7418412480242215,-0.19108904556772166,-0.9504596185309786,-0.23852520961096554
1.080856171709614,-1.106328907263031,-1.3088845184356879,-1.388212334430387,-0.16489629041469211
0.6587474875582358,-1.5851307896485338,-0.7339431361805641,-0.30541612154493664,-1.2173023266128125
1.6003837746158138,-1.0364511116117339,0.8521368024357614,-0.5162612189506481,0.5961734146681716
0.6318362584903646,-0.24885109242720269,0.864351050910435,-0.4354242425634646,0.05458361024433686
0.9838756730259922,-2.119740528669657,-0.6831162740280508,0.5643539022660357,2.6364414183296137
0.4055327447266591,1.158334703888851,0.8364676742242314,0.580926667284377,-0.4115548622486571
1.260050226510168,-1.8329763314017604,0.14632792245190354,0.36495640214493325,0.7182518681501401
0.7705417541313806,-1.3799847939655778,-1.1297622771358435,-0.2960163893385007,2.1959802545014084
-0.3074520430864119,0.2424033279285027,-0.5659724723844053,-0.5368024310441785,-0.6211083631498536
-0.7981266757455194,0.48087216657579107,0.05600068960212353,-0.9655842296474623,0.9432053143742297
0.21681093839985405,0.49729041650561345,0.3316807411097014,-0.7995260829540646,0.006041146374867455
-0.7440726491564688,-0.6648615428862781,0.41224742813098025,1.034584349364054,0.543860571763065
-0.060778719322929234,0.8128026459435546,0.1579407656824376,0.04635994933735547,1.0694555226248301
-1.5457861772413648,0.5469335969066584,0.11003000734372911,-1.0626315232183838,1.077707221183368
0.46258696854577525,0.8945806976815677,0.7402548237874411,0.6343596361748637,0.7650936736425544
-0.204980185197029,-0.9643411744935603,-1.1020573393597035,0.8030082474679437,0.5063593418123092
0.2525985648460728,-1.2239828543813842,0.8180725344356914,1.4292554850637238,-0.5093190888518772
-0.8992364123509301,-0.459581312733372,2.8803891100319725,2.066640131308722,0.6812272062119826
-0.8721546116124886,1.2412987771037916,-0.07298446458506881,-0.4652479147287399,0.3659911868809984
0.0411704904320773,0.6322109597332564,0.5248421934486825,0.2189951640103697,1.209605951953381
0.29918252740613444,0.937007033372642,0.009730059234366794,-0.1289709921876518,-0.27886637355553284
2.427956920397338,1.6694050403029457,-0.6574104106700044,-1.0958215712356771,0.9048710007435498
0.27821695860708556,1.0095977928200455,0.32673435047613103,-0.04465109104726213,0.2638885651694105
-0.01937943053272239,-0.15602201808028582,0.559926858507051,1.5516032718487909,-0.8454331289336504
0.10247547680244219,-0.5381922019909307,-0.5881815178995811,-0.944897487311361,0.4482951589503316
-1.3035427439202116,-0.7190103791312759,1.271173027532944,-3.0843461725951204,-0.7352097004725922
-1.6488131252763267,0.1094501623253115,-1.2650188872217574,-0.47367321806209195,-0.7814790755374625
-0.6404864760974297,-0.25964648818484853,1.9580136073878753,-0.2592862101105879,1.3436570541313135
-1.4052451985034875,0.3968522812604242,1.806867162791769,0.07322246858268477,1.572249565189962
0.4621858730363093,0.990033158119486,1.6925026679840665,1.2610714145280837,-0.8896837367550504
1.550958106820622,-0.46785169173871377,-1.9159115928096582,1.1325321208862325,-2.5771114213180146
0.9402872939477158,-0.12052606944353113,-0.8690448662263256,3.07774768615533,1.2873421865162893
1.7149303082368543,0.15791147798997576,-0.42281867203363255,-1.7653262677662294,-0.0714280221376303
0.9942672669261349,-1.2259303151946808,-0.36031591667020446,1.395414079670029,-0.2236138955574439
-2.8109250568596362,0.01627827496680963,-0.7265514577366899,-0.4484506884372082,0.6758247997998554
-0.8913698682700738,-0.4751182229987422,1.3191594763015915,0.4788686691006339,-1.7759309827079672
0.7753695009309991,-0.03920603998787906,-0.2550728561252627,0.012970456777829794,1.0163587079248233
-0.7607630487159954,-1.2533567391268883,-1.0160568361818312,-0.785826930699067,0.10778156554477648
0.7464891852568808,1.0884854855103394,1.584452762725506,-1.2570403660344855,0.8016427336154861
0.2625557218159813,-1.2153500137466042,1.3460396028785147,1.1017358956418941,-1.008909395736711
-2.10382451041649,-1.6683471296565944,-0.10420408496606937,0.6757304609887993,1.4418899688799363
0.7763737600503721,1.8029370366635666,-0.34665035439412456,-0.023669459853889054,-0.280858021596474
1.0565732498018627,1.6372007619392217,-1.4075427597142454,0.23993098983442668,-0.47224205624647714
0.7449690311652356,-0.9535892413917657,-1.3346234160689574,0.55169700004089,-0.02363949007827654
-0.1924999326836106,0.2642336039443021,-0.040594780458787845,0.8049441487559469,0.3193189467582661
-0.7597193903395674,-0.5690449377304717,-1.2242869645518129,0.9990070443779209,-0.2899548643281469
-1.4523300251879538,-0.933424713709343,2.1737160892216423,-0.0016096682042737265,-2.10354902003168
0.15304624312610404,1.6068509361865082,0.18376990719531353,-1.3388363794054736,-0.21206910521393718
