-1.4414645795198637,1.0316384986287046
-2.146876429424148,-1.7586511235153954
0.7842123834189729,1.757973290578859
0.06502068709622442,0.8571304365804272
-1.276642113535549,1.2824178059595603
-0.24043131478176202,-0.11715136478334343
-0.6509845770916995,0.7164104815078236
1.1377778586635912,0.12189488196600018
0.029432138580068972,0.0995997175078542
1.2811813911722645,1.2346280557705032
1.0137492967301451,2.4062850178732527
1.5287774242916525,0.07364384693842746
1.326913202512158,-0.8629137810003296
0.017516464749539162,-0.7269526870935871
0.8852053367928064,-0.2633669993343912
0.5380085930017335,-0.030111051590429278
-0.5918970149519618,0.6689916068018902
-0.5882984978226902,-0.7544472303987019
-1.293723412925963,-1.4117171267687028
-0.37892743809370183,-0.9430356735286777
0.5032855120914171,0.4074860180157582
-0.4069027783649472,-0.43775111413007894
-0.17817906151779403,0.48970081896441475
-1.6654446010838946,1.0710972927233542
-0.11606354816884569,-0.9746449904288427
0.915526503423347,-1.3032867858352717
-0.1559946223915764,0.7498392096809561
-0.2106648146763409,-0.8451129647766954
0.10194313662584277,-0.8943109161054261
-0.09996729796325682,-1.1402846264472168
1.6967075771920588,0.6969201838246281
0.9508113455107589,0.651893645183647
-1.2818765994344936,-0.9700124790918956
-0.014658843324524879,0.2622861895713004
0.3502808126367258,0.5079817465187778
-1.3453636188787996,1.3778188596379741
-0.7093232964487678,0.5741819313847085
0.6007979678739229,0.08153694552323455
0.35034028282598983,1.4192839579716223
0.7042949451999979,0.16851944824909343
-0.062823045200926,-0.5392672710556661
-0.2967352342169931,-0.25517434479254353
-0.678454679639333,2.48691853682496
0.7258069369276512,0.45166203725361326
0.3291226961224952,0.6475509191695316
0.11811735422827131,-0.993685863639691
1.0536239819175524,-0.8563511019423686
2.2142403445138794,0.03131882739325456
1.5741462902810501,-1.1741626643062082
-0.251230223871806,0.12325520561668077
-0.7520861168530351,-0.3470835249323534
0.3611621091043521,1.1333294767665347
-0.20370466838566434,-0.43486893727006914
-0.4139680492671255,-0.7648045531728549
-0.35408370167591485,0.6137598487554884
-0.5731224666099084,-0.8392333476699433
1.6824179988464782,-1.1472410071318884
1.209321143604753,0.9349643393471114
1.5166233642655431,0.4130316374923057
0.5767617103390335,-0.5165750193365664
0.1562730659467668,1.2847528423071077
0.7211473933489077,0.22419170081599873
-0.38083279689834204,-0.04004805601157314
0.6749907463176296,-0.1629742336694167
0.6797637766887678,-0.10493146259771792
0.8143473978687419,-0.3885374835099278
2.2074147925365244,1.0880591324506956
1.7670314032454058,0.40345134240957325
0.39178000588335915,0.8078082140888996
0.6250720739889724,0.3997050377859207
0.02327550266397035,-0.7768216166543532
-0.08666060812517196,0.21539023758319706
-0.30441741565006575,-0.6562827142948902
-0.0294052181101065,1.3484536815918529
-2.254719570044807,0.4266650451612856
0.06933615144854785,1.254198519772567
0.21217695810186718,1.6824726441866267
0.8413047406214953,0.6245082747318252
-0.31867265485371793,-1.350122070905867
-1.0823761039106587,1.9010883239930991
1.7178086918228126,0.5098180211216864
-0.8143203300695007,0.5306638572186599
0.4622001843313175,0.08122232345374718
0.6125938311598896,0.42497588382610224
-0.8322103431991033,0.10963837428290654
0.16687795925082663,-1.311418505477101
-0.23309497395107798,-0.794963846246141
-0.0040479281106378835,-0.22241305984501497
0.16226100839877822,-0.8258187994465916
0.9341254117474844,-0.304619561332857
-0.8435097716791932,3.0721544615401672
-0.6513595893299201,0.9215238206747913
0.607705596439485,-1.0321199192089983
0.7815554202772454,-2.161793833833432
0.4293304927812016,-1.5512863547420666
0.4452163552927045,-0.3742009723175712
-1.0561133260956173,0.6473287090338722
-0.3395770197069501,-1.1014038627446767
-0.9028450414244502,-0.09435524252627243
-0.13314441938187124,0.522031496383964
-2.7055323341834754,0.17799344904255537
1.0404903372835863,-0.23351067430788702
-0.29713727747449176,-0.8770722880062579
0.3149112325384148,-0.7495820549119513
0.7662221883969056,-0.328596160061048
-0.38077446251969216,1.2219184573253283
0.6394762380056607,-0.650823461111005
0.48671122891985125,-0.3721185900857234
-1.1521006921574788,-2.7837072719438885
0.21885082116640217,0.02383481447746937
0.8745428345072241,-1.2328960346551805
-0.3647423310602928,1.2035485192800135
0.48175838549793265,0.35301784684519544
0.6068469498475083,1.074048250521397
-0.5301710187823765,-0.9442922246234234
-0.11370179967819143,1.30145094961541
-1.552623854768741,-0.9799465609509953
1.604784039195767,-0.7968539964161852
-1.2311352190939377,0.6127491145477111
-0.06462464390830115,1.1657999225713764
-0.3255450241409805,-2.0926725450673835
1.3890319377488873,-0.29571632081354376
-0.5011249877762831,0.187538316985708
-0.8906932863548939,-0.050048630816234375
1.594197203243581,-0.9616053895393137
-0.9713646767743852,0.13577258829788963
0.38149209682458385,0.7237553604936097
1.0586544608798567,-0.3451679422710135
1.131729196659163,-2.9672666881229905
1.497055598431837,1.6029108280125433
0.645352042121729,2.138849478984539
0.7043861105271652,-1.3155170974636647
-0.36688145721637666,1.4427834555160608
1.3641251219183788,-0.7506106515891837
0.6913567703087843,1.2649244732553768
-1.2807658869106613,-0.06933329458051907
0.4050443713010173,-0.4156940836190922
-0.8276484134722486,1.1916454535934624
1.4241781965680216,1.5031616912010628
0.205227957424469,2.2257997858174714
2.152145992030582,-0.4893258322850021
0.6780491855400904,1.5039707871893688
1.0906505888051126,0.7362183559994845
0.9494975074689108,0.007775282888964156
1.0744134146657687,1.5952155597016173
1.1515090903505074,-1.1888303231936626
0.38656951156553065,1.0749523668515442
-0.9658843562467441,0.6650121113044047
-0.5444348113305858,-1.042081357428198
-1.4423819810778862,-0.3799540793429016
-1.269866972786788,0.27845677304023864
0.4888489231319089,1.4751250641890268
-0.6471949234468837,-1.4026067371341202
0.22167684116223102,0.675255995224284
-0.044018441091083715,-0.17592824283892136
-0.020938069623175935,-1.1364741248243677
1.3352168187966613,1.1007019518024297
-0.630269772765765,0.07161239693733752
-1.4755805424662818,0.22543021923794115
0.23659927567146044,0.7516067470885868
0.299413873873869,0.15843855697968923
0.3507648278807722,2.278076373988687
-0.9202471136552495,0.6264771867122341
1.7244997647339955,-0.7218383812519719
-0.9277500319380902,-0.6522254848799836
0.613238162977907,-1.0972850209300704
-0.48450648168247723,-2.281111637831523
-0.32124096104408634,0.06045101296310646
1.896170674562448,0.7720423921381142
1.1988535839624888,0.9042446881075374
-2.167724353306494,-1.5210662200014577
1.6661309271999638,-0.020144751045727778
0.23972510947356385,1.4113167515293379
-0.41597397709839734,-0.1541528652282038
-0.456204491029509,-0.2873392464435919
0.8909002316876325,-0.6134807598950084
0.5454166152194617,1.0622560816955338
-0.08673646820797952,0.029368743808057488
0.08419627176021262,0.10267219654820924
-0.8828047755561381,0.6225776138200548
0.035183464445363195,-0.8757330530692575
-0.4768788748459656,1.6610792136325159
-1.1388964532333075,2.191688301312309
1.75150540440636,0.19033786011911888
0.8804304473413211,2.3182890709232225
1.84677413762483,-1.8311449436736371
-1.2832225069913357,0.14307310552612948
-0.520209615312084,-1.626944382262033
0.8966562093338714,-0.5546715572400382
-0.8346410467710254,-0.09206413992712717
0.6879518588007661,-1.8014737123939009
1.1309726155769027,-0.6210948079001095
1.401327339909345,1.1319435956382118
-0.34356213548542175,-0.8895401049643997
-1.2523632010988535,-0.6424856199405693
2.527843911732747,-0.5016260860151809
-0.2482305093538762,-0.5062241055770009
-0.25892570685507854,0.8377195510935251
1.1013401578785074,0.1355117270758715
-0.3828709524927411,-0.06893013260191536
