-0.0019394645786419732,-0.21073440441530317,-1.6067638004834761,-1.5349741254094882,0.17486928264286544
0.46694146580769497,1.4677659876153393,-0.9042730217376833,-0.8998005387934546,0.7634938304735274
0.1593395059682845,-0.23773589909641393,0.7339874030092091,1.1897892829255643,0.581767666327775
0.6862127611397418,-0.733135814768852,1.0717279222662226,-1.1067119345994207,0.3685361493260125
0.5896832784387115,-0.4141908775097888,2.8258405674249114,0.3701816306279131,-0.6191176201919955
-0.7365633317932452,-1.062906178325158,0.7105696149769916,-2.2082996816984592,-0.9550237244489913
-0.2583767678369532,-0.895343111114561,2.2636675018356622,-0.2982714245915069,-0.4576560740485107
-1.8817093388542034,-0.11885980332886625,0.3359754560675053,0.3961675273382867,1.3182747388210962
-0.16238519337964824,-0.09107762517466186,-0.9981490625990207,1.032231312005111,1.4711853458853041
1.1994845400019758,-0.020831715881771518,-1.1600476982703984,-0.1451633402945868,-1.2450100561839461
-1.3592850188089576,1.95808917017355,-0.7697488595068063,-1.3906389816155087,-0.6933659093839082
-0.8434106704037728,0.5933719173402067,0.06005378246413294,0.4676664548812193,-1.525692522280766
-1.9182849286857562,0.2075052186882814,0.5127192381744669,0.3209200421743354,0.527597498422569
0.6252896094877686,-0.40097984085511934,-1.256274429097903,1.1018696889469046,-0.1731514295914127
1.536488217282636,-0.910202158199924,-1.2529644710238401,-0.4771526141445843,1.1626094763116284
0.6912692445462301,0.510108581104488,0.018031558132069133,0.2717486140729506,0.24267178141018103
-0.6725241227008715,-1.6575085562502914,1.8206158463881972,-0.6351229886636597,-0.44383151255875597
-0.7374475881427307,-0.9759549026213253,0.172421116605222,-0.2530023939787439,0.15726775465294252
-0.9810461092255788,0.6996450238547935,-1.9638567295497396,0.42812543184860835,2.1050996923608425
-2.383075613409436,0.21835151058261917,-1.3358355101580706,-1.0729841606536954,-0.08741674570437914
-0.8528555211037138,0.1999187635681651,-0.8046522000739812,0.4303081059526879,-0.04950098058385894
-0.4724143447757627,-0.2513389283558902,-0.6216237614485491,2.4995526325668473,0.1678272683617077
0.5452622670456897,-0.8796971502864984,-0.47959588587512075,0.10934607833544521,1.0291061078794073
-0.2447965298202933,-1.451657400844777,-1.0494397964791664,-0.3786361630033258,-1.061473207417215
0.06417575365393714,-0.7590439579937737,0.9627508038820973,0.7572564818469534,0.544323231748693
0.7858789005431231,-1.0035446154354672,-1.5084062104846285,-0.779584881466704,0.7144928215646636
1.309277135188871,1.8931516725538668,1.1851978673378705,0.3729507903762824,-0.512523747585923
-1.0861636674776614,1.0403409821515262,0.23978097231702,-1.2597284782441969,0.9763837729054212
-0.05647287775531856,-1.3109242649621955,0.11629610780046254,-1.5419221772264182,2.282708239599513
-0.5952793784258749,2.256116694614796,3.1144333874693695,-0.32759976811823144,0.8930818057504223
-0.010811726693072172,1.4347850812129261,-0.20915534697839921,-0.32083817771680895,-0.27447725253246225
-1.4771748917477203,-0.46300374962315755,-0.5247489996873416,-0.5894925543646109,-0.6895668134391472
0.9059881070669454,-1.876036138943191,0.9958684216420549,0.05881085765504247,-0.3311543726021119
-0.8355112732050413,-0.2601981723662497,-1.963910108359995,0.368232613436549,-1.555065627730312
-0.42724963510243585,1.4621151663968301,-0.45701010305058937,0.02068655422255461,1.3523433647816596
0.001550602850491913,0.781055389834859,-0.5089809873059382,-0.13554766609108934,-0.034102216862037175
2.5869446634796622,1.3995144929500791,-1.3847461338492975,0.8158323881146524,1.2540576177492255
-0.01794938219018046,-0.7888022708691792,0.44195078072694577,-0.3740599657832929,-1.6478934315379559
-0.49345694396490253,3.084332521445847,0.1164421721449437,1.851077794095342,-1.265797563127439
-0.1774192362183411,1.320989174000213,0.15907874669705457,-0.26310898174820185,-0.6252538415410083
0.13857122679232245,-0.04225385328928399,-1.8759121554206186,1.728722792331524,0.7360166511904896
-1.5326705253543917,-0.6310406872914339,-0.37856759343366414,-2.0369290456667772,1.2127753815509625
-1.7796074017259,-0.27246691053200195,0.08476287683054708,2.1236480717166852,0.1437403210101169
-1.400921211086345,0.6197493759711441,0.02281774440200043,0.20882710698356102,0.7219545917774897
0.7390516973516333,0.4927225707220772,-2.2267983184033504,-0.8514234625560942,-0.07622897035673587
-0.04845446730761503,0.29293586935273236,-0.9046190181996716,0.5723560148187053,-1.7987210195585979
0.5482399676919845,0.12089853642021589,0.8715571771455816,0.1920157623843754,-1.2742291167993511
-1.1462067644465843,0.053959225523023145,1.1203666397930296,-1.0044276694148333,1.881746046993487
-2.200391573249564,-0.3863111240110967,-0.049141420376466204,-0.2297283409889816,0.24155485952871414
1.3232307370319836,-0.5294257984039421,0.9442650690189374,-1.845674562178904,-1.6349550030196554
-1.5787930122279148,0.6895249344095977,1.1385743615018844,-0.3221486349571952,-0.35546752404788157
-1.0181132254404466,0.4692245349545665,-0.603613298602126,0.17321800021794626,-0.46286994756253685
-1.418726538530659,-1.3589006267005617,0.08363092352699242,-0.4873035872793168,-0.7685724796602613
-0.8670688310708402,-0.8194748295105342,-0.06269288105651144,-0.09014459916030715,0.6968172085137828
-0.5626627001053479,0.8929292516560557,0.2185726898776336,-0.5023816931108794,-0.6283131192006407
0.7302102060100218,-0.28573126803498766,0.1539203644436085,-0.08226861743054763,-1.175410919952853
1.9355103425635303,0.6654855451525491,0.23531966288935544,-0.013495841708836368,1.181208851823268
-1.7971280644553387,0.1763917626689164,0.19357843815134707,-0.43882107212732374,0.1074507661447539
-0.7205556545516676,-0.027970774047408643,1.1135704224093572,0.773228437622581,-1.4258598988789983
0.29972005411267,-0.039738633501748825,-0.814358990264108,0.6074182968523351,0.23147724081425677
0.6697515318097257,0.6017538218585137,-0.3623056095306628,0.11654914724209996,0.613647128709448
1.3020905520266963,1.3414188038869914,0.45376050703958337,0.5395686334593438,-0.8552240650642767
-0.042174752676893065,-0.6138818292305059,-0.07016516491765061,0.6780159491697422,-0.025359566287717787
0.07139293496676781,-0.4616415448688161,-0.8905029883685474,1.729126788961404,0.01370698727214143
-0.7740701081393732,-0.46372097311764626,0.577411984059102,2.028263883737133,0.21758277947516422
-0.31172528918621617,1.4598079918810767,-0.9005296613639221,0.19301953573588856,-0.556909773890111
1.7341943200881105,0.060514394709711296,0.12896241341189946,0.19224525267229434,-1.4052626402059862
0.5779857394076262,0.24327820974558984,1.0167352782030914,0.27125205891503534,-1.2386013919888208
-0.11810430509295454,0.1565629442316315,0.6382691787583801,0.8166831185509104,1.3681116775826863
0.4902989180211212,-0.9151574072554605,0.2640437372798684,-1.5452895192023217,0.5521381440197831
-0.6343764138533254,-0.3874466586219724,-0.5846892299853135,-0.0617251854005699,0.7881540785983372
0.45212006971483865,-0.6505994834969414,1.2554872511297843,-0.5031459038006972,1.2919619727078024
0.40141471245972293,1.670521913791555,-0.22015628742185034,-0.28580101816188364,-0.03444671877365692
0.41354848371449116,-0.008578577073057604,-0.4747417162632885,-1.1566923472478874,0.47955109533141194
1.698641979783828,-0.7233495295704379,0.20841922213028183,-0.583658223125529,-1.3711910356603632
1.0395023474091263,1.3486181594754727,-0.6400426194570936,-2.2055230753231307,-1.0869353766401648
0.8814062579194962,-0.2667553776716578,0.9726966808717101,0.6889399242018062,1.1410803570648729
-0.5307836839445972,-0.20537301554770812,0.42286850888742333,-0.23352742227828543,-0.08389017009681675
-0.8844237109252002,1.584479233824517,1.821490363893588,-0.5686875819580397,-1.9739592030450344
-2.2867740250449855,1.2354311374621567,-0.2979646763351763,1.3969308664328,1.1464796413671905
0.45214730950614507,1.7945596169115094,0.35154745478171784,-0.866261762616764,-1.096944515166292
-0.011094305624070306,-1.3505320782627996,-1.7347259681439005,1.3035631031201758,1.3269780259682047
0.8534059726868787,-0.5462489208998181,0.5204211828638327,-0.5928759133876601,1.3752336049895095
1.1633996962136999,0.44067526270043944,-0.7769024131686996,-0.48537867468888435,0.6653860111081262
-0.4364763446766991,-1.2776129930179725,0.26303340486052007,0.11855246902837126,0.2668067082467301
0.6738067284104112,-0.35686071446086004,0.18193936156856716,0.2032652784599745,0.6354524959245271
-1.1389813611177,-0.265200392859438,0.6887899491393185,1.642899135456037,-0.15101406739923495
0.6399888137195964,-1.151434819279145,-0.10242358207449288,-0.9414771033001401,0.081388864118406
1.2580436696787025,-2.172052275969109,-1.0292617885345459,0.027432527872944413,0.6513380828715364
-0.6912965414789067,0.6214860879891673,-0.4855750390058681,-1.1232603430919037,-1.4371338669732145
-0.42216967918061976,-2.198153150910546,-0.8489236566100605,0.44748811059329024,-0.47016354942249766
0.0732917740139651,-1.3676055900255266,0.960203318963205,-0.5527679236678196,0.020547057613756043
-0.42273819512911265,-0.2218672304038556,-0.17958235528711927,-0.33792712643760253,-0.11564876804509133
-0.45619389829511714,-1.4039663071770758,1.696637664577096,-1.1938744821413785,1.4565085958750963
0.3147344877311479,-1.193480454265861,-0.37169896216801745,-0.1623521585750808,-0.5985997043164951
1.496272816101734,1.262138035734598,-1.0809744835879398,0.4275790744379583,1.0834502677026485
-0.3819569204366293,0.2604523080608992,-1.879661060779843,1.2200131795128601,-0.43210531978739997
0.9175013397095179,-0.4588391657405293,1.1023193623316072,-0.31818951612022506,-0.99267591669342
0.8845294699600682,-1.1850296488096244,-0.5962068902726751,0.7876722744547716,0.5456751628963823
0.3550342202163368,1.167821503608196,-0.3659644730259116,-0.23690645531398868,-1.076719809731935
1.2695480280305673,0.40406224153344106,0.7401707190027816,0.2618940904076185,0.07353003587622174
-0.9996856281269444,-1.3019226320170045,1.0382925858055645,-0.15778584399346277,-0.7654575068994187
-0.40889049017658574,-0.05641421578863673,0.07870795769608148,-2.748149329411066,0.37866309098732265
-0.9592468948195022,0.13899678050030412,0.6629651999372551,-1.2259041453786685,0.31247779994679875
0.2662533564869126,0.28753349569424286,-1.9846429951708124,-2.491234708460241,0.7150496766704614
1.1690942719507826,0.8026735826295318,-0.31388977709327953,-1.6622623628097946,-0.24366129357556957
0.9604296074406795,-0.4222912897455731,0.2068293223134291,-0.19793097931474296,0.08722979627314602
-1.2482291919214519,-1.356379827577883,-0.8473877346572599,-0.44051945087119493,-0.4293861131268708
-2.014660370994759,-2.2891726334618134,-1.0125140738314777,-0.626433254237329,0.31677989084794295
0.29293868065397743,-0.6795417243763855,-0.014058078339612805,0.6167744813204334,-1.1653649244942865
0.37391351749565166,0.7612344358377912,-1.3368935258850738,0.6799534452298309,0.7373638733978993
-0.19406607184313562,1.0801467395390127,0.9603741969149718,-0.8588196461692092,0.19414591703201586
-0.7375683576009884,-1.6761238720567146,-1.1101292312774633,1.5990598673529097,-0.24535161471987338
0.612876574476177,0.4194623516353332,-1.2157727098594817,-0.6935670077956554,-1.679911905788115
0.18784623844708595,0.13131351531425306,0.43749619664623635,0.9826601990158907,1.382008509792232
-0.8069265848519002,-0.2459455034574918,-0.8802179308458823,-0.3131040467935536,-0.6242779208932974
-0.7621155274082705,1.3179953932585813,2.481144179593969,-0.1328428011152987,-2.4389160214514014
0.8796090117595865,-0.08759280891865318,-0.2564338305189175,1.548775414637267,-0.051040837167540876
-1.7281126786891918,0.9672794488301024,-1.1384975093200762,-1.9801609034129952,-2.2506150007936836
0.36808581541168794,-1.4220514943302853,0.8291752433233301,-0.39149239452360274,0.5113810173119036
1.4265015315460812,-2.1062727406256805,-2.729896213664669,1.580528142126224,0.0018504340325478427
0.4168159435894417,-1.2035508050956172,0.2988252039921263,-0.0356359029526689,-0.6873842605384985
1.3690819334512083,0.39234649472598154,-0.5701031486018048,3.061923925150648,-0.22576315384582119
-0.763766757832747,-1.0116099043402176,-1.1639073778847402,0.06269656229603889,-1.4524347751130888
0.9523253920853739,1.4323084680293785,0.8101320495094448,0.15772784844616278,-0.7186319427273669
0.18931616436783694,0.24645131705786497,0.0944385831935143,0.9383509982536004,-0.6784464109761807
-0.17222273542886768,2.4357493919392903,1.48977189908459,0.16313158311104775,-0.2331601571720059
1.9376067978334943,-0.5886573394727719,-0.5523394343703587,-0.7820565664131063,-0.3694864561032887
1.3179205108514036,-0.29408343587197494,0.44713598269131566,-0.5685116120797815,-0.44851690797900734
-0.944750552687138,-1.714279237344313,0.011245733135882967,-0.8451438473572547,-1.0004474334065332
-0.13002928255070031,-0.025845645576120374,-0.4163955952729658,-0.15537271431469776,-0.7459157853340761
1.2284714697704286,-0.6427849551597101,-0.30753439294904644,0.17866101970419346,0.7068531479428283
0.3340298477206315,-0.8666287675611954,-0.20267931205791953,0.17341081627623478,0.19194922722174715
0.6719220651302501,0.042273914250584424,0.20314103489468982,-0.49335255576441345,2.816735711218408
-0.2366124056290478,-0.21079203994095577,-1.2148979622618938,0.0749238566674919,0.3180315086950711
-0.47848600231240485,-0.6522050704869494,-0.5523750582007199,-0.033112068586542705,-0.10403484378922945
-0.9701245298403888,-0.37042742259536565,-0.00023206476174545378,-0.12816228646854053,1.5484460837516472
0.3202605424234728,0.44070172681740283,0.9145332769958555,-1.2417340833968948,-0.3670048886852358
-0.8277884286253412,-0.01388906823232111,2.1763106131642846,0.25053531553531777,-1.1880859947584268
-0.15637913972115872,-0.03419721355906124,-0.17521509318675882,-0.020510617331390264,-2.3150328921132908
-0.04502845634979302,0.41839665520090014,0.1976651508775804,0.11150634790601924,-0.17498819842802027
-0.5832063167125753,1.5023481629647473,0.5105756812177086,-0.8453460151314381,0.31784260650322904
1.2305232099511696,1.034230676950372,-0.5579557674698908,0.34626075897911923,0.2076929565083292
0.7627438042863559,1.5473615294407914,-1.3499674280519471,1.106240862781386,0.4939822090430705
-0.8311067292300494,0.2467146535495118,-0.41480335691992093,-0.8782658058955806,0.008444970508160817
-0.6294163399654217,-0.0004427764143929139,1.7120949404161596,0.5740486530998511,-0.08161812699029178
0.3042425790586299,-1.033390237524514,-0.2768097690489331,0.7603827172177495,1.2286240550067806
-0.24041171708212916,0.9030056625812871,0.917856432076563,-0.19062483922116863,1.3151437426701873
-1.1279798897643103,0.1788147514734445,-0.598367955471541,0.4068297734955611,-0.6909239267098692
-0.8610777523209121,-1.3181921858372243,-2.4903818166471905,0.45485533227205316,1.379339123357171
0.912170012676414,1.4565984549673519,-0.08183895330156608,-0.1676522116376341,0.6221825231775784
0.5588506285107048,0.429100755039738,1.6936208093000529,-0.2077197901698646,0.23181434362965953
0.17915118356307647,-3.1536938970376025,-1.2519654860081981,-0.46525476829756757,-0.4627379298844142
0.5197207601583811,-0.07193592678344084,0.05961586361416701,-0.010433600282837949,0.8580033362829736
-1.1197866602111688,1.0974992524726472,0.218037547307212,2.281967956282143,0.14184094234176117
1.9595928132176053,-1.3684006935958397,0.9039142252559195,-0.8681387909500605,-1.0191092395470984
-0.126745528028479,-0.8230297006745697,0.36837597946007766,0.47663089187587304,0.7218508530402811
-0.02944242439434397,-0.6094204846693096,-0.9946994530909963,-0.3060255623927177,0.42462369603015937
0.6787513141315576,0.3891164225603146,0.17247787025559672,1.1105861881759147,-0.36851958247077193
0.8877879413563304,-0.29882636736591195,-0.6501406839902661,-0.636248458654296,0.48017434077898025
0.29157964874676706,-1.3761873890063814,0.08048065709007245,0.3773737631710298,0.8245628510280429
0.3061688985998396,0.6185542484086323,0.5739715292221965,0.4370324926035834,1.2369151824358766
-0.8775037606528369,-0.2497908029383971,-0.19566395178477672,0.21951196856739968,-0.3242699495058638
0.6715367471953004,1.7532590593533313,1.025951580784701,0.5103993728531536,-0.0670535619289587
0.20495118042452556,0.5820017275711696,0.5516974967716142,0.963067329241715,0.34310064327671913
-0.8004439934552392,0.18516796916006212,-0.6855810210683916,-2.4865046903473513,0.1614165875085428
1.3483759709938263,-0.4287672295903135,1.6607566204668294,1.6803554603385134,-0.14743841994142123
0.4229392541756738,-0.4140663177741421,-0.4060554442995802,-0.41749494384617336,0.6309424056485954
-0.27021090651318225,2.2515473055144115,0.6658980230581173,-1.7737116931726928,1.3878187642961801
-1.0231326254209057,0.7005873944541146,0.04278501765689285,0.33598803325384696,0.615755877105682
0.4226656124999684,0.0997335434802899,1.4589637812204592,1.977837012458895,-0.8231074460883594
-1.0052043683092295,0.11460542536861784,0.046993257002733685,0.42000026409403146,1.517777652802156
1.3709598662278155,-0.25424055568557097,-0.5519778769131477,0.22122862467175958,-0.9458875504044234
-1.039180067625549,1.4642737486461588,0.1657241601180475,1.113444890686072,-0.39307617366641623
0.5591630433277697,-2.0748768264897115,0.505185418506007,1.3530794770649401,0.29029608026398257
-0.7367334696957755,0.8766251489404435,0.5568540199533298,-0.301536980877575,0.6009227635706114
1.6056305986328445,-0.4555378124802892,-1.9249832276798051,0.37837892009542046,-2.534108769314142
-0.7664532431055449,-0.375355621678819,1.6941242709321032,0.4083325546335738,-1.1645408662023138
-0.6358287290598397,0.5891380629347995,-0.269331220944377,-1.3807845285819662,0.7077113132412568
0.7089302973124768,-0.3025058888693344,-1.0422271145296365,0.2475620790807923,-1.3002037007595506
-0.028303130287774994,-1.1280170018977758,0.5820609361518463,-0.19716190386542423,0.09531353241435506
-1.0923916335655746,0.518010114758871,0.05536444386381869,0.48961794904413963,-1.0574948305751388
1.6621951022501025,-0.17853273990099122,-0.7622889191326515,-0.9770023756828374,1.1341341195023773
0.20647475808034768,-0.7061419399561453,0.8110167296530504,-0.5162376145298649,-1.1125634774469364
-1.0290693696535507,1.1415170808607875,1.466126885741984,-0.08339460840013196,0.15726903407873566
1.1663033408373416,0.6029796454973144,1.382581347618846,0.6778708558369505,0.18884781303666767
-0.6559966310312383,-1.1079527259338753,-0.7670902460220131,1.4716122579061526,0.3460998037137903
-0.7500764913556696,-0.421005587914496,1.1449749096299386,0.9118124508017404,2.799314631426814
-1.4244778451820947,-0.4908660416661054,-0.9136898723370946,-0.4677857516068756,-2.0366084019480035
-0.350980094175716,-1.695096738019985,0.5379977696147387,-1.5166828059266915,-0.8992627491052935
-1.1091350763988892,0.32603610135902006,0.03708640701591539,-0.8018451899012659,-0.8770988928075877
0.9069274953369161,-1.6228294445366136,-0.5567688206487151,-1.4318279380624683,0.3294127565959651
0.03339399163712409,-0.9335513305314385,0.0031122778290936536,0.7076112129639428,0.41715884106617873
-2.0599868118431557,1.9302377572337228,-1.4784954139624422,-2.156156454568602,1.0703628057221923
-2.9801215477521388,-0.44151287962051444,1.6714058738826723,1.0991344067115956,-1.670269121501752
-0.8524609959207295,-0.6080383795711446,0.5289579039784463,0.3155135174832934,-1.9688884073040804
-1.777906566271966,0.45686206544572144,1.255752392549788,1.3242973486149276,-0.19556900773208363
-1.5679947554526952,0.029301915827589158,0.10606883187806396,0.6826670675012069,-1.6271767255796241
0.32985264022521765,0.1761390197409973,1.1972777088973834,-2.404120639746188,-0.17896103367447752
1.3891503984180362,-2.0465522816535593,2.215442890268938,-0.0667650831054531,1.330314913432852
0.7892149449549906,1.8128252685357154,-1.4206784905313814,-0.21951177459827642,1.3543901670638783
0.8826519334261691,-1.695845943541163,-1.1639387545292046,1.128906280109998,-0.651714734519666
-0.02497673137847239,0.009197510686128273,-0.29520867581317606,1.6572317122769835,1.3393511960549933
0.5665197810016935,0.6395484411423291,-0.4918521738913194,0.5674752053432872,0.480683728894526
0.5980311928676572,-1.1348871919877859,0.751802330500584,-0.44449300132698905,0.7524951920098223
0.41946161732267073,0.446800710304246,-0.756861494875902,0.8020526397366602,0.8738707642625535
0.29349710796557055,1.7013006618590927,-0.11995613430012171,0.22063597918930522,0.8546626838119534
0.8606770273021144,0.5791820136503677,-0.47390156407055734,0.9613536927776469,-1.3772806128798534
-0.5954402114554712,-0.7378543208758408,-1.355027305973362,-0.22001469650986852,-0.8764788619333496
-0.1319092203977012,0.07095921579314157,0.8639116373864657,-0.23145455156081748,-0.04126494563714011
0.3651653613562345,2.3972962345590414,-1.643634383743408,0.02602578242139553,-2.3909031224895103
1.143848603227354,1.903662129739258,-1.93787666947309,-1.785357800585852,-0.20201148946383735
-0.5915432390352919,0.26642531280259796,1.6510103348079594,1.2061229462209349,0.8404179807607896
0.42774906123362016,-0.5684256714143625,1.088029842882493,0.2914251723530302,-0.6189916502122531
0.275866880923282,-1.480109086462469,-0.11020614022667648,-1.0058923480908593,0.7879654250795779
-1.8486809796643824,1.1540412529180988,-2.158684814815015,0.4179845336728609,0.3807963426603218
-0.0866959910162088,1.9682281857143296,-0.9833900503263306,-0.9106349834589967,-0.716729801336834
1.6331583105076903,0.6300037263510545,-0.40754711725449566,1.767574639504229,1.532592412608466
-0.045192009230314176,-0.5080504048796374,0.0018729255415589929,-0.2281881989398747,0.2877294602314565
0.6446200620781868,1.496920328722561,-0.3247012927628687,-0.4012046638110052,-0.5798689630726078
0.7606016589453019,1.33273231407264,0.13356430300419092,-0.18678986865428712,1.910217001653977
1.5876692075874834,1.3878317442461596,0.48749249213408496,0.20603110954424597,0.9394124869814321
2.96651608956916,-1.2953598866670917,0.898261273003552,3.570991080798317,0.3751730865160217
-1.4618552714279494,-1.4608424734695962,1.1918172401816531,0.3227951471415428,-0.26867845874535967
0.3870365846462311,0.5043142346873964,0.3649279745766066,2.779151126155557,-0.5231590109765274
-1.1486882257463464,0.17071530760068562,0.4783621628375145,-0.6412779811652264,-0.9647645488223071
-0.24642680111455698,2.3095645317051106,0.26507639270896133,-0.3665451431579341,-0.6987012825980647
-0.379203119105456,-1.9007035582073042,1.4818941613992236,0.8181258105468819,0.7661992851125202
-1.055010414516688,-0.7179371478669625,0.0975146488952918,0.6906243985613849,-1.8951664173765201
-1.0359968178367742,-0.4568046516959091,0.7022105003714468,-1.7698921512726309,-0.028266899957263225
-1.9263718069967568,-0.3674063714266681,0.7389887627905308,0.6391135326553888,-2.2030137324512338
1.0241542670822028,-0.20892276039645385,-1.7875817155656333,0.07681814373500312,1.0610106352830508
0.3432275577061686,-1.7816651131738066,0.1676983077750045,1.388329358485516,0.08474654880586473
0.9156849473420986,-0.7279156627859803,-0.34234317940215503,-0.10959274885540225,-0.33257969943743837
-2.076229927895389,-0.39301085160944543,-0.08302745790109504,1.7850724486135692,0.2668964496942696
1.2693795407451294,-1.2609609299790507,-1.4135228503267507,1.7358941304170232,-1.289645098955508
0.8463430716951521,0.9388428036725017,-1.4988453962785784,-0.9687299737812769,0.3312709144021699
-0.9419925252703454,-1.336594548114023,0.5737089049648295,1.038124891522107,-0.7476571054903592
0.021770555661164814,1.8256673228797375,-0.25774453074110987,-0.057718241476256,-1.6025693545420863
-1.2261584247712982,-1.0103788732046233,0.3625702631949288,0.09902694608798775,-1.1762602318945896
0.11357706682382955,0.9349238561333888,-0.1767460352277535,0.41214839619381427,-0.6158989915880433
0.4397200637588279,-0.4746159947139867,0.04486620359897422,0.38395991140164915,1.7017719314526811
-0.4563273691560743,-0.11801917164085855,1.297233594398761,-0.18152350841457066,0.08529012529518977
-1.045693353410243,0.6505745079167032,-2.4353675038549456,-0.5210826133537262,0.4316090284879605
-0.9945871710184333,-0.9560681531700794,0.7542500069542997,-0.5692300365450036,1.2094709333585612
0.2549478016388416,0.030439221550587064,-2.4532058646865043,1.5507079378465438,-0.14618325739536797
-0.21911884860788133,-0.8485971290090473,-0.08489065155224292,-1.0734177782784728,-0.9574573440793159
0.2335401017504413,1.7093875200376027,-0.15868349051551717,1.8629810936438937,-2.3557790952844755
-1.1022150901634828,0.021062938976652283,-0.3195660669965211,-0.9255198691513751,0.08779650586863422
0.15757975559649232,1.5484419846436404,-0.03544591659567731,-0.5093094161128014,0.18847562367502466
1.7716147673425782,0.064447766932555,-0.53380520256984,0.9554744884630785,0.25699398227386494
0.03280837153277396,-0.8648645089820569,-0.940673036865606,1.2107179269261839,-0.8375478243103261
0.8934464959431663,0.5606198897209665,0.22092418718557402,-1.1132330873319718,0.04166430274947984
-1.0676354258006084,-1.1394497616525443,-0.8788389692963258,0.8006824911714889,1.2251806066679225
-0.37747864069850756,1.0546393199000923,0.9382810498806605,1.1485637405880926,0.10016936542488789
-1.049196025227888,1.0723749262434503,0.3165303814875328,0.4883809408872033,-1.0095033394424275
-0.9387022937296726,-1.3177043503150216,0.9520167366637108,0.47205649100886304,1.6588161691778076
-1.1864620859976145,-1.797574745794995,-0.19878387903660646,-1.242891960595856,-0.33540484761416217
-1.015898270592455,-2.1858272745440317,0.16783825211065087,1.9908628164982167,-0.35181389923466894
0.025366443425587616,-1.0695311521706827,1.2729996276985491,1.9763469561095754,-0.26286966505693377
-0.13805619964631158,0.05805086821420466,-0.7512326480617959,-0.4469061280761985,-0.7571496189382438
1.2805349820655219,-0.07671844016789836,-0.4481229875153134,0.30722632426357127,0.5362741746180711
1.3085031743713844,0.8488277127578565,-1.5635653416934425,0.3562859209179596,-0.7855450562629622
-0.769351419573306,0.22494450815007352,-1.2987833860770883,-0.9766926382945929,1.073018320717839
-2.404699459726097,-0.09048615267038293,-0.5680490043519866,0.21317715439988497,-0.5023120602973665
-1.459139074203526,0.8671864471664188,-0.11722347697542622,0.2789465968517175,-0.36763404215373957
-0.4440131341849954,-0.9654940284921049,-0.9337770067594161,-0.6164127340181021,-0.8664938252422838
-0.44899241857903716,0.1920809290354395,-0.6640543806468825,-1.233838631093602,-0.07504339546460304
0.3323055913680364,0.9152653776140605,0.805287358105963,0.5027307157159306,0.0696440688347406
0.22205946803763815,0.10625686929022798,0.0048131638638990405,0.9373200275914908,0.21400226009558024
-1.4283002879601183,-1.1572772306214514,0.33502979755361884,1.7984524863546543,0.3844564692577814
-1.0244996288971322,-0.3267910173575283,-1.7511964962954425,-0.3396256160892052,-0.4507798691214819
-0.25501758352582465,0.921409021750157,0.02291029557885422,2.014932633150292,-0.44507692781128
-0.44503398064999233,0.1897373435656358,-1.1467112697223614,1.3385867631957773,2.0834203817653547
-0.1507986151919548,1.3666156723049379,-0.04613792700722341,0.39310351620414596,-0.12222907705534353
-0.9944414672251268,1.8846442239435597,0.015512128614195073,0.39277897716791066,0.302613858651376
-0.49371345120466836,0.09296243550389409,1.0982106625717978,0.9549880901533344,-1.9555178823597692
0.6517538679161841,-0.39923064488251153,0.6031778228156711,0.3902460515640286,-0.26566377562979615
-2.523332027154484,-0.8231448682408438,0.01613286087228787,-0.002318043490696563,-0.2833614184389925
-0.6009372367126766,0.3356531509086729,0.6194804809924028,-0.4040286569983575,-0.07148766953031205
0.8811629237490511,-0.8454739068043967,0.47128856220436066,1.193744650352164,-0.20139801975517388
-0.592765992105284,1.5094010697736504,-0.9183230192602736,1.465176139490263,-0.5250513938076881
0.6302605989171471,-0.6156967356211873,-0.8381739015792709,0.5870171922329773,-2.2094801947109413
-1.0179177491074207,0.5577300835756831,2.301547908734464,-0.4987109697372234,-0.121022761413765
1.7150620838838455,2.3329615863645006,0.8869085749644726,-0.5521868924839143,-0.563561040602037
0.6717753734829486,0.5111412424178734,1.9542195410534438,0.6793457871627483,1.061919145500045
-0.7186473725699059,2.667996380361689,-0.13009050944030684,3.1205636451873335,-0.47692359115264776
1.7750797797016826,-1.6761543945822577,-0.10750002815913585,0.8854414719963138,-0.4728287985621632
0.5902553826674409,-0.12520306837730194,0.2378289605803702,-0.8385640853619528,1.040453627124277
-0.01554207428777724,-0.6336224842076641,-1.0446718140570375,-0.9192300599516152,0.11944959878644726
0.4705260053675128,0.7592845191748535,0.2706267799793331,0.625363623517975,0.8410666028551362
-1.6736456095402943,-2.311587563108844,-2.173015695407218,-0.2254790961129216,0.8412170190400959
1.6829365505675489,1.1964698922143362,0.4095973290186255,2.993081706639431,0.5070582447377733
-0.7520118854977045,-0.7242157895842409,-2.7017316348882705,2.421723792457757,-0.797046304307618
-1.0040896081375124,0.1717450675774089,-0.5512594300449586,-0.596476720746103,-0.3903682500516829
0.2756459190941623,0.18124430127246022,0.19934032603771387,-1.4288817490807622,0.5375637209705536
-0.1046350099242618,-1.817734361458517,1.2477069375424092,-0.40801371412372295,-1.3330841186248907
0.2883763924864909,-1.990638176406396,1.7862896781976736,0.5712208602999406,0.4594356627612276
-0.9177496620430446,1.2718629129813548,0.6148330112346662,0.18376019985434036,0.9482307245896221
0.015608878051693894,-0.23560299194295914,0.4145492905882548,-0.8486524932211118,-0.5715346403068613
-0.10459778642257336,-0.41094549235868766,-1.2344329145078445,-2.526751832805789,-1.4226313003285842
0.03975843862394717,-0.8396716220454596,-0.1431764863487757,0.1417223894797144,1.207521561862437
-1.6548039675742183,0.2914358846723299,0.016713297040840545,-0.6069162851979554,-0.5282589893733421
-0.4712256799962065,2.0403790378491,-0.765418999216242,0.04082637238120862,-1.1246556192376678
0.1985943188469262,1.0164583264024363,-0.05424545970230281,-1.525120928854908,-0.4368742849197962
-0.5444935939893317,1.4176807695770763,-0.15234301411852355,0.31021421692653905,-0.18149278824957016
-1.3252558982417502,-1.1697028603969915,1.2772511908381752,-1.3830066262088765,0.6147771898842774
-0.6714936352522675,0.9105318069652346,0.4222731903360942,0.3159499485737246,0.48773466340473587
0.2775354388911975,0.20234845507484767,0.9007175351103973,-0.4431703488967311,1.2118870453695503
0.24684550477538575,0.47931777981821694,0.024260330573833484,-0.6547697686319234,0.28080724325040174
-0.2825457402078657,0.6592625407249136,0.1101658536308316,0.5998003587010501,-3.6341177712244153
1.4249064897240473,-0.05297542930260149,0.1382080248174792,-0.18097861681534227,0.1663580537724637
-1.174389691182941,-1.4642961332137985,-2.0893331375616726,0.2807097094302579,-0.9075139936769904
-0.45334430344826426,0.059868005164378645,0.6083697793306175,-1.2631754967453,0.33081998472556734
-0.8067983483911846,1.4734860619965438,1.4268170182846278,0.8637838026556393,-0.3837614037261814
0.6000844168298722,-0.0582898601715818,-0.15060304255437235,-0.8545796204499434,-0.8100031394364471
-1.2742064592965825,-1.5259508056557096,0.022435547412007678,-0.3206238700182307,-0.8146362321833946
-2.0888699396681987,0.1996263825240995,-0.5446097433937995,0.6185428234459889,0.33313213838341593
0.4843560540277949,-0.41922361166002237,0.5249645572730584,1.869832346281637,-0.8184194852062826
-1.1890302121526637,0.1654085528878336,-1.065035408567646,1.9212510731703754,0.21168223447562712
-0.7193658614431521,-0.2806832435461206,-2.6738908549857463,-1.619839014524561,0.3301312444806205
-1.696758039107489,-0.09750687525387512,-1.2462757939401736,-0.11952179569786772,2.1642447841790613
0.3317563886529233,0.3269623836568911,-0.665740692324761,0.48987006413905354,-0.10511422787522423
1.4106005918900975,-2.1033780807279245,0.8498827839061884,-0.310773477557103,-0.9416774570717904
1.1734687047676533,0.380708609755577,-0.3539851159103298,1.4994616529701308,1.0320987514516715
0.2243797647679487,-1.1420451111716088,0.6971156452824441,-1.5916059958563284,-1.2621228832861147
0.5706906803047624,-0.6802289166866218,0.6896123039619312,-0.8823901595195456,0.464090564206684
-0.32666175701837613,-0.20790452703370843,0.5056641898382106,0.6754060887379596,0.18465556818775247
0.2749783268246962,-0.5077228289725668,-0.5349485693610352,0.33308016909334615,-0.15703365071068348
1.3129027163734757,1.5260988406070746,-0.8123972643738089,0.460022845799005,0.2391950606259075
-0.1621103582019892,0.06083154335164822,-2.5296300849636295,0.33672372961276037,-1.0388968046393428
1.8097173718438446,-0.32064893124693716,-1.733511672680421,-0.17703505766156316,-1.0726874181636121
0.5580049309999877,0.244763410824206,-0.17294792713375057,0.2591471718804169,1.9522196151184041
0.23194143256462268,-0.04649098888368867,0.04294924727889065,-0.5873123160944526,0.22730695439485826
0.7588122891972869,0.25814829728734845,-0.1598447085097248,0.8537208051293479,-0.19955922780540067
-0.45554590483098734,-2.041368871342909,-0.8292966039019705,0.8416407464456729,-0.014077639796312326
0.6829487279368589,-2.521973818392569,-1.0991927929043757,0.16032368287551807,0.9484640207381699
1.2771534357816412,0.9350147842187506,-0.2587161352036679,-0.024855988877128136,-0.44666170117767595
-0.17986463504028355,-0.05818203183648476,0.6377640601799723,-0.6028935877101972,1.0238544723971166
0.22689415913422273,-0.04712912719715807,0.9492045875346105,1.9256833460831189,0.33065912477637444
1.6171003908777544,1.1079792053604431,-0.007657773053840617,0.09486810297909325,-0.5001863653879005
-0.45014852320729637,0.9036779945009655,0.38347166216614426,0.5175836449702006,-0.07598350253864058
-0.02516877959460032,0.7714221160459362,-1.3968580899078167,-1.050902686370477,0.3207588095269679
-1.0716491172171707,-2.03003697633048,-0.8921340110934227,0.21227936885944618,-0.9764154362215868
-1.3571048800847532,-1.2785432431883539,0.03463841316321992,-1.2560071669922153,0.25411622975971576
0.5501705012762816,-0.8166213988696658,-0.9234540715224624,-0.8817775382181376,0.10183566063637625
-1.5354635674745276,-0.6770012901861254,0.15186607932020796,0.01793123051028286,2.330556769979121
-0.42321204188368433,0.39143101486380266,0.7247531443531507,-1.0407730896247007,-1.132067651188972
0.9900110965888098,-1.2326112329276822,-2.4611268977118734,1.0499510867228392,-0.5733571736033736
-0.43657040364566707,0.7588568540549183,1.6347471688044273,-0.1386510052988281,0.25826253058037724
0.9474178917006392,-0.29089126173189706,-0.282525224931875,-1.149783115343445,0.2929574897148777
1.5637458065321332,-1.1909885009449785,-0.14487998300734414,1.2230555069773577,0.32475339406626635
-0.26748835992069414,0.7604250408028038,-1.9618582262272646,2.381783604473513,0.6161218428943148
-0.2528561921805244,-0.5167417638276105,0.5603725404122213,-1.3019466519125964,0.2241016539052722
-0.681655065037543,-1.1622934827209124,0.4257207529372161,-0.9405486140910881,-1.5950061429583238
-0.6062494869054338,0.49282278795342693,0.2477745342811474,-0.21120090467342625,0.20423990446068552
0.22365512740287868,-0.48036330854104986,1.548970441566818,0.2524305461894384,-0.08999867196331895
0.18664059874859049,-0.6393142863845317,0.6948007901797812,0.155521551626049,-0.2789085535198698
-0.8695970545207411,1.4337872296008167,-1.9053613865187407,-1.0227731679915184,-0.19401970949054095
-1.0666103290959934,-1.4840702157458392,-0.03882711205497596,-3.3398494935298975,-0.2651256027673622
0.8582857939119665,1.048368492567393,-2.001037797778955,-0.4239997233484194,1.7263992394268821
2.0403216440149508,0.33235018134979877,-0.023027984628702564,-0.28201509087418075,-0.5326401502401076
-0.3280273727408644,-0.5262481811165363,0.2703724968147771,-0.9180619326347124,2.3806907397934456
-1.5490531538300916,-0.3160726430978744,-0.19807108425740183,0.07617395066816143,-0.7912179303915252
-0.8473909954633039,-0.10208964294650276,0.9338254854438086,-0.23753464119984655,0.8265700515542674
0.16758904403061253,0.9155404039408682,0.2513734601374406,1.6917878957895198,-1.0212462316481412
0.04717741003618398,0.48545796436137,1.2193054325303916,0.21271224506039177,0.6255417342004109
-1.666049449981779,0.3718273864935594,-0.1780460222725578,0.756844869888426,-0.29170397203544307
2.483901259904369,1.525878430575362,-1.3389782387241016,-1.0245706501724092,0.6304355816488157
-0.5923588794639241,0.06209268932772905,-0.8688964816227083,-1.7006889258074729,-1.1688424170021747
-0.07211331220690873,-1.3461977670518364,-1.3584119586586187,-1.3576648089610006,-0.9349056875067099
0.036211867142306266,0.9045493416331141,0.2900461764198454,1.0202119809767036,0.74727546949537
1.831206448763476,-0.2904668012334146,1.7816368875463142,-0.1883294283581469,-0.8257114507635541
-0.2731980768307038,1.2533268145251693,0.2694088225373788,2.5131380384200726,0.01296164905782087
-0.12746259661912418,0.28398838454505376,-0.269186536437854,-0.7245994188193156,-1.4184831311053623
-0.9391276928970806,-0.4452261388495446,1.1469633696235777,-0.41618510507453,-0.20225631726745866
-0.994395753941801,1.3436009393681918,1.8441566075706468,-0.08677413274150927,-0.6884983755733625
-0.15805093041360005,0.3677875331018171,-1.6377913097307586,1.2788965223981315,0.5878306810977691
-0.8589373894663015,1.4854527294592068,0.17520320760614363,-1.2723792162123462,1.235656264720934
1.3473756895538396,-0.3182873890129035,-0.47658171221490975,-0.27110533615751764,-1.1332680110754263
0.27408474067223804,-1.3019159719339009,-0.15911488819543892,-1.1552553467461724,0.04870390326945999
-1.6539734468815444,-0.6928838777564965,0.7356187148518202,0.06851821807093028,0.1392229062665308
-3.2598613018769598,-0.9415773288747515,0.7945203415505828,0.21078563487795082,0.9241409214275116
-0.7133343678946363,0.03178393996019857,0.36293587482457196,-0.10496906125465627,0.02383892149078013
-0.12856866010831217,0.2752275048767514,0.905203341469018,-0.2828129817577411,0.7295892275616623
0.43897052221774685,0.21778707254422539,-1.2784710622728823,0.446265144609319,0.5779483178817034
-1.0235919746314228,1.0372017885158722,-0.10783151862277406,-0.6910361378466886,0.11809070585531979
-0.5464479851881894,0.029144771434824066,-0.6945466575901683,0.03787438814088113,2.1295301053623783
0.7118290237321693,0.4671241821993491,0.5073833205456966,-0.01817681916839821,0.3286875943290589
2.7802453959167246,1.1285853798909737,0.26952158984195923,1.8202763789435732,-0.060928201098879364
0.23043457077130208,2.0253827052842865,-0.5656902140465395,-1.7780251049279971,-0.39887484164138903
-0.41336356727558377,0.7123099548432554,1.0425932544487033,-0.04232376676778377,-0.882234572607496
-1.3524763356524636,1.4199885836944317,-0.3416368503127571,0.8320300437661031,1.2012447484508213
1.0478401243168176,-0.03574445818024565,-1.048174316016738,-0.022620253814472496,-1.0799055778306734
0.37088248435231513,0.241287798435727,0.9751611453088515,-0.3989275843486332,0.816198358362406
-0.5049383583518345,-0.5633297934473065,-1.084700921002803,0.5212528241747328,-1.3856269347623509
0.4253892264402537,-0.7033433039067825,-1.4145454867965677,-0.20103330226384908,1.4178179408875344
0.06513136869427481,-1.7175402637750763,-0.08214965379864708,-0.6356400341230921,0.22558925535805557
0.22409987622581243,0.3847702932694174,0.9140112603094307,1.52298776012256,0.3782919428632948
-1.1020256718407055,0.4039004894153695,-1.522283615043609,-0.25941932060122525,0.040842078888617725
1.5666690484971435,0.25148542067011387,-0.03054021024909446,-0.8422067212413715,-1.4812247268377026
-0.36919430676797055,0.9545811319991986,-0.5110125537029728,-0.28572313067680244,-0.75766900044779
-0.9432664525083361,1.1298062881323678,0.9177658158122058,0.3181211279346239,-0.07435602791552877
0.9989780184785011,-0.18238134039099338,1.2408511513465048,0.6208664012766242,0.4425118259310639
-1.0871320047254474,-1.1811820621110374,1.4331919604833863,0.23243358041666207,0.8295858379584835
-0.7233081898391466,0.6408822959051832,-0.8577317424313564,0.21266071003798642,2.6935963467070256
0.026935137527452038,-1.0420169157580452,-0.07801654026107806,0.1250732919836889,0.600945677090521
-2.2651770999083123,0.3381526102998073,0.27099415440340613,-1.3262089073758205,-1.9611584318368487
1.1763245628743242,-1.3043415962251512,0.39113639945697976,-0.626708686730974,-0.7892850872623945
0.219116316651581,1.7886286429664644,-0.8287683043564741,-0.9276618013348042,1.4432609488744994
1.2909280213209953,-0.11688053348667835,0.5160105601131172,0.06773454095550871,-1.0902761726881949
-0.23507879902586898,-2.3979642286854936,-0.16689110706741658,1.401929463449363,0.1273622077219116
-0.3756583046159137,-0.5261055373088499,1.3464911831801756,-0.49665326597858594,1.000380796612265
-0.0182710869067425,-1.0865071440746576,-1.7551528969668606,-0.5239741006323806,-0.7427535507283868
0.3827940406534876,-0.44432448189763957,2.174296338850513,1.6305264767736214,0.6235660095697659
-0.15762400661258374,-0.03700047287369834,1.2524629454013212,1.1846629535681352,-0.473436948843462
2.3159877322084466,-1.3835349644290222,0.20249549922242838,-0.010544599086290823,0.3133057669633001
-0.987234990950126,0.29692760353353853,0.6557488659611901,0.9737838722727894,-0.8977262063577052
0.45362160653284017,1.2443835377105628,-0.08247862816450914,1.4558478507744663,1.6335475448745085
-0.4525371140761017,0.4019181711428581,0.9597997797587992,-0.5727413228308137,0.34948079199541593
0.014224039058190668,1.4639639941450766,1.4454698424715233,0.452821987011364,-0.09856167462035224
0.4616395599559077,-1.3361174674977783,1.340505148724952,-1.0110078577876749,0.9376161909049798
1.053608703951336,1.0015393800004717,-1.7558622140646822,0.5226892479522091,1.9544269755199526
-0.5765214443169645,0.47867937008442024,-0.7122933107290702,-0.1601800990016432,-1.820441181516731
-0.2976793727139559,0.3558839013788235,-1.0025721303650676,2.0116095165397527,0.7845764613662193
0.20405750609600362,1.740486008200705,-1.0518184616376058,1.3579370435101645,-0.7190494335698727
0.32978480464480503,-0.5526919991449217,-0.7651718896518591,-0.5016679091892651,1.0967551345171707
-0.3405852946848332,-0.1554523003957519,0.327838883214831,0.7486937647643719,0.6257870965868192
0.9177957023007576,-0.14153623587681957,0.37347282317970126,-0.9081194746492545,0.08697584406722808
1.477065460244501,-0.30907216711051216,-0.056026281686322635,-0.6712264866494785,-0.1081603151405174
0.44972721183052594,-1.6398050462756404,1.2541457915634646,-1.7302352384328732,0.5577571171140994
0.6352345617681202,0.11772401715864056,-2.6184233429017842,-0.7249696925603039,-1.9684864987507118
0.8064401000511993,0.4300208857556583,-1.295846748576808,1.1618360411818847,-1.7410450596325273
1.7138175644073743,-0.36555973758778415,1.222090031432235,-0.5896300692540289,1.6832208251610614
-1.0634837785437727,-0.21834956446812795,-2.0916159629222926,0.310349286890094,2.497140906352094
1.1357084141632672,0.7300115345207311,-0.4181752388354714,0.049141051941241055,-1.3989481470716127
0.5175186341601535,-0.6082936706394518,-0.3759146062564417,0.35214815796456606,2.0989142795193807
0.04245222174535454,-1.915342122665676,-0.7592350145025939,0.8980722661251677,1.521145239160857
1.921675246430164,0.47889018278948137,-0.7763689639585885,0.4113294778437563,-0.24134805603971413
0.8787874343192456,-0.822051005690223,1.8297187607653382,-1.937544987043063,1.0832839019365215
2.249110358382278,-0.006409647581593327,-1.7385276780729473,-0.5512204477952751,-0.7595903411042904
0.3968856912260489,-0.0935062158493874,-0.6760563982201591,0.30092166752957017,0.0507172161889779
1.0974149771751822,0.9103685164078227,0.09048523634832138,0.2738825601231955,-0.29841311177782737
-1.0990266651786882,0.43426179775968443,-1.4383851828641412,-1.8688776811050416,0.4560721524288382
-0.43217747878288215,1.4798858570931688,0.042697291762939196,2.0336464752130854,-0.6408973774647352
0.8800680671020784,-0.3516421311270548,0.07870465785322887,1.0598774581050956,-0.3920006071760178
1.4733914404586583,-0.983772901180695,-0.8545292769289029,0.3604353924861987,1.434442524929378
-0.6345178090013319,-1.390419469079886,1.5919394500175812,-0.9734738478814718,-1.2027926644532798
-1.1345486427967768,-0.1276496128412189,-0.4963050413162511,0.04697030165707474,-0.22510444919785183
-0.13374148656594523,-0.7841897348978982,0.10687787847581937,-1.4982434804202365,0.8413488038219551
1.5366805451810324,0.09552457137057276,-2.7323754036913583,-0.6207669827637501,-0.2389651528185366
1.295620592484203,0.8048857954876577,-0.8775284943701503,0.6748755231324066,0.13379547325614682
-0.6542438876625976,-1.128218125184444,0.6363240367729556,-1.5997898044389791,0.6607806318755037
-0.16789258954593844,-0.4550071868514064,0.12722701979293022,-2.0773435953574753,-0.35626092051640057
-0.3168744324696146,0.92066837012759,-1.8632438986418687,0.6972589351550937,-0.5830569474637789
-0.010393871916020847,-0.040600423856424754,-0.7534801751821447,1.9101810842524418,0.11974669342436069
0.9851067568959047,-1.692021884330602,-0.9005035017305364,1.0805931515867617,0.7644058322470925
-0.9327468301388562,-0.43653737512610374,-1.54313564869484,1.435311814249449,1.449261938048921
-1.5365803391257955,-2.164586889430345,-0.4860923695045032,-0.29490621748038204,0.4522409792938037
-0.8805695268895135,-0.20621102690796012,-1.8795952556457218,-0.8506997768738531,-2.7681246739982397
0.6972829615102681,0.009550057491582647,1.0518078640216775,0.9698202133897539,0.2540669457255179
-0.8773043296017801,1.3602537164985655,0.8595140676628081,-0.05516245519250182,0.062287005697629225
1.0987101947987943,-0.8642194437128062,-0.1374333795975499,1.9342821170100202,-0.5260363636120222
-0.15779817472378954,0.6845048069313098,1.1376090945129607,-2.4130298724459167,0.5603202091223773
0.42892896859546525,-1.0173493463851597,-1.0662244828212897,-0.027711586750596456,-0.2109345460572608
0.2918598454160452,0.09350709039960382,-1.0609127775070089,-0.3482431447023762,0.8038073192330966
-0.42476893479015754,2.0120426423254973,0.630028730066989,-0.23902876344549745,0.2343113040013189
-0.3412536093583749,-0.5838507335872658,-1.8969735771356593,1.2017504559561272,-1.8652525704149014
-2.380890907105995,-1.037735651045367,1.0289757677297129,-1.521503048716461,0.7237023534128161
0.9842307804124075,0.549052300982686,-0.6664356010409145,-1.264182779897632,0.003270159927884645
1.044692121399349,-1.3985359156755761,0.09761741918206275,0.38793009014079066,-0.9505853975810664
-0.16609681104766624,-0.8720023234470403,-1.2193614004090767,-1.3336197759993236,1.9091652527775052
0.45206466285148456,-0.1551243786963813,-0.3109751259069844,-0.1873533318618144,0.21524084089794934
-0.028964061186659448,-0.04037014457781107,-0.825739781479274,-0.5889561367568588,0.3898176720347407
-1.134742007551231,0.6875641642944267,0.7917811090311389,-0.027566360351293066,-1.0784442457744254
0.2902008927576965,0.6589864381581718,-0.3004514613012675,-0.2654146223378815,1.487525951802895
-1.9288845833313257,-0.13843845375875224,0.8334107001126906,1.2970595958964046,-0.3814378318809041
-0.7608426065200885,-1.1823677690783148,-0.8064795553106445,0.8364312370460918,0.06823216876485862
-1.8606225914948495,-0.6600417504252805,-0.9722325032876077,0.7692624739845548,-1.32427902481226
-0.8758889590668109,0.576416075916339,1.0981724697533777,-0.5216042616389396,-1.5268602214217617
-1.4904233752892488,0.7725826585074312,-1.9375117678369493,2.1847565865730667,1.4288068651363675
0.2150840410709522,-1.810108579585678,-0.5573779294607483,-1.7503532086076024,0.6247079352668062
1.8402964219596083,0.5420955116099008,1.4252129724068654,-0.33259287053065556,0.2535787242389756
1.3864623592269665,1.0244415442471841,-0.5679825921651657,2.0066469052608036,0.15113649713751853
0.11967979289618444,0.838382475873888,1.511998596161287,-1.242912008226637,0.7726496024915764
-0.5523884314309031,-0.7617851542197132,0.6143199091326768,0.4670376537539946,-0.22354825846343135
-0.9465483581024341,-0.4287531328071914,1.146147423537169,0.44905173995297254,-1.1679293729168274
1.0448337838137849,1.1409058684736004,-0.09822071003471006,1.4160759335027862,0.2581969328928719
1.4865775555727416,0.13014760399331085,1.0140757018247308,0.3481626601651317,-0.17898113451159442
-0.48208492954622684,-1.029786763153578,-1.893300613089611,-0.4951657008950716,0.9373179479314119
0.6352140280215679,1.0037176427397205,0.9391598020797788,0.2773059553771932,0.5953932903728709
-0.13628583377360842,-0.8796093022776695,-1.2119390767471623,-0.4218904860985264,-1.3813272792689955
-1.0877021821556327,1.2546023915605433,-1.3054249513065066,1.8850527081369741,0.2691512600506179
0.36521383879552943,-1.7860730990934177,-0.8485180401394767,0.5353791692486304,0.2554964468001983
-0.05109549022832392,0.722551701454455,0.8731480414786884,0.29281522192137605,0.42001031822858736
-0.2287979826241346,-0.37950709696837653,-0.6966369093307858,1.5173199067762018,-0.8692453418363147
-0.5247879059589284,-0.9230428423158875,1.6599485111674372,2.0149430420924297,-0.7776365603927456
-0.9565016901439344,0.8538310616653393,-1.2912360063741286,-0.5277150228869233,0.4732054321998853
1.0983111366486356,-1.0326659588174916,1.5460108651327484,-0.7854803466786716,0.12793513199840342
-1.2245977299671578,-0.49629255572674164,-0.5048007063118891,-0.4355646632659661,-0.8966400439663536
-0.24166377566030078,-0.8609311981832497,-0.19209518282132473,-0.3493636471739951,0.33781167381542304
1.1534722984943035,1.0148867704435984,0.9318959299920927,0.3250216428116776,1.1093776287266368
-0.4317271474018166,-0.6089925001366122,-0.24184787020378978,-0.014824434970899894,0.106207966313746
-1.0902241988770707,0.13602859693338984,0.29934575251219014,0.486140356767562,0.3131798037092664
0.679212451915452,0.25732819149762876,-0.01963239544887599,0.1297342015964831,0.6852740436349791
0.5374173682364868,-1.5181055642196863,-0.07799034736436862,1.4854904921806056,0.3369983104720595
-1.983020210664122,1.4862557358960977,1.0532822155657557,0.7106979357162808,-2.15541720686244
1.5354481236367683,-0.37134827262802333,-1.024760103977743,0.5841251393281865,0.497178500850159
-1.035392336092926,0.6760049222250829,-0.17267625021817656,-0.9514002187196821,0.15779258975394933
-2.0722073532498437,-1.7879136126317645,0.7968129377329175,-1.4168970202225846,0.6518049514460719
-0.5676893085740925,-0.4692319463187912,0.1552102192836009,-0.9128764865492407,0.3860843478919051
0.6601492939733531,0.6968749401762658,-1.5356294357646658,0.08016557858997342,0.041583642249608165
1.379642067586769,-0.4035910145357754,-0.7056777561010266,0.5420645494654026,0.18066404415662832
1.17662214839913,0.41419038112040607,-1.4639660312226106,-2.0027148073137435,0.637241850461117
-0.4607822884428585,0.9202017750269531,-0.020907354677479662,-0.4087560507813099,-0.8137174740944024
0.7191398569847514,-1.4070140937138063,0.26425232304316015,-0.6855429134239963,0.026986788523593826
-0.786017530591251,0.9683812307188934,0.15537133582788337,-0.938367991656738,-0.03786800848770852
-0.38865159873221683,0.2085837610553422,-1.1363842865181029,-1.3268906156960365,0.3197729684779085
-0.1342011026809336,0.5520651434183627,0.0327917236884479,-0.6293997678644534,-1.3876024955103108
-0.09644120470506964,0.26855203630916896,-0.35631396897312784,1.3450406752604338,1.2628043711899932
0.688364053547414,-0.35192404927886667,1.8919791760210252,0.3198072612296325,-0.2002426219366181
1.2014751394636405,-0.4086390029369874,-0.043299373591146675,-1.0641204670374091,0.9900194196824109
1.7712522378583777,-0.9647272617419772,-0.035442236753558835,0.8210735681660661,0.2342754237173602
-1.1750926324647941,-1.2435538840119251,1.5520069855734278,-0.03953573506443753,-1.3463052885129163
1.3290648575731712,0.9212914431282317,0.3939759337714924,1.1401097942983154,1.7554249000545217
-0.7381877820082006,0.10003269018714653,-0.5330385847700386,0.2588229600548108,-0.7440978950529015
0.8214742747031257,0.4543319206958881,0.45326617792268337,1.2446027498165904,0.7421605079153506
-0.6703140891120253,-0.3165992771485713,1.2140885445755754,-0.4138538270348692,-0.290455327464469
0.9826903958054104,-0.0034776699156239513,-0.907475677704207,-1.4440611744704004,-1.395482146445126
-0.8221543938886877,1.625470245318829,0.5361777011038265,-1.6992786640600746,-0.49278391450550413
-0.08654155653020353,-1.0752900699900538,0.8846489246674264,-0.31890294837104394,-1.1381778632185056
1.7238348173916018,1.0132048832073188,0.9654489453042248,0.4125810586177871,-0.43046399794009815
0.9678085321323339,-0.3361077050874213,0.5886448588702731,-1.367609683749314,-1.7759279422817105
0.02310717565984208,0.27542000607745104,1.5742497040651773,0.016133015922988953,1.7180798141951243
0.866567611362136,-2.503871788451744,0.6007885205180022,0.2423728145419052,-0.14152187580684988
-2.1991891923897553,-0.26950305296825994,-1.157013147475328,-0.3182116625206187,-0.3794814982576273
2.256685299650289,-0.6912476501606722,-0.6409649225661765,-2.8154701525629933,-1.0728949470626228
0.7570816021763591,0.012153034447791058,1.4143704395417915,1.3511213700961113,-0.9264174636355776
-1.0536610983760706,-0.38429178979470885,-1.9362508949187016,0.42124647620967404,1.0787115680232826
0.6637809198620341,0.3642765341578358,2.033412169821467,0.7750400292027231,-1.015921717244659
1.0147137528632724,-2.4265312302398443,-1.3166620448164377,-0.5458043258221791,-0.922706961044626
-0.5806772195361858,-0.6085737225983471,-0.5080872619630908,-0.03381226263683552,1.6475530466345856
0.18254474527223,-2.2204551375699073,-0.0812968322485928,-0.37729448595168713,0.31331731049833766
0.6729007094489666,0.07086880656448405,0.934611719275819,-0.03177198494667992,0.9869408171592515
-1.4349657278417454,0.8598516941923174,-0.4210629373618771,-0.20308944941738236,0.6154879327881267
-0.12373397901276757,0.06323239255315241,1.4445639216411312,-0.8544203969018692,-0.5438909425791428
-0.5856200328445643,1.233491779937093,0.21593251567301253,-1.0867952312312734,1.3738665109614576
1.8205294034159039,-0.5187831605418977,0.22902605416915653,-1.058272922648176,-0.5174443305645979
-0.1685393822943264,-0.285391124467255,0.10566681332655596,1.1526460438216946,0.6001169187043237
0.3058547107542939,0.8990945655448485,-0.2584468888120849,0.5842078608235344,-1.0639954234076043
-0.5188421535403417,1.4620929044060984,1.2261753341538875,-0.552281112303977,0.5047415828365747
-0.5326924037564018,0.8389017271660327,0.003711894109810076,1.8945846264366677,1.2071356709500904
0.45955077952736995,-0.8457746562455718,-0.30917887651827103,-0.01063132245998245,1.4126896213270028
1.1728072692174962,0.5866220306043433,0.6041299835329355,-1.0164752831495811,1.1251913391433166
0.8535174630772405,-1.7370176759326634,0.5834726639274886,0.6767254393899019,-0.4620941306300079
-1.2187830031056557,2.0958590359230325,-0.6890529683994568,-0.037825643867257085,0.46530718138682076
0.3514416358253569,-0.7914604444311331,-0.5632311855512538,-0.250846855053435,0.6548543363130571
0.30116914481325213,0.6441351327773364,0.017250954912407825,-1.306320416775091,-1.4315901507226745
-0.022663138816699114,-0.24554314041172842,0.6431501066241497,-0.7990107140955712,-0.2698245577371933
-0.7193753525899004,-1.250047994362236,-0.3235629786921273,-0.13954528666302193,-0.00012832136094821842
0.7829213238465786,0.595151607315804,-0.36554742456167516,1.3577360289378582,-0.3304349347947284
1.4987467799233558,-0.43727059802279183,0.5100772536550063,0.5276374211914324,1.5282408874336593
-1.6677840949608513,0.48341553678939003,-0.10503647571635381,0.5706091851542026,-1.009583510008246
-0.52778484825349,-1.520245152926628,1.33872644317313,0.3732463074073248,-0.8433853905218105
-1.0757590999474576,-2.014265596555803,1.0923858859457212,-0.5788067489764581,-0.41127381973671817
-0.4691718050891248,-2.754099054223659,-1.416955902729015,0.13419161112573444,0.43784666922415505
0.2308294745330114,0.005550034457717003,-0.042211691681638804,1.327277385882703,1.141431964858841
0.2893365680701171,0.18185516160206644,0.21512262590482367,0.8623401019384264,-0.5954667615778758
0.7400673728524411,0.6817486375338083,1.1406467302014915,-1.4884246480471215,0.6477959715258285
-0.14009453664222352,1.6471298446860292,-1.1305358946164028,0.7667649644344569,-0.34196587876314216
-0.5875267673453486,1.9073698130750811,0.026278788554157852,0.3586198729797851,0.21581505011462712
-0.9298505305439684,-1.0313264037001761,0.5793405769904271,0.3718125930524828,0.7069064548530376
-0.8160316218596799,-0.7261187233949139,0.46825112518770723,-0.6510686271663522,-0.6446695444176211
0.05990515420579153,-0.6260487960231781,-0.06947504163940767,-2.630510353887696,-0.2562611210941293
-0.8298336110857977,1.2111975677899418,0.5776576473127161,1.6059902404844308,0.33760339023356256
0.7122558338877386,-0.16063324994340297,0.311038473680586,-0.5170030817746932,-0.769151594705735
0.8103269601070409,-0.4427582291914355,0.6311959184408074,-0.546451320803571,0.45215701879702425
-1.0301894189118554,0.4410926933816015,0.6724087359019709,-1.0419291003534634,1.4542659637733653
-2.0406302648650927,-0.9620589033034548,0.5202088598098291,-0.05689235180559845,-1.4477064209233486
1.1229186108283413,-0.9012363249982047,-1.3694613305443049,-1.3328580761973168,-0.7617800728675438
1.9712231623542316,-0.4911111040759261,-1.0290415879256922,0.22182444890723876,0.49045402637916347
-0.20009102784721486,-0.9544822448523038,0.7827769823351902,-0.1787284315229503,1.1373388863274114
0.37115899609055125,-1.0849408740938746,-0.5110478217873999,-0.5092747080334232,-1.7964912176785053
0.9129462310811703,-0.2752152512586433,0.620155849113003,-2.1074754967322598,0.2973007068164921
2.0516934450616753,0.05074487175103437,0.4770269033834358,-0.783870359523477,-0.0477838235958663
0.08860756861108611,2.589069935096405,2.3511696776231212,-0.5035169297966698,1.3262761184537748
-0.7575076552853393,0.877750567177849,-0.8849531710557272,-1.459433439724996,-0.20455940529561634
-1.293031797383682,0.18468723794165298,-1.8638707506634797,0.4660537789067275,-0.9302988438872595
0.7454080203481446,0.015207734228878708,-0.2947304142582371,-0.8854315642113385,1.902971883246377
-0.34565990916573475,-1.5745897313711557,-0.31456302128323776,0.4080034077778436,1.054808927865163
-0.8752347741107183,1.8250486605017882,-0.3904108669406255,-1.1361607805216551,0.5586353313592032
0.36306110879517595,-1.3985983896187393,-0.11763454943011382,1.0179694354155195,0.23854431116603955
1.8797936680515048,-0.09141509048661595,2.4699918567554966,-0.8257092869123074,1.034608977557043
-0.5924663165847668,-1.8046127250096808,-2.0164019986769945,0.18229157567441573,1.0146784155785025
0.02232016675671469,0.48243563528036826,0.6931759709327691,-0.4157632091566033,-0.18445862875476868
-0.7187932295414886,-1.3854271207066682,-0.08465807423223495,-0.23461095159299372,1.7808496292291742
0.12574116020006434,0.22920043222500525,0.23765613793240487,1.235482813024784,-1.4538042598140464
2.401990410609741,-0.28924618049617734,-1.1911713867490639,0.6951848805576444,-1.696108610660326
-1.7202979087240038,0.6339193975460082,-0.695678864982214,0.3941203519952651,0.6804444339500123
0.8750024830328759,0.8820487132086244,2.181618596862353,-1.5241386443401508,0.2311194841517015
