-7.7952418492223705,-14.032802792556637
19.311639763918997,4.791261641907019
-10.16228326152015,-12.95443820887965
-1.3323509178099733,7.2844586283029
11.76670242210882,8.03575110498385
0.86601173774653,-9.959637135527732
0.9485578469351728,6.41040518494509
2.5170690711754045,-15.767652501313567
-4.804284946732377,13.54972322372701
-6.552744954900182,16.191899946738424
5.384397075771852,-1.5855781000548737
-5.618304831103128,13.069158230647824
0.36519827816920936,8.428847648948388
-0.9176674301570653,-2.1277474831145526
-14.45669928872006,-1.820669112326751
13.600434348929419,3.8509249514465465
-7.709350610670417,17.001835694548372
-6.789838456505805,-6.945979731556449
-10.81364627801565,-2.056134849110542
-0.007146709019979713,2.207991736453856
-6.751084972069441,-6.647486172556308
-3.889101324789313,-4.420399045098801
3.2170157762186093,-4.1058895581281165
-2.926168572608211,-18.25087426800268
7.760513485870016,-11.326558706320101
5.612353059234712,-6.940647214318741
4.1691582298095335,5.015681205302414
-5.905518165246814,0.5222582238143687
-7.454765803317254,-12.585425599446701
1.5709649381687893,11.416523680591546
3.0431168125511503,-1.816622738524302
10.487969306014149,11.178259326547298
-2.391342001744695,-3.245711881681725
0.860557854142223,13.203372483508698
-6.882462252239684,-13.476489921198933
-8.117352777051604,6.270576760889282
7.073648866376276,-5.794909409296509
1.6144569634169352,0.7471005110324926
-15.471456924482169,8.784766070366967
16.608337651008753,1.4701694310567799
-8.430142940944013,-5.534524524361761
7.677186800856639,-5.702150815484902
7.72228685330807,2.824473547811972
-2.753236765173516,8.207114380366844
-3.1983700404984514,-6.273506514553926
-3.067190852823239,-0.184953563144302
6.125651174458877,10.35711600059113
28.149916621240692,-2.3472227073689145
3.374254498570112,7.651217971232037
-13.994176121980207,-0.5656153693314261
-7.06304672661818,17.415419458973986
-18.553256013265425,0.5432720521340686
-3.717187896230215,-11.115283449403274
7.083631322535052,7.362905789221072
-10.284646552076014,-18.51705935360289
-7.941113594614124,-5.438996448910873
-3.7536350756880337,-2.6361406228755815
13.894823500567195,0.9759188728078385
-0.6306923760001899,-15.8935442347473
-2.8551854166764805,-1.3917138111694758
-1.6134063097357894,-3.653938938703254
-0.13230776286656898,8.177255972798003
15.015536191901884,17.67260223153489
-14.838699808176038,-11.583317260474013
2.9826936649307694,-6.860191712194842
-7.676197528835019,0.5853676316557899
-7.664310610834899,2.3139542281722503
5.4335337249626665,-6.103989243624692
-10.659028210363465,23.420675904112933
-3.325426613667343,-1.1565458285289547
-4.433928697943886,16.80109940234776
-6.740708307605926,6.708401342294192
1.5240447714700998,5.057349576869329
5.202791187795466,-24.088245472332687
-2.773559039504227,-10.668198015455292
-15.390282476568585,0.515937266575992
2.582541552698366,-3.1350768132106435
4.489679432745767,-12.172382345578004
9.333959464331619,8.341308172456507
-1.2363714287384253,-0.44973666553445124
1.550590603000566,12.294485480771383
-18.03765968649725,-4.695603230797972
-8.449533839579477,6.247759488501782
-7.627803156010357,-3.4824179816064875
-10.821604433555372,-5.10381932250483
3.8229900055227635,-12.799359770904413
-1.6794219388726246,24.065072568376266
-17.71848027718199,-4.309825959781914
-4.756945317130734,1.5536568626663187
8.233978661521325,4.508892878599409
-0.21776063264202694,13.631353922974837
-6.251949616994447,8.152838054004064
5.368551191284292,-14.852034948031655
-5.681057126737647,-25.83781670862629
-7.155150772549135,-21.93429262470892
4.427422328337044,15.227680690656133
0.3441044329630496,15.43463330038161
3.4782412351258163,6.0426457080347555
-1.7675259979233358,1.088902762709698
-17.140003019344842,11.751210689353647
