0.511834516083855,-1.2367165094564079
2.113780326462128,0.4575352834966191
-1.3956403990379616,-1.1042304744493485
1.3979904278229014,1.135803551272675
-1.1350460477601114,-0.46549103875590797
-0.16759332112845135,-0.3580659327338011
0.8124555130600428,0.5732662010373213
1.242060026865058,-2.050699303185594
-0.3220607817420957,1.1677874570458047
0.5616726442749007,1.208755261151004
-0.56050128292929,-0.8903063842343906
2.0989112349008394,-0.7193842488563069
0.33140275184893453,0.19919370603267883
1.8866517148572997,-1.393255693353371
-0.5064880827748347,-0.5473481026415244
0.8969843615724717,-0.09640371906383677
1.2007304805610535,0.388019164194729
0.11706387076003454,1.0523813372754824
-0.570980928610005,0.2947302582900545
1.1421672383144816,0.723021558988926
0.391609490742311,1.3243241089040096
-0.6363323291127224,-1.142920436405964
-1.8443819884088355,0.4988505053111002
0.9693263485316983,0.10658457484389007
1.6067725364521899,1.3015952469803178
0.9755454238104743,1.2369675017526913
0.4090468634454099,-0.2640021562508273
-0.12809309261751142,0.2981101721935816
1.0813535221854016,-1.1396218374440705
-1.004796960394929,-0.13905286128056726
0.6828711832226315,-0.3931027385581509
0.6998690447825376,0.726871845292956
0.3300051777074209,0.4510110374320807
1.0622098261864024,0.6588631204575567
-0.5578980833863332,-0.31564458955737
-1.005701615406573,-1.6692261043692016
-1.0303166583337013,-0.4531373340564655
-0.25342443720841357,0.16332450421977107
-0.6561734039292372,1.1493976139940154
1.1197396449563735,-0.3705806968770702
-0.28979769195282634,1.170632874261236
-0.681565998690006,0.22828568424723905
-0.9033212152450278,2.1226489882263784
-0.8777770521347015,0.09975011016923169
-0.45791540024516303,0.8163744630370348
-0.11953387172645558,-1.4387695812913308
0.029685513466246524,-0.20216597540627476
-1.2251582322737922,-0.051753403994254175
-1.3475916675093103,-0.018422548055420762
0.002940353463455601,-1.4288265399239934
-0.37734226505189306,-0.951723379610453
-0.10511351962200453,-0.8265927249529593
-0.556271693253687,1.5813579174934382
1.4930343827270334,1.0847272665004437
-0.3838610562095474,1.9754756309216506
0.6146713506976895,-0.6080670242523376
1.3247063883889851,-0.5086957923269374
0.04406472813975488,0.5933523295538525
0.7164508715019727,1.2664065866434346
1.0846327559976257,-0.9282450961230607
0.3706338213826396,0.5559037213883145
-2.431215859377141,1.0660352179227852
-0.003293215554408543,-0.665158406571923
3.3182113128865454,1.340842809125678
0.6028822927759336,-1.68152839019021
-0.9012043705907369,-0.25669093741072435
-0.02289638537535635,-0.8605842388551012
-0.762237872210295,-0.7019327837192596
-0.12688116292756918,-0.6318529918040332
0.13053639263443018,0.07986379531525983
-0.3610344866130008,0.3808298709586679
-2.212396010259193,-0.1838140935423253
0.7354375647393288,-0.9473199508100535
-0.8104244081325395,-1.1663858663999274
0.641996048753522,0.5984587604062577
0.6899783593567378,0.3751564139789324
-1.0613013111029863,-0.10318890229238396
0.432634846313501,0.2668828170514852
0.258540749669982,-1.6475155893170903
1.2744035068502946,-0.3483804050590613
1.6929043951398168,0.40922254151001397
0.3000381086514329,0.26948351051042946
0.14294047048660813,0.6332939253011213
0.9628507409574959,-0.4229752975401038
-1.0533648957190531,0.49042570559657245
-1.2776079832698537,0.18065414838131447
1.8371975514623213,-0.6206367547421083
-0.9155988939954716,0.9544874257306748
-1.0147809751892416,0.8333120310874635
0.2366298968807073,0.5287332598175998
-0.08257800468026805,0.4652548220799088
-0.05494176472809745,0.7017449029915462
0.317569581768387,-0.5917101089541682
0.32329612923216977,-1.3864280641674178
0.8306462999500768,0.24614419743033378
0.3631957069528056,-1.1597170215844292
0.164302398590856,0.7496807529885201
-2.5374191753103434,0.15480308353983246
1.3511101077503576,0.28305219543909765
0.1507595682685719,-0.8906362743105067
2.0868240042585198,-0.17361626422705204
0.45516317329420136,1.7386901614257895
0.03843191638428296,-0.01989258283772404
-0.6411187860214106,1.1692209364138098
-0.5518628958697174,-1.5345443659001183
-0.9360060883768873,1.3043626646200983
-0.4545663793672809,0.7345338446217851
2.0174906446905125,0.44636648917885063
-0.6182962845798834,-0.2869851751266035
-1.3582500254797736,-0.6363676612865989
0.08941203947792582,1.7028476052100576
-0.7897446006377108,-1.5141278841475194
-0.13039355589581084,-0.9599960109974243
1.3850579407440404,-0.5119074608701772
-0.5798052604185162,0.8333033825374075
0.95671477409609,-1.6617281525503056
-0.5768598526738767,0.4332636841731629
-0.5477273322393149,-0.0914853404309536
0.8739217628147392,-1.825028585862804
1.011173164484342,-0.19536226943831303
0.19706584933165683,1.4898841515172434
-0.3192044006450027,0.14359654500611074
1.1246361022412719,0.7170411600168897
-2.0783250878712107,0.7741429895579999
1.5505705706663995,1.3738369797287877
0.8472921328801141,0.04138904670409156
0.27791984813462656,0.4772187934191216
-0.6207969649226398,-0.6359822326367486
-0.11384560468376376,-0.12256914250095624
-1.4490936189204044,0.004638787265076202
0.44331091302442605,1.828152190799622
0.2425286050786608,-0.3557280307717012
0.4397802951363083,0.3091835925913182
-0.7452178463144269,-0.26062555001231336
-0.36795977181547884,-2.5083125167360376
0.5171316842749816,-1.0265531157521062
0.39442320599890224,0.28580880871648623
-0.46320953832844014,0.30938687222144534
0.72393652805178,-1.3504971672909583
-0.38203859371938503,-0.314983524136667
-0.16200664438820084,-0.38604934025983867
-0.5821338019402675,0.9228266223051336
0.23446990973055043,-0.12801643268427412
-0.9374986755695733,1.225479928571646
0.12493154374091761,0.06736967530525112
0.8759134069148299,-0.791602492663124
-0.4843739501141359,0.7727311725501652
-1.9188708067844258,1.0775246258777105
1.714292593938435,0.020322449283018247
-0.36850387576606786,-0.23183026916880878
-0.1279461225100755,-0.2272020340564892
-1.5845073139056618,1.0794051484444982
-1.628750357811005,1.1844698981560606
-2.315441369905867,1.5925541363272553
0.43379519393954247,-1.8441885012063812
-0.35021488599526224,0.6262637079139629
0.2878488124279594,-0.8816347875214186
1.4531862159261824,0.30388122263692474
-0.20166642478757985,1.1400055866340895
-1.0295279108910216,-0.9069934024349563
-1.0474998155033326,-0.24575960382726902
1.7405771884798766,-0.25719600030281237
1.7167486493380515,-0.6574340153299703
1.3714946828472918,-0.7906485668004739
-1.017545008364956,-0.8026892571907062
0.12045392082821833,0.4678102327985781
-0.045055613497821806,1.563368384288452
-2.3542163309953335,0.9951782823847098
0.9401641299588652,0.8056667839359246
-0.37957726005701153,-0.8694852186956873
-0.7175557948110671,-0.17107629089882362
0.16445993293137529,-0.5517167959101796
0.39411922267264665,-1.914952786500486
0.7803129867242339,1.5755530225572887
0.9501776244062494,-0.35936759051040873
-0.16869498444313027,-1.0482698226574372
-1.4014192011985718,0.18926037333142973
-0.1426137846999582,-0.2724236909584426
0.06426943210748814,-0.7028235520183762
0.2580628584816772,-1.725318373239488
-1.7579455224748821,0.6245754152530483
-0.124833049615107,0.9589998048352962
-2.1409992229744255,-0.9327834932651256
0.20984695303400444,2.411567136587942
0.16948466252714936,-1.2373686985435166
-1.2726954474145171,1.5619812999613403
-0.753556627188799,-1.6997650892612937
1.396130558661157,-0.299213625658189
-1.018394535135562,1.1742082868868688
0.5077549363265386,-0.5713030792595583
-1.4950511912369697,1.5413525875158984
0.1229153102010962,0.05082414255118092
-0.5780069711080349,-0.6388440748896612
-0.5743566116328456,-0.829745447298771
-0.886513433339794,-1.364563621662799
0.9520976889022562,0.5577480530266653
-1.4565849382285343,0.7724032097691724
0.05911908222044943,1.3332919225131759
1.048720981924228,-2.7127661664357694
-0.763413754192106,1.9154614521990245
