-9.398311334440258,7.681229206433805
9.084391763659005,-13.928917762051935
-2.0802867031098353,0.10792181325168615
8.635686782910737,-13.651580350829242
-3.7725584324315324,9.35735350590365
-5.017972586878234,11.913554222333145
12.331383769789142,-0.3718010833919374
-4.085673531406592,3.827672808014685
8.044549406216122,6.915428883732443
-16.761535793744315,23.274813887480505
-5.9272322211625506,0.027423653814133253
-23.090531189378304,-4.558323931625707
23.19459137802805,-3.8624826581948195
-6.663482835566254,-16.873141591699916
18.57285296914245,16.016603235337783
3.3442180510112767,11.745616337130269
11.543785227169366,1.3339965362794217
1.805875666473253,-9.05173492928236
3.529561736656907,-20.123308814780685
-8.262545885651953,-2.520679236452331
-0.30097299052149706,7.670147852658005
-0.8623694731874254,-3.4705120912300425
-0.40807452696196655,-15.7529966648173
-15.429149202253747,-7.388232574041769
11.844974490713046,2.65976816761452
27.183268477911234,3.001169112240197
-15.837932222784314,7.294853157782436
9.936278333224601,2.249164938628561
-1.1930327572525963,17.15569529643354
-13.08846246785019,0.928215229478903
18.174238725361022,-2.1932412748439645
7.400000695736036,21.20923290691988
-5.844538771131569,-4.324291414722202
-16.318235114279055,8.546291269469858
5.5772057705255556,40.53877599124053
-23.03457667398072,-0.48843030267069043
-21.76294945882532,6.698324235493754
-5.609193977275764,-0.97888708400825
5.431868035654661,-4.6551759608482515
12.1179321026198,9.243487070203198
8.77666282247408,-1.7640849135270393
1.40883136522049,5.65181563138356
-2.755640891684089,-13.762932159890138
-6.320177407121472,5.734303435575821
6.800506486807272,6.537065325588781
9.195657024056754,-11.672068988039591
3.7635921926127667,-14.158935372718807
8.253256194326642,2.4762144033984748
-11.739869552633106,20.19025073627979
-8.681855091596978,23.15516002135645
4.484567943315964,5.733823018235245
12.496751500632765,10.447035304073614
0.9638082364900746,22.217673363959044
-4.76567766227927,0.489179272266262
-0.9127369499490191,7.218009771917419
20.29001035032634,-9.040267573549713
-7.533263760823036,-1.911784487318248
11.869769609530543,-3.3286150163021784
-5.350861047108495,14.233349590599492
8.406040348619726,2.939262912337516
23.497943744799475,17.775740398209674
-22.561008132954036,-1.4199829627770444
3.71518222841219,-11.42910764815838
-4.379870353483886,6.619405167510523
-19.247712660047437,24.03623531542518
-13.64716476508262,-0.805768653415706
-3.474050316004023,1.554170704493191
25.048215632609494,-13.335119567815283
21.208731317701673,14.80558648240323
-12.541886118966724,-4.097804227208626
6.584981975534964,5.1317418674707795
4.713824223753299,0.5105974807605943
-20.738241787310265,-3.4110284925540313
-1.3510599199890745,1.8295969406116297
10.850924629282988,3.240254897901706
18.915778416520222,2.371618414174789
20.713677301852396,1.7568443793179944
22.427622234630675,9.529955160413017
9.722536383846577,5.999531524501465
-6.898690229335102,2.412575736589895
-3.6285911858120574,3.586596888518984
4.957502576824208,-5.096687477644981
-15.869077026614251,0.8199842389292034
-19.28043641469741,-5.959852577457842
-0.06429512015043048,-28.893140634623244
9.000395128688302,13.005814414266933
6.841458509393461,0.996396468526576
-4.68310742269057,-2.1343333919759964
23.050032024925653,39.9079309664711
4.164664726630984,-1.146714267684671
8.965913059727331,17.202608743454952
14.34637476746581,-4.0113310309474395
-0.057075996532820694,-14.216505133524254
-14.500369152898696,-4.430116664720506
-16.820312931036725,6.436354868152094
-4.069273096559348,16.751118213925018
-12.621464714445844,8.450930399410387
4.302450054376145,11.165859817617243
-1.166453003656307,10.486353181776671
-9.728447715612784,21.45077492337951
