1.3461720307019127,0.25024444587077493
-2.134274115676452,1.0646611748630108
-0.14468450515982076,-0.2825005155073172
-1.0185176650810488,-0.12771539909679558
-0.8350085294489753,-0.711517205700846
0.897527954483835,-0.2503793037849044
-0.37254155764592717,-0.07178075073711966
0.048408244988782705,0.5061935106176192
0.8411279814807976,-0.2941239221157851
0.9942096782017978,0.6969482842142405
0.8767208175046733,-0.7572855070754059
-2.089034110198622,-1.0358571586127152
0.15015590032826406,-0.1803624843985126
0.1860245707973389,0.801154426832506
1.0587729488947362,-1.2935094128928442
2.126094949544875,-0.7496053528378189
0.04229443679195621,-0.07586326245450291
1.000203400695624,-0.9578178055901344
0.16961830253950466,-1.6656743753139331
-0.7453052947477793,-0.7926709859016532
0.8545687388261346,-1.4679684852273414
1.85008556019942e-06,-0.16173091036003737
0.6374214238724203,2.1495140889792
1.01689168078124,-0.3315437176443047
1.2970149304560359,0.5287185841317814
-0.42046026173435375,-0.6057781068417952
0.3031687367375612,1.0177862604301706
1.10833241354569,0.2815321460978153
1.1164377534024463,-0.28513693341320534
1.6156483575636826,-0.6729452649531331
1.3839965726674766,0.6634403199885076
-0.4405120986154915,0.09593433721365506
0.3094283791668787,-0.45154687068067617
0.7178218069206349,-0.26977510036447677
-0.9477746554689572,1.296447036577896
0.6640498617375279,-1.0712423425373538
1.623880533680203,1.4382996715545437
-0.24640632418582722,1.1466931429837737
0.3905423067297034,-1.275075448734201
1.1452213369981306,-0.9653117577546193
0.7804499721892202,-0.8040596658072119
-2.357564651997442,1.2478237300266735
0.46550934504489655,0.526441878141477
-0.9953220955866796,1.0603456754193352
0.42275390987534806,-1.2688911692995102
0.9817702223935113,2.1443145842234035
-0.8575928877217148,-0.39174022234957495
-0.7664946753959002,0.8926254298815088
2.852060983846168,0.6751462575902223
0.4977169209797805,0.19955688526878562
1.3080010198361527,-0.20957640767563465
-0.19588553043143958,-0.03310352440057274
0.48199577946777483,0.5627932147664848
0.040412880890809674,-1.5150625586859485
0.7404185262841182,0.7095156687547882
-0.8942503923341142,-1.0580940682550293
0.6286738268054424,0.8383539876256032
-0.09206354937184548,-0.16125041378039187
0.4671948230224043,-0.609560187599858
1.4730202394356495,0.31953676035618156
-0.7848754294168827,-0.574009628949913
2.7993108781158935,0.3843228592390961
0.03654698485541207,-2.918877223452403
0.15926182625037416,-0.6455782614139571
-0.3085799473759185,1.616963193428974
0.47389072314754366,0.5189283478328581
1.8998300147381353,-0.5782906633411331
1.1106075447080017,1.4746889724813257
0.3689137074581434,-1.0325805982284975
0.20656882606136923,1.5774080557670123
-0.16496445412937355,2.3604734513395105
0.5131906487842318,-0.41857991938237044
-0.7236656075052319,1.7615701461845463
-1.8078068768429474,0.15897736807061866
-0.9515179383744572,-2.285672321363815
0.11426079716224495,0.12365534162416417
-0.8683985320260756,-2.4142279770643027
0.007028075047665073,0.7496594417817812
0.6614004393393377,-0.15706161453254772
1.5585711116014964,0.752259701679781
0.15921759227477184,-1.0070551443250142
-0.5334868648232285,-1.173923536289883
0.9588007466126942,0.4655165567357006
0.27420880894367156,-0.6753367150418216
-0.0018163282913385554,0.9237151874923695
-0.9917809542432767,0.05043014614786501
1.5017917512422818,-0.5741547016530839
0.44575588489151535,2.9214639734249435
0.7041778757372942,0.2187853411548134
-0.3775773108670774,-0.07228710047622659
-0.5277267216707688,1.0951087931846826
-0.9870040293467319,-0.17577680761377493
-0.5454579365977966,-0.15855864546153411
0.32856810694150107,2.0132646654580157
0.07265598366968253,-0.9012454393230507
-0.4738785634522813,1.525828064923403
1.1145759615684026,-0.44234544565732536
-0.005171309822959075,0.2350562134206372
-1.7635921393851468,-0.6979252075729856
-0.1290532965911209,0.45158145675939376
-1.2015668558750947,-1.0582289853107891
0.3493221938727453,-1.7466376217654183
0.027925766048715578,1.7208285587225458
-0.5060296648507957,-1.1502543062990715
-1.4578339628953105,0.01808292134229365
2.0770650050887514,0.42862976852120277
1.4367940476820873,0.15968064049563457
0.6120739000775821,-0.1257910822254259
-0.11690897117855874,1.6014579194921594
-1.199952035469733,0.558208740917986
-0.9646694012691358,-0.255451329192218
-0.7493638377221775,1.1960089097131006
0.06882436432684995,0.4040159230752059
0.8598635931925047,1.942232080095553
0.08828446679515842,-1.6347718147620582
1.179764938722823,-0.16947823469078807
-0.4529769729166804,0.05139151494030599
0.4575981700580675,0.0005657636963879952
-1.1276679457030876,0.3400728218345253
-1.6797395179176693,0.4935821407159395
0.027382324222513924,-0.8444794633794365
1.701791859399628,0.27988848806568034
-0.9432180524723698,0.1726493759011024
-1.3383073977732494,-0.0735005887629792
0.8090311255144981,0.9625612390587204
0.34089624983498246,-0.27684791750096094
-1.134815506998264,2.196263137001005
0.8191725640836796,-0.2533915190592804
0.8394494253329899,0.9863643548075027
0.5247570095539118,0.5989691086498111
-0.6679501761268626,-0.6062010382025751
0.34024972221746574,-0.9615605904467688
-1.95201226569525,-2.4653162264573827
-1.3894146556323876,0.1883396982603475
0.9568901657223373,-0.8248169053679655
-0.05741827558955769,-0.1325134528988996
0.7359150383723135,-0.9936746384994909
0.7224207058190534,0.32693665985544806
-1.0993447138856476,2.1255960160902974
-0.7940367481844266,0.47846549364835683
1.854915292415503,0.037424187313598894
-0.400358927723664,-1.5755417127105429
-0.9879698562544657,-0.2607847329757455
-1.3798905463695517,0.6138091371104013
-2.010144936244953,0.10746726225331123
-0.832421412371674,0.8897407744915415
1.3478480620467055,1.5961578233286813
0.09209765297009491,0.5305395245552704
-0.5472718483604322,0.3626339787120892
-0.0888555098924911,0.24763881279544311
-0.7347016749327144,0.6350774352829618
0.3718587293851332,0.04772621424995594
0.5499700916960415,0.928124108533253
-2.7845372508561,-0.894025806606308
-0.5014233902240233,-1.7674148778442036
-1.6411260048837986,0.5675452661600565
0.688150469892566,0.13430172042626
0.9555828532540961,-0.3481082282484264
-0.07132351313185185,0.3140346052887554
1.1448593450314488,1.1778293422228414
-0.18792702737470754,-0.14550452478831968
0.6796083775542001,2.528299270999727
-0.9061879828337711,-0.27594977172246804
0.5280145475934013,0.22042375750942256
-0.3812334907768044,1.388148336555186
2.5435005058695155,0.1837109631549026
0.08356904773274608,0.980906807548138
-0.8179460821266882,0.6998091681283325
-0.41705097371023975,-0.7989337870870576
0.9397825184472535,1.5962174442888653
-2.005113061063056,-1.221384391253581
0.1442055798887578,0.27563367704637987
1.5640005047632575,-2.0563377868442614
0.17081871958951003,1.1664949845879775
-0.9371675835304417,0.7372806832926685
1.3315343332095793,-1.214561849435449
-0.2833739960216728,-0.597389665385027
1.839020092933998,0.9358070915092146
-0.31528134010409037,-0.5134013572581636
-0.9980738255854167,0.21785732361061086
-2.448873623787572,-0.5638509063071356
0.3751600748221039,-0.060467566460501374
0.7793761474596872,-0.11622209584637005
-1.2607170672315604,-0.5849319065567906
-1.3035898661436622,-0.5752160605181575
-0.28816114509157087,-1.0994775622423676
-0.03252361524485004,1.2623506911816056
0.13380318933589966,0.7293332401315478
2.2346528562761465,-0.8422310306730418
-0.9559614127514374,0.3491320414009882
0.2764656234706602,0.4728193847076238
0.7900462819606071,0.21359779797571282
0.7065341170306554,0.15928471271684916
-1.7958152978793331,0.5591092682698765
1.1150981402732154,0.2564657339736319
-0.5363948956557055,2.013358695768779
1.8539825428073364,0.15214492179429795
-0.153974979639602,0.0586095111217136
-0.06461306137330002,-0.49734981966224684
-0.10663435615602772,0.6021911515452909
