0.052808000644969065,-0.14659334065770369,0.40968786953205055,-0.49969183404067985,1.5869633305336914
-1.8037722710645545,0.43427694355788615,-0.9677621081715783,-1.7374542197067429,0.4128580461754424
-1.1849378358398275,1.265553442940199,-0.5956105471680113,-1.3906358442008853,1.2072637904695473
0.4626292786241165,1.1696540509282651,0.5724004559649678,0.1999492404327374,1.7460659798342935
0.45105718097486847,-1.4386721393149695,-0.020539724576389428,-0.8477101121755479,-1.2124755153415656
-1.4946959695810729,1.2239765357303027,-0.14739093113153717,0.6820804487690033,-0.9556732616643834
0.37869356904113594,0.743245579597156,0.5281315541493212,-0.3814766512456608,-0.855243094538387
-0.7560099670901081,-0.9528278414487414,0.9192840516051336,-0.430338112072312,0.4186883325375841
-0.5903891622425403,1.0189460575378155,-0.0349083965869296,0.18173789480230482,1.416550765180815
1.2515124972805898,-0.309882761386732,0.6774317637969769,-0.4608935189057076,0.6984992299594481
0.9786601705001161,-0.8695479762495193,0.3105701266949112,-1.3754983803155807,0.20575516835800253
-0.20670382137391327,0.09911349708327746,0.2823238165621712,-0.513716644387443,-1.950817205308721
-1.8899273258236091,-0.408128783742372,-0.3782988279877195,0.3981816105228131,0.5556022226755123
0.1505278734018548,1.7359301992931004,-0.8416733816536706,1.769672746512249,-0.6001882459190746
-0.802531915942264,0.01896056314933416,1.0543327048393927,0.46709907501003495,-2.6411378582376748
-0.14289044419230665,-0.3698074566139084,0.6501825178654,-0.8132298662646792,0.037255394364041815
0.6822202033836846,0.2078944598483682,-0.7616550348325783,-0.6199319729573258,-1.2691069334501996
-1.438152921991025,-0.7492252135925477,0.5681186796315342,0.7323682747455283,0.8642035825949055
-0.7695950135550458,1.7479137670486748,0.6124451830309543,-0.9211612614403372,-1.4322273145459017
-0.210288844773393,-0.26889074906225624,1.9001038092513955,1.3063021610576067,-0.8845365976355488
0.01187797252588461,0.07038323337000874,1.263420052687924,1.9508725910804285,0.22849498471906068
1.6273431855832348,-0.32015126175350217,-0.5351298193026943,-1.5242693424306544,-1.0539218239902988
-0.23178752142533376,-0.12391484275538804,-2.3901879653588303,-1.3767839169756098,-1.1066448278594563
0.28247921315356217,-0.6206244544396287,0.260534883579568,0.03766218078343335,-0.5429865770543539
2.146066921665116,1.2097142595284076,2.3135356308275883,-0.3965041878656409,2.952062839140059
0.9385522363891152,-1.0865734647316851,0.873305819754626,0.517680727454861,-0.14110723111725706
-0.2691835598931698,0.9573471904077724,0.48797329048207927,-1.4075082227597637,-0.45752802992078073
-1.3120651831115522,0.15490255080798396,0.770548023884365,-0.6027706943039791,0.4239210648164406
1.3664249878992112,-1.1250491130391684,-1.0219240393044744,2.4437369919927177,-1.0269937021484314
-0.5646980897981426,0.8238742429827528,-1.357788239188669,0.8474938988551639,-0.041830325747209164
-0.45755422617425634,1.7384707257692846,0.25134987836586775,0.3512046357911879,-0.557226894199988
2.596569271722478,-0.8463724195162996,2.0248190587735397,0.7172637351060638,0.339557879681605
-0.5110123871246186,0.392724624142282,0.6944136534749578,-0.6058650929632697,1.695498303426829
1.4263503834462863,-0.913254877244612,0.5823769646584083,1.9372785256189489,0.23752871095389372
0.08518594403881317,-0.2141733666366943,-0.2925055836237236,-0.3208141035683988,-0.4695170314347723
0.11454349329628524,1.2128155301212125,0.3726770092573732,0.8644845575870163,-3.7556823393734664
-0.24859771401238773,0.6120902646749397,0.4293672843055851,0.390963369219013,-0.7386036677128536
0.021333560962777436,0.17117386067737297,-0.8043472649478132,-0.44193013489135724,0.1747975977948073
0.46511229368930856,0.0743027669903179,-0.5633441723506245,1.9237040165510726,0.790587131570904
0.3382902601279953,0.005948597500890229,-2.407306551396963,-0.04276839978679262,0.07821046262923363
-0.7952410678735086,1.1265860648975878,1.0173916203009086,-0.59125306157272,0.8376122644815377
-1.0957248907196844,2.4953650956946887,-0.8514229120441184,1.339299245197784,-0.026981710738204063
0.581434514717247,-0.1518156352973983,0.9945315717971536,1.0966161919674307,2.623818933032333
-1.5096850997473592,0.3507313965300528,-0.6104433382388608,0.39505467106332864,-0.7716528652465685
-0.8607197863225505,1.3419773491400004,-0.5824756037860512,1.520111609475036,-0.19088841763451525
-0.8777080903122934,-0.23270382222679756,0.9471722883503119,0.5637735822310316,0.5927391032550681
-1.1018323218147565,-0.7220080403467076,0.7836912411173089,0.5738689593458778,0.15519748962546537
0.28500676745299736,1.1026587968148263,0.16783687927879878,-0.5194807587531148,0.8171955366017599
0.741794452690062,-0.6579472770123111,0.5632939137989165,0.2625945394570262,-0.5193740186127376
0.3946603846585256,2.086482009208473,1.0991330559215866,0.07021583356733418,-1.1565130839576143
-0.1288251544990353,-1.107465519508136,-0.30345617903423644,-1.1790186113174694,0.31293854215713685
0.46458922749445664,0.45602260610417594,-0.07528362366274895,-0.3432539043255304,-0.8435270812478344
0.4131967291513531,0.24983505287070115,-0.7906414647239194,1.3604229093020332,0.11328130984529054
-0.9938636341106327,-1.0808114526616122,-1.836867568972,0.012406875400425392,-0.22548835636151823
-0.8387386636539821,1.244215165987996,0.35202377553395453,-1.012068682522547,-0.021817075614506437
1.103731585444997,0.23162067580820106,0.08698487194558736,-0.2659832998883712,-0.724452261515785
-0.3236504913671924,0.7959875947760566,-0.31374190810500857,0.5106207160235222,0.32803636951916315
1.1225682906714094,-0.1964239308455964,0.5785467327872089,0.6431615612731781,1.9059428245941121
0.6197893948484403,2.406374657333004,-0.9223679095316472,1.413941118573993,0.5144291874792426
1.9773167734192292,0.9837223150776916,0.30575034144587243,1.516207758495608,2.067806020460894
-0.2598436806815921,-1.0892364834507224,-1.1227801954544396,0.8888048596516203,-0.5069931008155749
-0.38793528371457775,-0.48415051362085904,1.951974665062163,-0.1554544544193111,-0.6558827246375761
-0.8086997300601348,-1.8513615405638937,0.802593837304079,0.2863509212208282,-0.001322698388377087
-1.153688828964838,0.040730640345922914,-0.6478630984219507,-0.3847953876723667,0.6604094735347742
0.3125222331374627,-0.5183288770238079,-0.11630352333547364,0.8133749401936288,1.1610731442742372
-0.749445978879962,0.8969536174679227,-1.1439464076089019,0.86710522803824,0.4113825010280147
-0.8545806900442242,0.2743750552712141,1.5183040151947504,-0.5850073618608621,-0.5835966874369889
-1.2667923876370903,-0.9485593690422862,-0.4702727065338892,0.967024844998943,2.1823629685476402
-1.7504176127058106,-0.3394663343470262,0.7463936211916233,0.7817921210207812,0.31451839975465845
1.4089348901742196,1.1956653141889135,0.7650337451375575,0.8943143298608304,0.33930297187357866
0.24162798897164955,1.2539581255251446,-0.8183600069961504,0.8715849193499908,0.06599262726115973
-0.24250188357172855,1.304711555807135,0.2137824104695977,0.474850643557874,0.5136805616993936
-1.9039041942616706,-0.21681579774437457,0.7648637367835702,-1.0322370209838214,-0.09881945905536331
1.5967459450154355,0.9417166086454846,-0.1911811124303426,-0.9302436637611567,0.4829163287174778
0.363907728183507,-0.25220325723872516,-1.7862862758018425,-1.084224196338159,-0.829399587922861
-0.31783074660984345,0.3984785221226672,-2.012949916053557,1.650777621972112,1.0053894182951126
-0.02044628684578251,0.4868229530689728,0.8177440757820599,0.7859230471875729,-2.422073030592714
0.2384764816620735,0.426921370612257,0.12140292711625403,-0.6236639003050642,0.6284172426852442
-1.5895600255627138,0.41663660409911846,-0.2634474285366827,-0.5753912053198985,-0.2549404614216047
-0.6208201046385934,-0.402223051916256,-2.545776648472984,1.23767682854994,1.9160116239396239
-0.26202255331025126,-0.9284991754409254,-1.0520960878032255,-0.1675297098124015,-0.27286160990688674
1.6364709644986113,-0.6980388295531276,-0.8043151233598658,0.7307326143123186,-0.23968705886649175
0.3263744957948319,1.5074127980751026,1.3493630577308082,0.3279066712834369,1.0956705250364263
-0.7672493300363287,0.39835749759569794,0.07576569417868749,-1.6855094626000513,-0.5395178183992804
-0.04285150499506288,0.6583066153822975,2.928335530294846,0.0008970411614115755,-0.9945617068551148
-0.47402225828443584,0.3915762614285865,1.0589431841202186,-1.5528444470931382,-1.5174403017924178
-1.2064400953750005,0.8400280577786637,-0.9099275235051811,0.32247212424813537,-0.04470205414071859
-1.2303524357213105,0.6204408916514835,-0.022409237453646022,0.16378587205055856,-0.17135480352473487
-0.07841757447837845,0.5111265033196748,0.1545939810724693,-0.812332996628129,0.00801899730030949
-0.9465246393221033,1.146906177225595,1.997030502917851,0.19299487302724128,3.606506177113884
0.035211486442088095,0.3851953836566195,0.02542215717685572,-0.0860563865787339,-0.6477604322562179
1.5360468446456275,0.047981073618556254,0.6344238716085472,0.7355378724606401,0.7821918232902072
0.4956072683218222,0.44929807644714476,1.078441932339242,0.5680478655404375,0.3976750239164246
0.15847111775591147,0.8642864545795861,-0.4172364418923941,1.2610997826851558,-0.09097676019523208
-0.05290350593564994,0.17568745463056357,-0.6171916653216492,-0.21300075994623618,0.22756076600331704
0.8176149681590706,-0.5309254530883439,1.4943867756286413,-0.23652703952830959,-0.09431450039832166
0.43689596591238244,-0.29319827173120094,-0.2710567424897106,-1.2335574367013749,0.9977407838183923
-0.23310111269203707,0.7475817906470069,-0.3546105515144535,-2.1258105561122562,0.09861314045922324
-0.23284709759099417,-0.3317626228196724,-0.8079049396172964,-0.18959664468020881,0.12703857011305894
-0.4947058556293349,-0.07261128688123367,0.4665488733728077,-0.5201778961224737,-1.6281229085963795
0.9616533992184098,-1.281949435987914,0.6097327232587586,0.6457595471728772,-0.02889138845107887
0.6836652748874616,0.43255253368597096,-1.032548849844592,-0.10350136976853866,0.0047065317057358325
-0.15820122467322892,-2.2205598486551206,-1.9064448776730003,0.5748436433945362,0.40073445744138597
-0.1742593342335598,-1.3501059542254663,0.8759581829651747,0.3674913127412268,1.0688785472323457
-0.06883473920888301,-0.4461836086744129,-0.10281923899613556,0.41470281458658764,0.16214827188212977
0.7772307902478933,1.915281828181796,-0.2242558649896931,-2.1531448607707113,-0.10996376431928469
0.6478196446560162,1.1430048485192146,0.6785996238869612,0.8542479646267234,1.001384353604775
0.9460739213557012,0.25279592870981427,2.5040749183168827,0.9956368999600126,0.09868205341934323
1.4365803680555054,-0.4862874882668074,0.9935863043980445,-0.8367563908962073,0.3851121113398497
-0.19970420288527985,0.15023763976458562,1.0624565367213432,-0.5404589328565074,-0.5251001757485677
1.283502486485911,2.733900847554407,-0.8473865614714317,-1.3116035536531812,-0.9222928383458799
1.2534276921064407,0.60925419239888,-0.43645405521811603,-0.3406010903653219,0.2640806536681334
1.4935493318635336,1.013356185210738,1.2952351954341337,-0.32384328981698934,-1.8592156985570623
-0.06852272177788196,0.034230324862600116,-0.8660249389388485,-0.1348018129403968,-1.8246829155264002
-0.5227914824469572,0.3612326822329029,-0.05546699943182133,0.421266826011052,-1.1021334884736382
-0.8866484522062237,0.4544586119241125,0.8882668383013541,-0.8395711493779578,1.0531252606425416
-0.13843956731092566,0.41984080527928,2.2168292435105874,0.9297939682052969,-0.9030832410720646
-1.1683087802483811,-0.030681958698290983,-0.10310516065672638,2.0639841261744887,-0.15733062694811134
-0.37846259543051325,-1.6479473901810286,-0.6386591049055172,-0.18163663445577247,-1.5997501010100543
-0.7725793174311831,-0.8539455414623571,2.679355148473165,-0.4281061941803104,0.00449518600250024
-1.46163141059189,0.1644787126785459,1.6106182320227398,-1.8687431291141878,-0.9348408488455203
1.927411564089792,-0.9743548822938378,1.9252895723470582,0.9852788384650628,1.9587687470757993
-1.0488245647038232,-0.6307989104570797,1.2062543624273532,-0.9755629617327312,0.28836469532198966
-0.9323649342543697,-1.1682736376727871,1.485255229863859,0.9781862715873795,0.7012142277949945
-0.5795528194647058,0.32995978442482915,1.2210442094297393,0.6881969071421189,0.8854134853109149
0.13877552951599742,-0.6399978282356441,-0.14447960582172883,0.6256006463119073,-0.25987078456435114
-0.6512123514420838,0.3879601611315958,0.9628072673464139,-1.2313861982374341,0.5666833250550501
-0.7030317219614093,-1.2265286434632692,-0.7203320561665454,0.49075913825759715,-0.045074257928188664
0.14630359507493648,-1.0036948325325041,-1.3495367788791464,-0.05943162960000779,-0.732473932068773
1.3486812592096373,-1.4124863939065573,0.059219018600906025,0.4384481434783529,-0.2519844696417701
-1.0422031206463807,-1.2177246018808001,0.14288914696438398,1.0636009840277707,0.350355336675156
0.17587083673321074,0.764262887534393,1.1432501062403386,0.5012428388560909,0.9153226157093173
-0.29740505109256204,0.1296795777179418,0.346567437381051,1.43184666160564,-0.2868327110992569
-0.6082930042126122,-1.0583862617101658,0.36370094377281426,1.3300433159731153,-0.9692196029726247
1.502705622003746,-0.1536454157606389,-1.0184822237426592,-0.6985811877056723,-1.0819386672616929
0.254870303389824,0.7105687331001859,0.3202784657021402,0.36072021306530305,-1.2058428028652892
0.10779157623087335,-0.1340250693713588,0.48066654889085314,0.7619502309902674,-1.7711624140901727
-0.4006466561238738,-0.7024960559601422,1.4837921541200483,0.6114707250003943,0.011107695926258855
-1.6870239323076208,0.2228864884133542,-0.35118832784480697,-1.2479779252257017,-0.07879616217066106
0.2221092707370611,-0.010438705656940224,-1.1534359065250699,0.33094771072838786,-1.4150762249909887
1.811693218922269,-0.013095816337269757,-1.1852045848072115,-0.5512528010204171,-0.3967691351568714
0.25467021655486904,-0.6016008516027667,-1.3359566682459283,-0.02021165772033206,-1.330286377827351
0.6845524170563886,-0.6689529197533564,0.1837259859851366,-2.4587788236398223,1.909261831513352
0.640984254100904,-0.6131074313831725,0.646375435536971,0.6579632705853786,0.3965054890638911
-0.48756312549331104,0.09115231889823106,-0.7328914527737617,1.4791876567817737,0.014074440792040744
-0.7386837488177647,0.2245266779809494,-0.5847262943306207,0.18205816596588303,-0.25321238389461054
0.3635390697664211,-1.4083054005777376,0.6235525318229823,0.5717165470029683,0.9230588732306906
-1.1772021303515956,-1.5098862951092353,-0.31451474553933967,-0.20950429042486626,-0.46575521177706153
0.2956305546210759,0.509740049482704,0.7720964562214955,-2.362947733715884,0.4677500263852779
2.9770388408851076,0.9735060200147496,-0.1511978461931287,1.8968482368097783,1.1455592046849399
0.08117923133109815,0.014120574486012222,0.2696776372069184,-1.3986024428860908,-0.21589933136916428
-0.050065946655493396,-0.8822358810489377,0.1973250894515114,-0.9666087380266093,0.30456705693847547
-0.32854443695653274,-0.04138758725100143,-1.1226766674071849,-1.134839824195794,0.8782364306778498
1.7268426105528396,-0.6584488269577602,-0.40045826523632494,-0.2359322639419519,-1.8897394353908976
-0.255951858729471,-1.6148022479660662,-0.09657527476731521,-0.35958363735387866,0.15340773720174908
-0.04704875682693102,-2.7331734297798294,0.7565796092509632,-2.246921414559265,-1.1236249223488282
-1.499295521617586,2.2823478739496603,-0.15303766560792617,-0.734448282512345,-0.7223180138875099
0.30767243308183573,0.28544177757415956,0.5126771252007345,0.8650669342292004,0.2008197589798221
0.2979782087336036,0.7360122821559881,-0.28876591170186117,0.6003865247147041,-1.8419774459022875
-0.9677610741180573,-0.13608164289662686,-0.04455804305180665,0.17576401618667173,0.02803185729898668
0.223872793891735,-0.6497243187460657,1.4177430414556613,-1.897414382139601,0.9813050617085425
-0.1611133309784132,-0.31791835518313755,-0.09110712754033504,-2.552355390169732,0.07837930345139778
-1.7715676000954739,1.040929448775038,0.3681320914711723,2.062835739876788,0.4566442602650534
-0.7095506055728271,-0.026983521537055747,0.3202549279074022,0.8767277885296723,0.07259880378951616
0.19350457905521717,-0.8576297275229229,-0.28716648332846195,0.42360217880848255,1.893526185010082
-0.2145860371678834,-0.981968140440816,-0.03448811337563046,0.5820899758316465,-0.8354387476168925
0.7024892900557693,-0.7294292259393695,-0.04070466306918352,-1.2801357160686269,0.2988777936434428
1.4205654464765685,-2.425766620342552,0.83152928786074,0.5655563512697103,0.4780358509980054
-0.4770290374352442,-0.6046358133808086,1.0598819834253856,-1.1410755717012722,1.2689677927551717
0.007562799254245033,-0.012777086627708914,0.4046342489707859,-0.43376890906382826,-0.5787591564697305
-1.7617955121592668,0.008498840999703052,-0.7324465661273365,0.7637564144566257,-0.12218264351545097
0.026588537793210132,1.052734843621248,1.3093417792899942,-0.8162462587269409,1.3706956213084605
-0.9841665600385903,0.7858030984909631,-0.04820643572909045,-0.045949441580888054,-1.1550238672124427
1.142564869770386,0.3545884922316812,0.09719360438948722,-0.4842445128812796,-0.9226663358315981
-0.2958810459438467,-1.6900531894904163,1.1978834996950236,-1.0253570680637727,-1.719354291246515
-1.533292047503268,1.0971381514653866,0.07539867766866887,0.3224064162003172,0.3904413209470423
-0.42164109797844224,-0.5812515304006499,1.699234365606715,-0.3096951784140001,-0.6384991234471129
0.06622018582197588,-0.030545319161717672,-0.5140213543196759,1.6798056165925745,0.865152302412362
-0.5645087601134857,-1.719625412781991,0.8370483073546876,0.17532109581589836,0.04734682891535945
1.350227391439676,0.25190270223363914,-0.5722274468046995,0.170619260691995,0.5226404955440028
-0.006233980352899309,0.14136526092838367,0.9160228873043255,0.942003038795187,0.1275469398497275
0.6372757987518687,0.29737604400267226,0.1869255578922599,-1.2775055696633477,-0.20385939920078655
0.745681739877627,-0.599833505223689,-0.07532062593755376,1.0896896314922813,-2.0426342427608244
0.23745766801163884,-2.396484648801644,0.27919293506320775,-0.012269793972952832,-1.6796980889097612
0.5280441491819865,0.06542465632982107,-0.6270915535304413,-0.12378596302260525,-0.9983061201813097
-0.5383340701057935,1.2522038199309344,-0.6335469017591697,-0.8865007065737293,0.14948171641989833
0.0935962721581479,1.023347362084026,-0.7775234870186272,-0.7072753704860276,1.1072447327798531
-0.7016038437681613,0.7219799327118803,-0.8074937492383826,-0.782678518683868,1.2693301073510244
0.22919666337612343,1.0187546405205636,0.6188179492836219,-1.5551798795173557,-0.324084017489906
-0.8091073346074256,-1.6649438674820103,1.1311822515209988,-1.9442417532662277,0.5244460573101528
0.12909320667566285,1.0646240709764565,-0.018282491991897663,0.4614393877040056,-0.823452890224931
-0.25029105873035007,-0.28281932376214886,-0.31116117019075795,-0.6437676706096913,-0.36410691349434915
-2.0942727819643236,0.21944537707573572,-2.0414455794573816,-0.6202688604498005,-0.8020232392044957
0.7323102276507706,1.4659148474555403,0.3233121171158507,0.4666449132009332,0.43094165790924016
-0.20352802195837913,-0.27559701216435295,0.3372839835256071,-0.620455337240697,1.3344132284942978
-0.7639502528165678,-1.9836300167546665,-0.41633819409863965,-0.17311595171733388,-0.2567282459273118
-2.0544999512033053,-0.18173330845617164,1.0239046380853858,-0.21027593450053822,0.43323580632945324
0.8739346473134035,-1.3686107373722496,-2.3879712388613696,0.47525365203824677,1.9468140514115517
0.33172056581168646,-0.47901303881620405,1.03388040523809,-0.3275625664949336,0.42506805257334124
0.3686120944051558,-1.0322221951048294,1.6911655886722488,1.8843486251235153,1.1564706686669826
1.2730560708516083,0.48837021787062385,-0.5539430354253423,-0.4537092295818667,-1.0738153156896693
2.8166261542318973,-0.11720890391985633,-0.3799045411745917,0.2792300592504756,1.1594936483339497
0.2118323341948627,-0.9947680099658741,-0.24627517334507648,1.8913963847592676,-1.4631059364593195
-0.8931926665184123,0.33681481528646356,-1.4414193576600656,-0.5763373788688898,0.8845451105492286
-0.04206495608188351,-0.7166305266976538,-0.23464739565681933,0.8024461350455627,1.5772671412771886
0.6954951570092435,-1.6081521314178016,1.1332241921911554,-0.13941403273706143,-1.9689248464446065
-0.5696536582759207,1.9410480596399122,-0.2640826345702395,0.7709664425247451,0.5346469394172778
-1.2028238142034433,-0.6702308323267845,0.7651212483310562,-0.37565065712449314,-1.6635087920836196
-0.11399756355592068,-1.0602519381821498,0.6949804259342865,-0.06922186099788462,1.7239371222073436
1.1653582267739109,-0.47572190395358716,0.4313336972625964,-0.027904012123748052,-1.6382360825714657
0.005303116762106714,0.29276771934531126,-1.6214098806825643,-0.48916320192742885,0.22810364202978453
-0.5657732604283998,1.5177592258893915,0.7454150414821107,0.06027678893163238,-0.7796839883170099
0.4284658003462246,-0.029199197529879463,1.2658169956914287,-1.2039650808344153,-0.065060564244019
-1.6836303623700004,0.13001427393345713,-0.1424365198268535,-0.47354543441778574,-0.9292115590244617
-0.1660286779935966,0.6193625775550105,1.6589697124903147,1.0423079666812791,0.7126544642008507
0.2882939554260475,-0.62513407027481,0.17574491863200806,0.10037798361672207,0.4648557852287276
0.24055963537218303,-0.6551480218612068,-0.6318172154061324,-0.10706151682877575,1.0988869424142895
-0.8397910127005892,-0.907835690287691,0.6440551057502033,-0.13521299645338683,0.2316642422394929
0.2957979148488815,0.2419603239335648,-1.1977758458230345,-1.1205787979452024,0.3120471154364391
0.43701908735257006,-1.6903562126842102,-1.0102494256604242,-2.1133901481194726,1.0140213475921314
-0.33067437797317273,-2.033404389179952,0.02418975304781867,-0.2186073789199013,0.0027793581277873827
-1.5209103033536207,-1.2500644223142736,-0.6895238275107479,0.01790503582794274,-2.1547263711926012
1.934532807822722,-0.42579414211610483,-1.511221135390002,-0.28060563018109186,-0.2380770217165676
-1.341392147056087,0.713871707688554,-0.12158734815665516,1.091235451439589,0.9451696231340074
0.9045082457783381,-0.7329962245689066,0.03807117616468031,0.22645064830532413,-1.3610052491264188
0.5891233872161576,-0.685799055532632,-2.1503482761028385,0.30137666848450057,-0.44927957736393376
-1.911843843553213,-0.23338333555742813,1.216750418376896,1.0402403298019811,0.5745824297681857
1.196562788532346,1.743479667386007,1.0549885847438314,-1.113901071846733,0.5064469056901781
-0.23304524082319547,0.39271365991811985,-1.0173369520959579,-1.4709586478747327,-0.07797082943458633
-1.283797763888504,-0.04462719877864773,-1.5883281840733423,-0.4375450888695222,-0.028118627115329514
-1.9282429567304475,0.049760245864692916,-1.4088039230553286,-0.6055805238655639,-1.251964641270254
-0.1814863787357463,-0.6842813579784458,2.292388921303015,0.4285649412889358,-1.0649363018785531
-1.3821520161977825,-0.19201706066014143,0.811141050540486,-0.4902669882624822,0.5270122925318715
-0.1901377921947985,0.9626082216227967,-0.58780086088356,-0.8925213924700344,0.014727150348017436
1.2139274340154478,0.18723299669506968,0.3384628365897241,1.1502224640101628,0.157723815448907
-0.44866407672136627,-2.3346827553637874,-0.6776420287565958,0.14969451558906866,0.45175128972502365
-0.27388960150906205,0.11873977911052179,0.23966081264428338,-0.9505951292749837,0.7076354425540876
2.3818292601308344,-0.4056250539521399,-0.1669457781781317,-0.993267574608488,-0.5250529491420282
0.8524376091087247,0.7774610933983805,-0.15863924026318796,1.126560831406102,1.3746025632042653
-0.2984171825609097,-0.184047997740041,-0.17017472707393372,0.226505898011015,-1.9834969521834134
-0.3291562412331445,0.8307556548186447,0.40701147987245084,0.6780799754368185,0.9851269697319505
0.8907340892118976,-0.10863939040272774,-0.04637658396829052,0.675625856009857,-0.6145036169576975
0.648538140594106,-0.05834039010453218,-0.8056495886792149,-0.6618134265300248,1.237073334918258
-1.9614557304432994,-0.5651673255246239,0.30756184180051865,0.8036654141115139,0.6964378459653933
1.5211176720467159,-0.04665379823288156,0.2108342986756353,-0.7481392169039681,1.0185185055017802
0.11536007784055384,-0.5529925719134456,-0.10851515118096938,-0.3577259497400555,-0.007376496166977194
-0.7009723428096682,-0.8868349356750915,-0.12472778764527162,1.152310847485115,1.5337624648480104
-0.06268490968458802,0.2755204671381298,2.0513264636381754,-1.3562286572284397,0.9527035059114115
1.0166274655715024,0.8872255139723817,-1.1677428164079777,0.8211105733258394,0.977771912758931
-0.8846021171510217,1.1818199148820574,-0.07275093184624222,1.6283512076906705,-2.3352523270975616
0.2875829123498227,0.6265111776493347,0.5262633835683163,-0.10210273436171856,-0.8631768442226214
-0.1995275382453089,1.0553147384984405,0.11293791512519538,-1.0460046264262135,-1.6591613870344022
-0.3263663065935751,-0.45175828468308044,-0.8038713475282298,-0.2815121001237771,-0.017685439271651126
-0.45234255145997143,-0.16062075314585356,0.946070885655712,-0.14314195649955874,0.7863200684285018
2.0048946324480186,-0.42647726285724497,-0.33816727670347246,-0.20566138219181215,-0.5807321147202573
0.6200826161651786,-0.7879474787536446,1.584115442874892,1.4400994417413497,-0.2881732362426053
-1.6408589488013132,-1.12091959816766,0.25484600315886025,-0.4933013142259284,0.6340364925219134
0.1134292235761006,1.3526724461244375,0.22317781799299516,-1.3343866736774452,1.789673073087711
0.16918279820209448,0.28932465958925513,0.5912163469768331,0.5973155761786424,-0.6364810878743453
-1.3534130466522631,-0.39226900119041935,0.7272648975285838,0.13522010768883483,-1.3116695821061952
-0.9778231392145124,0.10009352470540442,1.160717562098736,0.020678793647626495,-0.10629463177149875
-1.1791093436639635,1.1541039415576573,-0.3411461452053103,-1.5768432436657402,-0.7982442986552069
1.5364583403075738,-1.0804583523127262,0.8273050109419253,-0.1182410856357925,0.6897938202307952
0.28832159472995406,1.5541929233339615,0.9965193707743307,0.9084814235380488,0.6187708661026388
0.7096273527947321,-0.3533508500338138,0.3500345965164232,-0.3188318799821973,0.4408738816855348
0.9442614678648256,-1.1348222288665069,0.6879065385173115,0.4631854370325726,-1.7341862548683449
-1.5671373916312932,-0.008829795745745493,-0.05691828276252603,-1.740669283000892,-0.2625420585563364
0.49518602984145604,0.11694306428349836,2.6292716275692785,0.48461356335785866,0.04435243438871371
-0.2716311379749379,2.6537526991280074,-1.5252789479224138,-0.5564033499035416,-0.5365892372222935
0.12975973360532927,-0.42582349430871924,1.3002976751520956,-0.6883231397217889,0.4917250596228179
0.04926676180468617,-1.6235280771742158,-0.009613855134792371,0.10296757448410929,0.716410440379825
-0.06341820554473691,0.6535714961339033,1.187323577025804,-2.514679619581483,-0.302887859241986
0.8175318795889537,0.6859203359546338,0.20433436881538575,0.870204345903542,0.5288478776831208
0.5265645717348674,-0.5114546817123076,-1.185122543333046,-0.44403894467694455,-0.7631080651027011
-0.05653328658319312,0.6833057547069415,-0.20039497782817015,-0.4202839266754283,-0.22505615380468771
0.02898494902160506,-0.14967383508848078,1.3857285886113335,-0.731639632564203,1.302563514296239
-0.8839575708013343,-0.29313236350212074,-0.9980003654981674,-0.5637911236025062,-0.6633013761171427
-1.619871225274259,0.6121875588328156,1.0318942750260744,0.27036596095124915,-1.3251485287272482
-0.11985821482437534,-0.7471195712768266,-0.6443780186534616,1.6157807766184065,-0.8509365283518256
0.6340629563094624,0.09011215260075613,-0.7430292960493594,0.6188277099872975,0.7084227115074041
0.781147476633622,0.6452944694386212,-0.41281955293477846,0.3365441165333336,-0.9100763192286018
-0.22431947988060677,1.5975349029902879,-0.5080787136089003,-0.6386521149421801,-0.9090189416133799
0.2397712403363674,-1.7070360245042424,-0.26288708336895283,-0.8310160634274827,1.6006649748890884
-0.9572932696460835,-2.1335772024013724,-0.1200934709859205,-0.06450336752351063,0.33024626945870256
0.3360408323772442,-1.0926163731197163,0.4573023768347846,0.7509661619436909,-1.2583564672243988
0.6795899069214955,0.17914963326346892,0.9518167147840789,-0.2097827232364509,0.6546592366663132
-0.5009184147446374,0.9658301273981242,-0.9845892580574127,0.9907288940113944,0.46634365973880776
-0.5258959414458921,-0.506976829544023,0.1766887633209729,1.5404629184460448,0.04715950185147562
-0.4458977699804358,1.3158054745848413,0.1633770999961863,2.253024155164668,-0.7929425704072266
0.11686103580254971,0.7061313987584918,-0.12476182812439236,0.21851791210088803,0.9810491479136147
-0.38410085820178475,0.040680595779620556,-1.5269296656963032,-0.04867657248537741,-1.3616407745020331
0.3202430348846018,-1.4335601890835055,1.5145984218917288,-0.8321870189207328,-0.8421008926083691
1.3457342911502335,-1.1953558617692044,-0.45135554461298844,-0.49604973868877755,-0.7879962539130588
-0.7181188751454034,-0.1212513728418697,0.5253503000379327,1.4198715017440673,0.534881757638297
-0.11977105403415847,-0.20517177202583733,-1.3389779545985412,1.0524757748380296,0.06477372796684057
-1.7475096223672657,-0.12282655758211213,-0.160936326810532,-0.8886392919842254,-1.7255107546307384
0.42034990333280464,-0.03341942238613548,-0.6348760750191754,0.8244015213049397,0.8265086876307698
-1.1468118034449946,-0.5195053393554222,0.6180275410128437,-0.8497707555478442,-0.12104020386836706
-1.0536398416696102,-0.007966925548802312,0.5427389062883813,-0.3738538644027978,-1.2527682923498697
0.6688127231830523,0.75168750132187,-0.2776995655157033,-0.1661299463731128,-0.5302985759667527
-0.8334271292264502,-1.0861428952144425,-0.9103755188134005,-0.2943390020488731,0.46133239686895133
-0.5311152157447245,-0.207506159029721,-0.07955561874479997,0.8244644666311751,-0.5617475748598852
-0.4176665662909315,-0.3052492958138549,-1.1358878339083918,1.1648683452879696,0.024743046841640692
1.0593268021131295,-0.02866947217437521,-0.20793975924005012,-0.8724497653751498,-0.05773476099483491
-1.0575429238814134,-0.7227153797900965,1.774866793164244,-0.8618400156927546,0.034018673200657434
0.5460225090979629,0.3794874088774462,-1.235222197006846,0.9010291889851281,0.20429250599056967
-1.9510052179485828,0.1354791538214211,0.18477140585784357,0.7984107237994554,-0.08350824463124149
-1.5413998691261714,1.1513212813890612,-0.9658556105760314,0.35056518277140913,-1.1194663161228489
-0.8549250852143598,-0.942983862237634,1.3432306740758155,1.0665025213011348,-0.11459845376267958
0.45530252513799935,2.066674968547218,-2.1792609340176967,-0.024777189276580288,1.2067760831642467
1.572816881450504,-1.0176491352704204,0.07723409544424704,0.23258033873823955,2.046651353176953
0.4438053754343784,0.41634092831865077,0.21270520794896947,0.9974520027600059,0.15027385994799963
1.1166112820193814,0.9792438007010255,0.12906744348939245,-1.7767074387329043,1.1649202252387445
0.4813480806425401,0.10638432431028066,0.5606666242167103,-0.4301302561001277,-0.19468456312668436
0.5722083237937325,-0.6231305461279504,-0.1697571811754995,-1.473705502785849,-0.746300560207673
-0.7757585961737561,0.10056412147862001,-0.5503279452820184,-1.2141060153298726,-1.4081181162094074
-0.150304441297402,1.7205283381853733,0.2771661352215212,0.9572970382492192,0.5036123633810705
1.102359918037617,0.46402720771219413,0.2635884404548399,-0.30444509635400435,-0.5221744048041937
1.0526946771583767,0.7251838474309991,-0.8827710087154166,0.5280402847208774,-0.08665106656346541
1.4812156966641166,-1.5658043376826198,0.7365474681687788,-0.5238671583822218,-0.31968227360914764
-0.4236519091129385,-0.9006141831888425,-1.0859985092538669,-2.455541257631394,-0.14302506587451494
-0.9028863476663423,-1.0197518333722089,-1.130145829410942,-1.5325174568394646,0.7861926764146192
0.5856163334431892,-1.6295062909610332,-0.3384599305980929,-0.10358690177735955,1.364473279277166
-1.9999890763069719,1.6354833256994303,-1.3843157084725783,-2.1205679384476324,2.4402711245475803
1.6645738315391105,0.1293956273649968,1.4651742722156917,-1.8830314707894165,-1.9322998802348392
0.6803674406248668,0.33245343510588965,-1.1519937488992706,0.270555922128096,-1.1745271256273482
0.5815030395484715,0.11369024473997301,-0.16989123674063938,-1.1480472248358886,1.4059376496432128
-0.20855457157538224,-1.0103372378445539,0.31061106401986793,0.005853799644529312,-0.025437016618668474
-0.6760789524214353,-0.3414944988421726,-0.34138321067478616,-0.4556666451664986,-0.37677228348196157
0.17614700462565677,1.3489279880782157,1.2116201794529373,1.652582373168136,-0.3303581956164204
0.3041412646276366,-0.22894274226239805,-0.8961363173015218,0.7350205891449267,0.01571230416500446
0.6509471023646616,0.6709641645659897,-0.13860101916369946,-0.008517892684798911,-0.4176846623262674
-1.5485347975988135,0.5574995600704244,-2.31309083540282,-0.017330551856004746,-0.1965923867631241
0.5036865687796015,-0.2043251709876814,-0.8994423537155128,1.019081397753103,-0.1472675955713706
-1.4570560492396682,2.8731333023850647,0.22955782167332972,1.839075878666492,-0.23258271392049137
0.7832380248385953,-0.24141183383100479,-0.751577536118408,-2.257599566453973,2.2429492281227525
-0.6832940933786809,1.0319801026760405,1.6262669833911392,-0.5227092400914524,-3.424910794317134
-2.238752223832345,2.6609179440943627,-0.20691610434875457,-0.584063840619728,-0.3594053247456913
-0.739318397688671,0.8027885807541477,0.25116520238766554,0.5809546716362429,1.639136501048002
1.1402534022066437,-0.0444466229522586,-1.0266726749986805,2.060028801746343,-0.36792489078748003
1.0308597765697423,-1.2200524386103293,-0.6470916868944212,-0.8573003782919019,0.25795302200981
0.8082223489130849,1.3246225757202108,1.6745869623440757,0.20563519872933655,0.04415256454386371
-0.9047448762828797,0.43163683054745905,0.6470959482738575,-0.15818301897336914,1.365597384106874
0.7817905634450732,-1.3332116256170432,-0.8361647842377639,-0.9275298517303104,0.3586478742338323
1.9184374738293448,1.8735756960898122,0.9487642958634256,-0.3516428194524915,-1.1459262347636414
-0.0451506961516778,0.020168247481477854,-1.6374127807692567,-0.15177673917450388,2.2811302883134434
1.903593169820534,1.12837889667123,-1.6374303123731568,1.2566787110197666,-1.0109343162281048
-1.6929503064312108,-0.21541557518209756,-0.1678032550493705,-0.5829085155487961,1.0968043256359579
-0.6757847632392165,-0.1527678887653627,1.6195196014648474,1.0881802453163756,0.780418248592392
-0.6345680658861337,0.7311163755474269,-0.2592423769738002,-0.8635648686320908,-0.21625335781824384
1.2889675574910364,-0.12484978614226931,0.8165574464697727,-0.0442881911213507,1.122768618577107
0.4247287476106545,0.7103397861897012,0.4835643284636266,0.3492481263351617,-0.011204377350889833
0.26701306842589584,1.1548271452275887,0.34114519266019194,-1.4766080785227484,0.9776820677851163
2.4066193247565977,0.9360721443409492,-1.842218371156072,-1.2065506743298005,-0.6297993954961364
1.0792949767884994,-1.1640734780911555,0.09262727198524368,1.058326908370153,-0.048349679675848724
1.2980580228184708,-0.10374698660866918,-0.8371614784639254,0.5093890998680523,0.21764865389201393
-0.698013781423555,0.4928902767679032,0.4423827103978769,-0.8391247671743041,0.28301574859375606
-1.1268021262796402,1.5307195474575308,0.2039015719678501,2.3220287334529437,1.3137551967679286
-0.16301783431651015,-1.497733179048802,-0.7121433867120676,-0.26093479190827873,-1.3065442442849402
-0.31249820444285487,0.21883283702237197,-0.3249802926061106,0.2779671618397079,0.9306920025523534
-1.54805484822497,0.5712642871463196,-0.03562511563224173,-0.5438542438501085,0.4340156289263712
-0.8114514526042533,-1.8511365370929989,0.2818315934034259,-0.5086016354312577,-1.6819499780562135
0.9714514044198304,1.1372164076151443,-0.10740495014075462,0.37478097296205026,-1.316357951984424
2.2289466627627896,-0.8718106555441412,0.25890975202663896,1.4838808379837864,1.3849980576308958
0.3026365182631557,0.9955403968507588,-1.6988313670337478,-1.842717356120015,-0.7471466161433252
-0.010099673771479566,0.5268621288270354,-1.8493359703857382,-0.7141167527019893,1.0217095714983833
-1.4032986201863724,-0.8238813867326614,-1.7460537373187484,-0.06939508919487127,1.5102763806989299
0.912400679680374,-1.2916970922494673,-0.5578957491628371,-1.6074440754422605,0.7835439942251643
-0.06129537914569459,0.5371102299250932,0.25729337989921164,-0.828243589185115,0.2550064375668656
-1.8277971195285614,-1.5013879035663318,-0.1405823286655101,-1.5633196299973333,1.1190066101572007
-0.19187796615353445,1.818874077722942,0.15139033569805782,-0.07893740578733424,-0.6359442679609184
0.3666351403245669,-0.7052259780781097,0.7526166279850239,0.6447629018458523,0.9864086616690181
-0.7647550577640629,-0.19521961375166683,0.6670862449297825,0.39086450315788507,-0.662522697713035
0.8854307757344263,0.3526628183531413,0.010939002783354692,0.36897604562979763,1.5907091471786514
-1.610127333306293,0.14684978491665862,0.5231092398356779,-0.9685952565603302,-0.3967453772005849
1.1551599061442597,0.3087814864831575,1.396438765057426,-0.1625104357681872,0.07584273455286734
-0.4759251653030858,-0.35674344989240747,-0.8412315707539317,-0.0690862150891991,0.4767041851140216
-1.4435970360969197,-0.01339599180955225,-0.13964871151745445,0.08880633982793583,-0.5066196900589365
1.4733759223994218,-1.6052006213013719,-0.6329273794135487,-0.9235192345811339,0.7642315749842633
-1.0760971301530557,-0.07403025800060863,-1.3119661036214993,-0.18197729846950944,-1.6869182035066999
-1.5256715316053133,-0.05725760444440144,0.7607551257785905,0.513868899917977,-0.3188717745905095
-0.02865392423993167,-0.4935550571324292,-0.5763241608664378,-1.5339168416822988,1.2601134823662388
-1.3714844952866012,2.08149417444189,0.836210094213637,-0.26794692548899457,0.8570592251535174
-0.09500702881241656,-0.7491823331553246,-0.7720446321759268,0.6642074938534619,-0.16978529279001614
0.742502735685075,0.5802132996539475,1.853517896258434,-0.3594047293940987,-0.34309753594454995
-1.3490598717906563,-0.5002946271431636,0.47685890694416283,-0.9990665353949693,0.6758666761865147
0.5494745967994069,-0.5391801831870693,0.3511052930508758,-0.5244216802259483,0.7661904917952054
-1.1530866920576481,-0.8965736847808546,0.9366901150675331,-0.6050908461952608,0.620773471053186
-0.6983668216090787,0.1678634960057239,1.1636487201334846,-1.3366489040604648,-1.411314588929684
1.913667981803196,0.01854747000633739,1.1353472360711938,-0.11172184875695708,1.3877957566198256
0.013851989500766222,0.538645028618943,2.1208807904072713,0.35741374023153233,1.1907271579142296
-0.0520239147431313,0.5648972487642417,1.2808798651090039,1.1852723432625116,-0.8343518459244732
-0.8325015594753487,-0.8337941161274415,-0.27572028060762943,-0.11563667378131541,0.15362502583994617
-0.17363877255917423,1.7747566931228278,-0.1681878776851735,1.625969389661886,-0.3157351941321053
-0.07586185563078086,1.022080527017147,0.25435219611836335,-1.0478091582883642,2.0145383467719866
1.3533668907628316,0.22524256361157324,-1.6790860945097226,-1.152741385932248,0.46340064088060434
1.028448579878148,0.0890638736135498,-0.88645891126249,1.0002945827282685,0.4248722892139941
0.47206270753823687,0.46035329731890484,0.846469292836854,-2.1003239215638136,-0.07678766002036622
0.8016943631467099,-0.14877971924467095,0.13684014214141457,-0.4053565646698155,1.1969213820769442
-0.6835015998939148,0.566627926645334,0.18958923095404684,-0.15394179268673897,-1.5369782746564185
-0.44274492102306645,0.47069261774669374,-1.183762386121666,0.7319763014206858,0.37318742564759144
-1.61455885814795,-0.7395663604708652,1.6639609487142297,0.8738205678105616,-1.0232049448136
1.4287835548301135,-0.2921278843661797,-0.14736059532413576,0.4611225220840915,1.5633930302136443
-0.015046272747898664,-0.27325989534223033,-1.4655753445753552,0.0520293101117156,1.7482902868726604
-0.9012085049302433,0.6672006692821786,1.2576318224410823,-1.6729173421388501,1.1805388500657603
0.10182903326050805,1.6938689538026879,-0.8229561130212653,2.2193245249386084,-0.311556024325757
-1.4232060394080224,-0.45991004757382076,-0.62903363507852,0.12889828135633816,-1.730525716652072
-0.5743302101491576,2.59206160883781,0.16774668369924678,0.92620898656887,1.2538228217544276
-0.6378297163510884,-0.09505364332596948,-0.3564777994883291,0.14800948488660554,-0.8334094885852357
0.7935313465014707,0.7973203855142772,-0.5660094078801767,0.5732075403939536,0.3836591011824693
1.8999576147859956,-0.12354133605779087,-1.3628172842593866,0.6212143980117932,-0.7827634178695783
-0.8219768733251899,-0.35894543857545896,-1.4485725154373799,-1.5430354358344471,-0.7518538802131052
0.39170920565405,-0.8109296978748849,0.43648895777108776,-0.3556317706220932,-0.5268368506066837
-0.3603957403392009,0.4565356436071482,0.47737217346731814,1.0517445971723793,-0.26854472473757196
0.7124571348968743,-0.5232152087589123,0.5385469688630099,-1.3253800087528897,-1.9782525291752089
0.4056067544192927,0.6796988943993236,-0.7014773577419383,-0.15532857822064722,0.19739495838398535
-0.22367162164755577,0.08407336634176903,0.6133431235823232,1.7823960852382508,-0.3122359032579053
-0.06400776747914053,0.0533981085353786,1.6347196829568518,0.9540658335951339,0.6100939778428904
0.38506771302163656,-1.3469616436627148,1.2548433608695342,-1.1374605912660944,1.1321518689503807
-1.1435672234795364,0.4195308903984323,-0.577839758136159,1.0439266284073372,0.08585332422109901
0.6745692975027705,0.06053283202949096,0.47356837922545497,-1.145998222208524,1.310269378983234
-0.706518424655349,-1.1308856655218054,-0.025376710071160317,0.6191994075994062,0.5874070733288291
-1.8576235050250969,0.12280276818219565,-1.1062508334301395,-1.1366885426337117,-1.8969126491232466
0.3861042407103559,0.5617842786492409,1.4873820504520334,0.3104455765745362,-0.8308888220280474
1.1148402661205299,0.45069576866718347,-1.083915241178024,-0.21852136030494776,1.379235399045954
-0.4327562487356601,-0.4765224914975543,-0.7803799218166535,3.4185455332038157,2.1939751102807725
1.0134020536132484,-0.6992926666057729,-1.2397519124443406,0.6710414683193169,-1.2072025156436856
-0.7689410835752922,-0.47267920856411183,-0.31363804241976173,-0.916521457274809,-0.3907932164025975
-1.540820256737485,-0.2924983433407875,0.9234790676046858,1.835053504571679,-0.503743493534127
0.0783980669489532,-1.2797652011442309,0.058211087025415796,0.00406481049293904,-0.13286527037844534
0.6109760318246339,-1.0914811608102877,1.1127985815224921,0.5860754021820956,2.355901319334088
-0.45640352718256993,-0.08069801695458094,-0.4292380018250226,0.8466692623868028,-1.0723682246509474
1.2467272390737267,0.9381534111852164,1.1509992457998344,0.12913657938577977,-0.37908241132315423
0.7165214939446145,0.7203110267922114,1.4179820389892104,0.9690437970392983,0.7085334186124752
0.31874862246147956,0.17544900785494244,1.168285804137812,2.147834508382563,-0.7287631405895297
0.8901551359781656,0.8251779065079587,-1.9291698175175063,-0.14723727804072453,-2.398338560052455
0.7090837292368307,-1.4615857595515631,0.8057256446841378,0.020950478066596064,-1.1657778727524384
-0.4228888341692734,1.1846542580541926,-0.8180902934186746,1.9891188913009574,0.8731437953619674
0.7734393772228887,1.5631714956795655,0.1718687334024191,-1.0769095413703436,-0.7661968752604384
-0.6265122207057853,-0.29760284609858195,0.5485096498339211,0.3292225367213583,0.2176031514952949
-1.3344644682067903,-2.1426488721554526,-1.4142256567875002,-0.055763158951955834,0.8312330202186811
-1.3791913613741964,-1.915897253451055,0.5314489122718561,0.15583491669086047,-1.5867751774422671
-0.39890550343381204,-0.6876809268137644,0.9813124242718941,-0.3162024268214015,0.2258471446147942
0.4980306569591868,0.0013653230285628319,-0.16623095628412604,0.46344115482435655,-0.4020250843909489
0.027456341927816867,-0.08660891886196762,2.4025820904414497,-1.6706009333306198,2.157533810026418
0.6274584841806088,-0.45861305468949215,-1.489490898445467,0.8860156371211366,-0.601480856639958
0.8473531408908512,-0.8914876720266832,1.2060322439614084,-0.9302597038682231,-2.0291932325991273
1.9717762867671267,1.3045654409579668,-0.2909667340724486,1.0516131833073843,-0.48355602341674103
1.8579964522177252,-1.1743676737297257,-1.9490756072733686,-0.8500637010640163,-0.16262743263832605
-0.48625596932263626,1.1751184800769816,0.9986137422103103,-0.7094667639970444,1.4073436719909513
0.20704215103029747,-2.6848445089078843,-0.9465694905734426,0.5603873097176891,-2.0168311291786063
-1.2993873679708328,-0.5094403932619429,2.403940878135337,-2.141077458999606,2.361555853963004
-2.05334349676037,0.295291937969824,0.7145351620083487,0.9253667069527283,1.9845740068045679
2.955901983470967,-0.3119812354090264,-0.24946754951262326,0.4560967069821181,0.3652950234138756
0.6726629837914329,-0.3806863502113252,1.030507047226717,1.0163161805017364,0.2410526339200596
0.6946540347316403,1.047043697895566,-0.2900969136100955,1.2460631604472032,-0.11827021893842268
0.9500052537276883,1.778355457479178,-1.7629577782096744,0.43436734372591357,-0.46112387279516925
0.42639799066277645,-1.1011062068816977,-0.23575597233747084,0.5317684538959379,0.03936681192379485
0.22263890473564785,0.504469937898525,0.4261205046961299,1.240383954603036,0.8070324874511032
1.1255568540656233,-0.5418576019908242,-0.40776752794993854,0.4853460992998675,-0.9054828601923413
1.5648221548064436,-1.459471053438884,-1.4056808939479295,-0.06404685317823276,0.33456786685491996
-1.2793894183372765,1.0905925538814285,-0.0676714265418708,-1.108720152742672,0.15073642549645275
1.1415164284378383,2.3592498298326374,-1.0191167662660356,0.18144059659920939,1.3395887674657063
-1.2477182474737378,-1.7439764157202884,1.4286778128857667,0.5392683550726146,0.9770923432514372
-0.053500923505463954,0.20228024143706846,-0.06936133348996691,-1.3153577026262242,-0.4841390354006179
1.8417805452001668,0.07593072102346939,-1.4493104297330572,-0.10188739417294002,-0.3279244619390422
-0.48031456948494605,-1.1336490732770301,0.06688776550938806,1.868256994937367,2.4098133834568434
-1.1372465756581347,-0.8483258224850092,-1.537722091301942,1.427901957146963,-0.7394736665334
-0.48686034398469036,-0.00029055803405059194,-0.9648346000693218,-0.0028333127219043095,0.24640704478800654
0.9579642013290949,0.41181906778920024,0.09991200122014438,-0.40609101899304917,-0.08147893771311523
-1.1100143792331547,0.830353688138385,-0.23642955774426025,0.6774518330700189,-0.12144549755791065
2.9888357115083233,1.518041607723435,0.33184344258958715,-0.704532608776548,0.5747131017438883
0.6722830114182402,1.4646962878250922,0.561501650696518,-0.5625571770716361,-0.34017549932446856
0.03988855755962772,-0.5743823317278023,0.13331408789684945,-0.3510386603634699,0.19545813303322881
0.656409234427245,0.06718508943528408,-1.3154694670623719,1.1066553209296928,-0.7192530356453686
-0.3072215351289896,-0.7669894366961895,-0.4608331743423601,-0.39144481363789285,-0.7280389671480157
-0.42340166327669154,-0.5895467488455786,-1.254547680087687,-1.164695562017146,0.951241268103407
1.0358749406629586,-0.29658923492879213,-0.7553116951207642,-0.444929369755196,-0.250775260756905
-0.2638929063650156,-2.258166655056385,-0.53331479173041,0.02695668008194571,-0.013942060313243774
0.23706777410986893,0.5684231511260955,-0.7990053506851813,-1.0828558254399259,-0.18672127718051162
-0.737514221847912,-0.44303798994110055,0.4767106451831854,-0.6619877531309863,-0.265012896578274
-0.7760238447730999,-0.1409712008156858,2.036716260521351,0.558904338809729,0.1232631872297424
-0.6761452474100155,0.34155725942079945,-0.7424450956966803,0.03743505851667185,0.1225316943837425
-1.1904277164454116,1.2646334571066635,1.2550171713353266,0.4777666202326756,0.478175789862899
-0.6375313366823308,0.8378808799790416,-1.7751291249526229,0.10778935209764491,0.8726639716433736
-0.05261993708960514,-0.1304549307617532,-0.4308440296361321,1.4692274780081154,-1.8630500303347608
-1.4599077108488216,-0.6585307032380138,-0.7155697317144422,-0.36908913954738765,-1.1744800486890379
0.5796851559822869,0.43931301157448327,-0.268718219380698,0.038737962795397575,0.024606642552968568
-1.41153086208113,2.332072062884815,-2.6928772608055263,-1.4441917015306969,-0.33941350495661254
-1.9892910351609663,-0.13844747294223766,-0.9492484547746884,-1.2507525701024413,-1.2646657774393577
-0.1681488919310325,-0.6648616387010288,0.7576900928607169,1.037032602868498,-0.05986876925762409
-0.07345244552404387,0.4348563144838102,-0.6185346489391531,-0.7099152067046566,-0.13585747812744486
2.0101666321222087,-1.1866096389578313,-0.9831618527741681,-0.4449799295486055,-1.1325134929356993
1.0666705467867295,0.6901699767085837,2.243357181002265,1.4190941994669781,-0.9404974731533605
-0.9630725935155475,-0.5831135633855676,-0.08647022866002387,-0.6280334393059168,-0.22628961521800955
-0.9735874873568169,0.27237092409865193,-1.3500952578525773,0.13265808939404758,0.43821130340872944
0.7567532519335717,1.5705164769687632,0.6507635182221468,2.9410415294975505,0.04531224146293938
0.6971701786732152,-0.8620156800705313,0.05160385414889412,0.8050026608367219,1.0567268966696592
0.9417630984021002,-0.5393955211471385,-0.1743369877398885,-0.5864673475641609,0.6995422296164568
0.13832347961964248,-1.319656847709717,-1.0166862649820825,-0.23172715694885718,-0.9926895292180404
2.644539141339107,-0.3578798512551898,1.4489143451480975,0.8300292941830545,0.20534161608953563
-1.5095882004066354,-0.18844350601677778,-2.317850648096824,0.028290924185342816,-0.99119365580549
0.4245192167642193,1.3257223149764523,0.9216082485177225,0.37579907512590444,-0.6765288798419169
-0.13181023207254394,0.9815224255198969,-0.4684174471191975,-1.2879944548512428,1.6700305001624807
-0.9480375720902479,-1.0619545623104987,0.6533141122805433,-1.5894252334604042,0.6711878859777429
-1.1011106132382489,1.079068720927956,-0.17946431756400916,-0.2173193508545101,-0.6445325093369616
1.5873802398776469,0.07228377196675402,0.26039097419819635,-0.2571694010869019,-0.7550711069451634
0.034312767301264424,1.0754375337288784,-0.7975806600439395,1.3468163390101484,0.7699178695738089
-0.48247996586240466,-1.927678787153251,0.0769993513278322,0.17598727681749352,0.7430616506969457
-0.3555290507050209,1.0956300822244125,-1.620929257958278,0.6385083970982973,-0.15681408145944448
0.3595784664521749,-0.22734419637817,-0.4077719101396269,1.6549963977378561,0.5029836049205912
1.728983675910115,-0.8462674788078125,-0.30648865179418366,1.4218695442906595,0.8972174668114137
0.3588876191338709,1.3516357172163416,1.0913565018694429,3.1379196426352127,-0.5328690330542138
0.45504046190398884,0.19049119360839253,0.5821000188946337,0.9708033559362641,-0.7164001274629876
-0.6743244028940891,0.75264424076822,0.6020465781999554,1.9828604645896153,-1.0467933728938477
0.7525859425088959,-1.6148768568026188,1.8438175912559218,0.048022823839530354,-0.1309685342443213
0.44857237090583585,2.149552580694139,0.981768246207928,-0.6957132810888561,0.9303331727556908
1.2974591347166546,0.30667569194031447,-0.952228527504345,0.8565408427822485,0.20083705534505333
0.6387158579919826,-1.6095047133490346,-0.17514896911778616,1.2655261581651116,-1.236145410879998
0.744246847501056,-1.11837343310001,-1.0295306643703674,-0.25585924705365404,-0.5901975356955279
1.175539957317282,1.5925909181207532,-0.9961073490534423,0.6870822446608316,0.4741644496576273
-0.49584799723631623,1.2597136000587243,-0.7834658594035004,-1.4019312965265927,-1.7033659099163052
-0.3419949594605609,0.9794555209507287,-0.09355176806364554,0.1787894691420247,1.2552063625102106
0.5630064779596894,-1.5322221890483239,0.10835250160926933,0.32346138386313567,-0.22741059994604232
-0.052484460955019845,-0.033989766264313916,-0.8347435035723789,1.8497643852805599,1.2787170743357323
-1.0450564434628062,0.7347763895200876,1.021952240308722,1.3030790506246044,-1.1040971287380155
0.5823067237213891,0.44411694607812724,-0.6607771124077645,1.6997872574933137,-1.1710102660985786
-1.3099121212680918,2.276612426572007,-0.00042102849310482183,0.6693874754039131,0.694279600456202
-1.0282063313903667,0.5483524060130971,-1.3426359512957768,1.3774228014151135,0.42366220060925114
0.40511616372154824,1.0548526112241126,1.5605373185015605,-0.5858608644796478,1.5546256805404135
-0.3880098007156151,-0.2929900627981515,-0.32111979528019713,-0.0875537386387193,-0.4043524476053615
0.06098604563088029,-0.23039870491445985,-0.7714751990777866,-0.818641923795761,-0.7729415840469654
1.4639060357631477,-1.8539328709105847,2.123061639552647,-0.9345262756360947,1.5451624422145052
-1.5170360403906862,0.805462009522741,-1.3148533661222828,0.7027787877667792,-0.029282634524864678
2.156150277041002,-2.176602948563712,-2.1666946362105604,0.10764413743412077,0.13574053260332836
0.1699706361031867,-0.25705498536454346,-0.19374148072257352,1.437167048302113,-0.25252286987509104
-0.28285724129469497,0.9386281850197504,-2.4325466662630992,-0.07974821306453808,1.1595970108336353
0.8337108103802977,-0.11165004039577271,1.0076585327173846,1.0649072613518296,0.9289385011140285
-1.4830051357090412,-1.1450210691383722,-0.08259770980684111,-0.49008773794341054,-0.24646236447346126
-0.24601284362081818,1.4838601034002208,-0.8360559339264085,0.6284657538169567,0.6146237573294128
-0.3746729044863297,-0.9247042453203979,-0.5915089027266694,-0.8425744536317624,0.6691472501598539
-0.31598790826585044,1.899771667069508,-1.6199094015538718,0.5080534885226209,1.5919785313923693
-1.7232907269283122,-0.542746139966981,0.05090008757124649,-1.4566164380922266,-0.49892641938251675
-2.116537881840366,0.9026179784854799,0.8403302790161093,-0.4751288465594842,-0.013598554292277049
-1.3163732839690279,-0.2762319799691245,0.37783082794638817,0.6911287602660269,-0.305910653510161
1.239759409712678,0.11674975656898114,0.4006964305987486,0.9253835545934405,-0.6222943347237243
2.4151389870258178,-0.6774733106531308,1.2362967863968035,0.20053078760788953,-1.5249502443492142
1.9304070634486952,-0.6273152904865238,-0.6922914359799864,1.090535190380723,0.4237089273164049
0.1930511025264771,-1.4421953997751886,0.9282575330362176,0.0942672425369751,0.4387111295337226
-0.38785067887497654,-0.7341414931096,-1.7912262095303875,-1.1132361238546766,-0.021026803795274024
1.5553042468223364,1.6425634390686685,0.7084363231831654,-0.3965303074259687,-0.8831417012749265
0.4925919360726285,-1.0220944268578058,0.09456307022360416,-1.174667061365584,0.2475083366516952
0.9549825167160424,-0.3301971811773922,0.5703862267381837,0.5253497296778771,0.12513065961051656
-0.11663514674009141,-2.010281586560174,-0.843621086069689,0.41219150880553035,-0.6078780789401079
-1.2343951215746576,0.01683284451186759,0.4315546412915297,-0.3765825911985079,-0.34104545958704613
1.6106209165924386,-0.9597192785142588,0.39525221875097116,-0.7130277550142815,0.8086700217928602
0.3651004862531619,-2.199922951185744,0.6970293770743416,2.1773977131533604,-0.6837568105186141
0.5644792129128383,0.8277718654802558,-0.2084228067306352,0.8862441184486713,-0.41345509656302176
1.2100329974428945,1.01767137227568,2.046893899240111,0.16541024518441222,0.45971313031837124
0.2624537958292317,0.38077231341583007,-0.6534895794893627,-0.534628158785056,0.34740044529147496
1.48360453573669,-0.7923279548695625,0.3756826272698628,-0.7273437389827329,-0.7613854177496913
0.6391151361240819,0.5110619237719493,0.5826078641311564,0.46343675272017487,-0.778365778943156
-2.028408931167623,-0.33832257039127883,0.6554962195203712,-0.5201053888076972,-0.12247451414866733
0.787325772588763,-0.42467766461668943,0.7458538499791212,-0.6325372151918224,-0.0020729189154108643
1.1301498388106508,-1.8976673240675224,-0.2840376458402358,0.5832376618842787,0.8558269860315524
-0.891269978281235,-0.09096552363671555,-0.10460466512852375,0.49235087319400966,-0.4637150984440944
-1.3158431394928076,0.10970699455892403,1.040078979821233,-2.0543048057277353,2.1841866182841008
-1.051350779296051,0.4203051102307173,2.095493873350691,-1.5319481266441437,-0.8350412013034136
-1.5339726718675795,-0.8443861796005961,-0.3152465411229792,-0.5482956251012269,0.17932704501086252
-0.2123126330155192,1.8749386780537436,-0.2637304371288276,0.08245833014925866,-1.8531987510886219
-0.2022374796897131,-2.057656523840213,0.7380426620813737,1.4919280645083384,-0.014897745985748174
-0.7129828261052177,0.736869683106272,0.7924353018344596,-1.2906893087076476,-1.0646824097420178
0.929996046987738,0.37855223563950535,-0.6178798008643003,0.16506402232997716,-0.02760249222677986
-0.766917968882274,0.6098298909237597,0.3998849453091234,0.9296400508122635,1.0084791683079022
1.1932435337622465,1.1950682223611322,-0.7118420094590184,0.9590183001033231,0.26860410946252844
0.8663648928573158,1.014240773990062,0.4218841991291592,-0.3299743739998306,1.3293332189524416
-2.225618476276323,-0.6663780680329159,0.11526048352761653,-0.46434095450393703,2.3853911147696025
-1.2929166352949533,1.2849160678965903,1.4703647449377695,-0.8467396439333589,0.17731238209841346
-1.316960075775606,0.7388573655168232,0.34720234743620226,0.3540222635059078,-0.5258456387059057
0.324034634600193,0.3420053134192872,0.0010220132098601082,-0.8337848489517162,1.8526302995570287
0.9603274290767723,0.8258439206454934,0.9540929267312778,1.0180613883748832,-0.2956672316366918
-1.5015678650660165,0.6312908641927696,0.5788449102171624,0.9330269998363301,-1.0577881252769785
1.0021852130061673,-1.1065148523226798,-1.5598004858553025,1.2588223020769607,-1.5499015225775412
-0.5953313567504569,2.005646576139718,-2.306836706965678,0.07982961130943632,-0.7037788055082366
2.1891076441753734,-1.723499963302529,1.146498693741248,-0.30242435743039703,1.5991303805185433
1.0292324328963085,0.026590806736023685,-0.5814863283652543,0.3567678576948634,-0.6509268922821019
-0.25288861021503045,1.3103333700556348,0.4018353829322075,-2.2631802520396156,-0.9238178255446445
-0.47474001877811356,1.4926295151446942,-1.0885426753049026,0.07465559246361768,-0.04757993698260434
0.35072081099352975,0.1702816805673724,0.6388790956462138,0.9568690055664898,-0.5062537395975799
-0.16502386604530137,0.14208118218270893,0.2993156956360243,1.7598791894360446,-1.2982385011950883
1.7770810027825508,0.9029465890930961,0.0912241365921821,-1.0910387078617085,-0.2808212980561759
-0.6210285419767995,-0.1978462976695834,1.0348656421319304,0.16955893034783986,0.26536049994569955
-0.4666265323111657,-0.14488566339636827,0.20205119101204108,0.22396179984021383,0.6782646097484548
-0.18840539270610657,-0.19851389520337548,0.1588706195611568,-0.7112261597110274,-0.6514898983339279
-1.5844249895576255,0.5783419558562027,1.5279021128096795,0.22173525790485016,1.1971236491679744
1.0005714431719925,1.143428592879791,1.3316038996066155,1.96811609100043,-0.5182847455647851
0.6148182515290949,-0.5143052149040359,0.2523927141910607,-0.617759266580136,0.5871108939601797
1.4285113233777011,0.7008562050377166,1.4093968512061832,-0.8892838940100686,0.8532225759243897
-0.4197273591605662,-0.6048786594204422,1.4656740326568942,-0.5344840612273606,0.6152070072180557
0.06729213433269225,0.13798908589039285,-0.4756882624122421,-0.679627288310901,-0.137075314833388
