-3.8551025736026245,4.1221882398581675
3.4057370902498274,24.523046062349117
2.093080044767956,10.947710319657368
-4.173456224346813,-12.783717794343573
14.000913916641437,15.24933826496342
8.041220722259412,-13.093665419655203
-17.459721699541515,-2.2544163612751738
-4.271005493610746,8.3148757699693
17.129039548163497,-1.4364615127519729
-5.003414333525467,-3.8535621790486037
-9.205160232970165,15.244337266097848
-0.5100760477669564,0.24289569369756148
43.122512980681144,9.641920875241004
3.4674515110081217,-20.828675207809724
-6.2559686432347394,8.462336457452482
3.842866927940179,-16.579629238880766
-5.41848107345582,16.225223709267773
-11.194819304953969,-7.075187245151666
5.496842768133124,7.87982014033995
-3.9311214412830635,-10.642670406978306
5.826957314583708,6.432293130202639
-19.02105675130195,-17.886567873452034
-5.040207552385453,18.362442507017636
32.304699176897145,-10.951247051491157
-11.352116378176824,-24.819821110732292
7.349850628637855,10.501642430308536
-11.194793958353774,21.642768729247315
-3.8036381499531857,28.93767153478985
-23.980880034691737,7.989551448183816
31.31368915515263,-7.6546704401765915
-4.809817020648753,13.185253172643694
3.62349506787635,-11.93164713162945
-30.854272369708617,2.7560554697687842
-5.556872255363311,-1.9473957035915854
-18.513182626678383,-4.596247176447529
-24.651752666075463,13.855297304059665
-4.251991905758603,19.966936207873047
-12.852161957038886,-23.524589915362686
-0.16174928889307427,-22.857522739577103
-16.899831304564167,22.325853439526405
25.776610323555055,13.969847113342855
17.263282950199958,-9.28896734003365
-11.07098480087808,-16.209437806852858
18.02017996713788,8.533460361106503
-7.634457679196464,-22.349329901590252
-21.072352178329623,2.832916919286899
10.659378986968285,14.137078340923672
8.928655083229698,-15.845723679905735
-11.293644546904021,-14.684528048893272
-8.921351409129716,4.5458466495549565
5.120513705795009,7.72376590585422
-13.97269072994158,6.397790934310102
-4.192178109750836,-1.6285096043142246
-9.296411280811016,-17.668479278703995
13.710463174456,-16.721206614309647
-24.934606695767318,-18.476371578637114
-5.471953313592101,-14.87066881429054
-5.995150636374484,-3.847974417584698
-7.273615985936601,-5.791865044694019
3.64178278257954,-19.64054389007338
-11.313245429988882,-18.468666406845564
-22.812979881718828,-30.40338509898361
9.671396741544632,-10.810055677952914
13.836351850919552,-3.6678285928650096
3.0758360183578715,-14.426416694935279
-14.252016946790125,-14.111655739175836
21.183419578402603,14.914860931208432
15.199253221416818,27.50764306055592
2.75994203708185,13.39939955181649
5.2580600880022885,-24.038134501118833
-26.123243733828794,-13.033477723597496
22.88150651582944,17.5323799771263
-1.646942183338878,-0.9972688151626072
-4.236380179005218,-11.46320703548751
7.658153309271704,14.292594194623117
-23.26081701885683,-9.227075475417648
-0.614236848680862,-21.802198012054742
-1.350690293602748,20.663261693349135
23.556873662198946,-14.655555219770628
-30.66252774689822,2.5734423380767595
22.754710427387312,13.921119051046027
-4.2745581655250335,-15.602952716040805
-7.6900164703581595,-34.11992368413241
14.195059636461309,-2.4235858676790096
12.201288050279926,-5.6212723264014155
-5.751189280660446,-7.364112474837349
21.627309444565356,2.298124564618493
-14.85844180472887,-8.717286089556515
-2.594494861816723,0.26566945823925625
16.716187185096302,-25.816920322278357
-17.791509293562218,-1.4852967419942724
-5.652634437617471,-11.286054491696728
-3.4654220644152423,-10.434618264522218
-11.97588711920131,41.46523973132085
-10.363056525041374,-28.674327295959078
-18.920248285469583,-8.65515343575382
3.418167126332534,-6.493055759453691
1.1730777613874581,14.882697510234692
-11.964194058710165,2.14269610018325
-7.628415845998141,9.764892579907942
