0.01907862859491042,-0.8682508307570116
0.40207768216158773,0.6593207121998494
-0.11122512581299374,-0.8225912840369466
0.01874891565533916,-0.2443537088927048
-0.4680666407300913,0.021191158362088652
1.3752186071620216,1.567185853981674
-0.23559371903999904,0.6683194590940154
-1.2662821912358488,-1.7482209022397155
-0.3041206216160247,-0.8778170476287958
-1.8949872327910147,-0.6058659891735644
-0.29601150143954524,-0.03525114384744574
0.41043950794584444,-0.11092098334816562
0.22114000119007063,-0.36002655443835646
-1.249058057516336,1.184946698218142
-0.8252854392633882,1.5000749757433067
-2.220865293406757,-1.6684418827773615
0.45891146643714126,0.8637662310976071
-0.8033980485673134,-1.4539967778404481
1.212791480735699,0.026599258587745665
-0.5743091367364764,1.1200881387286055
-0.5365748130551041,-2.746668538534087
0.4201988209216954,1.6633778079703334
-0.8571510543790384,-2.3640218790064194
0.07601744694994501,-2.5192570799957115
0.5581827528049689,-1.4342725156898055
0.3286037852838078,0.386880664687554
0.4922467643409862,0.9044019364677972
-0.4445315899728951,-0.885188673890268
1.2356725195009122,-0.1702452368114101
0.42177134070891403,0.3570065383531474
0.6261020274721035,-0.8152305002201385
0.6208181308602003,1.1270465626243458
-0.6313050359624984,0.6865925686363314
-0.1484745439166687,-1.3929953927605239
-0.1397784487529035,-2.285665751822802
-0.2626700146322723,1.812072990425987
2.2470041990196004,-0.43727705716416754
1.9415327182307163,-0.5558569451882039
-0.710532273820422,0.2895057577161147
1.1909091078698968,-0.3733312728872015
-0.6346834015337848,-0.38578758608490393
0.7532815325254436,-2.4722911839046566
0.9389261684981081,-0.19822386284943824
-0.9893083380662219,-1.1906900860709462
0.9273085775637077,0.4277755936625691
-0.51098930649253,-0.5505978234880716
0.8910227389533685,0.18956532915208554
1.087902142874887,1.7323942324527333
-0.49744386432206766,0.7012835105019065
-0.19839694213794,1.1264628776848467
0.04875019897405388,-0.7753804636023153
1.3451521737164414,-1.1298947148804002
-1.971524927041428,2.31159916052298
0.3281992268166615,-0.6162896137065625
0.9077147593937598,-0.3087844605684758
-1.6244904281022086,0.11708242256967087
1.8667606962856282,0.9632444726630961
-1.6003262879843922,-0.07729413110866733
2.6751899508822325,-1.4721115246414043
1.794782179772469,-0.5926512234166577
0.6094152887041172,1.3490570704463054
0.7547618965470879,1.2358738358357673
-0.9627299452124354,0.9574785106555584
1.3786056500439086,1.3619396271430029
-1.0399646711474737,-0.08030117783542025
-0.11237325117051704,0.5298773009269558
0.31845205328385534,1.2025853659292305
0.06624739941239338,-0.9064793422885248
-0.3057599611969327,-0.3010249436061376
-0.13331412709455004,2.057504540191609
0.7020979836392771,0.1260800699077368
-0.5058763463701702,0.49906970069432366
0.32879177291816075,0.0172261055472636
0.7576850391857803,0.5202169746706223
-0.6035065824773996,-1.0745307449908812
0.4662184221847393,-1.300153774235856
0.9316179482922319,-0.11470095034936009
-0.06608002738274883,0.5183180023580106
-0.9577591621245336,-0.005674123028067883
-1.0860099873381104,-2.137191505463717
-0.07021346740247893,-1.1725266569339166
-0.2032603645816092,1.0335842245135556
0.03539074788835781,2.5913913384816523
1.2929643103823307,2.650699165118759
-0.28233210373508155,-1.0663365944101844
-0.9653509441178552,0.2745139763060112
-0.40639550286375303,-1.1063459617517517
-0.21569216785796402,0.5142300451152902
0.3560324287243808,-0.10392695133023522
-0.407412179876043,0.22480177466865717
-0.849417006136603,0.49477580709857233
-0.23981682360890297,-0.2488174891412277
-1.4635854610199726,-0.7179621584993245
0.6351022199629872,0.9634947421657749
-1.2876340696644029,1.0968526359849273
1.712695141414955,-0.6239416895946248
-0.1484458124616676,-0.6053177996462619
0.16513345415869607,0.0753180833918118
2.12769729467763,0.05367888849160896
0.2149575405970765,-1.1503158836694045
-1.5417546639097348,-0.3072869963531845
0.8178033923508722,0.8441518294625544
2.020370592606386,0.2168570341009917
1.240940199390877,-1.0060234382370705
1.2326219631235116,-0.36625957410038407
0.3624618566330087,-1.0503552450131413
1.6124374495246507,0.47968064821024387
-0.006122115007550892,-1.1697362698382503
1.0684139079512407,0.02156096422533272
0.005555991079442729,1.1703737915557173
-0.23641306404138482,-2.282008037799058
-1.2017293343410762,0.5655299514630316
-1.9846051057789171,-2.79759210530816
-0.549448112079151,0.48469244670747824
-0.02536203797449791,1.5809875906464856
0.28955318563993226,1.2277090589070574
1.851636898087425,0.6226859798190832
0.13222477463685212,0.7018629314602427
0.34967923955470426,-0.8897284539136304
-0.6910696118197515,-2.078461071689617
-0.6720396353927804,0.6927118220618055
0.2868498453395126,1.2816936775929726
0.4418854264938616,-0.8058785981517755
-0.3059562555249241,-2.173441934467732
0.9090848202053525,-0.34529286787122954
1.5106050217854332,0.19350710969010107
1.0155697344706862,0.154582655068545
0.1246122817191741,0.26023543998934096
1.2029087380532617,-1.2285384902687808
0.5382087221860926,-0.6242343204952844
-2.1055892994999112,0.456287198325257
-0.8062090607817267,-1.1364677476857397
-0.09176479162942994,0.4817044833243275
1.1857864332064003,1.677840627709114
-1.3457729245454895,0.3503489006643162
0.1239493372161404,-1.2823666400345184
0.500392445701822,-0.22412111177353164
-0.6890894142881712,-0.3504924382645345
-0.6045782579494487,-1.0329728379068615
-1.0981035279463986,-0.47197446606967275
-0.958192633843091,-0.09674447082079494
0.5790334049681471,2.386832491618971
0.6360781389972803,-1.247852895289124
0.32496197703358737,0.5315839710630006
-0.5200361522629329,0.6144458323859463
-0.6413463350933818,1.7061433508442752
-0.11009515052583647,0.23607854548561905
0.3779532266771262,0.49453469987071813
-0.3228702274021571,0.5300082660135784
-0.17290722646451093,-0.014232734940131732
1.558437428874133,1.2487956524898844
1.190724038531116,-0.11824103688025266
-1.0991709629175623,0.03105036086545838
0.8191194346689311,-0.6077160140731611
-0.6850308123680692,0.7009062386464344
1.2861436300804066,-0.7723669845782417
-0.949853070255759,-0.05718448932079719
-1.796672536472374,1.388789878966093
-0.7008341826985083,-0.4248053143282691
1.7958604987803635,-1.4227409290085977
1.1443584281114876,0.3855626444770608
-0.5421312805543643,0.05335845535649552
1.379650737470839,-0.625306733858167
0.8978966514711916,0.15930326677515647
0.27012170116706535,1.4472129947511119
0.670803076998093,1.6566412497217347
0.6344666210276441,-0.20818278265433582
-0.18614431214105243,-1.9772157217170494
-0.05915728108703914,-0.17524629213276732
0.8957061419111307,2.2833203161899953
-0.900470437965233,-0.9628526814204724
-0.6805959932284936,-0.4892672207890984
1.31073758068702,1.14489691314538
-0.04856293673394936,1.148215859001052
0.944527558220066,0.5716838508822987
-1.0690962698681201,0.6332791569112718
-1.9007541325191777,-0.7104253950602957
-0.41166275696206245,-0.8632291058150096
-0.02886045942304465,-0.23763182509270991
-0.13619171993923979,0.7156125896726617
-0.7202403276714922,-0.8361184964212992
0.552289021851896,-1.2266714764158395
0.9697544695284748,0.1306793407419511
-0.22561166796537524,0.40771471215190486
1.3960129843016567,1.374741993539079
-0.7911686219613793,-0.12376137085664382
0.44078725994066,-2.985753940567621
-0.131216599281472,-1.315943495327856
0.1477372556670399,-1.0475492419644226
1.0284892688481537,-0.514754258723744
-0.22946867782292948,0.13795822648727546
-1.0465264223637027,-0.9905747342012117
1.098997271860665,0.595974819743302
1.1056796137215283,1.2268878256939852
0.41663656827224443,1.154448091009518
-0.7379121519263249,-0.12446286335775193
-0.8274637095893326,-1.5380915216291153
0.5276396788535194,-1.0937444595067893
0.9363128662374162,1.2916797788639665
-1.1701171245169795,0.40960701367805324
