-4.14764119135725,14.049896734806829
-3.9239662958802075,-0.5159335150679158
-0.13158245919358436,-1.0324244280955472
16.94921059296556,-14.770450078385178
5.748802363246213,-14.236748781739456
-6.485359178204892,-5.22629580764402
0.15442383496381962,-0.5367687211204588
-18.53500410915882,-6.321414112035496
-3.3184674317175125,-3.5904846116256777
-14.52203520358664,-10.665647336648668
10.546316534330183,11.148377414730845
5.484095332321084,0.7945483544065013
-6.194831749107444,17.941024823947103
-2.0966310056943316,-6.406723444488836
-7.22320983814027,-4.876789711852077
-14.683503800664933,-19.594226885472015
-21.628647499999275,6.2564910383820855
-5.161898896115554,-19.35788095992253
-5.354445968754005,48.61467932979248
-0.31102186665423837,8.556117123740673
5.663833970374837,2.696807568726948
-0.19771796832986777,-0.6052143527369562
-0.3591891968303127,-15.01744338301108
-2.988167837520235,-28.519256315851948
10.851293629792021,-23.364432095857694
-16.055421463867162,-31.176353283011576
16.00886627643835,-23.66868393689507
-11.10204649577417,-13.66257410403479
6.227816941978526,1.0203642405930489
-7.8446673039848065,3.674215233459287
25.17005716440342,3.157255386673439
-11.82462619871866,-8.014845256150194
-11.551922024618591,-11.246331857122765
-5.735170591952992,3.8422973980934416
-8.70689211659285,-14.868078211933984
3.5728285412173864,-8.682119834923972
-2.749151905730022,-1.7020892656905926
5.02220515224928,13.918246071027578
-19.104018122016225,-8.374018884555618
-14.723797487517503,3.2489664366288653
-7.809727051041293,8.533080581897119
8.137970660319324,-10.982558615707715
2.3165574903640107,1.366755497043059
10.135830713695293,-18.866110543765046
-29.222026535267513,-4.927573606375313
2.581398030010299,-14.23997472567449
10.6221017099036,-17.842380505428572
-5.49236019150544,-13.260058181466912
-13.113948863354542,18.331894183435807
-4.518344314331225,-6.183379944497434
21.453934290168057,-13.554657385113025
2.114070717640207,-25.364152917406074
12.99823398081118,-1.4122169776267555
-11.178569806693012,9.514871690028448
-8.316222852446643,-2.318658147362928
3.771177991278061,-0.32667938704740207
-1.3157854728974518,3.768766877628387
-0.11159859905767822,26.714293368256424
11.419471948678929,-5.317545857646774
15.86351589757912,-11.826742769683532
4.3773034594094415,-0.39739534083371875
-16.95172958079398,1.0296439850313628
-13.858537787523126,-6.6914739915920105
-7.122119689010526,13.32172577929512
-13.687008791191715,15.402304471300454
-6.4872436921790415,5.464361519254726
2.8352271688355426,2.9913672922195205
-20.174398000213987,-9.212953616500787
14.956735918452779,-5.188997169013257
-3.2054713404783146,-1.5469353449219625
3.601374815231596,2.967520031962904
3.9188305064459845,22.04358690710732
-13.854072448211861,-7.300983076795635
13.597327992914746,1.6243295955040793
-6.613611437282312,23.876789422485203
0.13417414338811873,-11.859820093016836
4.668489944042558,19.95698491338371
3.9881566616164426,15.765640642266181
22.417048934430245,-6.35052887774982
0.7504567678889122,1.858127635257651
1.693663079540312,-0.7327360500590308
-14.386754635332295,0.3918716412500527
7.530282572912487,-10.659381369366987
-2.826921178345427,5.193846697665871
-3.3110382220666583,-9.763087040717814
-5.045430969641327,11.767223222771962
-7.5388488980159565,-2.1131774269244032
7.069602105001399,-0.6444322133923368
-7.459964333633557,-17.549138551593938
-0.48901105470569917,9.27876626667871
8.381036217355016,3.6190372592999855
10.228360554842181,-5.825283151133499
-5.491019157079167,-7.78861519397649
17.06088516104698,-2.5946148982194552
8.732164824710296,9.657949422127162
-15.838472964040848,-16.735568616384818
-9.566486070149034,10.073803873365053
5.0099773725833865,-6.70336275747432
-13.302049566710563,6.467825036381483
-9.028594804101976,2.6982688017884104
