-0.21016568206092215,-1.5686683986433847
0.15280079093292614,-0.7435078724836977
-0.7785054888968298,1.8554479588060744
0.3696633166270082,-0.4065041083640955
-0.1065381992307374,-0.905652324070392
1.1055754249227518,-0.42574675478963037
-1.0260804212445533,0.5489812963889724
-0.5112710190371698,-0.3107510001082249
-2.381800503036741,1.6141881065236587
-1.2994378539471705,0.19148558416373074
0.11811310777315404,1.8485868531469116
-1.0982509726218599,-0.2750488585481824
-1.3457249459639127,-1.8949223706671985
1.0620600586043267,0.002321614489540296
-0.09781466779890097,1.2693942723274378
0.4589718055931399,-1.9763960514535814
-0.14655357309795733,-1.1358479479615717
-0.484639308773674,-0.6161630096658063
-0.939550782567539,1.9308741496862443
-0.7123515238348284,0.7491866603337891
-0.19446124811545623,-0.9400367484912334
-0.08725700710548921,0.13523011324215792
0.7739866754459511,1.056192524897618
0.5393058783200984,1.3896783963165877
-1.1020807532929924,-1.4285824328555516
-0.2590919259144411,-0.7815245352949926
0.011836343849005674,0.7736611596721383
1.6936796705909096,-0.39759426723928515
0.09581904396098974,-0.6689612862768224
-0.3022082345877773,0.397258580406536
0.4135548568995617,-0.9129580612351405
-0.25802527497321676,-1.0730329704363364
-0.49462047927514513,0.1984793193819676
-0.0064826613212838405,1.283355219039284
-1.0371589766380485,0.28402804427486555
0.3618994868021847,0.5244048743675782
-1.425618659530541,-0.02823848893384432
-1.239326689674945,-0.5936801472432512
0.8050071409988323,-0.7870532091962625
1.6567671566803952,0.8524606185557698
0.27022380779542676,0.6023929800451033
-1.4166805371036835,-1.0339113705619831
-1.201349055429,-0.03190807638790409
2.0901857491215,-0.3307066404440658
-0.5770485224166789,-0.45579239394690735
0.7981336789467138,-0.20865827561193184
0.24449374349372394,0.3307249377836232
-1.1930443264623776,0.7943568441690988
0.860164993326824,-0.06715497576983456
1.1289315250671172,1.9640659528064563
0.3721961380679254,0.8679317295654566
0.7881077619136434,0.9646824920820374
0.36187599899976286,-0.07918062859783227
-0.14404986272445475,2.152350062104564
-1.1478326146577746,-0.7662518249247063
-0.40637016262823994,0.3921163320171026
-1.671582661164386,-0.35598808055565384
1.7217003252953962,0.056766939048062265
1.8229093150443423,-0.4963046055544745
-0.09366538550646189,-1.0271955057063735
-0.49309744737101374,0.3435827403705325
-0.1536910027172188,-0.23610879859403452
-0.5873189947877814,0.4605214139474521
0.7915765907701571,0.07647389636658777
-0.0266200175113493,-1.3153275990756301
-1.1020262185489682,-1.14806114382521
-0.6550232050075866,0.8132764960824321
1.0723476789379591,0.6987943808483883
2.307651166978079,0.4952550149234251
-0.2572505964459456,1.9283782460070482
-0.8744937458096449,1.9785041673483994
1.2123469177433837,0.3298738730510233
-0.8736722687087476,-0.2609282006414584
0.3685869939299791,-1.9733772337758035
1.7264814627125933,-0.397184039114748
-0.5289026456447586,0.5544917223659374
-1.2930106719384176,-1.2232160329331896
-1.4121550416417457,-0.33882574390821013
1.0478904091681385,1.291492545548899
-0.08015264396429196,-0.6918737465528534
0.8670373465683228,-0.9251630948495629
1.372006454341438,-0.5237322105192607
0.5860747137779012,0.19761893376080425
-0.25244155252220274,0.34080550076722305
0.2377966037726504,-1.2996875243656862
-1.177810776165278,-0.06244555735515693
-1.0844598717388838,1.0236843390031292
-0.1924254143531067,-0.20280945160683836
1.4567610171910872,1.7370767634510054
0.41768001211969125,0.735980295416975
1.2547988474448808,1.045415099552856
2.2426223573773547,1.313940760666414
0.4569365294883134,0.09779030589942443
-0.6456258920010682,-0.14235070192707147
-0.5650845565443913,-0.2665415661826026
0.34766632583181734,-0.67670908064591
-0.9750854602719649,0.9127704939280057
0.008319394982734306,0.762006847577602
-0.5308088718865757,1.1361128127869315
-0.7202634397653204,-0.46265414656291665
-0.006496218007168828,-0.3704924167956562
1.2970136548533648,-0.7699293542031919
-0.9071431636568937,-1.3292999375794223
-2.072911817966386,-0.7443733049483162
-0.7572587584162204,-0.16854181616432565
-1.3342341481767015,-1.911854881398282
0.7812221361064494,-0.15643611434478968
0.5139142760962736,1.299633939942428
1.7300165808237118,1.4289128525176933
1.5860263806154917,0.17081702661539372
-0.406255881280711,1.3566791025915081
-0.9680311463593173,1.0501387838083467
-2.7067202648974726,-1.302600311882423
0.5272040598715892,-0.11606252499151103
1.4847386290748616,-0.14296631822990905
-0.06984944108168895,0.992489054847038
-0.14885299645314237,0.04850406764855881
0.9896249298863636,0.36736571537393203
-1.5790647525416417,-0.010099626396456935
-0.22256233623287092,-0.42183779422234585
-0.6220102701073272,-0.5511848704267118
-0.44177836033522355,1.0585965626122458
-0.6599692035650738,-0.5883400789645743
0.29698594022558794,0.02604489849129204
0.4190910271034803,-0.12244119319129577
-0.42322040812149425,0.3039948943561874
0.553607616678118,0.4083844948924667
1.8209949872114328,0.18657459301249338
-2.364259603514993,-0.7588590524590876
1.7923583455990133,0.2593045240453868
0.23227383639361493,0.8588893407786229
0.07012387467030214,0.2817220148709034
0.09243625832624575,0.7403600954772195
0.5839306298072615,0.9549840738578875
-0.45468110148253504,-0.33904303389368096
-0.5335463127312192,-0.04319135445388531
0.3783804994698698,0.8263075351265232
-0.6281970804040626,0.9384122823914459
-0.5654248030381024,-1.3239335445268576
-0.3835810709668303,-0.41894572104575833
0.23569297734044053,-0.4715854963350893
1.0803365923922696,0.31497348934542346
-0.7985558960910561,-0.17984594798558337
0.8365171026762809,0.15981657843459385
1.4730540318215706,0.9526933929727105
0.814967766835275,1.2972687535187515
0.6558908605029645,0.8625412468589961
-0.4972676516035507,-0.8495315473170607
-0.30244430729657196,0.2957443801960835
-0.16436338333589298,0.04299332204354083
1.596681998227472,1.3009143191383001
1.6866888008190988,-0.9242369525935419
0.0017672931970878186,-0.29282649397470506
0.5453098185141149,-1.605688787512001
2.638806506005922,0.13706352729993007
0.9564600076173027,0.5515334481465362
-1.283308717630756,-0.08172598924926015
-1.3902962615504968,-0.03247371912469917
-0.21858651657765757,-1.3410257220863107
-0.6069278789690672,0.191689340435623
-0.17060537255093372,0.08171517558174794
0.2217215631681285,0.4948948760634221
-0.019013472230722334,-0.7435156085390743
-1.4799061664803101,-0.749703886270963
-0.4679197617860601,-1.4208607318339568
-0.1006474058328957,-0.6623532783180515
-1.208933435549673,-1.052635640264107
0.1440811432357012,0.23540934772405409
-1.552313905899737,0.027003057694877652
-0.38516765825218424,-0.41926568262165
-0.35958481016383204,-1.7370128513231016
1.084293746629992,0.2257397913917774
-2.2109191076688055,-0.5581664587077351
-0.5531011468172041,-0.0017864356768161468
-2.157597907635944,0.38022891522873214
-0.09588728049390471,1.34618098715576
0.3941831070798056,-0.9899725152208237
0.48510986182650134,-0.5352979048792895
0.6695158052645199,1.895675382299013
0.5178345232007784,0.5581031713150033
-0.369143814812526,-0.3367276361930914
0.046380262932638326,-0.28125275342000916
-0.5203689256464944,0.01436369265597761
-0.5636725493493986,0.21202599481582476
-0.18774616381853174,0.8349945738555599
1.3092822846026329,-0.6449935783585728
-0.7882081877096181,-0.4853776533620426
0.22607888196534243,-0.1627504770771131
1.8373455240453112,0.10193777449691702
-0.2957679422850411,-0.4604076932250634
0.9391664027892707,0.10612131325648791
0.4147685458768876,0.37278514491323494
-0.005493553187398637,0.4093577972163521
-0.38570700346724895,1.4195618768222886
2.254659219296163,-0.37267317936239935
-0.5482959400219578,-0.5840926670860593
-0.5523295215335238,-0.4997753732928927
-1.935399818121915,0.19192195116686855
1.7903187089125352,2.1322497934562903
-0.6522228415547453,1.8391638866381799
