0.30699594944881553,-0.2599596126186023,0.5786670719043994,-1.2492664583602118,-2.330541794331517
-0.29825967034157885,-0.5511596684094328,-1.6343911098800568,-2.0050565547765107,0.008338151520354756
-0.6430861790279404,-0.7991417090366202,0.44419670727816235,0.5901858320758444,-0.2632987279697857
-0.3351918422670258,0.4150008779314893,0.6921419151559568,0.19069560738332084,-0.8176831823165538
-0.1398508942947863,0.9743640460051185,-0.38340657967706165,0.957908060076279,0.22032772086672214
-0.08089430072973819,-1.4507148964323668,-1.6204172178250595,0.27811942135573603,-1.1262041434990182
1.500413987827538,0.0902982079670602,0.7621388034358081,-0.556761079587266,-0.5060125439345652
2.28553851267517,-0.10477255828507803,-1.241786704820654,-0.5319851315185867,0.8673070172630305
0.49397099430095937,0.3295870026387437,0.13128214469269037,1.1141525735437845,-1.1522103658812435
1.5605122858731009,0.12431663704185746,2.060815286946012,-0.32195542626292756,-0.6329096722436153
1.8710758578028488,-0.1496875488742064,0.9103984030267154,-0.2763587998641232,-1.0007910396223134
1.0880587348154551,-1.5294917132972314,0.8207281921885192,0.4083139338900476,-0.43084463740974066
0.35132568325521957,-0.41074337312357173,-2.1677542319030434,1.4518461799787556,-1.5524786196020133
1.3012119232953518,0.03958172473808382,0.24815675449447105,0.17641746080480114,-0.522604602930168
0.7138775556756998,0.07411517922083292,-0.6124524697571688,0.26472040317344003,0.329091772054514
0.28403557153225517,0.03837360127291327,-0.7072178013233749,-0.5847282062062821,0.6117290700097113
-0.7006203971208953,-0.24576851243661504,-1.296888809922171,1.367348102611189,0.8403324223688864
0.5081276673534464,-0.085211280449042,0.4676433702898664,0.19550211525100264,-1.0398684165386436
-1.3696084553102157,1.4270211917725826,-0.8265011996879386,-0.7771780019861979,1.8612279881712441
-1.1583027454068515,-0.9223979100928446,1.3827315899354728,0.20860064221178784,0.3358254171647055
0.33698238812062775,-0.11096984807359919,0.7853740270646501,-0.03458465676547158,0.6697238356727471
-1.4088847844522527,-0.56907254553705,-0.41142960857385685,0.2232363886596498,1.0384308083628953
1.631821517244372,0.522493887454381,-0.5499207229780645,0.4303019072564562,1.1476782416183564
1.4824833833415174,0.5149681463116941,-1.6736177332010993,0.5292858049784906,-0.0025132687480867617
0.4035490646064509,-1.0622499744042266,-0.6645764285011857,1.3959333270011949,-1.4664803780166518
0.6017371668693351,0.06307047073370002,1.2240880969965682,-0.7033155868358186,-0.21744858426162647
0.6335631910441815,-0.8654563308606241,0.30324412051219873,0.8146594094305404,0.7868813937462055
0.7223114631415627,-1.4113524123275252,-0.20429689679894084,0.4167242572989835,1.608090543292557
0.9415117606208535,-0.928577079431021,0.12652334047937658,-0.09414622476759424,0.569474695579964
-0.35259833662679774,1.0156889966053044,1.576535359758219,-2.341862580153141,0.414718801679528
-0.7972818141623236,-1.0207938310171478,-0.2759962279156873,-0.11417426240909548,0.6151972326467974
-0.3938440866846347,-0.2972695942973071,-0.8938048354495292,-0.3996059939360786,-0.5180060988935918
-1.5912754817676906,-0.4041073642553792,0.9461646843692108,-1.5431090754784105,-1.3427742894531531
0.4805382475076477,0.14799453534817059,-0.061398459212467595,-0.9888042610742125,0.6964291170128113
0.5510522507368886,0.03787132887615753,-0.6847527615213417,0.11389500888915033,-1.2494596257123753
-2.133282780419059,0.09564866269173258,-0.45995811056651,0.20269724173461875,-0.26075164290309655
-0.875613155483936,0.3425685144016742,0.6975572474130866,0.1926462829758266,0.4021556073730237
-1.0371054205161176,0.8732606995331121,0.46877930913784455,-0.06390033115950487,1.3425892145805887
0.07323330717340196,1.6892733028584546,-0.3873820039744972,-0.11592892225130645,-0.8834939391275615
-1.2309017263435211,-0.9875916551233601,-1.6328055455943822,-1.3063230070968026,0.242569996074927
1.134376567219405,-0.5562330151280932,0.8905383294646445,0.8793385483986221,0.07264954718779382
0.31583956710258654,0.4285507759015889,-0.5953954927122868,0.39159359586701986,-0.9825573141470062
-0.006295944573398751,-0.36899274177456004,1.159919129068002,0.12304714527681081,-2.0358878142162524
-0.4731712217549899,-0.06330838518894447,0.987012649118196,-0.6761663094877378,0.7725758562181654
0.3386321142695239,0.15403743804428408,0.3973380290438781,1.615491207436434,0.9139788758650552
0.4927263115717638,-1.94021467923316,2.097847565126481,-0.5510495656195373,0.4463952709914172
-0.7200919635053554,-1.7550347747528277,-0.6176084710832062,1.4106168744540262,0.138212459589506
-1.6622479506399475,0.586694984137806,-0.31192196082924256,0.07615272151197458,1.6862596530337581
1.1189920420483765,2.126443205975624,1.2194090135693993,-1.1637969244288138,-0.04945512496056798
0.12002045407362746,1.4757191952663917,0.3071103724648437,1.3201597790259956,-0.8311338562322533
-0.024459326889289233,-1.013015415050212,2.120179553752123,-0.025266999771164842,1.603280754571722
0.9044699017025479,-0.2432506412574472,-0.6918559532579203,1.6456327433163251,1.8486337938426165
-0.2309773202799304,-0.36105761626099414,-0.4196881929550625,0.8498845920205577,-0.14939109895628275
-1.4201839739352442,-1.8535831956530644,-1.000390733949557,-0.8023075442087907,-1.0319444389295944
-1.740397621199914,-0.19909594718293738,-0.1201242288955984,1.0505029116501217,0.19245129662606283
-1.6251278915134681,2.3548419067335034,-0.14212962517495695,0.8060524210402802,0.28855508348600606
-0.4099972893392974,-1.839448736926236,0.6698303614381792,0.21032214472437408,-0.6446347283220535
1.6618167227970984,0.3166175175404441,1.7840492533847052,0.4025696187031443,0.572524382674487
0.14454320413622948,1.198363598239001,-0.36432180013809656,0.5249104021038233,-0.9651871768884913
0.701853845289026,-0.840173423106458,-0.018437691163205306,1.0882388979199187,0.3165511909727742
0.9284781183244425,0.5309621549511078,-1.0367713487078907,-0.8279068436075668,-0.14162542926481544
0.028697825465748908,1.5267917417533152,0.04688652540902843,0.28934012827075906,-0.6566072949550726
-1.1603338653085749,-1.4164463963125384,0.5695639772898531,0.11034550325301694,1.5412591722598574
1.517341019272393,-0.895376076775051,-1.327322112424331,0.5387464649984011,0.09155861845882544
0.5688913015153466,1.7768369321187656,-0.061465846974215824,-0.8041660073057463,0.09737745466335453
-0.3217386805589075,0.29596056462573717,-1.2771570501797909,-0.25234385010855603,-0.23150541855371123
0.4750056973567242,1.237449221928069,0.32716513732696917,0.39983532542128924,-0.23020249403700604
0.7375768634483659,1.169383539645,-0.6937549484073793,1.2677820459929792,1.8211827929353457
1.111906510841639,1.9474798074156963,-0.4203665552454562,-0.08029519775750188,-0.09598980358377282
0.3480524421539037,-0.007835645601079477,0.39203118948083376,0.667237807327436,-1.5285052270985422
1.1822460921536544,-0.6468085560913465,0.4623997756767384,0.6742000460999522,-0.24742915581923267
0.7533497215717064,-1.1109349378824918,0.6293419428614968,0.25080045400472756,-1.4553143638943125
0.16590845938530485,-0.5942373104290493,-0.05698961510582716,1.22758795959453,1.394222188773915
-0.04148123313348525,0.005846587132755327,0.46959188285948267,1.759655539919885,1.197237462047522
0.1493619477959677,1.763116795933,-2.6907317234919796,0.2600671269399057,-0.9093276948428602
0.023994060408204718,-0.749527799372287,0.6169281374489182,-0.1621212076882414,-1.7760221006602763
0.865747922378744,-0.09164146578932673,-2.2220295066256806,1.380378196159323,-0.2981121480527546
-1.0126083921849762,-0.3548978032130381,-1.0431827571937171,-0.41988892123055405,0.9123900275617238
-1.30052830096204,-0.5355924101648036,-0.7362792622717735,-0.3598045105893903,-0.14667561269318546
0.053368235470605464,-0.02043873281874105,1.1133608823206516,-0.017957023092146817,0.8270095969834127
-1.6514905670361804,0.16456059561857503,1.064000507938983,1.032182373836553,0.2992322360558632
-1.846470579007746,2.2103462765079356,0.20761906112527198,-0.10433936419056711,0.012174600773608426
1.4796624101586293,-1.4631890601287916,1.7448802339346599,-0.4347566638986953,-1.9467490640824625
0.26305396783525814,-0.1472419400485061,0.3716418195315457,1.4983478145175966,0.01592506357918391
1.3244213663197473,0.9223415295703177,0.3428307304313777,0.46455022339735447,-0.7312968930414772
0.8651583185351547,-0.09301368857215857,0.5096424316474958,2.4686400368276322,0.5366381544855456
-1.004993655821288,-2.539741796305675,0.05300839153593314,1.5701367697307196,-0.09002959549411772
-0.2467228650174875,0.32186428183073107,0.60054599765193,-0.2235607984472893,-1.3598961830935499
-1.0071872938394955,-0.07735900382336906,-0.37405736439147175,1.3326706524316492,0.484195425772282
-0.09360604847266707,1.3496301662340353,0.9575333773273533,-1.8955061521830554,0.10648840656677615
0.2861089749560903,-1.5284216977227874,-0.32768775218567425,-0.43718049010867777,1.4950835617214862
1.3672838208593476,1.7255183413895991,-0.6264417416899406,0.39559280406887976,0.3419327524156331
0.9999711849282235,-0.27722396780143926,-0.013785464468710786,-1.452603454008476,0.46726425030038765
0.28576389254984413,0.6640185483781201,0.3242405778838974,-0.3611568017174378,0.2673281229739754
-0.08026111885358729,1.7746398350649777,0.4993902471156409,0.8432803031557327,1.03647625917376
1.5867328372752674,0.9542956533302502,-1.5792021986077427,0.020624519875858498,0.040024386849240555
-1.692913716379249,-0.8771237480389911,0.3804048334645274,0.3063904448296297,0.6802747102524511
-2.076737719620954,0.7484300146317611,-1.441930202732985,-0.22128821285737474,-1.4857307531712185
0.3510941214370563,0.8077393704548357,0.003721784621963598,2.7021870934308425,-1.2678333336523322
-0.35669306549583435,-1.3362055158547794,-0.31635989547731225,0.15276926956382528,-0.1643440444588113
0.6839338908720334,0.8762760123824663,1.84455102099115,-0.09976992822741469,0.21757040874528336
-0.40898554569950313,1.1635222793032294,-1.029576639442647,2.0617796584916284,0.9816578939484296
2.072359336420997,-0.01824297562094377,-0.8299793589919987,-1.8001581841889405,-0.008657084097112898
0.4002144006379833,-0.16050003995439635,-1.6447346897733444,1.1095652756110415,-0.8545940136530699
1.1750700279501045,-0.8315545657713657,0.4169166398870364,0.04735068927221154,-0.8742379825182398
0.17064585955200687,0.30220885634391764,1.331353214395895,0.4743078436476402,-0.024655330594489995
0.4181003455738018,1.0611053018293573,-1.9148130531523375,0.2277833726072331,-1.134926371821733
0.10076459844269098,-0.3236142549754331,0.2454547415911745,1.2439900095023528,0.14925535662642023
-0.7751538949240011,-0.4684850713824725,-1.7149563799783718,1.7764214735339516,-1.2959324295854797
-1.998938019189673,-1.2032381845993163,0.5595131010360741,-0.16030287252011882,-0.5710213086809985
0.7771986058601428,0.21905465014200717,-0.43114032035739913,0.7781284259919541,0.7123005696193083
-0.5869528811676528,-0.5469282813712667,0.7909522109948032,1.0727516370260626,-0.14707688003458227
-0.6048030218508457,1.2712989501369225,-1.625915272822371,-0.7880771424799723,-1.715512602548648
-0.820694569040616,-2.373439767813905,1.0794400087820821,-1.1515690513309729,0.11688740023101428
-1.0842295678489238,-0.7062030490681189,0.2570741199973226,-1.0536833966686168,-0.8637499586118055
0.47235967010611063,-0.22959988988936125,0.9182907282845116,0.2912646881421057,-0.9116130358336857
-0.19106622853513228,0.662850230965677,0.7052610605158445,1.4694182843298658,0.8972619383241933
0.36354790713181034,0.6700168360248933,0.8840824923970834,-0.7931979352440215,0.7542178149465283
0.10622929160763898,-0.8304597462276847,-2.8008008249090417,-0.25307555663867476,-0.31647948544546695
0.0005028197840182196,-0.25163353357962737,1.0737470619110003,3.199787804854035,-1.0278639236828617
0.38379386665559684,-0.05102947438714946,0.30672591243081654,0.9667148187112702,0.727348036672711
0.6776763950808686,1.1923555266693806,0.9711547243338322,0.2152296201284764,1.1938834585495932
0.23444130474471445,-1.495866954015517,-0.5693184537528327,1.5116077551505824,-1.9748111690559866
-0.1417559583664076,-0.6321421489334628,-1.0329540879455237,1.3083606776322665,0.05179208549833493
-0.4754575870086527,0.2737337677812109,-0.36608834164400755,-0.6307959339163864,-0.22068437328897159
0.9327550370477119,-0.7753898385827964,-0.7072810043677074,1.6548259386881363,1.885742005669078
1.1907597591127823,0.11290703091813607,0.012506060985023989,-0.608971708490246,1.224139906342253
-1.1248582848307387,0.4928696236231445,0.8577674496194739,-0.9881172865687406,-0.650363754053207
0.8634586604050152,0.06464882188502119,0.4137228761333201,0.7472164805205714,0.9024984117676488
0.3363671167155216,-0.055561900629791605,-0.08790419489739021,-0.7878164868153013,-0.7763965364920921
-0.6284563576277594,0.42406111493103216,0.5437673766545335,-1.1747279843385037,-0.9405967068338219
1.0188363636712057,1.4995506377157988,-1.4340744972806017,2.281542778105763,1.394681530942005
0.7275567100492205,-0.6309689261338811,1.518552720245006,-0.26998138879991523,-0.025059773565648407
-0.6686834623708452,1.751635520941157,1.1784423872617653,-0.5769180745418062,1.1879433096313081
1.3275429779092376,-0.8140752337759617,-0.9761983309332656,0.3243240057515845,-1.4532478139131395
-0.7071288340548324,0.41390703857544797,1.2168570990604923,-1.8675410692921446,-1.53286292603338
-0.1416215333028003,0.16913711275411278,-0.20028405650900916,1.47451525083931,0.13739793449401272
0.04654026758156265,-0.9616912905062981,0.5569918752998709,-0.9368342299055435,1.314850967056892
1.4579799913478613,0.9293172512666142,-1.388881014852045,0.9422974958798314,1.1147415264438474
0.3336221876212734,-0.26528640420839267,0.49451625599373517,0.023889866989048065,0.7064692806034215
1.2916773982824508,-0.3806184885819209,1.141133422989131,0.7282686095984943,0.7677474809344451
-0.13878473440589278,2.9179799726130136,-0.5842781349893271,-0.12877436600310938,0.28906006513960253
-1.4971897463781405,0.6569119302342911,-0.15192005617252316,0.2868529854733932,1.530843677673949
-0.5300133929318072,0.45093268553717386,1.1593739551076832,-0.8805148230527338,-1.1237752183732335
-0.04506522506997375,0.7144830413631038,-0.5124104372251302,-0.41238354111353753,-0.2060912532444246
-0.5321388349065356,0.3400185449987887,-1.4084112554239068,-0.5344020200641715,1.2462148558947752
-0.6529317439463793,-0.016833779895882098,-0.8634551767404058,0.45735941524860696,-1.0396321847056662
-0.7146145252152533,0.4838956896319649,-0.7569297966433566,-0.4578443846575477,-0.8202862897613216
-0.22208907388115487,-1.0302424773306949,-1.2340185756934576,0.09638109606848107,0.5514452296136141
0.23008857550015016,-0.39720211878692857,-0.7531503459275914,2.2855063160702205,-0.4284267294367007
0.04779679234492015,-0.7871379570249737,-0.7999857082804555,-0.4224360805937608,1.0867605921572154
0.5449742437948526,2.958032475654945,-0.02926177151070938,-2.0241564568364523,-0.179415475972102
1.590540242239325,1.610284061441352,-0.08853322836438157,0.1975192878695764,0.6812002540456168
0.24991165788077171,0.4630928512334452,0.20222456637241445,-0.5095312932271591,-0.8317301366092235
2.698080841834921,-1.854626722177608,-1.0178525569512396,-0.6103026354135043,-1.158910371081778
-0.11700137559751356,0.12666864727556273,-0.12920580431129045,-0.9214093691265444,-0.3091215394628953
-1.2338363688205967,2.8670289091684706,2.0014230776165176,-1.3417601094532552,-1.2081063761168525
-0.4431514890948635,0.5755943345182989,-0.25146431493319404,-1.4582709291105715,0.8962799559902035
0.8660241725393983,1.1578850959033824,0.28895114347266987,0.4479500504808078,-0.6733148554845774
1.5114428918515679,-0.3775878998488772,-0.5051653478755116,1.3767887713373175,-0.4302051407705279
0.705671299177694,-0.1425673084781753,0.8080317830479492,-0.880797361878318,-0.07361624685569541
0.6699795330795028,-1.7106423689111683,2.4989446912328304,0.32979387092489554,1.629298732718723
0.2343010393984449,1.5959934132976896,0.7152524618318042,0.5889440129459392,-0.6023130556058278
-0.43660936388377547,0.7835035641040533,-1.07347852428708,1.4272030007116843,0.6358485595008756
-0.9464111426759619,1.2459714926699508,0.3681957984543531,-0.024579690456089365,2.1008945186115264
1.1521265254924993,0.7400582009345011,-0.40101785395111067,-1.2309153737945997,-0.6610445887925983
0.9123294665792737,-0.06371253569538304,-0.0774070207761231,0.3510680579793013,0.8599633206594045
2.09430304821179,0.08213854234777906,2.3199583920673126,-0.02793817491413704,-0.07950867699753351
0.03905297754086595,-0.8975891083380595,-2.728443573574872,0.6369612939424953,-0.3688631175233383
1.1186232586779261,0.849832908860717,-0.2163217659670439,-1.3823716232870136,0.7991418413115046
-0.45230642704285695,0.37994143062676444,-2.636469029617062,-0.31343425512048595,-0.2455529583823634
1.425776414756827,-2.0847169281109013,-0.28608768501567045,-1.7461808851172878,1.4115548495394812
-1.4789187571558642,0.17242425183678323,0.9308689731501328,-0.04470450730738425,0.2039256070588154
-1.342223664151033,1.9465783403012968,-0.268502426558494,0.25687361702655703,0.29646110569248135
-1.3468110594100906,-0.7779957213894395,0.39691872920186416,0.0270344190994934,-1.5165468427861761
0.6645330558125958,1.4763224697542878,1.9738292682629164,-2.659210146902083,-0.4274014674432117
-0.7333047999972352,0.8951923982389725,-0.0659259307969499,0.25754533871791546,-0.6355289497041284
-0.9489999717061465,-0.6346391636600208,0.4025066256560625,1.0783805002994395,0.24031123974558208
0.4994015326178122,-0.606728820255661,0.7767528620055573,-0.4423532330111853,0.4932242309629053
0.16736743558173114,1.5597080468328366,0.7405156430490026,0.07299934616317749,1.0200951679594283
0.9964445777820522,0.741969791864561,0.326750344005066,-1.244026991706557,-0.3521792952596766
-0.9070176728286604,-1.587567761187464,-1.181465858443901,-0.4742235076852181,0.05312002254904529
0.015255550291006312,-0.7920888415121652,-0.6884686609789342,-0.7640631807026242,-0.6625762923851645
-0.01106858618336407,-2.0863018231068913,-1.4882013752575165,-0.6228198966559388,-0.1858510826037651
0.5957586378095614,-1.0295472590108965,0.4080069766845391,-1.8855615627687925,0.2924145696722739
-0.05604042468649783,0.09125004786337144,0.5828558236925115,-0.22128373279309999,1.9187626315867392
0.5169821017642996,-0.6443168209576714,0.3815127153135826,0.04123661519902346,0.33495921555543906
0.04157765471782643,-0.9419934595126968,-1.6187756430167006,-0.5011737673945827,0.716608068148341
-0.20712036373100434,1.5763176535551482,0.6127018899216721,0.612484632038365,-0.44768673328466424
-0.3094982127407003,1.1378026513160169,-1.1649819430566193,0.9402180379744799,-0.9833365719558967
1.1285150532591792,-0.27118422860423097,0.9717852009286547,0.9654159525131513,0.3649974787799223
-0.7826118695703185,-0.510601627375403,0.858734080291469,1.1792544018489126,2.2618374391306135
0.7102320307369163,0.14800171744867158,0.8132096409878351,0.11789597737275369,0.39250572700258746
0.5926676859814342,1.836016379581963,0.8385578167196864,-0.006604664544592354,1.169681414178647
0.4342981657176363,1.1562252329114306,-0.6756475089048442,-0.2553210649759414,-0.8224998321256543
-0.592651160385445,0.6685731103502355,0.11099358883833192,0.8602186688737171,-0.37973718962168135
0.0875749483733791,-0.8348030468221848,0.0606894401777838,-0.9862145163444483,1.1048400270805723
-1.1301248452462112,0.8677118685579971,-0.13375206125732672,-0.272421584105403,-0.033106536710299846
-0.48239910582178325,0.03219963984401443,-1.5981186001421264,2.1383290460844715,0.5669718031695592
-1.2263603821688702,1.5573304228561713,-1.386046111372234,1.6147872904732095,0.0626293435053361
0.7042397421039753,2.161867266452486,0.7809883723953228,-0.7624148909436311,-0.659860704756626
-0.09947543852884738,-0.6543993875900465,-1.245855455724286,0.9167722044265362,0.6548072020044969
1.2219082090882338,1.502153616162606,-0.46134057883368257,-0.5325307906131582,0.0991242966195323
0.6069768722939836,0.2894325300660076,-1.3754426406500542,1.5670201839275777,-0.5807767918059793
-0.6144037693021176,-1.9885989656304484,-1.1964443129717293,-0.2695251391929336,-0.11178786354405457
-0.5250068174891713,-0.17536638178767294,-1.3460203395227779,1.6924665889349033,-0.055839450525342255
1.6322802853603344,0.742553097715389,-0.6839115471214253,-1.5311303257452036,0.5955595744949079
-0.7724620442815239,-1.4086865491944942,0.2809829796594251,1.2840296111216654,0.854251386432061
-0.543802594052696,0.8187989845476875,0.35079131516655737,0.7750355920830548,0.5139108001929813
-1.0591207714278288,-0.04532147837410581,-0.2812502358078854,0.12336212793869591,-0.01734959962983304
-1.3393783630571416,-0.4499023068336907,-0.09719617487121146,-1.618769020262856,0.7208105559392765
1.6625844417867048,-0.3560520893238013,-0.5869558260331559,0.3340125280505698,-0.07789913122885417
0.7782616542772466,-0.8608464758696399,1.192397083124215,-2.002823298206916,1.3686040406206788
-0.7153392195306011,0.37798175296265113,-1.2362174551097411,1.0347052654595252,-0.397882704909134
-0.10099261570155599,-1.04117580649536,-1.1940669510115849,-1.0109026569358446,0.2637925038144705
-0.7355716327301104,0.6188693293514216,-0.6029047833255773,0.4891023889070867,1.1482820369338929
-0.29408172780226594,-1.004857005271906,0.6805508373292383,0.4098445566189105,0.3848222029461508
-0.15020753272274565,0.1344848803743497,-0.7461057582891603,1.2938470730525446,-0.05382810985979385
0.47965801361990096,-0.9587784397020667,-0.2618816306861243,0.2698631921231095,-0.18541288204178502
0.8974944655934631,-2.2679659051692003,-1.066352762306816,-0.17518277032435675,0.39010818874926945
0.399733869038491,0.8291418036195373,0.12326817655770653,0.2958988765017077,-0.4930899094795811
0.2733406898029299,0.4089807586573161,0.19543048455029913,0.44429960075113273,0.4462061830399259
-0.4102406270709423,-1.552779804854537,0.542396194091489,1.0893225476314328,2.061414451427626
0.3243582532701095,0.7553220668205763,-0.7594092269769676,-0.4194430961216786,-0.6120955367188489
1.5114702415871717,0.013997731135166997,-0.39800010944392283,-0.152520036891422,-0.028430189354172946
-1.491178342689846,1.1363679494255412,0.2559455343013744,-0.5704976899333987,-1.3063745275613683
1.0286975304457138,-0.09391749464512535,0.5788149805322288,0.5585306485255714,0.12793481502997683
0.11923854211891348,-0.2953801594293876,-0.8332400174208212,-0.013453747795748252,0.08006866400090128
-0.20810305407022422,0.18090466306552386,-0.09622588410870925,0.42696851484952447,0.31014062400980363
1.4205285512468768,-1.1645375044573807,0.5209290722407834,0.79755032728429,0.07583173460890982
0.04498453576879591,1.3051901507762549,-0.6503411317956739,-2.1223181063495655,0.6537149180334109
-0.42434781355791623,-0.35902309727452775,0.9883592674246148,-0.772099851172136,-0.7021936546901577
-0.6318896128811254,1.637295856657597,-0.23173343538374871,0.4723751716363039,0.10620919999363974
-0.7679215929113816,-1.3435325702426526,0.7275805127433941,-1.316884672996129,-0.8878294383980647
-2.266750029632512,-0.25167669013546373,0.4683374297951238,-0.43026642953312716,0.3570961324659842
0.16034983631553762,0.0697773181972191,-1.127826445323238,-1.1142782496556274,1.1189156440048138
0.09193701694907314,-1.2604400714829078,0.26282014925890707,1.5252286007972076,1.0883968721768167
2.7024403598006286,-1.1889695536392333,1.191664726414633,0.13306040858129778,-0.9278828478871953
0.6367741776385494,0.3400490357610085,-0.6753204546024327,-1.787660942868287,0.5190255009394404
0.9238796024503455,1.3924861534364026,0.1979888118884782,-0.5686927905708073,1.5230475881426724
-1.365921405580787,-0.7988474511766066,-0.1770749692601174,1.018012446461797,-0.10632980548608141
-1.3099143715016106,-0.22592339691252822,1.0001376615591608,-1.0641125350998992,-0.7803788333953211
1.8822185442593127,1.1774636892693295,-1.0020673878057478,-0.6377406691056893,-0.29812636699474987
0.7380531268171291,-1.148003748754486,0.7835697710304604,1.66211903195933,0.27554750458623567
-0.20071311754143153,0.8374582679366036,1.219960088545138,-0.12680169408554118,-0.8382936858852049
-2.0248726716709227,0.19455565867387614,1.2345171855149433,0.5930268559926702,-1.1234329866005395
-0.6767889833155392,-0.10475360061572521,1.4042078890255998,0.16597534618743012,0.570675672951857
-0.33407686000064873,0.6189893971112552,1.096456282800797,2.2837183112932906,0.9627733631442951
2.058993174716315,1.4627793633621038,1.2423028042473196,0.4251204671194859,0.7632155341857604
0.1326740170786504,0.9088590499863698,-0.43907716281890735,-0.050038899264013656,0.7897996217773705
0.8990851503156709,1.422320961331342,0.9819482989777613,0.06663251030750215,-0.07170981797696588
0.06443582489008778,0.6968383864059247,-1.4306201583187168,1.8019628814788213,-1.18156591207502
0.4073775236755252,2.359160326622631,-2.0158163781563623,-1.4062484253876137,1.0322693772028948
0.061506295469383375,0.21070876578420575,-0.3139123678814253,0.24320144866000418,-0.33641155519451893
1.3528888341421472,-2.001840991017454,0.2679365308283881,-1.1303287923150331,-0.7958259473645326
0.07170642726179813,-0.06774411236977652,0.06534103833625529,0.8704035237733969,-1.5213164531494416
0.15464529810147679,-0.8591054595873637,0.17987319132668722,-0.48628656591846886,-0.37561527982078574
0.12995041342933675,-0.08060550753368183,0.5341840226348753,0.8837144381686555,2.3469525313297783
-1.0203676667657777,-0.7020700809768473,0.3502013495179059,0.8746316910026495,-1.1585731945095523
-0.232130584644573,-2.4855005932544363,-0.7201902455849315,0.8551115788018466,-0.11456053169577952
0.7265869545219511,-1.650206039401729,0.5623962964012083,-2.0403830232554294,0.8938883134383515
0.22163891150742643,0.03181963321294333,0.8915734990788187,-0.08439583649623424,-0.1355709804199777
0.7522199610486764,-0.9705383121447858,2.3718793035293015,0.3016700909203983,-0.8320812245993862
-0.5563675123275752,-0.582161856663546,0.833017526126528,-0.44935680302173064,0.6877081278940697
-0.5182408498105234,0.8195691466271159,-0.6034291086176891,-0.9396568206076242,1.0399296429403813
-2.236639492024424,-0.3844158019043625,0.995373781780922,0.7567196297158609,-0.6067391929705549
-0.8445145634303833,1.146978367968418,1.71849513107441,0.4328532116550312,-1.8428668469729585
0.7244450348288949,-0.6688798542101652,-1.8619014055997547,0.69162027058516,1.9780821370848367
-0.4781046480446115,1.4650638849734439,0.26696256638169447,0.17436477026037323,0.31791138992734336
1.3879021120444488,-1.0481431061299742,-0.3800983905443838,-1.0634511089663452,-0.780101751937646
-2.267740306680771,-0.025756561333542986,0.4527661217015432,1.1853100013028879,-0.7054468953915863
1.56496688693408,0.5745460644431658,1.3724222092196028,-1.5858027515420834,-0.6509702550121275
-1.4181837545425942,-1.1253267775723161,-0.30160012415887855,1.5927202927098796,0.5596936941513042
1.5930373570044158,0.36819147392502116,-0.3193027615007802,0.4847691013546824,1.3170363485231675
0.5460714378271255,-0.8270857048837592,0.4803772815996792,-0.09436060544244816,-1.7710914381732827
-0.3008232081367299,-0.37675787479054135,-0.05359260848439099,-1.1538156671453865,-0.15536524846312108
-0.20183130173533545,0.07637643731974826,0.9154347551277785,-2.006706494544779,-1.3123087784541008
-0.4069410431569039,-0.4402460832579414,-1.1430858888916462,0.05651517380284205,-0.30272580539713195
1.4928430974050784,1.0896707785578708,1.0123362852896929,1.1353605136711136,-0.3476366377359105
-2.5320734512723666,1.292476528059994,-0.6938229577787662,0.09593481106693966,-0.94236777497685
0.495463806023202,-1.3076416519588832,0.4712904301090088,0.1303944696839919,-1.7255524579796033
2.3597514215430695,0.025286747961987033,-0.5902164168818439,-0.636789164671557,0.1142161931935558
0.16303212048786933,-0.07106127427618317,1.1880794427564452,-0.3485211989335533,1.8421105041775956
-2.1149209528792685,0.7633353774410704,-1.5913026058742412,-0.24058987590853056,-0.5538004455021356
1.4624278630693561,0.019393376782483516,0.20334556022557668,-2.6983197328062904,-0.2889332071892753
-0.12180026607184224,0.021957315339952762,0.5106809794081181,0.00495033805488803,0.1922447954866288
-0.8488862225719811,-0.02285549018737855,0.4218877654929882,-0.21285547276896022,0.12046800861941556
0.7200901010754568,0.6602844884886833,-0.2175990827052298,-0.41367578784468945,-0.9725746827697934
-0.6270335414634374,-1.6083544108387826,-0.9085429547042048,0.11885232628107403,2.4594613042784097
1.276418421767971,-0.1770275952281357,0.19763931077721475,-0.36524453652627853,-0.4048303974147101
-0.399825228363456,-1.4071103979298314,0.4904620549494748,0.13500169578400412,0.71530292831687
-0.9775053722837291,0.6188129087115233,-1.316986312347106,0.9650034832143675,0.6249358115364873
0.7016621960202181,-0.629175866153631,-2.5091848517294335,0.26730158490377054,-0.4081629826148208
-1.2774331492685722,0.11424828875317278,1.150830412225474,-0.37948494500164803,-1.417263946444024
-0.6422488692631492,0.0909897817766538,0.31437591225086026,-0.7090953900453094,-0.10071638297992308
1.063220851714654,1.510670787160144,-1.270751906073423,-0.6229901934253425,1.408695367757543
-0.604679329353739,-0.8247096370956951,-0.5057624342800426,-0.2171021104921387,-1.9199854478156027
0.00880945907159538,1.321021448372324,1.5592816039245314,-0.25101213876099837,0.5606514092589386
-1.5158845598313602,0.2948669919661149,-0.0551500413803356,-0.818266574422442,-0.7212969219055881
-0.48579333323861973,-1.040733413919634,-0.20588669091255654,-1.0973165969366316,-1.0757972791826849
-2.8549321119438087,-0.38014576521974924,0.13520214842526332,-1.0496621077895363,-0.3909035437774477
-1.0519070638284436,0.03453860634616845,0.031057593123227385,1.3977001599902938,-0.0762255788432915
0.29531977550672095,-0.31326748705553614,0.3052686550223179,-0.6933870750865349,-0.3362356180718047
-2.1531528621060585,0.7823694331388183,-0.058318463305432146,1.0621004657648485,-1.7569891933207515
0.17881391276117187,-0.2154066460864504,0.9170897940628158,-0.3413140376297857,0.4455941174594808
0.739390912532278,1.8634554749270829,-1.6951926503729602,-2.0581598713878124,-1.2020613712237147
-0.30849405307606503,-0.9250271944207846,1.4086701807622826,0.017418333875893675,0.37761975751276594
0.20560502775789824,1.239790201075433,0.779740071470171,1.3725528892193581,0.6641034670110009
-0.8976370983251043,-2.07645392675785,0.11128778835895571,-0.31383436894597444,1.4473704342465439
-0.7234897493736356,2.1462705690687667,0.6225048389104223,-0.3565229146734467,1.499545897686582
-0.4852712116893805,-1.040710791021254,-0.4126035776358618,0.0032189985583449153,2.2829665301233133
0.4811970399321246,-2.5598382347924287,-0.5560925461150524,0.12363494087164109,0.3932962811744982
0.315573120363118,1.0871577451893517,-1.312735477167943,1.540060848763627,-0.4540985741909954
0.013229279015245125,1.7526343199069077,-0.4730147906056665,-1.0935911778653196,-1.0142956008410038
1.2315561184962733,2.0264054220786343,0.3921822015249917,-0.8543504425046748,0.28355736019468886
0.8054143545476984,-0.7442441853012532,0.07445983153049332,-0.06818301974923102,1.8592837167979324
0.002508259923791874,0.5657794506076932,0.46089175605530847,0.605310188641541,0.9072454266356395
0.019310987016167496,-0.6312026518576264,-0.261455408359231,1.5105459765895957,0.8630453306311325
-0.27201939131104735,-0.5912326193075715,0.8637262486062248,0.8553885228546929,0.49865244126706354
-1.1385178769355708,0.3832401615309576,0.26758458824053605,-0.1425486320915351,0.4035288355923859
0.2681263149866822,0.6495518696087276,-1.8312407565992015,-0.6176838302791049,-0.07973059982692729
0.1942131757888671,-1.3594292585043997,0.1127459345588093,-0.9864382733650353,-0.537656357043616
-2.6134936652883884,-0.818827438325658,-0.7747633040910824,1.269983256684482,-0.39917282433458545
1.5144905390651517,0.024921531871994605,0.05112948639479788,1.092415747134423,-0.16599691199184888
-0.9718470914454729,0.4897188713081986,-0.6495810089063617,1.9238776264245578,0.20723047614920218
0.14823572719304332,-0.6939374146410509,-0.17774895607857827,-1.7823125784478215,-0.05685891154770338
1.1016503429583093,0.44866753474232307,-0.484048223862692,-0.050817077194036026,0.4750489522478836
0.6999657308043015,-0.34542108602368093,-0.5485305450203779,-0.27597988741246615,2.024448341818036
-0.3344866993650756,0.07765272163830757,-0.3115195936143813,2.136429078767814,0.5823362761026707
0.43763547552000254,1.6011799896362695,-1.2773661945848132,-1.7293133773954088,-0.37683935319441303
-0.6120918379425595,0.600855599875767,0.31559058388571165,0.7224926152218705,-1.0906276326255837
-0.34832663400032826,-1.2222349915681388,-0.4014719825472138,0.975974983492709,-0.9660200036253347
-1.4664988420257645,-0.4467493332820635,-0.8767647708502183,1.096629630499055,-0.40546870706761584
0.6668726148813457,2.0462732154866536,-0.1687851901262856,0.07601049192791244,0.9547723782059657
-0.07678562039417224,-0.516419909708877,0.2863491717425496,-0.2913444544918908,-0.8719540894647689
1.657802157220512,0.35363454288023377,-0.674580780424727,-0.5895252189540957,-0.4759477463915837
-1.1976816600745175,0.28796573643369355,-1.6962853191429375,0.8796620721271957,-0.16044214451845124
0.0686076123555388,-1.0994748854093754,0.4286364056338517,-0.35776969584470797,-0.8713917708984492
-1.1285527825561235,-0.43848178338164334,-0.4249160101984907,-0.7249395133729121,1.1600937459722123
0.4075409738909505,-1.1801841275714997,0.5052645178362634,-0.5991054389224352,-0.9544645997952275
-1.5838822590810586,-1.040399940304232,-0.5120550310081726,0.42708630192589925,0.34095992310816703
-0.3599375625439918,-0.22765593646914614,0.7787179212017912,-0.2950977931599886,1.5975631880694676
0.301886330238131,-0.8988605398178001,-0.969306731587589,-0.48917138763240814,-2.1246864935909153
-0.5278810079890974,-0.03326454457396841,0.14133769280377684,0.9379969348355608,0.48108084215791963
-0.902848862820017,-0.21866078931749366,-0.21604213063781671,-0.1088035225739823,1.0127215850436337
0.2630177466773629,-0.9575463330203405,-0.4249015129767328,-1.3902333237153364,1.943976006961908
-0.885630307482837,-0.25281690959527037,0.20458215361995002,-0.384962361670584,2.040768481775764
-0.05387607529295671,-1.0084462335776683,-1.0607246720351735,-0.3659399352391582,-0.005882755030886177
1.680308834704055,1.0579616590834393,0.05673752044339926,0.7111142562197028,-0.2430991310964289
1.4277919164635924,-1.220647842461777,1.4174136306050082,2.3228557418811455,0.46326481920476353
-0.3293016650671905,-0.4543260524962985,-0.3321895709028267,-0.10148179982190621,-0.0032104896370502693
2.374405058845076,0.5331830600708207,-1.2443836229227887,-0.5528899542992957,-0.05835078321625874
1.5163683025887231,-0.23237190311611247,0.46756503099559976,0.6070493311159946,1.0273452582123765
2.3413127889405536,-0.641112895827097,0.030429434807562574,0.4087240499478976,0.6358547375749264
0.7721830945222437,0.5659243058075384,-0.3260933088675525,-0.9159745680475668,1.209517002759507
-0.3545218655117363,-1.711035337549904,0.7956240467107415,-1.0049531842345005,-0.5997654575337359
2.5770672769327874,-0.13624227087616356,0.6646738906092953,0.9527137813821027,-0.780422998948281
-0.3716987396135503,-0.5550646367011516,-0.4530072285325304,-0.2426173958593837,2.1304547926565105
0.38929543057203175,-0.68615643701047,0.15414994171336863,1.0084953281895086,0.669772325732518
0.7140071775288052,-0.1422867270018479,-0.07651678886364026,-0.8021602800794216,-0.7889164482742479
0.07209657618317124,-0.7407655670548707,-1.4169530217330522,1.7613652540099876,-0.23469882333178108
0.31203984816140834,-1.7402573037770686,-0.7308582364920625,-0.2384919693052201,-0.05561261556103553
1.2998084635402263,-0.23118203465615136,-0.15694212409897756,-0.7807002936605812,0.39879506235988676
1.0322141642466336,0.30652335594986196,-0.9286104879494407,0.2692208939163967,-0.3633092921070143
1.3304870604668684,-0.22763617007607065,-0.6958932267018215,-0.1379603579461191,1.5942924005337553
0.1145028909147986,-1.0362031805036611,0.5866322696208004,-1.814111819736184,-0.5671703607859102
-1.2989443952186313,0.639703902226594,-1.3035343738545353,0.05584072647030121,0.7491595458904289
-1.2718063380416658,1.2646551339031538,-0.08864083470916391,0.726052247410168,0.1426051059860278
-0.25029324180822826,-1.3473610023612754,1.1967504474963184,-0.05659533544592279,-0.2423964594592348
0.20973025876661494,1.225235643087645,2.6970152210509437,0.1421257866632356,-1.016655580067532
-0.36462090557704374,1.148006042217755,-0.7822857115031715,-0.5585141424937125,-1.3857604586151804
-0.20259195474071193,1.6500330655013837,0.3527468627374316,1.285095931289275,1.5459218160703678
0.9094578571606105,1.3234364684804814,1.234281000676406,-0.8960588297342718,-0.7947896913966004
-0.7521323849280521,1.6674421289754808,-0.44859889998998237,-1.2447874165637363,1.168688127407953
0.49462069096695566,0.1741179252983957,1.476061276859679,-0.6310659869043597,-1.1704596058008272
-1.314122450482512,-0.8350998149417914,-0.9532097805329204,-1.354420520530519,0.6595983454911571
-0.0046503341952793785,0.23020287926565924,1.134113834912921,-0.9270372780847207,1.5900438279963722
-0.014201463574844544,-0.7055049503105917,0.057147935479165135,-0.4776436837631022,0.7212389023301986
0.09928954513352338,0.6726953569317602,-0.36790697994711696,1.4795924306937305,0.5086748081541038
-0.279416933211442,-1.3233212728302746,-1.0663576010493585,1.9194931500963333,-0.38958889058828233
-0.17760673610424704,-1.4872602169022888,1.2740336774215144,-0.4191933648103396,0.4857191958096323
-0.39845978923089537,0.689263081523185,1.091648566781421,-0.2223362327506101,1.368445902431608
-0.01869729728123737,-0.05920119476652466,-1.2141806391017567,0.8910733384918016,0.7995894437686342
1.9406656311902533,0.1826856518096513,-0.46899481222109934,0.8959956434930698,-0.6141576016100242
-0.928736152901892,-0.598738925851731,-0.6847360777875084,-0.3366970455342537,1.7319492445230371
-1.7355630672987543,1.2545506492940584,-0.9446188262996883,2.4738141580846955,0.24914913018059454
-0.43447634980526567,0.09057300752958738,2.046808878833068,1.265380193147184,-0.580430271469863
0.5524097033082231,1.6990739690546617,-1.3484999923684584,-0.25060113200633766,-0.8216339853347446
1.3026389353045602,1.065560914374872,0.3484724004697212,2.842129506408899,-0.651621093752787
-0.6872759218912596,0.5914154749795232,-1.1098975782350016,1.288022204106803,0.20010286810923944
0.12547988905640106,0.5279477778376747,0.8087251550199666,-0.43819269507095565,1.9526266302079311
1.7192081998349562,-0.36006571597198567,-2.1597431602070962,0.6506552276726995,0.31846862554949823
-0.030366341967672888,0.13718485042943634,0.7239094999050425,0.28324219304949366,1.247422688888619
-0.8564487640818491,-0.704169407330885,-0.7432729762637204,-2.5470820594870673,0.9693742709069714
0.7243099168342684,-1.733195584143489,0.7917767979318814,0.9487063652157155,-1.6237896450817755
0.005713042441419622,-3.504551174780869,0.04781382360420414,-0.24706346961709716,0.1876542977671032
-1.0345340155267029,-0.2247013092880599,0.05411444933467523,1.2068808830207804,-1.7236368730421676
0.6673586019726012,0.6516536077798644,-0.3205503176501955,1.5858976983812565,0.1048133113976068
-0.604802577591792,0.3853044658240603,-1.4459370937685656,-0.8147449024897989,-0.22579294111332815
-0.7273384391964205,-0.6656054242373713,1.5588335392592634,0.31137909347068116,0.09103366859890394
-0.7437058989210059,0.47154253131374174,-1.3310600056699389,-0.8535238436504217,-0.8401210124720442
-0.9838011041949055,-0.11665720259991093,1.1595762251122668,-0.29510785408450696,-0.24847199266070857
-0.21778300959174407,-0.9952025146970754,1.032708417385634,2.243893624717785,-0.9335857340495115
-1.2506697502683226,1.0108144567100041,1.7805729564760577,-0.1251230685388863,-0.9932585763164241
-1.320063906340161,-0.987585716482143,-1.0923376609993347,0.9634149357479488,-0.8700315544051209
-1.0568628954458956,1.5231598007130944,-1.574211340654134,0.6028238655218618,-0.5234660370206149
0.1926790415668726,-0.2552567233124206,-1.8573627648638213,1.2574887923504965,0.5074168100535578
1.3052123948581282,0.37774108734757067,-1.9468981643834726,0.1392146305604065,0.37113343445338387
0.7490932422356984,-0.8728197011659957,-0.7752281462360399,-1.8456982457663833,0.20641110459423737
1.580949256197675,0.6438031000106987,-1.6073054371181372,-0.612987213460354,0.3113493068772412
-0.1903364828116806,0.04289945909355262,-1.1161172083577708,1.1046006498532686,-0.3356431336713546
-1.4585930031018013,1.6241101496284698,-0.4775217470562683,-1.4249900253118832,-1.3990231741014947
0.5525963957415585,-0.3171091331772876,-0.2596677656596814,1.8009752457554928,-0.22189518238119116
-0.9500056976408005,1.8204838141417237,0.03628081078706932,1.5099460527813722,-0.4994351988384446
0.3981648778636076,1.887762799253089,1.0014556867262718,1.2439653986669084,0.3668367076773262
-0.7597567924685104,0.4330547686256454,-0.06547493518747502,-0.1820434976945347,-0.3722451532391355
0.8840855278033778,0.689410989236405,-0.40575877419924444,-0.11244061210401188,1.2360461955920896
-0.5139648386595774,-0.6336303821224314,0.6710108005535501,0.2610184314646693,-1.0279162301205385
0.06422057819416475,0.18547103317458366,1.1534187405214262,-0.5621863440688608,2.109698247889296
-0.21661775054508928,0.37871935852308014,0.0708879111890837,1.349739925862051,-1.6551048009951728
-2.569559903709477,0.2008183624511043,0.398860790181853,-0.0296818574517832,-0.84531838086983
0.3015015727734818,-0.521142549580621,0.7681133308482435,2.6514576140272683,-1.4807144347049332
2.835114582162342,1.1399130714462153,0.2602180953524597,0.5761184654646129,-0.33026816180151
-0.3239303379856584,-0.9176336380790362,-0.48259064509541305,-0.5187923837693997,0.523511435585868
-1.008932061959314,0.2496596912042319,-1.2333444025083862,0.8311587934692721,0.8031616721230775
-0.8579005861112957,0.10614608418921036,1.1474105653457443,1.3213669655656164,-1.0267573655222602
-0.8440178313708352,-0.686131115007043,-0.8926192074749977,0.1187116591850033,0.18153333015684248
-0.8788132885190277,-0.7605264111827534,0.143240176706814,1.0559487621700334,-1.9253294075039233
-0.6616449644271485,0.5307177112417549,2.813892466316249,0.4781418888959668,-1.2241175896882006
-0.386396527805774,0.5373798649546047,-0.8486093128447032,-0.5521983589020002,0.05061623513683973
1.6258709897970898,1.2221665596035052,0.3711541631291462,0.888968068369069,0.9980883038379432
1.693459918041512,-0.22351783314930987,0.4551912866868021,-1.2943738157407425,0.3047624493482105
-1.8493470247996615,-0.6445213029314407,-0.51269197853982,0.9267438526646692,1.962101595502029
0.1946346933554831,0.6279712417989365,-1.5080555133555587,0.3036182379570474,0.8534437300058817
-0.8451297415120165,-0.7723647457998214,1.3774767845004678,-0.9301149414967987,-0.08938674182810882
1.727276902723457,0.5769205827176302,-0.7053658639570738,-0.6617471832242215,-0.9882739025139892
0.7417390743182977,-0.33936486251552767,1.692306136076383,-1.476411198781617,-0.5564582593895674
0.3080586323412861,-0.7945125460044807,-2.474753452439619,0.29597546925853624,-0.42571108440970234
-1.03177976715464,0.059762551428744606,-0.8237195062039772,-2.256589820508524,-2.0355909366348572
0.3161443298462508,2.1897870806296607,0.9769503934894823,-0.4793419530425284,0.719702719438278
0.2902570378933093,-2.486428740661115,-0.31642728853403307,0.4516387115442324,-0.05200571121055679
-0.5782074345690444,0.6167917886197651,-0.6072265007235577,0.7858790197730391,-0.23618112324901652
1.5810915586932828,2.267214400001722,-0.8199617060809413,-0.18088873857372606,0.3721756933905921
-0.2812258722083192,-0.1798443564487043,0.168241460485563,0.8516735802609244,0.4642121180187393
1.5798038092469784,-0.16722864221402198,1.0942991588824722,-1.4522203511904048,1.4991161086355516
-0.7769369757906031,1.4706866882008482,0.21386907320099405,1.0686464669524962,-0.469000954417036
0.1692610482062955,0.7046437037661418,0.13825325109159362,1.5973164684187156,-0.908029720107639
1.3357000200981748,-1.717476777629119,0.677558329089305,-0.5389498092648372,-0.28329057523197543
0.8142469262908483,-0.6206521776969556,-0.5936985213226103,-1.59987762091877,0.8799623914376783
0.13347524732802962,0.9731011715122038,-1.0288748749632455,1.070100783358011,-1.5337686990044312
0.30338516961620304,0.042752630383011275,-0.4137888687808839,-0.870733456220308,1.2255859859602751
-0.07671971905394485,-0.909657508135462,-0.44313227785664766,0.5065975686890087,1.608639847511694
-0.38730800452817377,0.9929102711795007,0.7854719271562004,2.1140458797051638,-0.08044651504772846
1.3089025576048645,0.06788032765419486,-0.9769754531759555,0.538026032389336,0.391997686488969
-0.3810105615305244,-0.21398842876208157,1.1068904752052495,1.450267538614355,-0.07934523578692705
0.8151833568438581,0.8754840899076649,1.3683462759345886,-0.47115493814184195,-0.7320386071675682
-0.33232376150179216,0.4493635087102339,0.2934092463960466,1.116062754204348,-1.0286999911447852
-0.3062551837687734,0.3869101172255215,-0.4680435200677374,-0.31738782685631967,-0.8966263349989381
0.09788805978347741,-1.800434350807929,-0.19893191444127084,0.26714570282399924,0.10313577833093511
-1.3572967361268895,-0.04365099898199118,-1.8796489110630885,0.687593730058891,0.2602117762455783
1.8710213050535358,0.7972686773938601,1.0386739601129527,0.3484085082150852,-0.07044875966415312
-0.5817537275132231,1.0573388729470903,-0.35622365458036614,1.5855710188287888,0.517717733347144
0.07031020313347502,0.5247421921821557,-2.11953806967813,0.03188126216140872,-0.10870003928061883
0.1190339369789678,-0.5087864781475865,-0.428708636205744,-0.31224392096179043,0.10148093078337098
1.131431462275675,-0.5883500800127227,0.028442062681356624,0.1605194106567574,-0.01683306323031994
-2.0131345471613122,-0.9046592876837375,1.8839871942308068,1.7132291935449744,0.760824457705435
-1.8740807950534148,1.0300124901418461,0.7188525974357343,-0.9606865393533581,1.2091571030938615
1.5139637444950693,-3.0908612228567045,-1.0789940764269563,-0.655190182403563,0.16496305414462067
-0.0576713958712147,0.26253778106899833,1.252452130012119,0.06767397539635356,-0.5711278562076783
-0.6049669657862071,0.2597884887259138,-1.289941357840904,1.312876095273918,1.4359988266265835
0.26639884138031067,-1.08752644916256,-0.8605237970517751,-2.85654857920472,-0.7330833297236041
-0.9973852353428917,-0.4720436987147287,1.4383755156979054,-0.11170054646137843,-0.6052088058712807
0.2021924976477449,-2.25166077583474,-0.005383510765492755,-1.4267606168023286,0.5700182721264612
-2.2676033486001455,-0.18957646153773727,-1.7359358546377908,-0.6871339176017763,0.7914177842338269
-1.527482169688709,0.8116761600660544,1.0982532309434527,-1.3845149049006642,1.1499256048987643
2.062694081881858,-0.4249897201097873,-1.2270426111394563,0.8955842748523594,-1.9435988735761973
0.8076558504220779,1.6621967366252992,0.3898118181716761,-0.7949073583359885,2.7909320674745226
0.6621785149654396,0.9273039976870576,-0.825493861893064,-0.32373598291103034,0.23980849401057344
2.0983981213798684,0.34857426558444377,0.8410376122274906,-0.46273069008594864,0.4549375866690352
1.146419351558763,-0.39800677461751943,-0.6542331304931689,0.6872702536575017,-1.2780506088956487
0.21408260465338688,-0.25312629324807767,0.18231924905901717,0.38691481535055244,0.1833922532473177
-1.3780268241417126,1.0478449062989987,0.8234951720507968,-0.09277158183575065,0.08811088640875409
0.36883237260935114,0.2886181781032282,0.4577456125009658,0.0795771861803568,0.5928740003147541
-1.6246371897876077,0.27459664003737955,1.2651233912902888,0.29214878631838187,0.5935305639408043
0.17519481452082478,1.0387616461897065,-1.1475324444516122,0.31374513977433,-0.41287391914667554
-0.9675360218557215,0.5354762020678161,0.18466718880550623,-2.12525261930405,0.15050780287141607
1.0964828911948645,-0.7613677490905993,-0.4343148033724424,-0.5973165860171309,-0.4481150577289572
-0.9724386628608381,-1.1003817977773291,0.19590119775696888,0.02378134638748354,0.05741721890038043
-0.006643838837572585,-0.09322916552412769,0.7411923482729991,-0.6592288870668672,-0.04092001621983717
1.0690314791803137,0.5181275654844135,-1.1964464788584515,-0.6874120273844578,-0.06620182050424603
0.47424876666357035,-1.190532264440228,0.9777611160336616,-0.27251898359854965,-0.2694686691066145
-0.1482711605676652,0.5605890356965807,0.11461457033720258,-0.07412511490251046,0.2968827532096661
-1.2871970957246088,1.329458663625159,0.5842499310730036,1.006590655158538,0.47432515031432165
-0.21809722254841882,1.101649619856378,0.6085995721573534,0.2596727629667401,1.029343934168526
-2.6885350472060083,-0.5010571198106498,-0.0571187348449606,0.694816069218322,-1.2375186144173127
0.2700728529279447,0.07631450037330781,1.218362761939015,0.9199323749863737,-1.4389398138348828
-1.4027358651262185,-0.8482184981075965,-1.011274939629339,0.292989304225573,0.8004279945295413
0.7555257208360422,0.8461109487777475,-0.9045184873362802,1.2101933039012054,0.14220091944566188
0.41854695867900216,0.8930917411064054,-1.4546045975782766,-0.36452124432069005,0.5872351421383817
-0.7801469793179794,-0.05860580819404695,-0.09718041232273236,-0.5636626531550007,1.3935874385290452
1.657183943347619,0.24182700361270235,1.1630733399844948,0.27031225115187135,0.8765136655558511
-1.0813552831694462,0.7864476048908406,-0.3641599629991204,0.27706682760742746,2.374114539049238
-1.571057782815097,0.4713811362936367,-0.1459073854145583,0.49857846490508445,-0.594932256051408
-0.30867146391696076,0.13364778117638532,0.6738040978954584,0.8823517687291818,0.16929607948290334
-0.4884479537332701,-0.492624237646217,0.5233968890342157,-0.9442429540007765,1.8654336985285818
0.09616607713975989,0.27572218829368267,1.5070206429445747,-0.7023359682889662,1.3635241442582178
0.6809266202762677,0.25571653037920933,0.4040136126891085,-0.19773577244418727,1.5003567457631644
-0.38198311970523935,1.9946983104432685,0.9259636920560975,-0.5879966909169388,0.6323335809693088
0.9078435721692701,-0.9266454379526431,0.27065571799459875,0.6064723664915685,2.6321124819242203
1.0176243197293227,-1.7436759908600308,0.426528381146285,-1.5315334259154691,-1.5281720392611875
0.028530896556818362,-0.5783876431691218,-0.3598962996961661,1.7468708173363157,2.336349320455518
1.1243857081671391,0.7315803630506487,1.0714716603525098,2.0423687097038252,-0.8156912993922545
-0.7102548938707877,1.2088951827371643,0.23083088679505345,-1.264445817017323,-1.025414876822233
-0.1815641230586719,-2.2584342725082682,-0.9623753129808045,-1.2576688374473641,1.0856080656056954
1.0637486232902864,0.6462145258398903,0.9914756731790465,1.3341131373886301,0.6061844988461748
0.14435096272245654,0.6165332041509454,-0.4428551471640787,-0.043421499924534805,-0.7939208614952767
-0.7992326848035076,-0.5112430667377338,-0.38345332183348124,1.8467864209327671,-1.4901443300878034
0.7345549765548187,1.1366581693028388,-1.2058484736442268,0.021601360408775583,-0.3036217614939299
-2.2043171915982023,0.2986152301513456,-2.11039085315373,-1.3692845978394397,0.2723171736185803
-0.6919822069448454,0.9903393500149994,-0.3322354184083513,0.9507192556714437,-1.1313156844709773
-0.4471814508062242,-0.0903964181996526,1.315131729439235,0.07114156969041402,-1.6191577115179077
-0.08768611070176509,1.7326543037614366,-2.368306820042068,0.17404065765860244,0.038329007384452635
-0.22640177512247436,-0.04435715482630314,0.43140502792241725,0.5185567728635776,0.3691501107995479
-1.484794723621576,0.745859414374871,-0.9262504560533876,1.5128164693397606,-1.1048622750585826
0.1086805009123417,0.7846675718359083,0.6492618566306761,0.7696533617645275,-0.5125717411760454
2.451200460789479,0.3425884635509566,0.8680621276379773,-1.2199364243469066,1.6701961803361631
-0.6520261498980107,0.7708332226737613,-1.122927462728123,-1.1522143326152776,-0.09926157151431275
-1.3118548754964852,-0.06209118496146997,2.1273649512570065,1.0062900714723408,-0.6441752566220259
-0.3890623216514429,-1.1044323241863792,-0.424378816031649,1.4372809880258213,-1.8833352422292897
-0.08844666032941095,-1.074030605379703,-0.7741982974508038,0.4903380757356747,-0.11120514813913018
0.36862181601265326,-0.11216761569297987,-0.3605517878525968,-0.8681944095176382,-0.4921319577365136
-1.4486046535925652,0.38904348075774636,1.6117428659548212,-1.190219449807648,0.6491480543965576
0.029219287646093727,0.108806214576618,2.655387930013601,0.09971397590328485,0.24858136167443404
0.4327752719933139,1.3183575459656807,-1.240864364092515,-1.0408506832156619,0.9198739714830253
0.8122955848904106,-0.7134015912417739,-1.1555798928949705,0.36032824753084686,2.0878865163031417
-1.009863067919566,-0.6727030118217275,0.19137214293573235,1.1903803962286976,2.0192410169319555
0.2731957696680631,1.4138328064398191,0.11769367622938098,-0.03623776746412718,1.3153412906766717
-1.061584310633021,-0.10838491837083185,0.808880596161519,-0.7364558828042024,-0.3625663142153494
-0.31326572842199163,-0.32304778055630345,1.4156348680830177,-0.30601027855464535,-1.8299869399509054
-1.9836225857829615,0.9656398355416066,0.907977526167763,-0.6229151626338945,-0.12896029972238063
0.7261997320097625,2.262996358561039,0.620455028426013,-0.2854043587953473,-1.0378262136877854
0.822237103768315,-1.2814641984302861,0.08619818667145272,-0.745239836864677,-1.5554599037616463
0.6872259841323732,-0.4330445524014732,-0.4326912285577722,-0.5656706982393579,-1.3312152357121882
1.3368948996691525,0.5423745773120308,-1.452634525236165,-1.6155444250387083,-0.952500731335368
0.6567130819598749,1.010306807103308,0.6054228778361779,0.6132947725265986,0.6578209635779617
1.9121074379453833,-1.051908053369819,0.5384312762287494,1.712606204712836,1.2327548335526342
0.44746604728211337,-0.7804306696073782,-0.923594149043476,-1.0177706644119149,1.2236125132356037
0.7515598850705372,-1.1910161735190818,-0.397101099415478,-0.5560459924974842,-0.020569474526785682
0.01423794244937725,-0.9543959016246875,-0.646776913129089,-0.07197175318300826,0.35820119714439114
-1.2523699370697874,-0.8430356012455005,1.467210846026442,-0.8055776879880993,-1.077055409041598
-0.9346759427523745,-0.5252496822217873,-0.7680723525893718,-0.35080979264464723,-0.12980442979360743
-0.19596758572340658,0.31312391242884463,2.2487387483966303,-1.7992303278166775,-0.588033069123679
-1.7919878492441637,-0.7312225235657958,-0.16381745903982933,0.20923922150514038,-0.4651963307010593
-0.3751484517281429,0.10916711602776674,0.8328367761252978,-1.134245028642191,-1.4117690729784986
-0.14261700882843167,0.38317666084063157,0.37229717013081426,-0.4564984652389228,-0.07251265941183128
-0.07231848815822757,-0.8013567193301843,-0.8634732950126892,0.3594041214753538,-0.6381444580771984
-0.6013119998049162,1.9582140249151667,-0.659694414155869,-0.8984722420999798,0.6172491434321881
1.2329146075388882,0.0787528224084354,-0.16338129343782168,0.28210696021233905,-0.15546514975160783
1.3685456351023504,0.26585065429497257,-0.3767250744587671,-0.7535126454384575,-0.022626441014629017
0.6740109870270976,0.5375907325358086,0.5038833177930436,0.0389230654472482,1.20755253143879
-1.0993499750804847,-0.515358068211027,0.7400797577266316,0.6243177696029678,0.1601805683883267
0.29057056483253374,-1.9724786922063715,1.0489224549750578,0.8276311405046807,-0.016031021451341172
-2.9039805997970323,-1.4457431845281907,-0.6496656717687435,0.7163883955642772,0.011828933902447616
-0.015322644872243529,-0.33529125282933275,1.3019880364440999,-0.11183408559545988,-0.12056227063121729
-1.2944772567305582,-0.15950941459903004,0.6380820344648551,-0.14877542432065716,0.4643170531836694
-0.30719621745317494,-0.5136620823563858,-0.6856855079751333,-0.1456641525213358,0.6751666786263798
1.503757897770284,-0.28711553513186366,-0.6042069181872805,0.27349855312873317,-0.64412941714615
0.6297442624922636,-0.3541852504324689,-0.3477696576545433,0.7033673971054506,0.7227934360854393
0.6020088965290523,0.5064139083150475,1.0624069146174442,0.17204010231623978,0.09756471270633138
0.8903006487476331,-1.3048526407583085,0.6646423995548617,-0.32564403367843137,-0.8023813708306236
0.1662344156886521,-0.3518552735128755,-0.27101081611073924,-1.0705097364298763,0.1808230603806917
0.12297817842533076,-1.670377627256751,-1.1494060287592072,0.9654603526454804,1.7262405296709618
1.8207489559636716,-0.14485032949313,0.3597210770524331,-0.798452407396061,-1.7401337803913803
0.5255700327265937,-0.7715521779231688,-0.8522485878649554,0.8199862689179338,-0.4637739996214644
-1.9018835268771521,1.1928588378687075,0.37324588000147235,1.318326173336268,-0.3731161144385878
0.28503546347196057,0.20719710284866166,1.4918804698235706,1.9293902265952194,-0.5571898235823285
-0.9360863498719293,-0.9620581724346531,-1.0512197502298604,0.5675573054958518,0.8486936535821489
1.4111903353711175,-0.14752082835211353,0.5541439064859917,-1.4192011493511658,1.4923423467623027
0.7356846520151209,0.3561874147683761,-2.570668644285058,0.6566789477707952,-0.15744603140073254
-0.4165201027018825,0.39211149171559395,0.6130815736659802,-0.4462815344003353,0.7684095639553766
0.22297571686455414,0.6399728112555412,-1.0903502040398365,-0.6509633374603082,-0.08145932004766297
3.2737987168587943,-0.31441862793853453,0.11493293648831121,0.23803228988294572,-0.06678692030797247
-1.2267912795875648,-0.5633176454955692,-1.9402667703294716,1.5691037648177224,-0.4733962256337158
-1.4801220826357822,-1.2268648956529664,-0.13908109764093868,0.5998096378570182,0.6014605246866274
0.3374961091584205,-0.5311423073691361,0.14716437289271753,-0.5445738687865802,0.3795197035254855
0.09574157254765814,0.8082768086825785,1.0744315361351575,-0.3804325855378165,-1.0316858824476212
0.08847150049952751,-0.32067430417449416,1.6519423051987154,0.46686111435292965,0.8051704124443836
0.6847602469977615,0.19283841940497737,0.3880376770148878,-1.8241243863684293,-0.8542785456774789
-0.6258636775091764,-0.6240202864663885,-2.154734449410639,-0.9453430409640663,-1.0484288729164157
0.02340802503339999,1.9507077983248473,-0.22389790791666814,-1.4561851722622248,-0.12852018077059346
-0.14781859407858763,-0.499927261889334,-0.7412122565639895,-1.3380854476335577,1.6516788750660945
0.24664567571995122,-0.6076734616282696,-0.6865338070682029,-0.683293084554153,0.3810444062427204
0.4708681237434638,-0.7765098885453229,0.738114982082639,0.7664879479213629,-1.1172537392925246
-0.343605192840243,0.08251222171441584,-1.6742191536668463,-0.02904416409472381,-0.5368436286476848
-0.4289578425501612,0.8908404779862487,0.31910058075196945,1.0752697117040892,-0.3740975015674028
-0.4442704211684467,-0.4914511094776389,-0.007143438024481311,0.663095344015461,-0.4297268134120972
0.027178733474538353,0.597653926420313,-2.057949983097784,0.6127106343089439,-2.368906038255778
0.06813412133647309,-0.31548512581639493,0.5908318185707478,1.2739655286754472,0.980469472163273
-2.5860520989078837,-0.4199078025758036,0.5740347644711984,0.7425495080078809,0.6340299744240594
-0.867988053116366,-0.9815105330326923,-0.48254810671971604,-0.9891769086971913,2.005971305516853
