1.2764696040057852,-0.5497671616435845
-0.1075580186558419,-0.8237313752294693
-0.8010658864432052,1.11894414001034
-1.6078717509000486,-0.09032206512791018
0.16586213273130387,-1.6140848186480756
1.9847985040730278,-0.2077193910939788
0.24256801323831176,1.8910036473430083
0.6881535220051572,0.2838508376721582
-1.126331648485511,-1.0385311421931684
-0.056313195037145165,0.020508355851050947
-0.28564191231061076,-0.8155578658914119
0.01329839816971357,-1.11773891502772
-1.2650877687758526,0.23363929313688409
-0.4901491225460918,-1.0634973234226361
0.000752612521509343,-1.3055164176838887
0.43961359742315564,0.009175353037786502
0.5213618417003038,-2.219171565967566
-0.662002320834333,-1.5323944300170231
-0.7297939057928395,2.1274554717487018
0.1604800153696758,2.4729539432668424
-0.23471784805302898,0.48645795846479845
-0.7946286433502266,-1.652757133751332
0.0454005372643069,0.35353883446924234
0.6020510148429606,1.6070954421226993
0.2053481125719149,0.20739753453036616
1.705525452115956,0.8986635184903832
1.7109833011013187,-1.0042307748662005
-0.018128971591834336,-0.15760780285772583
-0.6244908237319132,-1.4288036731386033
0.3833064584593753,-0.28060987473075816
-1.16692234845978,-1.1601748214497292
-0.7304821975816727,-0.34872457636652626
-1.7808596835360748,-2.1574835786972124
0.9026315598067433,-1.1128157432196193
-0.36078924939585194,0.4275211315283647
1.4050771945340277,0.3138608095158048
-0.9676756517815442,-1.2638181100839385
2.203456181143318,1.0974417671812462
-1.0476022911832525,-0.22166063767433614
1.1232325410148578,-1.0580097467434275
-0.9739637303140077,-0.4513334113096431
0.42968420239862926,0.5830679254997102
-0.6672910819459839,1.1638215500336755
-0.3463889057035297,-1.217904736707532
-1.032749636455411,-0.9332563533066331
-0.018484970651038723,0.2543616090390409
-0.8658970292453753,0.6607110233562218
1.5380709714200358,1.0849245470238837
-0.4961102132445754,0.6207175338489852
-0.45673723549922995,0.1458071317563824
0.5946966853487496,0.6352961672524948
0.2881252163617519,-0.14366311391936537
0.8445471136662482,-0.1648270578984975
-0.3705938342254105,0.7629857900315792
-1.0576631842382231,0.15660762217151297
-0.6954355917959473,-0.6118119856103391
-0.12405540435540896,1.505938534828173
-0.2938137010657328,-1.0488098143653881
-0.412336565485464,1.0907550776072914
1.8277892682508257,1.079952059369037
1.5083619074613488,-0.18481385370950187
-0.5070152239102504,0.41846625968088125
0.04964134001700855,1.3969810442378057
0.43934187954461196,-1.7987290555901234
-1.2541480503616,0.3241096185512554
0.30037155893886175,0.9538958208909701
-1.0452935925450633,-2.2873299942347702
1.9887198848777388,1.8461265507859852
-1.1636430144631185,1.0927714941567321
1.398877647901445,0.6924929842015446
0.41726921828297364,-1.5025991957536915
-0.32594899093768226,1.128621375895527
-1.9557757462546377,0.21506429966740895
-0.598856293068678,-0.03698942515250387
1.672052807715146,0.10069400878549391
-0.2775385785760332,0.8796594794048636
-1.1865198252298066,-0.27783831432073786
-0.8937783369250528,-0.7185682169292287
0.8351683843608918,1.1820700464418716
-0.8295988721511592,0.7983028224545602
-0.8289185285968832,-0.2655264168724443
1.2718570941847906,1.5051031309564613
1.5441518317641199,0.7185351337838709
-1.318898403258491,0.5412685913963963
-0.14763595961052164,0.4865108359755364
-1.971452824809467,-0.6853397659986117
-0.9277316518014366,1.347797530181186
-0.8546392209624063,1.3487036013743967
0.9338056332231941,-1.1605209642673442
-0.13977451636072724,1.2411666067149716
0.23791306126590162,0.07018255151820357
1.6807915493396375,-0.014010201077517112
0.8171277798080043,2.0737487401838126
0.5925981363383426,1.2884430946103567
1.1501134497071563,-0.7677782455544159
-1.2766751145804538,-0.40980651873663515
-0.5757009524681459,0.01211169226067013
0.5335268559944801,-1.232594938675542
-1.1165841364882467,1.676976827013257
-0.18313655516793,-0.9859538433005411
0.6101659852342235,-1.5303921005666146
-0.7381738273595718,0.8702321150486049
-1.0346308603844168,-0.8331859026292276
-0.8045062975826774,-0.8596459988105098
0.9350998936355396,0.32485411337917314
-1.0215526761958147,1.926651196440134
0.27237973423672324,-0.35898441726377994
0.8563426659161713,-0.7495353395785543
1.060140756753979,-0.3869807253052335
-0.12897425867312062,-0.1682289950241042
-0.8868172267507586,0.3082840635118775
-0.13612751101558407,-1.3008235246563782
-1.3499328072383716,-2.084886833313033
1.379513981702326,-1.2573246011618247
0.49841151449906157,0.4360959890242931
1.2935972687391206,-0.4902597366259422
0.7528500860679247,0.5860058424418884
0.3516342257762587,-1.5195040347312287
0.4224771011579398,0.5570890297725744
-0.6496606514176019,0.355289618079786
-1.1768301018589562,-0.2345861939232698
0.24422208617248453,0.17840998160975668
-0.5256273292630538,-0.7246951958165012
0.9729880204165595,0.2095381762812833
1.4785640394159636,0.23319593155136664
-1.2648057734750904,-0.21773435310494946
0.18150760705579252,-0.7449925206612542
0.9185104539915739,-0.46352224183753954
-0.85440547351926,0.34614131547741467
-0.3547911828254116,0.31241170445541033
1.0067098935155896,1.3150669321387345
-0.1807886410339278,-0.9297897512019418
-1.0728187385811219,-0.33773099896473513
0.39744246815905443,0.7634035325090439
1.077685724085156,-0.1874408474960666
1.7962923820819512,0.5598450935629607
1.9357585990940647,-0.7496570663563791
-1.0879763590361968,0.16998293968337444
-0.21540923994536584,0.24941138238618132
-0.2885261678403187,0.735560801771446
-1.3234497482423535,-2.058723924377109
1.7252202001005186,0.4965932271540533
1.3298362410250368,0.4965473727123485
0.8723937281978119,0.11305658670640369
-0.24355171453747765,-0.25717710759954193
-0.04025246234853983,0.025617506470794544
1.2321469325880943,0.44626241849482345
0.04785969119584452,-2.6027039103491916
0.5249954647151283,1.4951178620315113
0.47498081584921975,0.9615255847566169
0.399710045458827,0.7544885342698037
-0.5865915808774,-1.084366042978099
0.26151085109936767,-1.024289913549061
0.2837412345657195,0.6185784735729123
0.12571444889071165,0.360536419369853
0.4842882955136452,0.7250836594759926
-0.6744551755617808,-1.3630079053238442
1.007922639928797,-1.655525030276563
-0.7863903910140541,0.7502053393986238
-1.1068334185182556,-0.4713747865987765
0.5564817434300691,0.6169753118213621
1.725325486680154,0.39723372306744337
0.8223195879362851,-0.43953657364057336
0.6127548978382314,0.5534836068837188
0.5084913943487795,-1.0813107437939187
0.8650966367975054,0.7951963674373167
0.3424318709151204,-0.42465627752038293
0.749362066606854,-0.47411653338964793
-0.3592583353513736,0.9598451393567042
-0.20874694494006577,-0.7292322792696309
1.281347346534308,0.8907842356039396
1.9861868354711094,-0.09179335329212257
1.977564657968593,0.10295082767502026
0.2857014743809796,2.4014054892254366
-1.9060792559348623,0.18630091794422007
-0.1147166579959392,1.661144589901682
-0.37529925184746094,-0.2356671955102789
0.6388928808169833,0.21983166634641202
-0.2013467701093114,-0.817305058298713
1.2029138374786827,-0.04564213738710386
1.0199675813964495,-0.8240605207577371
-0.06975738766780992,0.19066163647608536
0.3101006575174788,-1.1810300314825188
0.6035896887669258,2.3965523451531383
-0.12088202934631999,0.7118755475103637
-0.6240623318288749,-1.085997231628369
1.228369764714816,0.8270886289910971
-0.19670955594672765,-2.429182647521277
-0.19953950522207414,0.5261195781181992
0.16324255063060314,0.9097454338943263
0.5250343462607634,2.301886836797583
0.8990572259374026,-0.20620384834320515
1.3859179707069176,-0.236516641699659
1.4532025336537264,1.265526306956793
-0.4448082576449127,-0.08244737194583732
0.42283768380417874,2.213028020229643
-0.9340613552843582,0.7983454217181704
-0.06552459724099771,-0.2872626064777812
-0.5076596175040561,-0.5647324244317105
-0.6730642326984008,1.2051041610120252
