13.707701817897556,6.089135654433096
-0.08451750316335316,3.517436271943053
0.3840249178545827,9.307991742782828
-1.063167094592452,-7.029756211047733
22.176458734370563,-7.285072343050976
-2.9004892666530573,-8.56031734813585
3.304238632381671,-22.256760602064297
-0.7515635972692354,6.976201464718018
-5.828484332911054,-5.006797468689975
-5.158609471909678,-5.537874381801833
6.726472168835944,-5.689604393828535
-10.250610622657849,22.177516154508197
7.381143885544052,6.752514321387029
14.742497476339935,-12.936528994604544
2.998741153405173,4.12663939312375
2.2076779257178023,-8.404003021702074
-10.495182493731422,-21.0779082237347
3.7200539769062706,-0.36870228589235987
0.9144712068636611,8.372701051135094
-2.0951679821330287,1.2896676159365108
6.548039682400155,1.1484317074915689
-16.16065237523972,-2.92013325730723
12.89928407751988,-9.024798882257262
13.855070121554203,12.610795962477402
-1.8435729416042514,-27.78872377013966
1.7631238239253246,-15.781046397421411
12.149696458444762,-5.050706204434308
13.264027508104927,-16.40212613947812
-15.412299063222505,-7.934299899674812
-4.569633643810441,2.301162196893907
-4.547113667134815,-5.494021343504571
-8.468469818034205,5.003414343159848
-6.725564483590981,5.289948424730164
-1.5448289231678158,-4.874463576907322
9.762436206794298,2.2582740354676334
-22.19879188072313,6.9908996802269785
3.4754802474947715,8.654427749185245
-7.945637757289157,1.0335541360472384
3.633783572755439,13.52068947315572
10.723012094052072,4.286092659373585
-13.280603691141405,6.037145521117475
15.001124146193316,6.956727466613959
-12.479670851064217,6.10880462189379
4.0841991040191825,4.343928300308844
-12.090730551359421,10.536863415296674
-0.7198849381919372,-4.138598362468055
2.4274981576013213,25.54856130241697
-3.2488018907473926,-1.8720207479104412
0.30585023793465904,-3.44647314312665
2.6766666196296818,5.365002118223108
10.340090909732922,-17.719525212580802
-5.013457288936536,-8.56123822074209
2.7259802807374576,-0.0592620367031067
-14.708894389635539,-20.369878899767095
11.407834126672764,-10.462874983285946
7.949772111826279,9.722752480907847
16.258402742042495,-3.8753942073248844
-3.9939211566114103,-5.343076770697975
-2.935130181559514,-12.122253945646504
-15.684029117911578,-4.957406668892338
2.550894825242697,18.146777610282122
-13.084062362722246,6.434731943991409
-1.9181590433922722,1.9713002918979146
10.099845628683166,-1.4773447419668742
-6.889904881583145,-2.6221652541762364
-6.484433155937738,6.8132526904907085
11.23400277496805,11.916994066396109
11.840711916205096,-2.096782677902704
17.85953446879691,-26.3020216887572
-18.868278293059554,-6.9192156788221695
10.569675787439973,20.622335711850965
-11.632552011046833,-4.167353249956998
5.236477467579967,5.776416548648362
8.652941464933921,-2.076871088645362
26.627585405459044,0.4344893836445851
-2.9010346266527276,-10.764107793516096
0.9381558235424721,2.892555304951054
6.151332248281859,-0.2082297545658518
-0.45999569152768016,-2.811571785600035
-7.758829935386302,-6.431882291484207
4.37078450559385,-11.681198289901364
-8.79060472928322,-15.670701895428804
-6.207335195282439,8.589537715598995
-2.7237490541663028,-1.7684400932487172
-16.17043538597357,9.501817474697566
3.9507767708179644,7.517724713927134
9.473351823270866,-3.1322048071551407
-9.896164733105667,16.564319781037582
-7.7988999900148706,0.289405083553568
-7.588334167088329,-9.941971494501548
-8.365534557653715,-8.159564276713619
5.542571528455529,-3.3751206520873294
11.60668516557293,-3.6393081876397204
4.951336303278614,10.690501491101402
16.94403709045901,1.6336819137550218
-0.6220310130716102,-5.837397102693183
11.050989141156506,0.4040645256314588
-9.200086534541384,-5.066816588373438
4.595242888887878,-6.244599960304245
9.667026306073698,-2.8384198504274605
