-0.28237791867585404,-1.3015737399763527
1.1870139389858376,-1.6269105260530894
-0.4598988289680998,1.8179833529696439
-0.31906078785444053,0.8555331390788358
-1.033944091265515,3.4852343405347503
0.3552796855206117,1.5476308376389898
-0.1244190080614182,-0.22519269519908955
0.8469416386183213,-0.25038086582728725
-1.4688715260346625,1.2153058955911316
-0.569868948283977,2.935095719622519
-1.038985161473064,1.7960177904741679
-2.677884874211375,1.0495881144688766
-0.9550100791459148,-0.5433290083251158
0.41549962223876075,1.3980588932628835
-0.5202104948343288,-1.70592885719041
-0.6828454466339847,1.2991266872660359
-0.6511373282158234,-1.1167777055419095
-1.3916853980717725,-0.5515568653112097
0.7961797248980399,0.9958756635280233
0.4061142186443534,-1.3586201931474213
1.5122525673014864,-0.9972685639276616
0.9534916771693233,0.38965561341887944
1.220118936828022,2.2075352062006686
1.449512700030233,0.5410550619127226
0.7488044131471135,0.42648140279489716
0.7012083849739302,-0.9513047693080874
1.9939046640257274,-0.8799625504979854
-1.623397576942836,-1.7683486024135981
0.839604123468269,0.48820682691963313
1.2302712226797814,-0.14494859594446022
0.356332812912694,0.9815575591291401
0.5953986628990873,-0.7041602634790836
-1.0363265772177668,-0.6097479454839639
0.8950189653973013,-0.3830831500009022
1.1752056067906311,1.4847481171802208
-0.38486196495102404,0.3598723214929534
-0.7990090580749803,-0.7119995779125641
1.7459784528691789,1.9353760337765484
-0.9116614326330592,-2.1026318844782983
-2.205795170997771,0.19451294603573666
-0.26350089885507605,-0.16084203860645385
0.2660079714604162,-0.7152513520937571
0.4346283634352845,-0.5365515042853464
-0.3510120322645022,0.9839956629411838
-0.8571536990275135,1.6491425692736967
-0.7377698545984489,2.818140451236955
2.539832824084552,0.6904436103914319
2.150433931128226,-0.9657278101763733
-0.8528631235674988,0.8896877073123374
1.3861302576128436,0.8467665572902648
-0.21954539555955677,-0.0573065445672316
-1.0263890284667863,-3.224776116624698
0.8141595744437066,0.8858151508618631
0.47393782463802414,-0.4743163663074217
1.734996395557036,0.6441144588697986
0.967017278685215,0.28919001798838556
0.9194453338427162,0.12287539789467666
0.6417166183543622,-0.10018376281029899
-0.0708845342901072,-1.2247020113308238
0.5350924799665057,-0.1542794577857322
-0.050122745454278875,-0.5801222921394347
0.2186263902224997,2.0557545382879345
-2.2318988671736224,-0.44752511757148883
-0.8305405112492534,0.169912444264042
-0.7778864212178621,-0.20254473929483413
0.6442201917589887,-0.6438747507926188
0.23071831336651305,1.5610790800318641
0.3112117482470301,-1.1025166920100955
1.1596373063797247,-0.5465186230352685
-0.9108870892699623,0.7084199193091354
-0.8499372150705136,0.36312280075977116
0.8801304759303112,-0.39327138742805234
-0.15114439242666156,0.6568105379799021
0.9957150531074404,-0.4161634138261549
-0.32282414292168005,0.11151092372940234
1.3577413435767738,-0.3317239146864909
1.0163127296338674,0.7141908487515295
1.4417492488230104,0.5120505992115555
-0.43421182576859735,0.7006794942604367
0.08184316667509321,-1.090787501054576
-0.2812753488929277,-1.0581196052732413
0.590858480616697,0.7603249817586163
-0.738223201455993,0.9168220313545052
-1.4732834145090528,-0.6636024628182057
0.5114713306207873,0.20927046662374488
0.08507152688913523,-0.1929961617403823
-0.5280496356473774,0.775189099650011
-0.9824437896940157,-0.8873132690272767
-2.0859840052924703,0.9818828615329575
0.09060941029394405,-0.7708831334561497
1.068111390703775,0.023667680982220284
0.058540876206205066,1.4395028028596994
-0.5021265799759281,1.4749614636038604
-0.4925658337970377,-0.6281085330835825
-0.8886532689849881,-1.057061331088464
0.8121366575118142,-1.2147997980006935
-0.45020550636154716,1.0539203290198094
-0.624719320444451,0.6121912359942873
2.2193508017076624,-1.6417078140819206
-0.4485277333089522,-0.28880522507648126
0.06044656921954858,0.3213503658674281
-0.7351354088440737,0.5758826275373174
-0.4167981479934581,1.3274484072285428
1.3605237431622905,-0.9339103893294887
-1.3500103213392631,0.3066588608455794
0.06316814744334051,-0.26682003164904533
0.6499855628208728,0.48971084920477864
0.5618862789660094,-0.06084599646512671
-1.1039902501605174,0.9686329011774601
2.2960470141456466,-0.7816059595000744
1.4527683717171058,1.1914526161840788
-0.8259282931309029,-0.8601785201849478
-0.3240551274284853,-1.2961135032490654
-0.7288285209167491,-1.6928790849780384
0.15447323618878037,1.4121653332224013
0.1719288959280934,-2.160656744607207
-1.1666723753508927,0.9990076608881481
-0.032976306826769546,-0.34674653970473035
0.12962818336129014,0.38735511471675654
0.7467638502530884,0.30665697914057
-0.31316127105684827,-0.30742609566561824
0.3777843635527116,-0.7778470550190635
0.4299913182502683,0.7283081196330983
0.8820775423213489,1.1956846947291946
0.5388952215531347,1.9883371966675578
0.5608525072323077,-1.8700691255370048
-0.36199743983038457,-0.47443346498049466
-1.189390119569209,-0.6624962198810992
-2.0653209531551213,1.7296333637801609
1.1971487747063725,-0.3836763307589402
-0.935171046632768,0.48980494243525774
-1.1270258351407187,0.11395038644869464
-0.793166981519936,1.7781752656759944
-0.1343807614893776,0.35648040826202976
-0.5218854615806712,0.626756391759581
-1.4822528297799664,0.882501097842127
-1.7641781324040346,-1.6697490071249537
0.46606075598513885,-0.2895868128851276
-1.6249984042274417,-1.2030353002174525
0.5721379612255487,-0.5566195362755806
1.6744577056459968,-1.5233272173096675
0.2072717849123584,-0.6606253640894936
0.6375394682150147,0.11434345228975264
-1.7782839551902518,-0.577787792459776
-0.5295858268187793,0.6377992047499781
-0.910783843863809,-1.7306868533538617
-1.094460001350094,0.38538886642550707
-0.9248921804467879,-0.5248432028577894
0.1356706519296591,-0.8847977014182501
1.0831937185437337,1.505000214169868
1.3133392749616946,-0.9867464784537099
1.7828346426129495,-0.18028716420720794
-1.1355357240453992,-0.977118932663957
0.6960626333374712,0.4776033523672743
1.263208227883897,0.4739413639279627
-0.40407310694668885,-0.026055602163182694
-0.34367590963944133,1.3406764958361908
0.24335246343444883,0.40622275355347803
-0.5847224174158783,-0.13094308738759883
0.8593113135721626,-0.7005944284111953
0.3113635210345485,-0.556088612498891
-0.7212882251494878,-0.824946490849572
0.4690473724124506,-1.3287260731277053
1.1457149646957054,1.8884901361875186
1.870177793480417,0.7450253856018128
2.6698222176057453,-0.04064798595289692
1.7914499608797914,0.6620339130153053
-0.9836586218315826,0.2317370082304268
1.4706333514817846,0.49095241045422194
0.30939389815287976,-2.194865969431127
1.3728060022508901,0.7743631952832849
-0.7681881917200584,-1.9812734558042961
-0.503559989354841,1.2424272455302463
0.18571606416423175,0.46003424028220213
-1.5184060049691284,0.5836443826367473
-0.2115874704621488,0.4888627377462105
1.1259328233230486,0.32680318222828403
-0.33566281989553304,-1.5387327265835642
-0.5658440353553794,0.019704981731293213
-1.3135582394536598,0.546157635324771
-0.11845352771073846,0.19046000876709734
-1.229146920558622,0.44392649051570565
1.0947030766607075,-2.08200911277195
-0.559580499852571,0.3098341042515561
0.08903997987683139,-0.914873520543544
-0.8795733349950632,1.046413042090121
1.66509711416901,-1.0586967549661237
1.4058102198356424,-0.19849991614595233
-0.04574226462565832,-0.12226697571072029
1.859000776405365,1.1270550928925722
-0.002960261329224912,-1.2350326160739717
0.07969391561377093,-0.08956666546104526
0.31646223184332284,-0.12751037991605726
0.6811477279907779,1.496222405410334
1.2997961308247723,0.11666590041888565
-1.379794493360245,0.8275127984639605
-0.04937049162727817,0.28200227181533594
0.23267133722885355,-0.7580895136911668
0.4550583817065742,0.9668060558804027
-0.00720990590306718,0.862941744707857
