0.10118021303929373,-0.07214562099611711,-0.3297464223086009,-0.8199530871909819,-0.7573247239743582
0.29545151635315814,-0.7285607658383925,-0.9621793240591299,-2.6985197245341035,0.7023705372810706
-1.8110573815371163,-1.4017637516788053,-0.8524053248872728,-0.22069120350878152,0.8332763949198334
-2.3007606332954813,-0.047368301803879014,-0.2724537279384979,1.0734694730545284,-0.07915994018008406
-0.11129873322638953,0.01191384592366169,0.20532258536083786,0.8202283738569541,2.1640404574575225
0.45683231497929433,-0.7843711642679358,-0.5188756280047907,0.021549425322965523,0.6561030137363921
-0.5862973578801352,-0.8328832743767549,1.5832935155223686,0.7913177684917067,0.8388865474366619
-0.5153431102749784,0.6710143423128422,-1.8731298495128879,0.2506184967806779,0.9526330461551883
1.4149651706368602,-1.2012184584660046,1.4602692842836102,1.4120056076230942,-0.36333909841833467
-0.5264890024891182,0.6350523954842369,0.9644092114446288,-1.6116747450947835,0.12802697328072915
0.8189775536075687,1.4077072225875729,0.16049427356754348,-0.9381481263597724,-0.38723651725194386
0.7561352567026829,1.1960603663825307,-0.4376457748991576,2.122583824906476,0.44391913568336216
-3.2069120751313807,-0.06167305867268137,1.0480624671085599,1.825408723479131,-0.6981643728035734
0.9458052213300635,1.476241640707561,0.9169336965793321,-1.0219699510145708,-0.26278642843053734
0.36991708242497173,0.4577158657100411,-2.5904992559960216,0.031243390701257603,-0.33339852239052004
1.984727108499547,-0.844198004603692,-0.15514680583153423,0.34279440709435,1.0259651504021965
1.8294538167325423,-1.132770915601043,1.5722391601960841,-0.21198063071235346,-2.0387544610141424
1.7622370211484835,-0.27020540391933406,-0.6888868399025235,-0.22981751243473608,0.3144935306497266
1.380974947220651,0.8129957181562942,1.0712955572556824,1.7301445585578248,-0.2760747531509949
-0.5065582336451651,0.6514602103695746,0.7356788851013879,-0.7327035577021265,2.504833932665669
1.4437961506517576,0.22911736193573817,0.7421074529669986,-1.532316209511197,0.21865472962286564
-0.8453059277869535,0.07958023983997072,-0.4173050062983146,-1.202021022193989,-1.2942486801386581
-0.5357878721884034,0.856158098162302,-0.39707161936159724,3.0623298768541276,-1.2425549413322576
0.7343744936890717,0.41165314720247237,-0.6476427788467262,0.1778884973496614,0.5536212383110813
-0.8419508896844609,1.577815233386534,1.692389814865223,-0.3846334957783216,-0.9153559786709177
0.8472864281276803,0.8878749757140306,-0.0003658433209641724,0.2343621964619653,0.6234918887280091
0.10494723296549195,0.9219528317461503,-1.2144715105076358,-0.001284512668945065,-0.8885302574250455
-0.43076348961537037,-0.12739688383962156,0.6662173361578397,1.3097306447383863,-0.378981693043618
-0.5768725192454456,-0.43782965691710385,-0.3973266588935254,-1.2537630602743568,0.14804275726289748
-2.335012244240983,-2.4725018817623687,1.8811857864566428,0.3720451891188517,0.5373270731995783
-0.46235616842754695,-0.5152008663783499,0.3218344069343678,-2.4636197816892955,-0.7738926326999029
1.0359650721251392,0.14004012644455155,1.30623396695342,0.2524081646862033,-1.1903834491261258
0.13509188066544098,0.2211660695063181,-0.15893294438572197,0.1892996920310693,0.7320633699268935
1.244515244261805,1.4145929483714426,0.5142616597821995,-0.9444298058968928,0.6399992356179323
-0.5602850909628047,0.4732069115499895,-1.4148067803593354,0.5365276824956944,2.2225613850874133
-0.8822054083589157,0.5061568323188043,-0.028682040127100152,-0.959383622197813,1.1776778946028805
-0.4375858917384813,0.4795415986744581,0.09567184629101802,0.3656727349484357,0.08299012191371068
-1.6829418354944967,-1.9392660131257757,-0.7717862370253821,-1.4668252949222513,1.459851228736245
0.9540949237840991,0.8239791478779425,0.3074893862980053,0.43749894489127167,0.07721630237959795
-0.5541284809772405,0.09454139544615378,1.933782715859883,1.5000884613434842,0.003899113393035214
0.32105781496463814,-1.185228286218832,0.8862574339903525,-0.21695848400491344,-0.05835842547158305
-0.5941399176289566,-0.46025178644529274,-0.6704412808701697,-0.6430810857307975,0.40133182358997505
-1.5864889816189522,0.5894143242713586,0.23544975852775998,-0.8165826382732264,0.7739793531134266
0.8558579549699944,-0.6712886801820674,-1.3324785771713825,0.5941665061162396,-0.9361745819352575
-0.3290692005944669,-1.7185036095002086,-0.6796330282614711,-0.3411051235292708,0.4077004000204322
-0.3210632671612862,-1.1831164932282285,-0.5764967319553016,0.37707987029734136,0.7261318808072151
-0.5476021884177262,-1.7419336651103154,0.06385512401625751,-0.4903089616755696,0.09334602011202839
-1.4622450778162592,-1.123652141630478,-0.3581211036484825,-0.1413706107381734,-1.5501074514943216
-0.7146891496415749,-1.3843321335341319,0.23992391616950254,0.46311102762393214,0.16334944312115732
-1.1722803572191824,2.500958976758423,0.6154882996624351,1.3094727090783325,-0.8721055464809487
-1.4925227269898087,1.8471802584598809,-0.29814194858940607,0.2121109267772809,0.42680468540911276
0.29112916512973014,1.1922622239194973,0.1662305535538694,0.44225462803614396,0.33599683618155957
-0.9711862234781387,-0.5054301041866485,-0.27769538166982527,-1.05305402865335,-1.6294409688341074
0.41577175019451473,1.0404037235696495,0.8151811953701321,-0.37680318475107505,2.0469307437744786
-0.3290257663066924,-0.5273468464756369,0.05401408911819633,-1.7427695814521071,0.9235439914187934
1.003302189383315,0.6147980068080144,0.7415073391492121,1.1481215250697514,0.8625056814263952
-0.3170779246604857,-0.21229339391279067,-0.35382049935380605,0.3663483631653251,-1.1561988374312422
2.592049887406322,1.285881841216485,0.2829978057481778,-0.27048040236738435,-1.0846502874230226
2.928759679606467,0.29955748631118995,1.0616614633710397,-0.4528081685762817,-1.6294006930515788
1.504190384137263,0.011647789345243426,-1.1877110489777372,0.2212443458849747,-1.4390868070856648
-0.6439537692888244,0.9621631377516391,-0.47414826357329515,0.02557516285575627,0.24287336235356483
-0.6856538860672632,0.5532379897473977,0.8217751339238157,-0.3998330110630228,-1.4063297173173106
-0.8155844936149921,-0.4389228611609346,-0.6310300541479714,1.1742644887962232,0.06762253892247981
-0.25430584482179486,0.7123546508266169,-0.9617067096036372,-0.7757627641408407,-1.8102588002948554
-0.7102832614913378,-1.0800578227128808,1.0363150313686145,-1.9038334684735612,0.6923184529097798
-0.2793933461298645,0.45334768171728873,-0.6996901453561362,-0.7930742937098042,-0.16508666564710078
0.34130646548381466,-1.5529356775761611,-0.608253373023416,1.7876007047178386,-0.7365139880751093
-0.6659070732787639,-1.910783127212136,-2.154901438512829,-0.3310371346151419,0.20204668348524105
-0.6186069316630602,1.0947488391961515,0.3437587231285649,0.4819708787142142,-1.5536670851073433
0.7765550273709132,-1.6863139489608205,0.27250765936830934,-2.428819495364624,-1.3005753089806913
0.10448599178271831,-2.486715250267429,-0.8651378605472151,-0.7492384067666152,2.455540440930438
-0.5109313053524622,-0.6375242413589719,0.05902650508950587,-2.605356024293545,-0.19254259771388205
2.5623584157353236,0.029553983167797015,0.6752841962157929,-0.8622742527970015,0.911165290827181
1.6936733544284228,0.9134552448856669,0.6229252334150803,-0.25443654436045543,0.7709375710959953
0.9398482331089517,-0.9936074574187119,0.2868272702859656,1.1231298457183783,-0.26362213803123447
0.8970161525170662,-0.6358937773219856,0.6237408115603098,-1.353208368459888,-0.07450861905479947
-0.8271185712261345,1.4858292255535084,-0.3577392425988498,-0.11497227582626741,0.456769404058317
2.4888327194869952,2.356723405562807,0.1423034366076004,0.9101049403434773,0.5017614711157597
-1.0728507266881249,0.8614450459580096,-0.05582284147825215,0.34589952670862784,-0.0688297758543148
-0.7495525176860366,-1.5226984925217215,1.0944302075916712,0.24407608483366627,0.4281239457174957
1.0801472091567674,0.4214347201548911,0.8659680371729526,0.773488682355458,0.2502270346301858
0.38071035454977986,-0.5682693102958771,0.2326202540668071,0.7739299435456308,-1.3275149187748783
1.8277187080969632,1.6770628755172157,-0.9105081621333859,0.6138245650856328,0.7161683814906286
-1.3615555569902973,1.1404315447985143,-1.5644682562602206,-0.17630336426896254,-0.23321824515484796
0.233378285702117,-0.5973776547679579,-1.3474831029965317,1.3430097855239,-0.028320346056311507
-0.5706401974187978,0.8614824572922557,0.3469607172951536,-0.9344595588925793,-0.2986715372914926
-2.464262533852361,0.42690519282206996,-0.780933139913924,0.16903961497886122,-0.8847165737740862
1.6822455053716174,-0.30619068173449204,0.6853225642200134,0.29173172187575835,-0.05331492008878765
-0.15752586816296665,-0.9462876691382436,0.010397392997499947,-1.6634966075436488,0.5335155982286903
0.44411324746592923,-1.4451341910593414,1.865411513695325,0.8209109656157225,-0.3934324272229205
1.5980468688208331,-0.2364980291788575,0.02703041595269596,-0.3695408232621621,0.6113655420389332
1.3992844092040833,-0.014643217790597393,0.00401132444276329,-0.40832611972995164,-1.604525138329515
1.3421885873541224,0.6773281320087805,1.1981232378255962,-0.6506540436718273,-0.9013191903191269
0.8515343000164545,-1.6080872961841532,2.34866462273051,1.0761366966236696,-0.357335776906368
0.47507010489971646,-0.732639726903033,0.3373484041003317,-0.011125793492141838,-1.7088107194474829
-0.08624411988828701,0.44109397557851343,-0.550549347954268,2.2469428929440256,0.19213944304653988
-1.338065964525934,0.4558467898161047,-1.5998482456719452,-0.6045904313401688,1.4109290342491445
3.3250334162630284,0.5773632284640231,0.7250852896323925,0.6041384587034807,-0.5705628312092024
-1.3044240310722948,-1.7848217722353374,1.3704896178116444,2.602598358930547,-0.015095308886156853
-1.9747908255801239,-1.3696915424559484,-1.0639700455290177,-0.5102693769138948,-0.3130790670082653
-1.0583243174902284,0.12607220302463568,1.3312127324783725,0.7490614958435844,-0.5717125396084587
1.7402031695695004,0.6420889434369257,-0.32852789547477657,0.08266341971516808,0.7478067950676197
-2.0982361992955605,0.481950681669179,-0.39672757957620364,-0.17069412844872459,0.6126204898876344
0.554986043675725,0.7487756054460601,0.2631775957106422,-1.4798974092754182,-0.27368169960738353
-0.5665089334148541,0.5549586354691834,-1.6276509208317256,1.1288560690245002,-0.043751602524623345
1.3737746716948815,-1.1317026404162962,-1.4287983236351864,-0.14929352501939422,0.9531500619085381
-0.30589295954419515,0.3500644679787286,-0.7630913370288922,-0.502159898859209,-0.05948907683283412
1.1626449035541304,0.022486401168751315,2.1077732915313976,-0.9483483786579443,-0.4892326937803408
0.6373254459778498,0.9231741054429609,0.04618048422164454,-1.2610627865413693,-1.343051854346603
2.0235368702439285,-1.4878582093591315,1.144663654923105,-0.10322119349050488,-1.519207268959795
-0.5180195609647822,-0.26434004523699034,-0.43904876982866126,-1.5130900748994325,1.111007405409118
0.9568738753292504,1.4673527333522467,0.6106585389579708,-0.7549657885316233,1.284786946574255
-1.4028384825294193,0.6271408739008935,0.2280914834602109,-0.1464641268092775,0.46801966172350795
-0.23846108842433122,-0.09280773009601333,0.16855254103683448,-1.2895420544682414,-0.988372671876049
0.006567491974484358,-1.1726319061533146,-2.079233125018188,-0.6961628989747286,-0.16080970113189794
-0.29294957283170886,-1.3022266850605173,0.06359785670634231,-0.8923549074400254,-0.35124612384793286
-1.0758900106335787,0.8065184640038416,0.4948988363921667,-0.7366117094226436,-0.20146563240657525
-0.16093459952022846,-0.17524012791749383,0.6280861310049507,-0.1973756164948025,1.341861825035463
1.601786232576853,0.5807893618337742,-0.09496282874895186,0.7353159901481707,0.6345934809741937
0.0026370360856708386,0.38081005819256303,-0.16942781819153335,0.804576142640372,-1.0850763526326912
-0.8174594920994741,0.7115560029516733,-1.4124771113533388,0.1880664358332269,-1.6702760200916937
1.1370629173549687,-0.8773270401110086,-1.220174114994381,-0.4487886929291439,-0.7434117238269632
0.2802699712103828,-1.4571731886378763,-0.9753994641484572,-0.2868140323680775,-0.5438527025282875
-0.4821649728401386,-0.5639064360351765,0.11064517769291775,0.6113164371543803,0.9910775529952829
0.16872402746017726,-0.39607355133908895,1.0944924764682655,-1.123386105756027,-0.8724799571280543
0.8392251347214389,-0.49574222023401077,0.7384341956670812,-0.07153465756136061,0.3351912336799129
-0.39974720035780636,1.0428062730432142,0.403664400922818,0.08854150909309724,0.4979959186395017
0.400487126183261,1.1184143958881705,-0.749403374037112,-1.0356359938739215,0.971231027910384
0.45926566984654527,1.6772192305287539,-1.284941219140469,0.8199294663904432,-0.8638346447716103
0.9878419210874801,-0.6932374879280829,0.3644279918055407,1.9856945267040196,0.6279444460836318
1.1211769405547785,0.4918889633552864,1.2985676081321498,1.0379375398086406,-0.21509969336460685
1.8523851471267256,0.6272745058071979,0.005772855658397344,0.10571318487190356,-0.3828806037029345
0.07645797132140285,0.29934609211678087,-1.1037261406508245,-0.08398933229589982,0.30804722411233354
1.7862340433356578,-0.028563489552193046,1.537738673917684,0.22034429216329207,-0.7569721874211183
1.146774323684283,0.05936454960650789,-1.330147093379439,1.2381661813751461,-0.8391988376234025
1.729065156703994,0.2920984551955924,-0.5080106253990377,-0.3337468407807188,0.8903012211277875
0.2159837805190101,-2.2450145985507968,0.11766013390519321,1.8620012676952118,0.8019430338500276
0.30268868179220587,-2.79585161995061,0.29672282166793423,0.6451446293316359,-0.011410556258258289
0.26539276156452907,-1.247860606017756,0.3566042147424472,-0.3506942502792968,0.40721460802170634
0.8536625320939933,-1.3660697031805542,-0.06653066415551874,0.6494440724775887,0.3088724677936701
-0.7267104686732934,0.21092616064675654,0.5280029236197387,1.1650778968635285,-0.8282730218615817
0.05174475202863266,-1.9267613181468315,-0.28665650275081117,0.7882302810807672,-0.5240775884995447
-1.9017902221731544,1.1495820267224577,0.5342510258495662,0.9470106478499248,0.4552392134178956
0.025366439469286125,0.06500575877086215,0.6007471800866839,0.631493167392331,1.0668054981695374
0.1368998726757007,-1.1752610496336193,1.3354091453821384,0.5614313572171709,-0.03679561173914191
0.15954066880352386,-0.9001505913748169,-0.9830211113494334,1.560329506820792,1.2755042241023649
-1.8386853168439097,0.3834568935108881,-0.46603863687495267,-1.0239080733452142,-0.7687380196044511
1.2387988663635754,0.2570944290045622,-0.6571417983901547,1.2948620134956734,1.0872934858303136
0.31089604762284107,2.6921423439696013,-0.4944348994154207,-0.7477652232698715,0.12420822287850766
-0.27271445216712337,-0.8124825654408888,-0.7132751715302615,0.062447546643668396,-0.10307809729999017
-0.8970730882292892,0.7081927607540789,1.2425890976212504,-2.1629499432881283,-0.12237991731157578
-1.0969151085795068,-0.15155689050826832,-0.6518313814802029,-0.40524766792310074,-0.26120705976410624
0.06839121607831711,-1.7680372523848455,-0.9633950617462421,-0.8089382540063943,1.252046004609325
-0.5426017392947361,0.04771885574600861,1.9770760249536896,-0.8337214319997202,0.3312095078715578
0.9691931504502229,0.8189141937937235,1.509712710871983,0.31050167684563956,1.2443005641137221
1.303880676524805,-2.073910549137247,0.8476721672147105,-1.723857838941115,0.6502493964691817
-0.9364305958771331,-0.4090684682026521,0.8858577779349548,0.32837672687745484,0.8839136883323567
0.8387124456480105,1.010806993392401,0.3138305618458653,-1.480014928934161,-0.9735716418566202
-1.4164637992414117,0.4226890400836419,-1.1214261359305882,-0.17084492788450736,0.00877265265853212
0.5718083040995233,0.6774929912239939,0.31990184432906155,-0.28829431576794623,0.6126144705980558
0.7769557047446647,-0.5659798381561938,-1.463742283878505,-0.1573908623144551,0.8020713784050734
-0.22265994645273998,-0.0692271932967218,-1.8103343616196528,-1.0085747215551355,0.5794724822231413
-0.16452782219189896,0.9984433404328461,-0.9660445781366294,0.23082209570549408,-0.6487473553255416
-0.020258139186393274,1.2775827479431627,-0.9042098582148077,-1.5760162876503703,0.2178959724824382
0.6439524775838493,0.6330073448470502,0.1485002050677871,0.48399933893812047,0.29168506338265165
-1.203922871669406,-1.056319052440419,-1.7368693766601808,-0.1498624996091729,0.3390178831842621
-2.436857724635324,-1.659257021370003,0.903110742687626,0.5842785734613601,0.0014043937281728624
0.26398797040106436,-0.15691470189535076,-0.043461506468012605,1.8143020048152319,0.8151517553354143
-1.7708761689850432,-1.058449077226831,0.968583673839994,-0.20127434335789496,0.5223052804732823
-0.29285252944540013,0.12190049374591039,0.4457373380140413,-1.027576204879468,0.4855789800197562
-1.1789529981613032,-1.387043642541953,1.017316028909747,-0.3425553068399845,-1.4783364927209952
-0.5206035554421736,-1.2403128560085541,0.5394286215946787,0.9596098580595703,2.1054927322141572
-0.27995679836489346,-0.12574196870906476,1.7027464283259057,-0.7429502783498203,0.08706311841881177
0.20827015659280354,0.8786653334442864,0.7481065494057293,1.242827820029671,-0.6554835052828256
-1.937144536818462,-0.7785538155431411,0.32622277326730437,-0.4532722960469806,0.30735007793594044
-0.28806359980827984,-0.8260883580439058,1.3172235662388112,-0.4026370233064736,1.39770824030186
1.1818124075022245,-1.604394326017247,-1.374173513969085,-0.9255762965630915,0.33512122867866384
-1.2076860902949438,1.376020115130739,0.49858173321063887,-1.6852071468769625,-0.6391512724853733
0.7760796858738366,-0.18848760121011354,-1.502613824500993,-0.2532655483088026,0.22709563107393238
0.807407605714532,-0.48938019900009044,-0.4142760126376218,1.5881849690434886,0.8672032411537792
-0.5148428133283237,-0.7567116667122226,-0.14324984757400522,1.2468333880304805,0.30524586781547125
1.4877190606193254,0.6653189861660158,1.4161226557329585,1.9651057196053512,0.969532739384847
1.1882386954600754,-1.0477673665252114,-0.09226640202925601,-0.18402917108860536,-1.0162998947679438
-1.6252794713682193,-0.29225739306772414,-0.398493681624856,-0.27718807009897745,0.23556397557562123
-0.8317680035564464,-0.5156491416281234,-0.4162859054844718,0.10756264915428446,-1.4656260820465294
1.9121757662850423,-0.01392411215044984,0.16288591697020707,-0.23354875607123737,0.7321266366588904
0.8497810462051418,0.9644452497656062,-0.7994736624041019,-0.5340965489362338,-1.5538040854835802
-0.4305887995307669,-1.5194772536597743,0.03615316191037357,-0.21265752748102634,0.35299000451791124
0.045705106465593844,-0.16398989548275594,-1.494954176885757,0.8875940688722276,-0.8433075146420932
-1.2025432200880395,0.7905694534066803,1.755206400216913,0.22285640126032621,1.078848004866138
-0.7211484303025353,0.25025215441166127,-1.044523628176847,-1.6362872063530853,-0.594769965943864
0.945207825385525,-0.11133415496230768,0.2697984571288218,0.44025387053456955,-0.0635665026121741
-0.05844266776969875,-0.45947651627253616,0.6920864881740882,-0.9028673888903731,0.3951445355366406
-0.8090014988770452,0.879583419657371,-2.3070681003499818,0.5333463095469004,-0.4351335501390447
-0.19554418155628306,-1.3681361700764298,0.9329967638814317,-0.392185415366332,-1.2035853768305844
-0.9917976072513447,-0.2345050184308518,1.0819353804094374,-0.12042475968453382,-1.5367387074603107
0.11641017821650966,0.6984310097904985,-1.2957672409376984,0.3901622426962799,1.578410846466005
0.08945632230830072,1.2630717354901366,0.4812889130470944,1.0979387946036,0.6102410849233489
0.050972112929202874,1.0200018490815534,0.5113029586737747,-0.8480352834846457,-0.36772280292393617
0.5012559664792967,1.3169790671083879,0.4625942334561926,3.048312636031666,0.025862504885831552
-0.7704347546829358,0.26669463586189557,-0.4092549534620703,1.3579511438783212,-0.8436838215086405
0.3789453328103651,0.2534867813178681,0.7184414179058027,0.7947373616964045,-0.37911832291611086
-0.5427744780564459,0.3385804552520239,0.17047843143186542,0.196623739960556,1.0270008850786136
-0.09110378721364482,1.265038921148825,-0.06586808220933456,-0.19689030170522728,-1.4694511234355396
0.7196861019748927,0.4657731776533741,0.044628887485435184,0.6581771078520205,-0.8935877769714594
0.34244957592425534,0.8468166628477278,-0.6297176057837357,-1.2182264110267764,-0.09172278319659713
0.5061383028677227,0.7251208625971121,-0.016099801444514433,-0.8691105471500414,-0.7225482672507427
-1.6115386901099116,0.786058434796954,1.7910212984374707,1.005056780774051,0.490415892261266
0.057717601246282384,-0.5910014105876391,1.2558129678131789,0.3548956586122121,-1.2300790052696506
0.14671306793512814,-0.9221798363317076,-1.6028984097513208,0.5993564594400682,1.4805815428928055
-0.9541301777284424,-0.7592416350229912,-1.1103638947209875,1.5720346805726129,-1.4879139326294073
-0.6906812562548094,0.536720369555937,0.6205587530552092,0.02047645679022373,0.23354623618062254
-1.8961188223343215,-1.7781998638695433,-0.5689885528885064,-3.2887131560369562,-2.4574635954066713
0.6714679827210468,-0.9737967791260983,1.1677071990086916,0.839538266753263,0.09197916280818742
-0.8645747298460302,-0.688704271997994,2.8717347311429333,-0.10479816024769946,0.5554858841547812
-0.41031694018190384,-0.362178535327938,0.08114100178057526,0.22549572433139448,0.46735676220334255
0.1108001136564459,-0.9952862551850814,-0.5250556300142678,1.4745656043391389,0.6697173301274394
0.41547918939137674,1.7841542988993317,-1.439825472977004,1.0466891333555344,0.0010518197214103408
-0.1218793667938362,-1.9075828724766408,-0.763924588906014,-0.968448396244457,1.0975753828326438
0.04652899237824308,0.46847818934660973,0.2597968874914241,-1.0916129852363272,0.1291254011746651
-0.01478029969010129,0.6049224323573273,0.3520406362708884,-0.3800263706856842,-1.1164428623327383
-1.2929576534468836,-0.5491678205784384,0.6721307174814519,0.17849533294303568,-0.7157935959003597
-0.11632965665007383,0.6133930611151187,0.27391353898835163,2.1435606411848758,0.39428135658460123
0.4829365504183133,-1.4770768232688993,0.378927799547934,-2.3809434431094854,0.4861509609678813
-1.207269596624332,1.3874015420501147,-0.1983078327343016,1.3164679581102652,0.6084918158801484
-0.9300845966040824,0.6664972486785704,-0.9518641275281131,0.5850870958882421,-1.9638952721222815
0.5429589021281711,0.3946525386306213,0.2734723872005755,0.02522189547618993,0.6669173124688379
-0.6842991506553976,1.644406696677072,0.8716157772477604,-0.8139327810818285,-1.6416940786833263
-0.7842973976354812,0.7365131727145315,-1.80278457396509,1.2369152954124913,0.6719303917692074
-0.40874280891254083,-0.5588034471005088,-1.5182279442247508,-0.7408625648755077,-0.0010078761334115954
-0.11533940039241555,-0.5219500385771949,0.9649374508500635,0.2707110978607244,2.2754122962046464
0.19923710642456885,-0.27652808488762803,0.6481742287137394,0.9834779372751126,-0.8673736914131025
-0.48925946164661727,0.243727563031959,-1.0202672062464675,1.4202123860096063,-0.7106313235346952
-1.352585086968967,-1.789100080533592,0.7133908585403783,-0.8554273364284412,-0.1793366853268569
-0.18465734524732333,-1.1223318300378669,0.7050976903941581,-0.49458950904514287,0.1710822646089362
-1.160664778854095,1.2250864577574312,0.2731520263469204,1.9495887262421618,-0.6128610538470164
0.15372905365107872,1.067762022473926,-0.2942192385938905,1.0745854087000246,-0.522121649445206
1.985421356588988,-0.703681585912575,0.9602148626742888,0.4318019513539291,1.087764316381486
-0.2287535833859137,0.17021539034931654,-0.7224009056098875,0.7451215598073031,-0.7044357230776145
-0.8056631251262173,-0.08954038234417226,0.6180898248656618,1.256412917297101,-0.673122895113654
1.1481924538945167,0.4695079098661492,2.439171681301551,-0.4443967379721385,2.198305918246567
0.8273390268610175,0.3195153654556256,-0.43732686406125704,0.5259749932330645,-1.2816761399263799
0.358811794160824,-0.5284794636436304,0.29418328191344406,-0.4440574229831533,-0.4261076651870562
1.391821948857329,1.1835704962007572,-0.6230750129477733,0.4323386354096694,0.8538630149476419
0.6010417310890142,0.7752448657863639,-0.9587283066906761,-0.2430470537250618,-0.48009462417642396
1.2646694801235379,-0.3958016833619113,-0.5606466041616774,-0.31143204054415513,0.38650207065841724
-0.2147453907930053,-0.7072682631060099,0.9963533359022496,-0.31954424113796276,-1.725760830774497
0.5408026494713677,-1.4700951438620202,0.8422311256812629,0.03422975040951195,-0.22347775356291363
-1.0118249066425047,-1.6635191883212905,-0.5504245486297545,-0.231169671165514,1.635913796659884
0.7015146657107615,2.731542176096418,1.148245288816852,-0.5220810009282347,0.11048515995510684
-0.952124161470948,0.8406785335010571,2.6023665738606834,-0.9673578366508401,2.032257453968928
0.1387054362972009,-0.7317756152812651,2.0424503920918307,0.3797496454640699,-0.7194043614416507
0.10878228290457985,1.1293057543811125,0.43387683522965376,0.15995049601925132,0.2752259583086183
-0.2753575697413937,-0.3304047223498191,-1.3127354706924317,-0.3153603632209187,2.1494710707842066
-0.5787899940571634,0.308796977514837,0.3519972865259627,-0.15731594150925124,-0.04917712844161262
2.143660050049022,0.5606783638563057,0.5726852014808994,-1.2575443165845963,-0.4401292910467458
0.9313332305510313,-0.03693456040678814,-0.41472102327720367,0.4700066960341901,-0.8420166622660552
2.240690957013938,0.977366063976141,1.2274848560480118,-0.4239797352130958,0.41028164265897693
0.11332397681892871,-0.640244056737038,-1.142108250145453,-0.7636799989558466,-0.4282927623320842
0.1323252728201436,0.12002355373640415,-1.8280351209715906,0.19528982800977096,-0.804692955346951
2.464006205037879,-0.18242666733566168,0.6764238302660518,1.125771795590413,0.9064353413248353
2.034803748612324,-0.3761769655217624,0.9687326788516317,0.6115468025376035,-2.76779356676555
0.9233767525146056,-0.028497537646243576,-1.447601245504805,-0.010544520753058088,-0.9895041712757496
-0.03566175017377631,-0.20408506465010814,-0.814531177066206,0.5694353298428381,-1.6851204486541398
-0.4510288267932113,-0.400479869854817,-0.0745242630735204,-0.13634697402261228,-0.07168342908989055
0.6570533320854657,0.6413684392581435,0.9216316261326079,0.9740291682864209,1.2546829282519194
0.272938118003293,-0.8974880228830899,0.8374679242501626,-0.04870188604159083,-0.5814644397462322
-0.30337113702766016,0.44572278648662345,-0.09858682908893754,0.7136107854217735,-0.43411891349898984
-1.1423406413410608,-1.553356786424355,-0.5240513658798883,-0.38939122129439074,0.36701742749203126
0.2399145185217571,0.31076263906083096,0.07191371420805054,0.02963292083633021,1.8975261884762924
0.506589362688495,1.2635799643456396,-0.2665568090381631,0.2115078834898117,0.2785930792535451
-0.2715288102991686,-0.2910886985890924,1.3604259882050138,-0.7914752956391303,-0.49842970537056697
1.3264780780765957,0.7440952113354139,-1.0194838107945927,1.9814378360951042,0.18894271724330794
-0.5902510632808803,1.0353200345335092,0.7079126514661294,-0.7980215110645769,-0.13789043550191313
-0.677754313897126,0.12221734163058823,-1.334279651774298,0.941422121690943,0.5227748840175632
0.14883978536190492,1.4373156449489088,-1.3015705744071469,1.1999914093774193,-0.4359871862718906
-1.0603502204961293,-0.3541825769585703,0.2479965198388487,0.24195044229332607,-2.01291882040391
-0.07608321984771403,-2.0956797002373135,0.582269839382226,-0.21608051873583115,0.658942087642999
0.15289398564562723,-0.06995591691123859,-1.9809332190581932,0.025926907566903766,1.401385353525455
1.1959962717998724,-1.8142982008672965,1.7130726423455562,0.06523481009672681,-1.2523962266014097
-0.5968213499171139,0.6736015664764076,-0.04205842726952828,-0.9363725613086538,-0.3192914695161733
1.0886169707452185,1.724491447524624,-0.7986881929827297,-0.8096503023159076,-1.59990178875011
-2.6239840745374727,0.09092577629394091,-1.259633613294116,1.3681616636815548,0.7491980801893112
0.942806414435313,0.5325401886168075,-0.40490433571544965,0.11474170439097252,-1.0709258409595426
-0.16718395464942254,-0.36608867726919847,-0.438801607283805,-0.3116110481499593,-1.1475949029125303
0.522938055629425,0.465206770644815,0.05052066645235916,-0.18052267571914976,0.020488052448965455
1.2522205157724613,0.9866021740207308,-1.3963014273893029,-1.6941375397318137,2.099415238231327
1.1521145575126976,1.0353030788366497,0.07537020788448534,0.8553080176004558,0.8066447036451249
-0.3146813018229009,-0.19074159731955226,0.21457512835263184,0.1822773571869526,0.5033790525929909
-1.340830082913977,1.3615459318198893,-1.846510940799287,-1.6753101344873262,0.4422279040425973
1.5269815546009935,-1.0319880174546487,-1.0350046957129833,-1.6042156902865679,-1.6230525270685277
0.759862560148281,0.1750114090704567,0.9849363045557468,0.31887427959328685,-0.5472406308162788
0.6845187129742831,-0.08355996025770081,1.4755447110840159,-1.4068857950680151,1.70995658783244
0.9780440535812256,-0.5290993403483404,0.7626387787712998,0.1822450346583004,0.6658873019675081
-0.004866723401754777,0.19056980876029603,-1.394013483817862,0.26507633230983485,0.06931919851991028
-1.093928927268097,0.48009817530484517,-0.358039732303937,0.06661054249438922,0.24692389953279828
-1.4952161595169557,0.3641643036353712,-0.41884016123311324,-0.5400141010575897,-0.6406389077742283
-0.38118451459009695,0.20868155240914085,-0.6292835173785157,1.1402588769759274,1.1512027806184193
-0.09355438953915031,0.3539485558863722,0.4056813868831852,1.2682416988508376,-0.1692406878265064
0.5448511548606535,-0.3295838396947187,0.4435487918148626,0.7897723995802522,-0.2470473660025608
-0.017417221139978054,0.5726150436262561,-0.34126875841750126,-1.4488562808157555,0.6085857855782967
2.421462122401688,0.5796351016618901,-0.8540713199413479,0.2254066242321168,-1.035102526864787
0.09468509202747914,-0.41066033572308436,1.9419023341804098,0.9044865065034459,-0.7359929437498755
0.7343725170188248,1.095535003286496,-0.09155268153495258,-0.5070442276146804,0.34462252756057227
-0.1581904557198281,0.6811433296282963,0.9081015013611368,1.1762997019354178,0.2418460137931298
1.765460799320639,0.06938794869472589,-0.5462446519402346,0.22872057122171235,-0.1395562578435162
-0.4553846635720292,-0.1679796586001745,-0.11713573527358531,-0.9171966712646443,-1.0601653827960758
-1.3681747390380075,0.7598892645389985,-0.39064348238364804,-0.9769752283353264,0.006551784441906943
-0.12040206871609357,-1.0101570223263716,-0.06691304915269113,0.5613757198124264,-0.8901447874829406
0.6321589503408952,-0.49598077554613984,-0.8031593009055731,-0.22770894989410936,0.5102403208543199
0.5756856963794429,0.7127720469988245,-1.744394893418933,1.4738373462380285,0.9290258810237979
1.4674957278273353,-0.714066624141255,0.4128539841748478,-0.7140297581196554,1.6065011357131656
1.275831035986708,-0.42946681876129106,-1.4685700596041815,-0.4933314961602235,0.25389825774398744
-1.2006849813953266,0.27711226699362596,0.21835596511782937,1.1586807380908997,1.2173430904025897
-1.1224456256351232,-0.9849112668331714,0.37983256091780593,0.6273451435934896,-0.7442748361803616
-0.2050670772462795,-0.33764410742957174,0.6614596404508573,0.4388982779687923,0.18263942833659882
0.08140976577677686,0.525960057400632,-0.6407053692383606,-0.27396943473385454,0.230927713987189
0.6790395243464871,1.9991539352144805,-1.2361812443269804,1.0126962028909663,0.8310933310148374
-0.021890681541036194,1.301358323380809,0.30138382434921995,1.0255379399939957,0.23909423616177342
-0.9882692219585638,-2.6461240644252793,-0.217776429099041,-0.12887768418770545,-0.9032419832274249
0.2020181991900603,-0.6460096638155155,-0.3509319893272436,0.1504351021812513,-2.0097767315249335
-0.9626050741894396,0.8878881563280002,0.19877095813969078,0.26337640524990874,-0.3023255376785529
-1.9373464067874673,-0.4747855693244687,2.163990623448698,0.16132774178315787,-0.8383441267627048
1.3737008639725177,-0.5790817045946154,-0.8038789647431109,0.8141440943064454,0.5005153742867519
0.2855598827226515,0.47749123289753054,0.2727213892639963,1.0241826243261922,-0.33078976082260714
1.3429348759837423,-0.2598467902867677,-1.0725555603138939,0.7811499233439736,2.055442092896877
0.27078910303393816,-0.720088270047014,-0.5662527688142737,0.5507655355925933,-1.5755181573746813
0.4380704235322796,-0.22058566097643234,-0.10008351314731595,0.31742499934671786,-0.8794672054931207
-0.4293155703570777,0.7231574039940576,1.0065956780091017,-0.044584556616864474,-0.9545439227297222
1.6012479705553364,-1.5082891320974747,1.0188000872402536,-0.3685116071366162,0.4824941330267177
-1.2514850230701278,-0.1257229797088614,2.2170321940822193,-0.3451941697874551,-0.7031796906902782
0.30074485629803194,1.6920686698616514,-0.7981401502440189,-0.01781163638244773,1.1984477870447265
-1.4467407799115544,-0.03483069917258907,0.9801116993320027,-0.3250241807558258,0.37073077094370327
-0.16507636020901817,0.9851907250374555,1.1525683081647395,-1.0059141441185149,-0.3101911350611646
-1.5412050776617772,0.9505296729952972,-0.9483906820148027,0.12906738633416007,2.158683597399214
-0.8018124545282871,0.05506749788014121,-0.7497237363465428,1.02138620106318,-1.563656853555476
0.6674111452532338,0.661886248265436,0.9711439714348754,-1.239104598987987,-0.6459125148526084
0.9898355116993721,-1.231359077989275,1.4318098365976895,2.0016744172201326,-0.006495714756042115
-0.12101504298833617,0.0785544328064449,-0.3725108033145964,-1.3023107573178523,-0.9740565458324825
0.3991756825122318,-0.3960788643844224,0.9386458183411235,1.0597861220514448,-0.7359062616609762
0.6723008434969348,-1.9140441279007945,1.1431684685643744,0.9862010213453821,-0.1675592513844156
-0.15731373178047056,-0.7558745345060285,-0.05254549517241667,-0.2486373842601692,-0.4390205563333122
-0.17780442786395972,0.4932164602372782,0.1481671431143782,1.5671858706300479,-2.2569894843648193
-0.46271674578197725,0.6937917730988719,0.9672712522809334,-0.9828087634040715,-0.37689916228493076
1.2258509742505206,0.20434183844527523,-0.7510535804177787,0.24364633929898036,0.50603075976683
1.145623749217658,1.0386161736176074,1.0021325500895217,0.005371830358498093,0.33979454066784387
0.28436798488663734,0.37793118387175495,0.5917360038227859,-0.08987786921951123,-0.98129038567401
0.14904851361502824,0.27454439558466803,0.2658283731942547,0.07566814653839658,0.1666496559553384
-2.0033453440695252,-0.5638367600269801,0.2222949932434107,0.9631215554333085,-0.20645055072330798
-1.3722497033258947,-0.43781604777180566,-0.7065984893520458,-0.31586208185801096,-0.8531756948136325
1.1279606838734408,1.4424027046402295,0.2739656242416551,-0.1931726796621756,-2.801889601146879
0.12814237419886823,-0.8623954574742637,-0.10984476806478627,-0.5562231042003877,0.3070506233705797
-0.4955846813631396,-0.07525641663861032,0.08869642142519936,1.1300020605593577,-0.3301426060517835
-0.45557054069838343,-0.1949506509491173,-0.04216959930203165,2.043526049578541,0.08755593036233456
-1.1330110062601535,0.20493325923956088,1.298555951164243,1.668692180225378,1.317479391609055
-1.1917108684304636,-0.3696833530965701,0.9712753362448617,-0.5008274746373206,0.7836861673114063
0.4148100447261458,0.9292892032642575,-0.919045884646406,-1.3012785340168522,0.7977636090301679
0.7323191297507273,1.0562063058751348,0.06567281247177789,0.9520498164437434,-0.08477301508366282
-0.9929863180498522,-0.373099686274347,0.014297955156663933,0.9554330148609383,-1.60062281909499
-0.16160378905844835,-1.186398003122684,1.1177657856280345,-0.717639457975277,-0.2183088700636125
0.058102805727568846,1.730188547602237,-1.4154474361166238,-0.3078220179395769,-1.68561783082554
-1.3510091768709482,-1.7769761476794932,-1.205130264774603,-0.7213757154464313,-0.2730935091205763
1.1766308570272075,-0.9626057941219469,0.9891321103116689,-0.8785841414687167,-0.6557195036702027
0.6368159320905049,2.624524609630003,-0.2659745151649425,-0.526510056335275,-1.0711708664451156
-0.861879892493161,-0.15292894778539276,1.252997052214534,-0.3018532871389614,-0.5441866359215295
-0.3811131919084455,-0.4312708971993172,0.2997090201442391,1.1731660981721395,0.12739210398096285
0.32750244029480324,0.22500133713556006,0.29221700794188055,-0.09144423840227854,0.9697880095748794
1.1767775389004829,0.7287144538053696,0.11478593094063133,-1.3674614189441614,-0.03354332727454867
-0.48218022220686113,-0.31977504310839605,0.1843800514126362,-1.1285555350615857,0.26087482800492423
-0.42320588247379953,-0.6334309553164349,-0.15261508040712368,-0.986417041271948,-0.5113360621778971
-0.3077451064379537,-0.5760113861622007,-0.2826521767624262,1.2705930892152157,-1.5611902530704127
-0.03887726289951796,0.6636163509869937,-0.3314593881789551,0.2725926371094502,0.40352087797085656
0.8701508250256459,0.8678919226727989,-1.4752251147574278,0.44761446414023437,0.6468013323415098
1.1242585686343047,1.3785688671095986,0.2757344289852248,-0.16388013010839733,-0.5560325748757668
0.9743843902334588,-0.2993357290664482,0.12057094097226333,0.5255407044888525,1.4685104078143267
0.41703669050977044,-0.228800022867511,0.9023070660923626,-0.3006399485967352,1.475080116473971
0.9909060116264862,-1.2413970201603053,1.0309951130828257,0.5577825457920388,0.5412390852785028
-0.11699961457678014,1.7252407032602994,-0.8220094066080218,-0.16948790465646243,-0.7202208234783308
-0.22954608676249602,-0.5358208101715458,0.13318632571998928,0.2696076561172607,1.4344061859537427
0.264327558445493,-0.46698970591635797,1.1405316503723086,0.0869205100144642,0.2576625481773245
1.9840929650028953,-0.26258358147322736,0.6715707247592102,1.033479174581507,-0.9570880026655582
0.5026306578417853,0.07914382995970297,-0.6950342140512737,0.31690049059914466,0.5607167249132117
-0.6007327529441125,0.2575824212442226,0.16849572089501264,1.5052151468099515,0.4460828560501341
-0.25349745575290017,-1.3725057385774335,1.197713655754398,0.4428934726227476,2.260507390643428
0.5717106713204222,1.9363949730306995,0.9362443758430671,-0.3404594298000807,-0.21861614252389902
-0.8679214206178667,-0.9392263096017969,2.403953272262169,0.38080213751833114,-2.796524452587666
-0.022685390775218202,0.3290111861456393,-0.5099476718960336,-0.048514105633648136,-0.8849300788348854
1.5339493437053664,-0.17241805989843276,-0.6776945517553414,0.16742057465761032,-0.4648655974680579
1.7334252461736404,0.6730661279309726,0.4998132401371779,-0.9172277009233343,0.15263729928289693
-0.7689549749683982,0.9273780321754218,1.0253962432901973,-1.0048556282381604,0.2179033737158627
-1.2240355952378068,-0.18707849452671158,-0.09022290210898724,-0.10724872315837984,-0.5025901942446748
-1.0251880714207497,-0.7605546993909984,-0.768767973477981,1.2411980345404672,1.3537143217367813
-0.3031692443341569,0.04214083304588917,-0.35506673184202625,-1.6646512542645961,1.4875417441029022
1.2384447862022034,0.16341122583472772,-0.5269171866963548,1.6976144940260638,1.5761460467566826
1.002350822778463,-0.04614385286121894,-1.0312808015602535,0.7758199501857372,0.6022601387116306
-0.3875739086698459,-0.9974956700011585,0.0076497523891348364,1.2300059301369164,-1.2179498385044045
0.8118556148827342,-0.042391361425638555,-0.22535983470198404,-0.39470562794601394,1.8405871452192268
-0.4176300771201618,0.4099157470385743,0.10561133671707393,-1.5050797478492048,-1.3706630987117645
-0.5950349166884827,1.266212675417684,0.10676266728839783,-0.3780233264744499,0.6527104366025872
-0.724125501826929,0.5479542365980963,-0.9671063336038856,1.586541619777424,1.0840891279929816
0.25064853328452175,-0.51939936717719,1.6251788563808796,0.11537284042556656,0.8564757063406728
-0.9972585024260905,-0.29206658263437674,-0.25967524960898,0.13651845772085297,-0.8151653169394318
0.40459853524887307,-0.09415420968014128,0.19495918324398107,-0.8557911263990231,1.536640159282851
-2.065324277987584,0.5102593018405366,-1.3102657566341753,-1.230883825392901,-1.0261008725199814
-0.4652816925224819,-1.1796137856556657,-0.3270589380148151,0.700226687777152,2.1452980645169184
1.1104432016420054,0.15942172482899397,-0.913407686973543,-1.9320997023863402,-0.4470146726598875
0.6677259432265008,0.26092834335272164,-1.4542095095503909,-0.5349070340543132,1.260343589937743
1.8310675733518644,0.5018717933825636,-0.8634175347953094,0.533776432011969,1.356328524367303
-0.7695046228867984,-0.47282002576561455,-0.7835625074110512,-0.28065288771829017,2.8009036816011084
-0.731290276355723,0.29524876674258627,0.7251818123228997,0.7228486601561367,-0.09880157445725016
1.4233582609185504,0.7161678877746448,-1.682261618843738,-0.5372320768397781,-0.7865484438019248
1.8084509394180777,-0.052640388741712785,-0.3615223935815469,0.5266523458328431,0.39358127352300987
1.101421988603405,-0.41208828628022925,-0.4940504137498436,-0.01740845243075605,0.5112828399389248
-0.37221715395162325,-0.2632388073136502,-0.5766047957730186,-0.824727596843872,-2.0621353054185243
-0.8058729402454639,-1.562205414625053,-0.724599978020952,-0.8040238806736973,-0.14670078103286607
-0.5483036744225372,-0.9699846702255462,0.6821187566027854,0.09004783898853043,-0.1598363404743474
1.816296109878609,1.282360307080426,2.3970888230770675,-0.8893587544201293,0.8288967430896069
-0.16526052587558224,0.08095187702072208,0.5993278023642411,-0.8525509533517057,-1.510726260281573
-0.09478352589708484,0.10513773621329764,0.13542276800402092,-0.5837264049623114,-0.19427430874403415
-0.8724724482166887,-1.358473494419452,1.5691265040184723,0.023403240810402074,0.590333704529159
-0.7221972751201855,-0.053507928150358784,0.7732297188596097,0.07664959258880683,0.5193192305305497
-1.0378861752513895,0.1884971507510998,-1.709653053641541,0.2122920508291525,-0.2402158295587958
0.6626309436428468,-0.4885051272104214,-1.5067039145926335,-1.4008829404227698,0.5418929900141921
-0.2616448258207313,-1.1270999149420313,-0.25109792066582537,0.6561543600062862,0.24269707764715623
0.39505709296149494,-0.18572393598892734,-0.037435016116966396,1.000178370344066,0.8667367716155238
1.1911539762662335,1.6279337455978697,0.6579994401194623,-1.168671225866145,-0.8061918095792092
-0.5977694804271749,0.9576074229126443,0.41445643570096397,0.3480333821905193,0.9997908395850283
-0.08548102645729679,-0.13527962958142992,-0.35623247368960526,-1.072575684861058,-0.6103686033388374
0.4297686818459644,-1.3190947000327993,-1.4604225294900146,-1.0234127659889012,-0.7874340100261579
-1.3529669538514255,1.9009955521889124,1.0068860977287466,0.9309213828133154,-1.0732891691659587
-0.6540336935588977,0.924929108019831,-1.3167421409336595,0.4126375912278855,0.7250740180357814
-0.09673397377470998,-0.5177948515232149,1.3339730426383396,1.575788384783998,1.1013823039213748
-1.22952336463805,2.108218749107139,-1.5052215811844747,0.6587968824061314,1.4494223499839873
-0.29439759378280406,0.17967211122382032,-0.4052476311499728,-1.7109948101529222,-0.4451545770005891
0.8445644895245654,-0.9856096855220554,0.15766572199610204,0.4859128530687931,-1.2074585377979525
-0.8195241500697928,0.04226134967240609,1.342847887873722,-0.6385239783011183,0.8805583097550165
-0.5938529546709106,0.11765850298959993,-2.170879973535191,0.733355777627046,-0.8472251093891153
0.258604283906425,0.7676804886437086,0.6719357378228586,1.4185219950350652,-0.8166101776595179
0.36732391150200155,-1.4846475092871412,-0.09293142708044948,-0.3020463700202837,-0.47471448865758337
0.6857597304717625,1.6345178622701604,-1.087525185753933,1.0581459689863453,-0.17368929486267992
0.6825940357806575,-0.9481267821733363,0.9057996714651491,0.003526447807197889,-0.49436591089228865
-0.9756483779414383,-0.8005016935358844,-0.4425991328317924,-0.5276462387784402,0.03766467831641116
-1.2208977694238943,-0.2568328582413841,-0.3098788039097566,0.07216019921744614,0.4481172476110414
-0.12197918302434871,-0.8957946339090768,-0.8676136331564175,1.6118248900247198,1.5962951365132791
-0.8886051724531321,-2.2483994597305195,-0.7446462708179756,-0.31279226407484606,0.9125143754001525
-0.3583874330916602,1.971339441886463,-0.26751260352151063,1.335616535656987,1.1370200579557517
1.0270299546517778,0.6046934697238812,0.7369666735120346,-2.2080708022207847,-0.9836432805171845
-0.5292792472665588,0.3845146151360346,-1.0317280102057933,0.6557908022200093,0.21569618433959087
0.8874075245766136,0.5714432528531992,-1.5336815222968645,-2.780976218265311,0.7518888696247633
-1.959462941960704,-0.5043691629662275,1.3886477513904114,-1.9766710139056842,1.8757936942114748
-1.0253531154822124,0.8975187503825686,-0.6541402148101388,-0.29284713492925796,-0.8486633396181259
-1.578950084924032,0.8798729126656503,-0.6203518091285338,0.137071042367502,1.678811773062109
-0.5302646900059783,-0.1260432131522731,-0.3810718162644321,2.092657589525801,-0.3869171681371206
-0.37892973074945946,0.38584836376218157,0.7338112624491221,-0.6892535149440845,0.6395161974970397
0.5007041500551198,-1.6542575913937763,-1.2664613315653308,-0.09973902093695854,-0.30162331097606954
0.796470533950674,-0.39606469456083815,-0.9772879522569268,-1.7766738656816723,-0.6318649127983643
1.2310834842833551,0.42058538907385556,2.569357098034593,-0.2046192177457217,-1.4242262260299916
-0.9091965429571917,0.36993956205196116,-1.0176089368901853,-0.06261170730504179,-0.7238250969774828
0.8433198981816745,1.32065966651332,0.07764072333541021,0.8151508613311303,-0.6978553270823052
-0.38915754117957835,-0.8764841240608068,-0.9005322682402093,0.44259560995750985,-0.8957388086889455
0.014508701594689576,-0.4005122027360733,1.3343026416542292,-0.0711804900119795,1.2177265875416838
0.12536186168139654,1.0505687987295211,1.5678669630966104,0.42459495117592516,0.5816715234298983
-3.1051175641857154,-1.4487565010388461,-0.39665489668598636,0.6495250826125896,0.6206453507113315
0.1818723921978644,0.05824933469465874,-0.7250269900953639,0.38489500725162934,-0.9413787188549908
-1.2313687857176285,0.11210392559757566,0.28071764133753496,0.022014404196613737,-0.19834888411238213
0.2623596400534432,-0.6857602718419229,1.5084631018778862,-1.074803882234351,1.927407087753047
-0.12584281836973538,0.7135317938809705,-0.9876123428067421,-0.4081195675416954,-0.5959789443269911
-0.4746777238395447,-1.4109337219614357,0.6247411963490058,0.5871959510525373,0.02766400670558238
1.053813979823923,0.17620686382698045,-0.2653537064652861,0.9073012984897114,0.2804605006282213
-0.6805155457025127,-0.1507474239504878,-0.9916983542142694,1.4444698075408755,-0.12292303909691818
-0.3649995838792877,-0.23524203595530446,0.12097699816842349,0.47999318745265457,-0.6431734119697717
0.6181954158510659,0.5426553127366782,0.636498777237779,0.22372074910290504,-1.2344883688667267
0.6063354142936016,0.7466749349635508,1.2253358805683625,0.9208588636279978,1.542669102164624
0.5684421014952902,0.1362069638901398,-0.2464248899462548,0.68066990767936,1.630525171326327
1.8384071658559837,-1.0498212684948014,0.5705106146552525,-0.9345369974966109,0.46604227929969794
1.94263431480331,0.4814922782199826,0.72079971825371,0.5699031364636752,0.4774556479374593
0.46140974071613394,0.24287630280934364,-0.42699143183612737,-1.5915628048714467,-2.932983741603547
-0.2933380472075298,0.8694002667137701,2.272668626620174,-0.9412616447083786,0.323678939480186
1.4117721769948444,1.0579535246994334,-2.2139791418565014,-1.7247821437467152,1.7388850800622386
-1.1726141297700001,-2.478266711369839,0.473356774816524,-2.2952472577476875,1.24832769792888
1.0082968491635298,0.6576678064237149,0.38908100811794205,0.6479751632910715,1.330393854599114
-2.168596613386959,0.23870062165417494,0.863607535063055,0.8933568867285658,1.541237504939519
-1.523184382325356,-1.2468947086326216,-0.9329511347076482,-0.0851728067060929,-0.01602269853207321
-1.535538321683759,-0.49030827088015044,0.4159303753063031,-0.5582296594147049,-0.43266456976109297
0.5856501527218035,0.8939572237576485,-0.27777767964078576,-0.26092792078721677,1.0010699818130884
0.274608580159529,-0.2680667851230863,-0.4357303226093133,0.5019675311877452,-0.7902325423539895
-2.4734277171660684,1.307521351966426,-1.9254616137156533,-0.43892666593094964,-0.020302401016333096
0.19987253216972412,-1.2134200331136475,0.23768151315189573,-1.7941819651045887,2.1391251435536374
-1.2616763621966252,0.39389250441432655,0.15285924614449495,-0.7585467053310231,-1.7209438362990075
-0.055714104585394525,-0.0933005386030153,-0.27012644917162676,-1.9118567053356095,-1.4804357025116461
0.5348247662365629,-0.1366302690405518,1.3992653035225355,0.7851609619140756,0.37923058535628623
-0.5099654706491903,0.48386464245943633,0.213279678843891,-0.056019750338341084,0.37219886299862387
0.05287190294628273,-0.42752119429335983,-0.550207045993467,0.613141920320271,-0.7187098821854961
-0.642582093495287,0.08135893295081632,-1.6824583760844407,-1.0355253057555767,0.6817868451534393
1.2762444269487458,0.7754918177129294,-0.2698989327270213,-0.6374927663919717,0.6764548131227291
-0.47167193297921295,-1.1926263522527298,0.5737042443138844,0.4973396376915281,-0.30340918346780943
-0.06990744936004498,-0.4424872756632254,0.22414613710912404,-0.8267395025528752,-0.7451838155733846
0.20565486826332904,-0.9753626117020459,-1.113728570885832,1.275372329511048,-0.11947051701380763
0.5038386608994623,0.6975971783028654,0.6555254262822621,1.35907694060013,1.7461768261403456
-0.05801134660880521,0.08054815216811986,-0.7988606244663861,-1.2820869914066357,-0.14682269733863793
-0.7437941112813587,-0.09691356878545966,-0.9083223620306168,0.9098476114386636,1.2977737394591702
-0.7732954330091649,-1.5607027488928953,-1.2662420378532235,0.15084086793043627,0.19151635544820603
0.3402555336109773,0.14048128736639798,0.6782520606802418,0.16606502123075093,0.37587195038476623
-0.495565526525292,0.5243756668607458,1.2024248193943694,-0.3061108688972755,-0.832942074293113
1.2903238138937065,-2.005451334810384,0.6804094400741206,0.6476426292992221,-0.29601553253100893
2.1709666313379934,-0.8647151256667922,0.14405829224979053,-0.41148765785312147,-1.7403715330486818
4.7974782241433444e-05,-0.5307063474435442,0.003104650738847258,-0.7818678057314764,-1.1744313417991403
0.3611576271800775,0.9524519635858419,0.3598657922828604,0.5176364084210241,0.2261559100827013
0.0690573971371873,0.8150893339219581,0.7508247669239906,0.5981207973858799,-0.010773868185973642
-0.9068970705029794,-0.829961132496001,2.0540353357091337,-0.949767492041648,-0.25483180293963564
-0.8664122684508568,0.6067431494483257,-0.9217655256197391,-0.1477253894120717,0.9904458701746327
1.0266981604773011,-0.6030506807172592,0.3272455238665289,-1.6936922765783797,-0.8511242191366538
0.0890725985515218,-1.3783740935773339,2.5105303366887375,2.6399595891839356,-1.0793234681365247
-0.07906338080528359,-1.3745796969302686,0.17378690617440518,1.6113315674209747,-1.3666805388921561
0.7635877934636682,0.6568559181784643,0.6150115331148016,1.3234457819760037,0.9206506748178739
0.18333246430125932,0.6743037552868785,0.48622390550238975,-0.3483521173017418,0.8922483634474416
-1.5420036311108924,-1.196280743757758,-0.2257797184263816,-0.838996736018788,-1.6640315007404118
-1.3063836289597797,-0.2912074768625349,-0.3704099366320415,0.4460994121307566,0.052155794773170255
-0.9924745920832835,-2.245409018628425,0.6271193466105549,1.1856529306740324,0.8044210262163876
-0.6193805031753127,-0.03438414239345195,-0.5821174414093268,1.410676251629404,1.0042822536777725
-1.139146042164211,-0.6320853970741767,0.9772629584931224,0.8202759103477795,-0.10914814860790928
-0.23846223949458062,-0.7844799267703699,-1.2686413890916963,0.16021803685412564,-1.2349357916844088
-0.279771304454279,-0.2564955519406846,-0.8739591203388197,-0.17300066199136957,0.4137404087653649
-0.5853404624358753,-0.1711962096378872,-0.37094689048837404,0.9011322992337107,0.6890444382754044
2.373922396228922,-1.9770004410491377,-1.378301283666796,1.0619452264655738,0.7774606508692142
-1.9266250595979144,-0.040145757668187114,2.195868790223235,1.3655177406424814,0.6062389190243074
0.38278500175403524,-0.8207477073455689,0.08555686255916911,0.650594396844523,-0.813895150741872
-0.9222584591792216,-0.6899948289037188,-0.5320262083636446,0.550441375573123,0.44050709398724236
0.22682036062353023,0.3896935207810922,0.28776514606950404,-1.0323566721158899,-0.7833595018830924
1.5199558385779266,1.0517638873205468,-0.12253802728011533,1.4716400311982996,-0.2609084182585412
-1.8857146132503162,-0.5245934128377017,-0.27314214871092307,0.689523516189903,0.28291972584709013
-1.6253019153219703,-0.3932919813216765,-0.5407438973863327,1.069400916091937,1.1615124252133653
1.154584590249817,-1.0753646553073544,0.7167644973081112,-0.9103805462070668,-0.3269813957346602
-1.0752796485104659,-1.1083705458006743,2.335621966888047,0.562741754567577,-3.2804265131176322
-0.6378024295587342,-0.3209943395333575,-1.3601254724848657,1.611250755707087,1.1418558526935931
-0.988622141409069,-1.032209275940495,-0.1071591350260579,-0.4148517144856538,1.4285085835964786
-0.1865507861523012,-1.302386521190642,0.4375968871782071,0.558031298615583,2.3909997210262053
-0.6948843646990559,-0.2582149147347328,-1.3442723477202825,-0.998114045349211,0.026215647058809292
1.1795529873502766,0.15719865876158906,0.9417246440378032,-1.3818275038825694,0.18545966007723927
0.12322093089362574,-2.5360447145722316,0.8566643878387432,0.3925006405666216,0.8355180402589156
-0.2861420340236533,-1.2261995641094323,-1.2727896445146318,-0.16328728026239794,1.6096102591999522
0.6131439495542599,-1.001853962302013,0.1879615883494443,0.019165428922823656,-0.8144963194132828
-0.17921565098941478,-0.7523176663184995,-1.111690456380428,0.39543790073456536,-0.4325067867320789
0.3063237706544067,-0.0075418119307154715,0.6876603796673202,-0.27256154806894073,0.1922001223266534
-0.3201236228885954,0.4628241950871261,0.7220066713590322,0.24690369928666517,-1.8536231454894943
0.12819992748302853,-0.8669131822900705,0.7907886264864857,-0.6692257884150035,-0.3298186549511976
-0.497014363489833,1.1563794638215947,0.965451705471368,-0.4051603108455464,0.21084153592939942
0.2563774497153404,0.4173292959987237,0.268692182231777,2.9472257566375375,-1.0521646803191462
-0.11624890135394744,0.5362530626858787,-0.23826622552411614,1.287181696346274,-0.2316366262320717
-0.6562102118869647,0.28465965018629863,-1.6083380020139988,0.17373063634435543,0.13582402103420368
-0.4225806563605422,0.16938391455551485,-0.8180255489537973,-0.2863228195354254,0.7143122415568877
0.12000097307488393,-0.5587917317415458,-1.0933954111246609,-0.9179362116228149,-1.6111129090585476
-0.3570397200225746,-0.7454071156619182,1.22107158643672,-0.18804596870864693,-0.80951560600984
1.7804608875864818,0.6728637970017608,-0.3575304024688967,-0.15330411661704885,0.16512877777673973
1.0634128393197153,-0.3264570209988699,0.14533695342708586,-0.09021376143785297,0.06943923033064774
-0.23675743668720417,-0.163268737722899,-1.1999918023206262,0.3032711426036671,0.4321937118275799
-1.350855808422987,-0.2089003662860884,1.0019551371562605,-0.7217252643996374,2.0280798978704406
1.1782717830654592,0.25942679291201187,-0.3037846917552742,-0.06781125228062757,0.19408847673016785
-0.7243405918888548,-0.38296303368463275,0.697338022253132,-0.2997976719900562,0.0993996581479121
-0.70915864818784,1.9551097261237442,-0.6918908911581282,-0.0007335854248503162,-0.1375696715807985
-1.2240871409873404,-0.7171645078045688,-1.446259347708394,-0.13991893083272056,0.4003559295033953
0.6597172810618599,0.33593961074001544,1.5720029470711814,1.5547753929613413,-0.036747862908694015
-0.33059885267546896,-0.2553118713425205,0.670836210789292,-0.8829279535750372,0.12876786301280152
0.20376369742653444,0.17357579967128134,0.015869243784517206,-0.8273256058160721,1.5631433268545876
0.12003390056985073,-0.8681032516513502,-0.9112035163361847,-0.9012014077584629,-0.18453814080038386
-0.6066879310293607,-0.2179783315648299,-0.04806101659186948,1.0364227161005222,1.9026102992625002
0.7576895308478101,-0.7404705311250758,-0.9787221364058436,0.7690295445030645,-0.6323064328138733
1.2764403177510804,-0.3247997153283644,2.7365282528985357,0.7602563453135498,-0.08616197173511453
-0.3983167785590108,-0.13111387596679067,-0.041198880167193745,-0.9690915141814144,0.29597532478415256
-1.6826505193834127,1.0343868269477694,-0.38764728530457493,0.3834798460253967,0.3524752549320387
-2.443070136478534,0.6757169246840622,1.1335413429259766,1.6405077048096834,1.0106104968408562
0.10452596362942262,-1.0056556578213118,2.2700567872204003,0.7541997589482438,-0.3562549272259861
-1.8868547571786076,-0.3436442919997898,1.0872261538472847,-0.08778752887260932,-2.169516511376042
-0.8535909187689806,-0.3015064543804661,-0.02395086469437093,-0.4551645666908494,-0.10619309552677668
1.4764138345974736,0.3856220340535603,-0.6419816041541877,0.1153355005017844,-0.7006890659125469
0.07292132207184633,0.8824842460314206,-0.912598055217456,-0.009014785801241038,-0.013002443434905002
-1.5444899355345347,0.9760935614104035,-0.2773231523299892,0.7195816049762555,0.731213511591616
0.7305152283376304,-1.2797272387389138,-0.41029255373950935,0.6828265277972705,0.950607366864324
0.36034403754458,-1.7300055733354667,1.9513849950021853,-0.889984334231346,0.5657532274791137
1.3917266228883225,0.21212010266445708,-0.9688214933749575,-0.14582874885185748,1.2382967855205425
-0.7072215698399144,1.0007853011065098,-1.7232857934199164,-0.5238531642383244,1.8167168501127844
-0.24185533681282406,1.357740898824661,0.6818875625598221,-0.8046792217864949,-0.8471647534393799
-0.10535519595506039,0.3759393563642115,0.6935308461297999,-0.1451143270997668,0.05113266386966044
-0.5094286618493142,1.0664764961944428,0.6200102394333604,0.7785244025744952,1.6694725727458621
-1.0243591639258172,0.37100402265417487,-1.737075092597921,2.183054229753646,-0.021988962382891476
-1.3907653718761825,0.3911484126063081,-0.7213780784937169,-1.0233372522467377,0.9966565474511709
-0.5807859759872336,-0.1439656942286837,1.3427616366497064,-0.5974401989616439,0.5187408599300615
-0.7071980226026706,0.293170057179332,0.6055367988004469,0.34901411493892215,1.9456626517967894
0.1376025527817774,0.0026211444764505836,0.49277706832763585,1.698293783105258,-0.0034149049044525683
0.36899688240192746,-0.30297007072136073,-0.8270278428718856,1.3531889832480597,0.00710521377344505
-1.9912274772772272,0.17063563895486236,-0.6906828856918206,-0.19214348420233507,-0.49278172815538457
-0.5280081390361873,0.6771896232513662,-1.04246284114606,-1.2652198228736404,0.9327865782427851
-0.6315350241046487,-0.026272638033093328,0.3627745366181167,-1.372761699233357,-1.2112533543316504
0.9143807009096173,0.6799393282994821,-0.9012315163797412,-0.8071115540329861,0.3444406084918222
-0.03420845727566483,-0.3683083262127832,0.002829645347047514,0.22408065218743106,-0.6157579269953188
-0.741746449230444,0.15152991918458059,0.04463698967852908,0.3159969504382443,-1.805129796923314
-0.5319859640401146,0.5135991805821619,1.012738558793362,0.3822132983226239,1.1837087845393417
-0.8210150515536234,0.24210522832217427,-1.0474015576397746,2.8249765844889576,0.7102736400676207
-0.890031179292101,-0.1466879331957005,0.5615946844936237,0.828036195229047,-0.4590180117539913
0.3919800795812926,-0.05803340267129334,-1.594254560869753,-1.7471576826615105,-2.2132529198835313
