-0.6780333747271083,0.3046267414533407
-0.932492832175674,-0.5198877118411784
0.5979092128682464,0.5722486721132202
-0.608673288227203,1.4958324716634939
0.2938934058856842,1.0801780097750653
-0.9924966375698098,-1.049580033204914
0.8716876293066539,0.1796863922592161
1.8332461111490745,-1.5167102275336308
-0.8810003751932479,0.31149335574965653
1.2511595387574381,-0.3880165615888602
2.6205612695479736,-0.32406335178241863
0.39514893101340326,-0.7381848350903076
-0.3331769761714897,-1.3585061344441596
-0.9119520711227358,0.3865008121743582
-0.8251379413772206,-1.429755586773428
0.09715870119656077,0.5669828446242486
1.3841439022063382,-0.927926817319907
-0.10592121968726607,1.3608905472108248
-2.7528975753074305,-1.701115349007188
-0.5454619127647953,-0.8128952399382312
0.1292979199031414,0.8782590618526065
1.2562408152359668,-0.1808725671670056
-1.0520498433424654,1.0088075575163242
1.3645799500168099,1.7966584239545482
-0.003922494084819821,0.4306457161258944
0.12620044839083824,-1.0366566360607872
0.47253544209700427,1.9066437489273402
-0.7471418365533369,0.15482708666783881
1.450486066856175,0.117036442950947
-2.117750002199977,-0.21437698431038008
-1.1158837076113584,-1.8075084450509697
-0.7208339388570253,-0.6971200097433766
-0.4825929193723462,0.32247326891356465
-0.23236665811787102,1.0189092625392782
1.4780251875558357,0.016949330686113748
-0.1116496790247175,-1.0666923614971615
0.6169954816206514,0.20457013548015165
-1.6366867684172666,0.03346765352080933
-0.5264869563162559,0.04955164409484411
1.407610661945052,0.26678532947989003
0.6297823747456179,-1.6813109045982064
-0.3217764413820269,1.1822557807810516
0.2827779080771356,-1.8937806240873163
1.7609794366701594,0.7875187200592789
0.03239028561930009,0.7421969642502427
-1.6786485110754805,-1.1809377846414697
-0.24920954267947468,-0.30195555946312796
0.5349914751847505,0.42999376528119343
0.2593259967941466,0.6670673353090624
0.4189172452955267,-1.923996294458688
0.7334715425130311,1.849267667380847
0.8473641022110644,-0.701389111026648
1.0075689798110732,-0.32911917334474144
-0.1570012888708607,-0.3335367668591344
-1.5706384115866898,0.4379568359143553
1.0403407832040872,-1.006765655809952
-0.9485268487681984,-1.2510917725129327
1.3466077159912038,1.056140174506654
-0.4875176921498633,-0.9049750937638037
1.1674185863776483,-0.033442635693969866
0.034699051457741374,0.6611565142041139
1.131795426761625,0.06316388861268238
-0.20112356818052401,0.7401594549495515
-0.8098769504103651,0.5943310390068199
-0.8929799160387373,-0.6249341717883207
-0.8738237937293415,1.0177231430659897
-0.8629935473057859,-1.5566681241867872
-0.06767095288185729,-0.3227267518975418
0.6797236065067652,-0.5474856538616831
0.39185319632662724,0.17519739025390998
0.4568470052086183,-0.2922424615698028
-2.8015323709528177,-1.6993611689219372
-0.837044218562945,-0.024271401903524382
-0.014915127853982874,-0.4378379785731353
-0.36054064167535643,-1.7427588054366003
0.7322000415002549,0.9307564272991623
0.13577728910404158,-1.10693505622208
-0.1057432203189657,1.8162866778241529
0.6252292678624771,0.333435910962067
1.4095453622784093,-1.2958433017335498
-1.2009659772229637,-0.11442270003118434
0.6485817037359006,0.2135149975472
0.7578316919352626,-0.08161109807580766
-0.2508944751649766,0.04276282908065925
-0.8515762293434916,-0.9666059378579683
0.10515872030186463,-0.35709290786944053
-1.4375416294328118,1.7718447536189672
0.8834122816565305,-0.4920760276901965
0.33766092450126534,-1.3411299142422364
0.20715238640343012,-0.834714219473547
1.2851877803926064,0.2657210143197713
0.9204376841092441,1.4815979465613633
1.0635250924455908,-0.4803829325188312
1.141260620549067,-0.25733408600568886
0.6251358274246276,-1.0880936429457009
-0.25129063469243934,-1.8767604961301918
0.4961728976649817,1.4202267678332363
-0.2666433910340839,0.6508429089551793
-1.3409626197557676,0.025658049172246542
-1.5606281883956237,1.4154875285570916
-0.06748378391125982,-0.30751523459402885
1.441468014595111,-0.3759321177012687
-1.3975596384727658,-1.32210474353556
-0.46493995285146544,-0.3530336327325817
-0.6398232481594989,-1.3857465685156007
0.5987898972434111,0.9681226023961165
0.8882505802613471,0.49175008884010685
0.8441938196003846,-1.190692116789446
0.7770483871206599,-0.31820979636735586
0.719946267441499,0.22204701514887557
-0.9918527631068165,-0.2557615702929934
0.98734893016886,-0.5175282734961714
0.4181486367709727,-1.3302455006834457
1.5976069781593132,-0.483175517111083
0.4405810818119636,-0.23427406308505397
0.38063514829203726,-0.2711941000002267
0.7548082497315745,1.7902615834569027
1.6584809450139368,-1.0813405908129583
-0.24904678817191064,-1.0514137016214127
-0.887651385362203,-1.0999074706008591
0.8784633785207644,-1.2631954125827252
-1.0130961584753413,-0.14932935841184533
-0.1971265547064947,-0.741934969369455
0.731194642330624,-0.7751558641858957
-1.140808079432792,0.8703814806728616
0.9626482431035477,1.1829067612940163
0.339709901197768,-1.371550242778544
0.9331791929304862,-0.3695095851120356
-0.649390611865042,-0.8873755374712334
-1.0913980320419667,-0.6530645149548113
-0.36763557298747285,-1.2865605936958011
-1.7199614035341972,-0.5631386536668284
0.48415630589027253,-0.3529715044113201
0.05407608067891752,-1.0907615482307342
-1.0767316267270364,0.04811737383040662
0.26337336184549254,-0.23518664192928093
0.48659501597814264,-1.1898711573257026
1.625948932166133,0.8798677940704654
-1.564960319293745,-0.6921309543113093
0.28945695010367106,2.3149337521844675
0.14671957542078942,1.0389338356696345
-0.5379426946419715,0.5375925069341528
0.11972399480525385,-0.2033760519940412
1.8838060085319535,0.5686430613988126
1.9923870019063699,0.38508101616581153
-0.07253569153845839,-1.814084081353992
-0.3152284011201273,1.0981509757310668
1.573738704474935,0.608577999006451
-0.11940293283158464,0.22661901464377512
-1.6750618760488887,-3.011836496809789
2.651174371264537,0.07113181062797765
-0.7920528036699249,-1.2853786635286668
1.2109474231983635,1.2620137848673803
0.3275825513618458,0.4494186115395164
0.27900225258035927,2.0269253318941747
-0.9891291477333398,-1.1926502503901297
0.38488817387228286,-0.7308932982676875
1.3305571543356496,0.7234304403819698
0.8755294749515629,0.6893762495530592
0.3365010575115931,2.763996203270651
0.8342472968144767,0.8818173285250919
-0.21041246522119036,-0.21185667727119234
0.1564841016444851,0.3897048946231438
1.6506070445783714,-0.37193033397813846
0.09804877675653918,1.871819801248456
-0.010501529341903796,0.18127940323039818
-0.33374183943203406,0.03686756231655433
-0.8539236604262074,1.4717255990971077
-0.2970954283146965,0.9838613465242833
-1.2296868324630006,-1.2181231316439431
0.218855694590083,0.43229244719367776
0.6282380170854496,-1.0017725690904542
0.9482110975613329,0.6757681487951737
-0.3966411016220153,0.566363552407232
-1.296871174465651,-1.1646002061398062
-0.05360472349820911,0.0030160187291051284
0.5786387244166197,-0.24751001443362314
0.8052676538947823,-0.8511978849332971
-0.8439103218860824,0.16035797794863318
0.003888837723429191,0.43668015195341664
0.15744290117708576,0.20384494567333006
0.16806760934090048,0.852393739446933
1.659526791367414,1.0786409472340417
-0.7069914401444303,-0.03651456271863254
-0.45382312952955867,1.0689187759135106
0.0016648134248914053,0.39354878588265
0.01895391065005767,0.20070355776662197
-1.1614569724291735,0.1706362810848745
-1.1168208137352784,-1.1987162503092714
-1.5826428836194508,-0.9425461091314935
1.5701137504582106,1.7998216005755585
0.629025877739867,-1.1975787363603712
-0.7771823992778526,-0.17691528377005844
0.10755885531618294,-0.00587162491707649
-1.2344946222947182,1.2241138745189541
0.4034360899325333,0.04624196901914281
0.4015756851540434,0.4081163924997107
0.19749664757995858,0.6028216619906769
-0.4905941649968469,1.2311530244776356
-1.3302740706997034,0.4891595676125162
