0.18118594662909218,0.8549839571150157
0.8761788389206419,-0.8542485261560325
-1.0966409730718139,0.7066290026490957
-1.6951304384215735,0.4463099984104742
-0.7149409871279031,1.711271158711166
0.30888196364681275,1.480574040655579
-0.8606111517308845,-0.9491689384617241
-0.231980296238766,0.5330892161076498
-0.6009878700688814,0.8329189543440193
0.2163656826493779,-1.6538120240572758
-0.6844741969835397,1.1294565489530004
-0.014160478232521118,0.8478041193448116
0.020596231302103474,0.11592982813663734
0.8255806507862457,-1.3932119320285117
0.23831356331658826,-0.029816394182109313
-1.1768620812739006,-1.9888609627342153
0.0380205649623595,-0.0020188003842781838
-1.2728972136995047,-0.2528374040564718
-1.628161554975904,-1.3067553523705242
0.4776490152722481,-0.323402368663178
0.0947213994381689,0.49078668467957154
-0.4973764553598364,-0.15748972833511263
0.8693868387950122,1.2525095474634795
-0.24218571694600569,0.13656189511215977
0.6908643073084252,2.6934301517216666
-0.9706159634187653,1.2823686725541545
-0.5584932811913654,-0.5907426580648658
-1.2092540305347892,0.7201633128931464
0.9338767935613373,-0.10834924291644228
0.05758213809166652,-1.278432395446816
1.1660910823047108,0.35458872556895005
-0.42047749367672893,-1.3442740120341994
-1.417186184948539,-1.658701193748745
0.08543341327190376,-0.9871639941986748
1.059840402948226,-0.25224249639182234
-0.6814123116879955,0.9543362940699439
-1.7123176423536113,-0.9301215959959546
-0.07133853798127121,-0.10640605790935068
-0.6977764274523081,-1.3729483626022123
-0.17344792085459512,-1.0500158155627057
1.279907771200304,0.3401581050439008
1.3829381708429105,0.012507516525154066
1.9839428150228584,-0.4708166221484812
-1.0649086898056768,-0.7440659684032955
-0.40827897120173473,-1.6335881100260667
-0.017085842962564424,0.5250418371866058
-0.8943004860295771,0.041675829201865786
0.35956586815258296,-0.3466997305741247
-0.770262978584961,-1.0988599852558405
0.8091212991073462,1.1316775415505762
-1.1540254366376281,-1.4233292173093217
-0.5641436527154473,-1.068368733986173
-0.7294801396511376,1.6936597536470603
1.9662804919228967,-0.0756316756060217
0.35331622778370386,1.162197565889199
-0.060402009890534326,1.3309278341014807
1.0356096894143982,1.4661802662371475
2.4650458892242764,-0.014003150748689549
-1.2616653484255511,-0.9539381627676052
0.5834765500482826,0.5602416129170057
0.871214099201911,2.0168180851404793
0.02752336994560328,0.29109942959949414
0.23494934953005694,0.05500063838903792
0.1690876415226666,-0.5319780666384194
-1.44405665989922,-1.0404633859696015
0.8780149868500993,-0.2963064672180276
-0.280575908973807,-0.9948414056262443
0.6790667239442512,-0.6999975988725256
-0.9238706870124157,-0.05232207030382684
0.08335578072076585,-0.7919849251494534
0.3434146420184984,0.16558931241405478
-1.1400654588861654,-0.9819121721939937
-1.8029665306931373,-0.722344433463928
-0.033649085806720484,0.6539305369710751
0.3289252531918196,0.8512571835611129
-0.3025312160519774,0.8242922415284519
-0.14670847879106283,-0.5108941274000072
1.7320267817548305,0.4248522615791645
0.5406724171415155,-0.07997589662471809
-1.1271062031222452,-0.1846773215274344
0.6445056663940266,1.0078335631409727
0.4883654837629195,-0.42422158404578636
0.09682811046040592,0.18405373393017344
0.6802485253965981,2.5345072052806086
-1.0954620352418165,1.1139886704303619
-0.2118536638801911,-0.9282804738963613
-0.7590085052082076,-0.7934771040211012
0.5573630193569403,1.4922667339315938
-0.5649146588301002,-0.20894051589521173
-0.653732772776395,0.2616654557429773
1.8575078326170489,-0.7468952772241177
-0.09399354856560933,2.366409135724451
0.6666712676348819,1.345359287142807
0.26478963192563426,1.0210370197922785
-0.6285153537852747,0.6365531682542782
1.4361229952624535,-0.9937361580448313
0.7664421005641358,-1.2614079536509262
-0.27521011150642744,-0.3087099455837453
0.29278119786634865,-0.16759355173980683
-0.4607682558978101,-2.1979226974711192
-0.13267229593330496,1.9785737066646187
-0.18746881799609988,-1.2847923679097464
0.21386785126929744,-2.3896847951663625
0.49189092955166613,-1.5293623754237275
0.023628105891620465,-0.9266215585402255
0.952391444596822,2.566346296689168
0.9200080483261218,2.6316860692249913
0.33917094316117924,0.06936493778569876
-0.43011944842326155,-0.31213522182269676
0.5171290711482597,0.6705471383174766
2.4501178537642256,-0.00834990271627015
0.5315312440945315,-1.3572922976862942
1.6367690781761235,2.458149207535394
1.9305599033216019,-0.6781161056645001
-0.1690382632502472,0.18511887526415205
0.48552934537824655,-0.4583135383155673
1.6127018512481004,-1.6235627887652249
-0.9416159534599741,0.4982768984985423
-0.40956234195049823,1.284190415006547
1.2650354784784699,0.19069884458047737
0.6850520788877111,-1.0281810764654156
-0.17081615748154255,-1.051931390818463
1.3384224553652033,0.8097749233948778
-0.5708112991735206,-0.4165684119082581
-0.8172038293542192,-0.6036630428636227
1.4439746362642618,-1.5904366107792722
0.2708813494861036,0.7980559633633139
0.06432408431820996,0.9472328290306838
1.774028691547849,0.5216301241611478
-0.10756526236683096,1.2822700256632578
0.2993532386228667,-0.24422918914099262
2.282369828457482,0.44245654289213115
0.06874651721313418,1.5825047510176593
0.7635135388475254,0.48841626392952664
0.09685002587062996,-0.4443406470970684
-0.6259804847116744,0.601232232858212
-2.9235057012108507,-0.6281367476621981
0.8590171994136733,1.3310535671297594
1.777787466831909,-0.7706148610515648
-1.3481227375004339,0.6139136426457353
-0.16267081151850973,-0.10556972767405276
0.2564948998357144,0.5805316913552954
1.2022940719624235,0.9815070300035693
-1.8302377262029816,-0.37451073454192174
0.48539004181174283,-1.3932321616930068
0.05286552330371516,-0.04193533872219971
-0.8740971574971147,1.1816815460705943
-2.3294457490080256,-0.8876270301657679
0.039305113966614694,-0.36736989366554884
-0.9805605646711749,0.4052877149298927
0.813485307810493,-1.1638019237306034
-0.49719978925348446,-0.20084600543849704
1.480430766794312,0.7904787454146136
-0.5995518127111056,1.4518844485463598
-0.2038617376664606,-0.7364034150397699
-0.09990992791346123,-0.6097645591018873
1.9589018147285104,2.8086773710013815
0.7628422529649245,0.3658315742789775
-1.3288252187138407,1.454242057824473
-0.19500988804201747,-1.8076347838391882
-0.43346371849451487,-2.7619788250890114
-1.9924364302282502,-1.4627915090760257
-0.4765682845545612,-1.140002234295352
-0.22886218226300092,-0.38537153501442073
0.4552178060346122,-0.7894229615607115
-0.10092088052820877,0.6850014397379296
1.0796580171643197,2.1012594121347483
-1.5273718182128133,0.7567003049650778
-0.3168047633279933,0.10141143131701026
-0.8177345373812741,0.361471190478772
-1.0805191853014495,0.7680459800074749
-0.1351784363859882,0.36447535752554144
0.22765919507673937,-0.8513833318446319
-0.23637177033500276,0.5137648939973457
-0.3683270909832384,-0.6351782066197906
-1.8994264512907,-1.348485681561558
0.624569958027424,0.021478789490069525
-0.49800439925367795,1.1611784314238174
1.5283272946430024,1.922644692346817
-0.27910778449035795,0.41113935215974395
0.3343131814717392,0.016201835184420706
0.23720329854440989,-0.3053000959167058
-1.027029487081912,1.2667543406314645
1.6006721813883442,-0.37774099595267663
1.3058547261292128,-1.411352451558468
1.1122548101554766,-0.6705342568362674
-1.4187707499936144,1.2567832245118393
-1.1191322442096796,-0.5021441914792739
-0.0563547161205545,-0.9710213531347446
1.032707103262297,0.22196059933787804
1.0317255547235726,0.8433129024280024
1.9428093568876499,-0.1364051594863927
0.029982132235255324,-0.702146693300082
0.4301086920483163,2.1159148512255617
1.063347681884072,-0.5648535795815264
-0.030427651875159504,1.7643949698404855
0.36076658954656055,0.5095727562122447
-0.2582915506998544,-1.4755868244071468
-0.24812135465831966,-1.2744344935225402
0.8722673900060985,2.5046785515754815
