-0.04848038582362119,0.15511385169044553,2.9865561703521903,-0.5821400199928601,0.8627230748185287
0.7465924440724087,0.09166024502405475,-0.15430421935767577,-0.48450534894245534,-0.7939864121177708
0.07033512108790288,0.8188645472308326,-0.7657994230619256,0.7956769315421856,-0.9545679128420911
1.1441703299089776,0.14941710076267872,0.02765109596772397,-0.0619864378576209,0.7103068041371807
1.1050806814146044,0.6373358284736128,1.317330188467091,-1.2108484189791815,-1.3091565555761384
-1.0655616944047062,0.5516503851149954,0.8059501059350606,0.41744679797135464,0.6377080204462243
-1.1875221826401419,0.7993617491003004,-0.0928639855330694,0.4535020595789832,-0.8311114751110632
0.15286025735152817,0.14218847508152957,-0.4266888247458725,-0.8200236875692362,-0.6444826370133973
0.654700599912365,-0.1118111748864178,0.02480494983095322,-0.011810044688323529,-0.9345282425772642
-1.0728114302889564,0.08533056138614345,1.3561711354031443,0.5360317187088005,0.22425425268876809
-0.28322908785690504,-0.2537453503576496,0.4935096077588479,0.3424472432574684,0.37169043048334977
0.9981188611131716,-0.8896807549533347,0.10700383799411564,-0.9672199688103919,1.5913095390064864
1.5021105324572612,1.6202103706587514,-0.1149479266197944,-1.3042208161707478,0.530117705822608
0.6420992140926322,1.9734413258873655,1.1140388790175326,-1.2679091245244523,-0.42552258030126605
-0.17346769265278683,0.6354605921074044,-0.3427142773103851,-0.22941130518739747,-0.9295266347087361
-0.5163366692361107,0.11770967619580944,1.2065158446885567,-0.7295559160468026,1.2836208018367017
0.7748906214570357,2.972434260624256,-0.8231854903289033,-0.3009275459831288,-0.4614129575314898
-0.8466875965098827,1.3017518248699673,-1.008324198132353,-1.9344873381598855,-0.8057832812392767
-0.5393258412132704,0.2478748475049215,2.0760560026831643,-0.3863063313401509,0.24550855270823269
-0.547256281976938,0.11984141053357904,0.12500123342785988,0.12201271086565244,1.5927085058320953
0.3443201244278441,-1.6486817070632402,-0.25552129564041004,1.188845490303103,-0.08954943297470705
0.7961718809542957,-0.674346985129059,0.04042637718905628,-2.2525939919349454,1.0998766110017903
0.5567192233639002,-0.4076974034196595,-0.1946951806197586,-0.6026399582460842,-0.4318741648841979
0.9043818669485632,-1.1733020583816556,0.9085636022169015,-0.6271884752632054,-0.3013087729502284
0.5004196355838055,-1.056560352760001,0.934541311129143,-0.3425161613711037,0.6176205529056762
1.0893005818862203,-0.9632752099745368,-0.16631830900030875,-1.376142280443795,1.3313237247022576
-0.06920863228181628,-0.19755044966872648,0.1804351239447242,-1.4457377460164365,0.21198965185102567
-0.2651655213782519,-1.2881355368118284,0.5918713879771133,-0.009584229061667116,-0.2629627873090924
0.4529715126806961,1.5611067299119006,0.1320564226406735,1.347944962129722,0.8194582722669025
1.4335254917237898,1.3235085993313316,0.4365025489181749,0.12961792075813236,1.300400577326464
0.7251227600990544,1.492060385866303,-2.385793912112506,0.7431784440663842,-0.7654216158267078
0.7020067793714835,2.03610470472654,0.7897322185357555,0.19954459318678056,0.2909489317085966
-1.1542125267815786,-0.1773950213895281,-1.0227345542169812,-0.5297486280906561,0.2575392394839718
0.4660537256489706,0.965502308859196,-0.519387373976411,-0.3244349286364374,-0.7337033779341825
1.17231534283476,-0.5008333453606136,2.3204392343306655,0.37940374299340435,0.42959949066623443
-1.1880391399662118,1.8310654320912105,-1.278438738107005,0.9487752203393226,1.32605582283348
0.6660275485471094,1.236749092753091,1.4975598953520313,0.6696470763350166,-0.0061055802741425205
-0.2993773427375208,-1.011478568040458,0.4856905622919048,0.2989981254444449,0.6277631795439915
-0.6762648408826851,-1.941688539822684,0.10376295556201752,0.3259739708664964,-0.6823948405242657
-0.40330258503073835,0.9565722752765439,1.1145414551174446,-0.8025790479223754,-1.1012612689041197
-2.265849032533806,-0.3342930707066507,-0.2796884694541621,-0.8243668177075053,0.4277491860407053
-0.7800617788637325,-0.48338143269865025,0.4748972862574649,-0.7031677268389999,-0.8494949729964743
0.6842984437220653,-0.6464912682367563,-1.6061284431841711,0.3585020202108021,0.09760233767769257
-0.6319473978103817,-1.5697200123745827,1.3088106820099827,-1.0735802925576952,0.1646797118845241
0.39779299443972815,-0.5132969133637191,-1.3029077836161498,-0.9495808220683641,0.30115424396554763
0.32467708138139223,-0.27034506201641856,-0.673227149167567,-1.4420876213442773,-1.8681215989625726
2.0608601479198603,-0.10409101200152551,0.1260121402746197,1.0646840749795898,0.05846995754172398
-0.3374786153233934,-0.5255902704171496,0.8038107287966382,0.7164992229259697,-0.9698828016591281
-0.2805297888913018,-0.15771574781433934,0.7012201970037745,-0.47985515176105875,-1.3929219313364065
-1.8881278588387576,-0.662258419995863,0.7149589337223959,-0.9896943474971689,-0.28048634968040614
1.0904390696525097,-0.07015623653632179,-0.8014727503972443,-1.120505339030156,0.5814944977176737
0.7386280549852446,0.02686263058535986,-0.4318900755199143,1.4443679121404527,0.6399299111514132
1.988600515504021,-0.37357146360276827,0.6871622063226811,-0.845718540483208,0.4319053778983847
-0.015219860129775114,0.8958748902374394,1.2490953443790636,-0.43295812027712294,-1.724038849139431
1.1465877819282708,-1.7337494354987386,0.4869943317326299,-1.4272195436095925,0.4746376085802997
1.1909836053474365,-0.6867979644566858,-1.2926153842838348,0.637011570244787,-0.06576236243323734
0.7478499557400949,2.063190541550251,2.3531833457160927,1.4874749675229262,-0.42502573239191
1.3780932058551232,1.0137100963070984,-0.9314848882574572,-0.7001350707264009,-0.1990980220443819
0.4510564617862945,0.029415779167591305,-0.14321975272234475,-2.803150386114354,-0.10619347301286496
-0.20458168087486214,-0.21342820967905782,0.8650457396474838,-0.6733243648072614,1.3854802888790565
-0.31142264141210135,0.7467137550472399,0.3510343542779537,0.3846488647604171,-0.07998302877408968
0.5720330445363352,1.3125810896256311,0.3188403879026576,1.9762367230513065,-0.7338531209164393
-0.48976972911693817,-2.685482558725831,0.23178619205263554,-0.5938965551010787,0.754809891469409
-0.8431455303754238,-0.1328828729063029,0.40772047379929793,0.43817743295429756,0.24041124251534166
-0.8357192980639243,0.8147239963460204,-1.1388685565659593,0.48482428685039186,1.370990160056266
0.7391578835139765,0.38359580689842515,-2.069083427397725,0.10900377774828346,-0.27003530764304756
1.6992316639379565,-0.3011077904783051,-0.0644016302843925,0.15147261880095442,-0.06544266561728475
0.5615401076059103,1.469080271283571,-1.2166180332341507,-0.4145699505376349,0.5272520350976952
-0.018769993632781378,-0.9720733902237442,1.3067081348622351,0.08725072775140645,-0.5178093646943526
0.9323360547571051,-1.1919214273802774,-0.4579536360104363,0.8688079831448798,0.7322170407870081
1.2041303020683072,-0.7036891806641222,0.18453636520276998,0.5111088918921493,-1.0775782731986576
0.40107773079431464,-0.40365165573531736,-0.1399992025751632,0.16675609419364257,0.31330284988481766
0.1764215667359776,-0.2949684424418564,-0.017721382916289073,1.1255318621948576,-0.5579805628731509
-0.9588136400884663,-0.12483371481645535,-1.0616572496815246,0.6226955092448515,-0.909534824596254
0.5416665938551192,-0.3706917521996787,0.223968302092415,-1.427082745941879,0.942488809365527
1.697355591438426,2.025644662539763,-0.5990577439278523,-0.39191197067473427,0.6308400753422961
0.2591414178575033,-1.3742119835868825,-0.9168742916563531,-0.6558125866240672,0.9437279824884606
-0.46529302049653637,-0.4702950762809944,0.6375992615498025,0.04443022928260226,1.387695010151574
0.255183161641038,-0.9837939940324923,0.9115019739783775,-0.29900839788309824,1.23846771533041
-0.6872704446220567,-0.13679652641503445,0.9997247381205933,-0.3747498788910406,1.0815753904483822
-0.5710075044314576,-0.48157049678430897,0.1422049937446943,-0.22155920160319076,0.6472440381323394
-0.16969395321111008,0.050001511646663964,-1.795616990040107,0.2040165102858797,-1.0044047772905549
0.3108336605474462,0.5816255471857916,-0.1132297379052199,1.0856425724921248,0.4258608262112364
1.1979839699583261,-0.8396415226908887,0.6551094441798037,0.6726996835817864,-2.415532112974463
0.6619401845726604,-0.4646091728329568,-0.6192679697582835,0.1657511721163712,1.2358070175107936
1.0193296738665019,0.20666454815735505,0.2905647881197474,1.683355243747958,-0.5551485931808867
0.5203276980352483,-0.20724141537734528,-0.13852921911501323,0.9649908739712905,-0.225928305621198
0.6605388737723559,1.4797994766210159,-0.15024403120918772,-1.7326261261077276,-1.5308647302064606
0.7219094864835947,-0.6671149831910481,1.6641982745524118,-1.1566618666241282,-0.7419830409655737
-1.1281274757236508,-0.16875090549592603,2.9755755885134216,0.2045355269150246,-1.4892599596147165
-1.3134532980218747,-1.9068866839183205,0.3983571628823133,1.1287287761707148,1.5812501718168124
-0.03090269735681401,2.5918504272536182,0.3326733467179532,0.5938183323108099,-0.6008217380895474
-0.4107789837396709,0.630756725166995,1.748028367343367,1.696501468640866,1.077223879134627
-1.212496964023962,-1.1128196225587739,1.2198626181195722,0.0671721951362449,-0.820269382419769
-0.3551414560135709,-0.4396309785806382,0.2747540375750809,-2.157334097939827,0.3167230789796556
-1.773084617038962,-0.034438482092992044,0.6385567680531976,0.29278771519610863,-1.686092284178304
1.1145336793734162,0.968763875172865,0.91301726849786,-1.0041187398956062,2.0277451007561744
-0.584487541259425,-0.08925586548514196,-0.4211816988157479,-1.7912013269781248,-0.9957715205756072
2.150444377900547,1.4362486371637058,-0.34791163007231196,-0.27101251394463816,1.2689284444412998
-0.9316282251489308,-0.6312214960214847,-0.30547860728701237,1.4041862373086962,0.4447706171704838
1.1341088678408882,0.3624548892885215,-0.6162094269035464,1.5424487601400418,0.9246812203980177
-1.1784137100501666,0.8425054017777424,0.6106874129301518,-1.2802482860533437,0.3605352586964722
1.0819940955865157,-2.0517620836532156,0.7513274771349668,-1.1718044708398438,-0.19347021424834712
0.983720378600973,1.4729132419702293,-0.14332945838706496,0.49072967571236814,-2.0344099197265098
-1.5664208624624227,0.8172822208321886,-0.6686820589205881,0.1612834397414112,1.180478008242555
-1.0739522183000312,1.1567119272864452,0.36505313827969377,-1.2487813711112268,-0.568547086146519
-0.6398513200259379,-0.17983684511452536,0.8932707423232517,2.6409731415347957,0.11809040145704341
2.1053220063388807,1.141534232480321,0.9560465222814627,1.2804151296664017,0.08168170516865071
-0.1432435675595967,0.6353107560384708,-0.6201937615948998,0.03873144916415462,0.9378053047221752
0.07777883880081451,-1.6256337020665264,-0.23720349044562933,2.5734989047772374,0.4881480176591378
0.4116960973578826,0.19884813616265756,-0.3189558446332386,-0.23748763084370375,0.914273971504433
-1.3677306723598313,-1.862006881179204,0.16759441114658288,-0.5897263095815989,-0.20260470809721856
-0.7296847226269548,0.6088275567564052,-1.4152963237541547,-1.5454386826675939,0.464162666464955
-1.0870338075311758,0.2615332085231388,0.11423131776890268,0.950975843662703,0.29157675546289274
-0.7031795152631944,0.34414992610260253,1.5576741950006756,-0.6454828773374899,0.49620693124404824
0.25893612537530464,0.5724526053195269,-0.936361502183147,-0.8564155405507277,0.5132484994435683
-1.1407014160062636,0.7140551358048381,-0.7543727117297276,-0.07364084139729736,-0.8104139965540664
0.9946458026942347,0.6235055836501837,-0.790059070624875,-0.7086976364501812,-0.1392673305638283
0.0033180533230773566,-0.39884997811769796,-2.26543243466345,1.0011461135637494,-1.9566120730731098
0.8995318445249295,0.32770704383793714,-0.8269322582537146,0.21945991008407817,0.5014754430191248
0.46925228333485397,-0.6311520320410295,0.5963486462872758,2.314298692401455,-0.8992132839862325
-1.6306614998433824,1.2511507938508708,0.08451085043844464,-2.5082021708178344,-0.8352253426500068
-1.3921176061767753,-0.46734938007465027,-0.24241292004236456,-0.3406394489558652,-0.6879292697721615
-0.6104922988511078,0.9571865154031708,0.42189444672125725,-1.0549795367268113,-0.9154045900714214
-0.05487735457833547,0.6643504001941575,1.4446759647930592,1.5432356732347716,2.036951071995492
-0.48845476556928263,-0.25273838511893004,0.07815848083668397,-2.339049699282472,0.21964432101449582
-0.4318305395635148,-0.05484588791814134,-1.6677963951571888,0.9340746242514908,-1.1773797658375884
0.5535570860603325,-0.15099667289490432,-0.1358375857744931,-0.8693971215660143,0.6115762359359228
-1.5201388401044682,1.5017880921438422,-0.9723792441012382,1.9444873738067199,1.9724400270271807
3.1165131710377034,0.49435728905822934,-0.4179643262831447,1.8902156202098055,0.3065943779648666
-0.2929981826390789,0.26133247250392894,0.8201071103151152,-1.0928902920481578,-0.13906176505968462
0.2931229211165765,-1.2634358718033785,-0.39785238284893554,-0.7310576302495029,-1.1333442133481189
-0.3266608728109629,0.5950168290956857,0.7843735208041833,-1.5620857514116926,-0.11842655040630289
0.41770104793151985,0.448059670698335,0.7562231985309663,1.4720286315591842,0.24262456007770772
-0.34161321777534026,1.7547962944298747,0.03903636715042217,-1.5735901080308097,-1.1013748973960646
0.3338784321902713,-1.173632712595128,-0.6346307459312123,0.011886632984357227,-1.1096711213998902
1.189513189108681,1.7077686049237397,0.8471465838741346,-0.9687888281794815,0.8445046761606212
1.2989492230767512,0.7924007215920933,-1.0464569198799019,-0.02042642527989776,0.8457710315904666
-1.3202241036122564,0.7222253884506297,0.1881709696112623,-1.0364508975271556,0.09556596272272766
-1.2715120814045544,1.306114937316837,1.3492640320643452,0.8816469669968733,0.7467120515597101
1.1501848110079824,1.0833737621802806,0.5754405916647314,1.5524176658999183,-1.0870996806820492
-0.31998938983305447,-0.44630542192633255,-1.1662485200063835,1.466423605617126,1.0366650924981329
1.2442502202300751,-0.6510029432207629,1.8565259445140874,0.18372248179013298,0.06665462541823437
-0.11033968416708824,1.7934886318570111,1.5239550045903156,-0.9366699057524919,0.1453377152186828
-0.45623795105549503,0.6336148744808806,0.5147872870868287,-1.408280710320245,-1.2683395076130979
-1.572895038212751,-0.8541066381939909,-0.7670184563568954,1.2641476068615674,0.7827262339338386
-0.6780302827539915,-1.3756494281498963,0.1825296210540018,-0.32037342564037097,0.7213101649969936
-1.4232418688785147,0.3298817593305342,0.6817171565959322,0.8610908688557756,1.2848102928222822
0.04511138820112876,0.3956436276862741,-0.6438628329525939,0.29738625384676465,-0.061418589779478
0.1039782375706539,0.4969727379447319,-0.3151704895268198,-0.4539830338613893,1.283507292321888
0.5215819876244259,-0.4445168852059493,1.067790742737883,1.4831332737525897,0.2850258853605443
0.11466967045603699,-0.34673644208838367,1.8944357598837003,-0.6987527769971471,0.8285052435976283
-0.23981005447908446,0.9084132886431118,-0.6784780591715777,1.1799128058729813,-0.07934917083340619
0.6301589513931131,0.31862050337863695,0.8349756066399354,-0.2452337042063919,-0.2883493018624129
-0.9813314464891294,0.8172724887008971,-0.028265029740653504,-0.9937930990097037,1.668558593726186
1.3759318675727386,-0.4874654366501461,-0.25175176652414405,-0.5426716290527722,0.3613533830359162
-0.11027295834231945,0.9963448803032409,1.0802448770271644,-1.0152786106165403,1.716594885608157
-0.09152533869612145,-0.19322154058027724,-0.007885488617703306,-0.5337801882120918,-0.5888707999667645
-0.3287996698168192,-0.039699701528613206,-1.4235467197207945,2.390619129510954,-2.1874514313980495
-0.07960969812997659,1.5451054617291673,-0.5461087432065834,-0.02728430306787531,0.9197155543454836
0.009977077206041069,-1.586956489691467,0.10702730207668906,-1.7571984834983745,-1.1483130860520496
-0.1221357457320688,0.5735755380346969,0.15075222823155765,0.30925214101178905,1.0127043037251282
0.4553768224983321,-0.9035664834057778,0.9428134646121668,-0.6378194512389581,0.914350364887913
-0.03379580047915142,0.5038077725190387,0.67517594389706,-0.014946591040382326,-0.7085007637346481
-0.2443410580672937,1.2038478642423631,0.8251666964568036,0.4628298064592616,1.7429696081549046
-0.2942950358124499,-0.9388193163334188,-0.550721181083282,0.7138554867443041,0.8961282925162195
0.22395369252058878,0.05116733956248882,1.50367501858147,0.2856967269235869,0.8605160225307926
-1.5596039726993438,1.4068623292583464,-0.2262410162726404,-1.412579734094824,0.895710675829092
0.31985172424578684,-0.16477121693107066,-0.062340277190371475,0.11716030151076957,0.894306378823718
-0.427920358219458,0.11095118090159671,1.0289698833522705,-1.6205923802705111,0.801811225760749
1.417305922599927,-0.9242693713289778,-0.3559574596360594,-0.3557178582750398,-2.5345319923633536
-1.224875278186279,0.26884685869437397,0.7051461720081728,-0.3047216433227363,-3.492555987480598
0.9728367131126225,0.799341097436816,-0.42599840043480086,0.5229207227917868,0.774880969780834
0.6870333974984035,2.2989144178612113,0.693917346992813,-0.7140459400522187,0.7231243678108237
2.9514134162859804,-0.36302287237070513,-1.829542876614559,-0.5976000765570008,2.3409558138127493
0.9620432052068992,-0.4515869738269531,-0.21114450325079903,2.674376771052921,0.2095711124833724
-0.6560008843259825,-2.5916831199069916,-1.7884484111936914,-0.5200683677500563,0.0683674646261741
0.45932622998892053,0.697272161330914,-0.31159576092466773,-2.691819576460306,0.5818289825967146
2.403017829014974,0.7935170930090717,0.3171284451454392,-1.900144389734357,0.1288711385673261
0.09494211644333486,0.22032215692274232,0.8820227672878564,-0.5786710035072318,-2.3516792067169034
-0.21866223984878963,2.0094467651532932,-0.32156374291568063,0.8930549641296192,-0.22808410880586802
-1.1194334189069501,0.3944680302684263,1.2154089658637306,-0.09337684932353534,0.4950869585499943
0.3068648389914144,-0.8169640035854421,0.8120633270546027,0.10001874842855554,-0.9119269120506978
0.5090276205840879,0.9066666684034752,-0.9365718113656188,-2.653406537229658,0.0692928174552352
-0.562954930447943,1.0002292094981073,-1.5562456552489248,0.617358288353716,-0.3697561522918945
1.683297256720296,0.6799848018632997,0.7337750392413236,1.6956694479527323,1.0983121820972888
-0.5162951966896522,-0.4211461681321429,0.22261550391801282,-1.5988219962137544,1.219614088121523
-0.5963381292867841,-1.8056301871498157,1.9957654325769827,0.9670202157273532,1.6422040125246467
0.16878700759600643,0.39493254900070573,0.7231492297452962,-0.817547443319973,0.105330972472372
0.15965004531446056,-1.4254253517101703,0.017264198502747553,-0.3850561422239718,0.11704883475804329
-0.3022611636357315,-0.8599350724307449,0.4600045742093646,-0.4817095235683515,0.21750595680607868
-0.5003335521429799,0.19180037207182443,-0.7233451456402311,-0.14951462898072304,0.09166927036703516
-1.7928964140707941,0.4329463638405823,-0.7277706021016622,-0.7570266580771998,-0.6682223386413481
0.06343556076640541,-0.19332550407829022,-0.03869598749150592,-2.284178091551687,-0.262889619051221
-0.010107503708689297,-0.09819677414169418,0.5950548008911317,-0.23308077210194697,0.8744278022267117
-0.4804154498905309,1.332371797393359,-0.9688649306788399,0.541826524613851,-1.472598358649717
1.292199541022256,-0.32297379710138996,0.5316234543577139,-0.05136595232419771,-0.29754456516342104
0.36859142011157636,-0.8641790111743208,-0.33335224368575417,-2.2447716108087183,-1.429613230330163
-0.45263045289182424,0.03857912247507675,0.3373519649141895,0.17800458782279008,1.5692518743881825
0.8129713369573142,0.19220505940239976,1.6958914168953976,0.5967162660860492,0.9679715450193648
0.507974802297704,-0.29504170269110963,-0.20734306260991217,-1.2494249675787779,-0.44077496340138334
-0.49807606496831525,0.22604806309955452,-0.6420172263516587,0.45640450761290347,0.42630065795450184
1.1111503747131883,0.1259254977429487,0.6407381384770648,-0.2775154272509516,-1.093466108515168
-0.6404385860565212,-0.5954976501472689,0.5218967246058469,-1.4724607781323555,0.15687523104850418
1.182121705909854,-0.7738893299113989,0.8731095584104822,0.7983129204446753,-0.30297844786229433
-1.3317440429822824,-0.16429832930297336,1.1589233359382112,1.450054187188779,0.5928685370809409
0.040575657951275886,-0.7581098248694726,1.9172065566908782,0.9814467727011438,-0.13664737149572895
-1.5410572521756882,1.2266990710019094,1.6389205247292489,0.28322068198137357,1.8850480380017238
-0.8414623830369622,1.899604399148773,-0.7843896096271745,1.8303675602603742,-0.8760117906966043
1.3164931294169275,0.4923348831185121,-1.056600958312543,-1.5491646402139403,1.224597562171043
-1.093356821599661,-0.5771880703397009,-1.2043969542508453,0.34395230186547887,-0.7683802471241383
-1.2314100070868559,-0.10012423588204591,1.979597477985294,0.7341671828173919,-1.1918904341114887
-0.4770042031978699,-1.853459576471129,2.385269754270322,-1.0483713683944391,-0.7819313712970938
-1.6314075038965066,0.5890882865498694,0.3114768547140138,-0.7927391359993835,0.3563292189346109
1.771629339882409,-1.6380887589833484,1.3407026651963714,-0.6745555818996107,0.5407135129885592
1.0115689537461963,0.2983649515861019,-1.0996035217279636,-0.07346755962610871,0.23923814400053514
-0.2396044439712724,1.142155226550059,0.2935018669830388,-0.11504281740343392,-0.2931517859799811
1.2335949014942844,0.549245959837081,0.5252474965095422,-0.866312158914611,-0.8268059570551751
1.8372708768609853,-0.9892872094617113,0.8299217768210836,1.4452940547375426,1.443329627767558
0.7792941283490294,-0.027180121560388234,0.1829837697009809,-0.6109610982214415,0.5073110824133208
-0.8747614096936305,0.020003888815104835,-0.2602611554351308,-0.09593725233647571,-1.0691891094375303
-0.5265162111773551,0.04788105279415125,-0.459771495321531,1.2948017207869602,2.0325511288072122
0.03665157756484554,-0.2453421472390896,0.894089412472318,0.37645554942388504,-0.025186191943797058
-1.0558765042649263,-2.9242753428168795,-1.0358297528274525,1.176351721695993,-0.14674879605559435
-0.5795442320559467,0.4786214488900025,-0.02307016959072642,0.37679988229172373,-0.396171927924889
0.6200482525091332,-0.7562605576393899,0.5249908304634302,0.9745579557847892,0.9230807080704216
2.5184201056733873,1.4410322026059252,-1.3957599080034757,-0.7413926470206457,-1.1248199026354473
-1.126484214922787,0.013270787017430794,-0.9799420375692621,1.0151914915191451,-0.10952052225982702
-0.7005503806087393,0.3099549057154924,-0.45394582553233365,-1.006044654730908,-0.8284793206895127
0.7909758016810341,-0.008686664294000687,-0.4786332208803595,-1.058999711214714,-0.14675628385329656
0.6499365353313856,0.05124938248183658,-0.19119036560764657,0.8988817340385155,0.23855458349765518
-0.2653434532341471,-0.10052600957394786,0.8675520980034037,0.2614632485594955,-0.34923341615720954
0.24258644780363214,-1.4192756094376746,-0.16126450476355386,2.279061973032656,-0.5708077636214371
-0.5551873572133171,1.1133537692888895,-0.9954367316056558,-0.5831400848660672,1.459940207929018
0.2617408744406429,-0.7374097409529201,0.4993961375911754,-0.9381913143964873,0.11511648249173072
0.9020163117562886,0.33237812810387124,0.4467229448886017,-0.027055801265455898,0.8935679506054318
0.6106787688321238,-0.31073070135548986,2.725723975192547,2.4950698040603,0.2277600527832672
0.9218819056214356,-1.1086435445769671,0.5932989305023291,-1.315244516223966,-0.16453191672186637
-0.35730743758370237,0.010107143333673572,0.977547229922403,0.5955053112202982,0.14384511457668195
1.3959815125522308,-0.46109600382328325,-0.48511068433807625,-1.2959215034247755,-0.12244388486597986
-0.832546804370795,-0.3638218586825809,0.047120788667527204,-0.45637457927743225,1.6890767566747806
1.1178324829360107,-2.0904586228576147,0.39038364252106494,-0.34308479102425427,0.3409906200642184
-0.01593056131981207,0.6754832935209848,0.352253633246899,0.4152263639800678,0.27861382720957967
-0.48142062552126075,-0.36979160728443006,-0.4712676252729256,1.9511235916952785,0.2725989395080126
0.08411314014406089,0.5408800026850046,0.323800092386842,-1.880498520288337,-0.18629987053480732
0.06461357172574454,-1.8326545853181526,0.6721639658005136,0.5312607490776409,-0.5874294752854677
2.592710356019387,-0.2853261739136534,-1.3177991983329638,-0.3341551740513936,-0.6900260415400451
0.9446510559983697,-0.26687937632558245,-0.1273496889565428,0.6362709711480669,-0.7675328473183345
0.018950652742082623,0.9348380740436976,1.0083746341425464,-0.8038178274897813,-0.027249588462706614
0.993903718979937,0.2056703311335006,-0.15675396956298324,1.4080964668864848,-0.1825903054345034
-0.44612135453630103,0.3554968711547971,1.2238355427524452,-0.15977512450010106,0.11365262414028132
1.0202184678076278,0.7836042692755372,-0.9876368954580712,0.03576887503318239,-1.0274516212261873
0.4450009809133086,-0.1439002210502658,-2.577410130014667,-0.6275855195691994,-0.4077952755547529
0.14152926470151853,0.31436784789406336,-0.6570438656306152,0.8293462391183257,-0.1394582138955852
-2.978259836410789,0.45089686566351234,0.30034783396633824,0.45359544660022866,1.3040598784537554
-1.5963185093557626,-1.474141288783128,0.003059252584415723,-0.7703103633201656,1.2901868793590436
-0.0706041944146254,1.5930889459482391,0.05404017642654915,-0.6724719246417428,1.1889925359201594
-1.261339376122359,0.15448861831700694,-1.0684144799766673,1.0692483618781823,-0.1514772488408681
-0.5009513681618349,-0.7577913561724844,2.039128439456158,-1.4763421400349463,0.5120091631358147
0.5473604349052454,0.6603998178898303,0.8769785404696114,-1.2082846776755083,-1.188482942272369
0.5707974369479565,0.3886141544656997,-0.41778663183289566,-1.239913622736775,-0.2153245420868555
1.446758758538095,0.2741393993527677,-0.08748072094880882,-1.3030545816790429,-2.003771292897792
0.4791098926253984,0.4171616214810858,0.1129866465483095,1.6634833012005041,-0.06369150934183625
0.028989250875791232,0.14097966465457779,-0.1024846660914923,-2.0117173760416396,1.718100674862336
-0.3939903198834131,-1.3598952501427715,-0.1151516120237825,-0.12775427291298214,0.31257307165163783
0.15817963369798413,-0.08262873948723959,-0.8716004423328657,1.1183531332321155,0.4356301784424884
0.41801227687621173,-0.03222854256882481,0.8343269264234782,1.970411652288591,-0.1551749567765678
0.7841640871941261,0.5854933039293859,0.31964513925992394,1.2020358552821897,-0.24004548482611826
0.970350334484002,-0.06796399900372632,-0.44763881619147877,-1.3293560525725527,0.5312610096913192
0.1766466182975154,-0.6620548799178368,0.35779559646240383,-0.9784174560478588,-1.2003520758474178
-3.4137906632978785,0.2696027230296368,1.0960308709884685,-1.4674583543131128,-0.39696473925779074
-0.32910304153502806,-0.8856210383970908,-1.023519009216398,0.3380569530164509,-0.5656012453722782
-1.0364646253435952,1.3689984311953305,-0.8808281706960505,-0.7457132968115261,0.8750702220638538
-0.14608136033590108,-0.08856914868476655,1.206733561809286,1.2955552982148848,0.6094972296256487
0.22328834759554406,-1.398769707375624,-0.6440439472062486,-0.6106029328819833,-1.5614390622311616
-0.2935718613821543,0.9006081052539338,-1.8400261736238988,-1.1203908906969675,-0.6053463274513344
-0.7285336521855688,1.2051459005540446,0.7091985263717571,0.8989218453544338,-1.1251350617092004
1.3485991295904243,-1.0617190768319265,-0.2423588726297956,0.03510503026060775,1.9698652764579778
0.8856888457405143,-0.9145982704555452,-0.09743369105589202,-0.10260965323222254,0.9900420978548489
-0.7331083600021528,1.2762460349227758,0.031235390568710157,1.5930198355495413,-0.0514463708668402
-0.37184286806936145,-0.6595556977380818,-0.1577741091586436,0.40690588485465157,0.3076369234519807
0.7632996264587227,-0.5200722117613857,-1.8641309077023802,-0.19335742066515638,-0.14509787466569946
0.42584290404849334,0.14637548433619796,1.1832518100866454,-0.2937082773747963,-0.28487606773479457
-0.30997691083902046,1.9021066502808306,-0.5054033985993376,-0.5047101187967215,0.1788503092004166
-0.5284327176361373,0.897870074069462,0.609260094212965,-1.5558682651334756,0.07172775876771983
-0.649964033422998,1.0168596721160263,-0.033948302345819366,1.6230228196283916,1.0810671017506095
-0.7150604668002635,-0.5151958159422662,0.6436279591969364,-1.693245193402391,0.6472872517461865
-1.1000414423676086,0.8638275557304901,0.6347789649375781,-1.0474463909564171,-2.5964394333173377
-1.079426639972628,-0.40288085312462346,-0.8588212200248543,0.5671165273334494,-1.6563135548315506
0.31176933553346065,-0.3422906512026407,-0.5985454203474443,0.9627952526354947,1.1172371085985249
0.7908070205704582,1.2065952241741347,-2.7547448856752013,0.8595416262788165,0.9361612508825021
-0.9035881953873299,0.14306874410462286,-0.9688387933391731,-2.074299225322734,0.6862388887914026
0.4088009331961691,0.10987810852756437,-0.8251425838374171,-1.9583458360092223,1.2366679043837718
-0.46835578084248874,-0.7180122453059732,-0.5953951352290968,-1.2909539029686194,0.3812116754794396
0.3103496687898171,2.347690739259155,0.7165033080680333,0.6485605651045574,0.2708374500306788
-0.5695024197596028,1.9232524106431474,-0.6423996190838311,0.6803170632602642,0.4093384816748101
-0.8507177074011337,-0.4794313011813823,-0.2798099146392193,0.42247896724448525,-1.153228134668152
0.044575291957036446,0.2916216924720312,-0.3808421081732765,-0.2204878699208372,0.44915238778079414
-0.26932512596169556,-0.5965524532316153,-0.47970095977913724,1.9765538995447436,0.5619688927788675
-0.9463812362483046,-0.4830883227852447,0.5270775079357586,-0.4754078557238602,-0.3975854472471603
0.06004050356260929,0.37932587376517046,-0.9488698296390105,1.9359504830434628,-1.2622066470986326
1.5126137351146551,-0.7056617523744628,1.3176846423634938,-0.8349167896550814,0.4274027631883598
-0.004531527530514306,0.500401933882163,-0.5653193214018983,1.331002090194701,-0.10808769450112733
0.5560374974752361,-0.8337283078184479,-0.14581509115650376,0.5712229416952315,-1.4099771583655976
-0.9325553113642034,-1.5373919602863821,0.9642808511428358,-1.0992008341881605,-0.7814632008441228
0.6396674715644066,-0.18253664251840435,1.0319285378598313,0.7771918803149157,1.8691050894971828
-1.281755686323902,1.6860763149843114,-0.0913160125159798,-1.9697904514287687,1.0765118758736676
-0.38087446388417173,-0.7709740210649353,-1.9045435425877486,0.684445473753229,-0.4124959904701395
-0.7448488567901214,-0.4333255061424206,0.24792351355918757,-0.8798611825084924,-0.9865916419161004
-0.5871134783361797,-0.02077014964208221,-0.12859609047625073,0.025727547331537568,-0.31934221478067387
1.6489545425919312,0.9027224336110443,-0.25417560210157064,-0.18266982000450058,-3.0137975965978017
-1.0617690037238356,0.029326009916162035,0.9988421084382634,0.9618423411396834,-0.2588368484328332
-1.4303080050475367,0.416473669730862,2.0154559676954324,0.5818482310332652,0.18278636411333749
-0.04127193108034578,-1.5506801601872935,1.837245311969485,-1.0885392930580522,-0.588887102143948
-0.1922286423681342,1.5901219366217332,-2.5492296910340553,1.2673576943671547,0.5510793851499773
-0.7959904332127119,-1.062131653225521,0.6200083636179428,0.150261171793761,-0.6046277998303404
-0.5917474313061345,-0.6549405387642924,-1.0762298661011276,-0.4533916504769513,-0.7846314747347992
0.7177852806543807,-1.3416459330436459,0.5078661568361129,-0.3422673380684934,-1.1420280365602264
0.025258705197767222,0.36576786329772426,-2.2945649059681474,0.04656777687326794,0.5521226405378575
-0.862058872712963,-0.9660256674780936,1.5009936414999592,-1.4115025814683189,-0.6464547801106917
0.7504710199923642,0.5147760506537444,-0.2730783455184178,-0.36061210766332386,0.5815229529498241
-1.0443594924231987,-1.1644899919743796,-0.7641163353815543,0.07156843675548391,-0.27141129933634406
-0.7283869502826669,0.3623664089714791,-0.2349988950145314,-2.1115166796970115,1.2775463962132994
0.3363388989352845,-0.08174239345027952,-0.583914502032866,-0.16854982267589896,0.12543670219402442
-0.12270439075054905,0.9794242669996058,0.1032968502435814,-1.1005871372757237,0.4467958159619818
-0.4589709215229238,1.020532687033439,0.30387339384613726,-0.815659700428931,0.7716648249426231
0.4626718587368044,-2.3292308714309105,0.7108139790721392,-0.6467221585880968,-0.3275982194797596
1.7715302505241504,1.6341768730152402,0.2339555114188976,-1.1273416516698331,1.0942238160911555
-0.6503188492334131,-1.5752010173897508,0.6559046724552523,1.3410584084072377,-0.5570806640768237
0.5491142021108276,-2.220018420673263,-2.1910703088423387,-0.29472672315428666,-0.741786512690084
-0.3346901675217158,-0.30148364909479475,-1.810564132190516,0.9145283275513341,0.8586009088403729
1.0056065431355241,2.557369348628137,0.6817587583383738,0.5320924233322817,-0.07490743042504756
0.9282757013797773,1.1711057425794336,0.1731989553246553,0.8722239460978635,-1.3028878970417495
1.3521905844694797,0.6185675138617364,-2.195985825079766,-0.3784850351714484,-0.448928660490599
-0.9318440278388145,1.3737549573470904,-0.7948938657161612,1.2657328736711366,0.9445899430366773
-0.01654325543337893,-0.32178168326095996,0.6727438615370509,-0.9549785317318986,-0.6890071327531185
1.4137877089822506,1.8226119690578677,-0.7195000043839306,-0.23466212098784464,0.3475071824329095
0.4328769860757463,2.6892392401072565,-1.6440599336764707,0.10060108713059966,-1.1962599816529997
-0.9842784180153944,-0.01797605627032439,-2.7892237075705877,-0.09028673342590697,-0.3072702848250175
-1.4989874310351683,-0.04922922612425608,-0.25972299381826486,-1.8183149473377809,1.3477721526768671
1.8469712499038051,-0.9734879193886472,2.1338772125652596,-0.9657371824031449,1.1288582236665508
0.925047825606986,-0.24090534530359595,-0.1924430588343299,0.11420623412266204,2.378401446574988
-0.7843665137428739,-1.5758743256412033,-1.8884182326516838,0.38385541099099296,0.6604835567599512
-0.7983299965034238,-0.5841875134553524,-0.39522921012018253,0.2644375247878475,-1.3136448403104215
-0.9908857653365738,-0.4230229974751178,-2.3897025255138375,1.4796871341365336,1.145532401920515
0.31797791824925875,1.9993791702969474,1.1701602487643195,1.3994083431365534,-0.23282427663635902
-1.5225923198130593,-1.3033669162121428,1.7418222597569153,0.7727257592483318,-0.5242808135527033
1.120692048237298,-0.22740949910343777,-1.3158458225693126,-0.39152298561548254,-0.2759818240576082
-0.3020268403400327,-0.23598126014677218,1.4168980848712893,0.020935373025162317,-0.24032516573123286
-0.10739204982499294,2.7274260948784343,-0.8520335081305581,0.20852670877671592,0.9944788552931383
-0.4403841258543936,1.2408053012080191,-0.5888850333172498,0.8440910126055661,0.8947919790259634
-0.04211255179168295,0.17264168741772717,1.781331912368449,-1.078410082930345,0.16620768844460332
-0.6389273288250098,1.1038671182619766,2.7189370909430863,-0.44392168632520784,-0.5649679018035855
0.38276617530892076,0.7993808007727067,-1.399347782986973,0.032561938102367474,0.5712607352695922
-0.6968084599984838,-1.2429856388515885,1.7171388410489576,-0.0021563103712550495,-0.0980502789472398
2.184487907817196,0.14917105271287867,0.6562908468699125,0.9503670139378008,0.9881013057185296
0.5273867322527764,0.5199416711067095,-0.5128861738575212,-0.4720786838159333,0.026654176678923894
0.015433786596285625,-0.8260957182013288,-0.19130934886820086,-0.1284901179392781,-1.6640174510115109
-0.9234123991718385,0.5060810419149098,-0.7537962719649326,0.9743136330429701,0.42092638771826413
-1.579231666813355,-1.3856050659753476,-0.4244719718484542,-0.5555878021545478,-0.5648868696208253
0.6169069422902242,-2.0493704555986296,0.23861517334530816,-1.7835871193072261,0.7256947727104256
0.5657574747379734,1.7985446102856306,-0.8104451473602462,-0.5519035749246426,-0.9487398415340188
1.2893491425977464,-0.410213173498363,-1.3967259236705656,0.20214687125634712,0.5956622370873487
-2.0714785766224413,-1.577748899508388,1.694330174084102,-0.8112978793225236,-0.9228396072665311
2.3378633258820862,-0.2500782780454854,-0.36215301022618623,0.3651259099397435,-0.19217688134615274
-1.0801237360545974,-0.913134350795103,-0.04359406687180901,-0.10917466142414597,0.5250417994706005
1.472013523627175,0.5303822027403117,0.28549188203542336,-0.5186617299161294,-0.26108129098093724
0.9530366272560573,2.4344581075688105,0.24334801959723412,1.0332623519933795,-1.2373885501637283
-1.6542207102341042,-0.2997515363590689,-0.7648432384929148,-1.2799592690514041,-0.5948834120733518
1.1527602062839477,0.26713556514229553,0.015326201022076323,-0.4050517858039693,-0.7205610777127929
0.7412150179728024,-0.3188086083810454,1.8294398111509624,-0.2946042800219885,-1.1402164697248318
0.7489902544416409,2.1695907307431446,-0.5420550250079235,0.4249311489541565,0.652251759927575
0.1401652786595804,-1.5511863137162707,-0.18497585452060616,0.35292773363354574,1.1696015618181326
-1.39488012550232,-0.33184115812610193,1.5550394325626886,0.4356825709495108,0.8144104947807655
-0.7586428640230849,1.201801159211375,-0.10307353397271703,0.011442906825895592,0.9021365436832393
-0.1634467414801702,-0.05707597617335937,0.6033647025286019,-0.9029114815592352,-0.982984940006943
-0.49365749307495455,2.395084319464462,0.1606579862381584,-0.0332593900717128,-2.557299012433155
-0.1273775598308915,-0.2159027260738342,-1.0999265352221383,-0.8771000131681187,-0.3738931333502124
-1.176675977403565,-1.542301571257711,-1.1214594634382762,0.14205904276219689,1.0661279710282279
-0.3148068462886579,0.5675148611372568,-0.5517786318267344,0.5652084759314064,1.153589131650911
1.0883440658680335,0.027901659444329183,0.6777445341797189,-0.10859646050072731,-0.26217788702802886
0.24151714478494649,-0.10762903153601995,0.8704181605766161,-1.4911428239636546,0.42214905150021137
0.35058835167825797,0.33401020037252643,0.016587213127219363,-1.19540710729692,-0.4096604116366037
0.5011488499580043,-1.4868297663457595,0.5744520359877748,2.6911999044246526,-1.4029680317107298
-0.4036064041794535,1.0185037496099012,-1.9715814182174136,-0.1537364017644581,-0.2111701680963358
-0.4405679264699974,-0.7242583610238805,0.1538799012144965,1.009132403336671,0.8981001350107657
0.903017175863293,0.5246342011106575,0.532439836387169,2.307886969104197,-1.3374250491264843
0.7158832717235535,1.768823632112673,0.4695564848235327,-0.8054877306214997,0.07991670750525652
-2.0195644084957665,0.5556173898028425,-0.03561630643287758,2.480610121482725,1.5857512490528236
-0.5000793849559322,0.4440980458363968,1.0677828919332868,-0.4641699893939256,0.2531027110602182
0.7019684764048368,-1.5077749085385954,0.4866652726580257,0.14027826247424866,-0.18568577833507013
0.8103213202877863,1.028442881698174,-0.7388776177454123,0.38409820845852716,-0.03966237206668099
-0.4338336457109896,-1.4330480684958191,-0.552024534446904,0.17132224000108365,-0.32646287597429086
-0.5291807487450227,0.6602510259312917,-0.5501698916293943,2.068411608552267,-3.8796472386414536
0.10744541904708813,-1.1141984009084567,0.7475579417586162,-0.46883257522129246,0.1956406441319122
-0.6511377379130402,2.0481488120564757,1.1706452676013677,-0.055977989763050795,1.4283908373803134
0.6524468148997157,2.5490883979406114,1.2581010978905494,1.29031102025039,0.6718554880481384
2.411412988961282,1.449885604504643,-2.1546229099877614,2.0668048860974824,-0.31155705988460775
-1.7013636392534093,0.5025178634496595,1.1710255578916207,-1.1173306119310467,1.3994164513448277
-0.6186777207698619,-0.20557215498245324,-1.4866173135932057,1.633756116183353,-0.09690197377735328
-0.6205096533693241,-1.2355029763007912,-1.6488050821967661,-0.1275023992101069,-0.6800955994333171
0.6008656912937542,-2.3589296244132374,1.312128638475865,-0.2552446623117796,-0.5781468986193231
-0.5326355371296573,-0.5728529892871522,1.6969559900873346,-0.2852106199008768,0.46324613313509705
-0.49886557738549053,-2.4048621970977164,1.1803478381414505,0.8673220472064229,0.809755600284937
-1.8532082761558613,-0.420703921414069,-0.5042939906594692,0.08330189928375756,0.19820452482728082
-1.5069093494312937,0.930968667719805,0.6412728823765186,2.2360223907434658,0.3720457033120599
1.2675730949527124,0.3438578103997695,-1.1379616809794002,-3.5449936018995194,-0.692169637857148
0.40234000288177224,1.2281578946036051,0.7912563648387749,-0.7499793190639577,1.2520863660557746
0.06321875434254043,0.30937645780105666,0.15712780105085036,1.2142459475171254,0.2654617460741876
0.19305746392399786,0.9587662166208767,-0.45449319646170716,-0.607360544150928,0.855105939861891
-0.4092447763295867,0.7444335028408947,-0.40261462609242876,-0.4397720588462162,-0.5364359965299917
-0.17664867463448108,-1.3058747573744187,0.21992716017347327,1.5295222633756789,0.24744965701497712
1.3779844417138662,0.8815169963875461,0.23682119468129617,0.1848142513712631,-1.598242177833908
0.31846929837588106,-0.06566604576024081,-0.8186433750321844,1.691741040737329,0.9739866855723658
0.28838955813157513,-0.8757922583590149,-0.4606401706002868,-0.11094953456671862,0.2240349983731681
0.7358629028265551,-0.156754740956388,1.3183632674775292,-0.484478525592638,-0.15172703734792428
0.6760576013074765,-0.3177794597861247,-0.14155712065095355,-0.9062990975473926,-1.13005942657929
1.6373666999676992,1.5167972531681448,0.4391344404636726,-0.6267561580763212,0.22249112059631382
0.61733980923626,-0.8352335912622343,0.3756415791355744,-0.7176052197342425,0.6759506871876246
-0.14281121044342046,2.367857620821614,-0.8702784421338177,0.5600383670130884,-0.5003626836139452
1.967620526190863,1.9310449514530657,0.1836721671241628,-0.24021131430170242,-0.8400638655101684
-0.004716200769116404,1.4332069454302832,1.728172766725818,-0.01903941488878373,1.0909461921408368
-0.44719989933470333,1.1629635685597521,1.1896728768301663,-0.48939866776714247,-0.012911015623181395
-1.3195423559582764,1.125201636041103,0.7206474098535421,-0.17480648262939305,-0.16475103420047646
-1.1003866065272025,2.1585496892133866,-1.303412924316454,-1.3843449459055426,1.9224401938776003
-0.41409148953969316,-0.5716606597510885,0.8054247510609257,-2.2921518622139083,-0.7008969670830268
-0.43814018584575637,1.3701481390631887,-0.5432463147610483,-1.5809532555126995,0.41279513602348417
1.650730588488042,-0.660509504528313,-1.3300311459110352,-0.33591534917248445,0.13595589172996192
-1.5007264478061166,-0.662536461582958,-1.3449086989459105,-1.4705134410990743,1.2050555945173649
-0.5968353778925525,1.7457065355407497,0.8923249481561542,1.3926382651500677,-1.2496801402594018
-0.9254420943247171,-0.5538572499021243,-0.7889189245882813,-1.2429390286365556,1.36660640096632
-2.426473638239513,1.9032860915124439,-0.9236003612246464,-1.4712671602355316,1.8064395708681915
0.5385565054419358,0.6034283892839934,-1.219680334381758,1.4843497230958473,-0.13638821557974745
1.5849160834969467,0.9231050668232023,0.35144051374117885,0.4814928403284049,-0.4544472198810377
1.0186232688020922,2.42833532551269,-0.4095115630205203,1.338819087502526,-1.5104041845024867
0.08222265781074112,-0.8853831401505203,1.3698169279084518,0.6624679067652645,-1.1288432784497489
0.46390464245930646,-0.7703943725880517,-1.3057505052939917,1.7555960541720672,-2.8717120456868406
-0.4212432439812072,-0.18622790454173868,-1.109648522142585,1.124932077302805,0.18022839443420965
-0.9685878004930509,0.04461471056795499,-0.21804946122399285,-0.44136129852587475,-1.2246957496591382
0.8416454417182021,-1.9392814639718028,0.1886196251594946,0.39482027156319993,-0.8973504915913733
0.35289702988458804,0.2678735225467452,-0.6318533112504247,-1.3545722138365506,-0.8222299341642705
-0.03727055557078756,0.9516287171901118,-1.6570010578196037,-0.8075092281377715,0.9326352552337873
0.11901744391727125,-2.1957268837654356,0.28112480789229644,-0.4573929040741572,-0.5092509390217974
1.4467652405253428,-0.3073286174360519,-0.6476316571948081,0.10471620479898132,-0.7882541655287003
-2.328336500378333,-0.10441269115093878,0.8247090513606624,0.2212231210021774,0.261807611770415
0.062390934172739165,-0.6079761156562313,-0.9396106876173543,-0.8969175743338573,-0.28877034699113274
-1.509248020930351,-0.7879621038968551,-0.20030822671243464,-0.6790260906057217,0.8545984951945427
-0.022376028376114385,0.22896068355045687,1.4954778405728888,2.1604665652888015,-0.23537763157067843
0.35721040844073293,-0.250606426753289,-0.7252432989325581,0.004165622694130393,0.30407947610158303
0.028485958614618657,-1.5326544913298248,0.773264147700558,-1.2447132313085427,-1.782380828338795
-2.045412689707762,0.3090574038305595,-0.5875749031937173,1.2146310196858159,0.7875090677604877
0.5908475382102548,1.0188961634720488,-0.8797450280290132,-0.3711981497210012,-2.682388649478635
-1.462951700341701,0.6842019891139305,0.30653348662229934,0.05140784036343738,-0.037191291823928746
0.5763938086491769,0.45306052106148365,-0.7872541555808027,0.14259078283601004,-0.07855927212327778
0.6599011400518116,-0.5489520039985534,-0.06946930287923861,1.9808898787237343,0.5390548567423002
0.10622645726565372,-0.24946747829082389,-1.0535847240864045,1.0115329354294205,-0.19848634051436295
0.3658076548460383,-1.4478070506597196,0.2690254511832396,0.39876712582122587,0.2245743649414416
-0.54563800818277,-0.6278820944937094,-0.24842594085993686,-1.1409601091688868,-0.9074187269446689
-1.3773660390729914,-0.6097693154818169,-0.5610764840193315,1.0411050171836655,0.11050328277370124
-0.9502943577297207,-1.5287716465037413,0.84656698195733,0.6606503897529495,-0.11620606096284125
-0.15731139988791876,1.034902887500374,1.101933670217185,1.6761519995570948,0.361286067725442
-0.5161492763909161,0.10855030272243632,-0.6899375708532648,-0.14224741579072478,0.8981674140420305
-1.9486906668365027,-0.38780895235745266,0.378041618328851,2.3842784216414517,-0.048620332683538464
-0.003944953371482142,-0.1511883797375721,-1.553211479947906,-0.11684103749574798,0.04160360847551895
-0.8429614611559397,0.34830817853884605,-0.20320096033352691,-2.2047703582437586,0.4750324851856657
0.5367004257364189,0.014920945284252174,-0.37576862629256097,-0.006649208260993264,-1.3699360428521137
0.46097005213161846,0.5639812353911846,-1.8849071754345101,0.13916560695007676,0.10256271429245771
2.342932511922392,-1.8879766315246371,1.5621878569526617,0.3498289210345752,-0.6693903221783474
0.6400574470521724,1.1377326244059212,-0.7293526369203263,0.39633526016273085,-1.6916001699779735
0.38131259030002457,-1.635084777792068,-0.9735713412290716,1.4887478769675762,1.6777051552543656
-0.5676289053289039,-0.18527159858225242,-0.5475571362549061,2.562954967402703,-3.7550246346663614
0.24560851283549712,1.1586184496350689,-0.5213997330410359,1.7721978113829784,-1.0312511599576852
0.914561190288519,0.8879879817410147,0.32922438209015553,0.21474247150548487,0.3405734940195854
0.37296632109836386,0.4328807499182958,0.021327198657119278,-0.11418852928855226,-1.2380943118308447
0.5000237797454216,0.8803253852767841,1.0205757974050313,-0.34976496428628434,0.04793484478824789
1.2752965729603256,-0.018611108222590534,-1.4073016966977432,-0.8424853344825617,-0.3615645494982699
-1.8863853973353684,-2.1107037048129027,1.1831089585555497,0.1896024230229695,-0.9665854894834395
1.8401324105016557,-0.8021373671772936,0.4410334614463605,0.1836870214644965,-0.30746131169880064
0.37406143211608883,-1.1282418175501585,-0.1056083417753314,1.2714137573298043,-0.23111958414740236
-0.1846571111308428,-1.6932272698871351,-0.5559445074768988,-0.8935077347112365,0.03355140996756769
0.2756675942024149,1.87135839165253,-1.3055064955665272,-0.8808719508596405,-1.75056220058075
-0.09909972882218085,-1.209874491256601,-0.25438532553488225,-0.49318574709189933,-1.3487428883109427
-0.5056593455125523,-1.0217771759555172,0.743748580233305,-0.06675792017805494,0.10773477001496588
-0.09727465388001547,0.33765942292910267,-0.7184822588418607,0.26226259612027447,-1.1502174487434471
-0.9906923992301815,-1.187873717262426,-1.375140019512403,2.145455860745381,0.11707885982302933
1.4588147638669675,0.4427419229705337,0.43742533035619235,0.12984520090659007,-0.6185721748012972
-0.6560182700499169,-1.0473980111567869,-0.6942638798410075,1.4628277255868052,-1.2898914041278078
0.327658787746593,1.2422258933035495,-0.8441524531670029,0.035367503362593866,-0.9261350358922636
0.40251015964061454,0.21786805511103916,0.594695281415681,1.0117984830746,0.8050132245587084
2.6368156122440367,-0.7760441491881224,-0.8207832406702773,-0.9672598573061957,0.08871781068054359
-0.4462392776660748,0.1886016909541266,-0.133322391110559,2.630482937732418,0.34280869896504385
-0.6254585318116916,1.1358554573622754,-0.9459053327694791,0.9726934205992371,-1.8209311889376998
-1.4820260963195349,0.22982548456042157,-0.49530043696374854,0.5363382952108314,1.747245872672153
0.8397069125032989,-0.08335771559371202,-0.03765092825192672,2.3500018668462914,0.3154241844048974
0.4810395771028221,-0.6369963332101934,-1.3847367708281224,-2.416026175016288,1.7109186590755663
-0.013799152291623498,1.8200639477101845,-0.256589730306059,0.6200538338519337,-0.00018423650614203882
1.0629054257212853,-0.8917373255366977,-0.8210664022695445,-0.6484411201227909,-0.02682433118644749
0.7481888700115993,-0.6077011473512431,0.5823709693690423,-0.037186346971747566,-1.0342884336206095
-0.742246568211879,0.44029713190536757,0.6714654568764253,0.32039975063621545,2.0807399161828
0.09717773283252058,0.08677085158762629,-0.8935543730201668,0.5249825845591699,-0.4659549172838544
-0.9363365283408773,0.002133787306797596,-0.2503838653984951,-0.8594361201205234,-0.5666715830979865
-0.07069194877185328,0.6732164696331007,0.2357589929683323,0.08321245577261145,1.789682029028241
2.427150655063461,-1.0966421008471758,-0.6769939076635151,-2.0664788362556172,-0.6411167210313501
-2.113541837035256,0.43733728679705985,0.6853870493848925,-1.3246282486936698,-0.47936515492316306
0.7418543035346813,1.4098788491109702,-0.3341128257126906,-0.05012971437779027,-0.973833496125734
0.932595464089407,-0.8261755186447546,0.7808659184012022,-1.040942914772246,0.16571367118558278
-0.7014588842106275,-0.8667997094803567,-2.1914935810498477,-0.8695852239250996,0.3491475013132625
-0.07439056293968775,-1.100438675357519,0.5063097560365355,-0.00031729735728161377,1.3458393339074821
1.0775507288765103,0.35579211552981244,0.7268154125442824,0.723781039001404,2.6022688542309633
0.015604398885334964,-0.5223207022933796,-2.132056669310317,0.9625355398596114,-0.5555447098887979
2.6882139729697876,0.986814756143521,0.5871534394789075,-1.0055982887428128,1.005727275042524
0.6736840661503262,-1.174762643734062,2.4694401312100367,0.29998052292691485,-0.15043704633526955
2.265763846769681,1.6194786800933794,-0.16175686080210464,-0.3599726748233147,0.24501991192520145
-1.2700371966657484,-0.5308888748604692,-0.4011982256244729,1.2218476612265774,-0.34461875419156146
0.1477813578954345,0.07667065821050459,-0.18961164667512304,0.015681963895356497,-0.5545911232251993
0.7651642489265298,-0.34555166468961657,-0.9542295497107746,0.20675838291492973,-0.958468727669432
1.2958865991822572,-0.6023084639524902,-0.5985505042730815,0.44399394313078167,-0.5546815893942656
0.8566026636826954,1.7211930907106154,1.4519298224170056,-0.33964351197850917,1.3320133637020724
-0.06534731738119907,0.5851831857270477,1.4684376616646524,-1.6626494921287953,0.4567028750180861
0.18680115569488723,0.27405253254346773,-0.11742082744393549,-0.4447663783215652,1.326291637811087
0.2687490822760524,-0.9976735369697638,-1.6000182001612566,0.6092680382120031,-1.0447472498112558
0.039579401916114074,-0.09983630530824718,-0.6492877089153344,0.4365712061268495,-0.8742539097493105
1.0366977892379934,-0.8638201701216315,0.2887537161165367,1.5403415700115861,-2.0215314650564644
0.15098478067204585,-0.5094512138924221,0.4715216206034603,-0.5721334673830615,0.6114851211619544
0.027705420884649647,-1.877276744586062,0.6065021114984711,0.8632603548355279,-0.22322737386914604
-0.9430660068269798,1.0174314734056131,-2.5064544729991898,0.7814651834569614,0.9490316512278699
-0.8272096848559206,1.4903376351335595,-0.49067235054778063,-1.4814083824556803,0.7793332668802739
0.8762732515777151,1.0360934034436253,0.32026129173763634,-0.8099296016930595,-0.22590766204621587
0.3131886433855702,0.1944473681041743,0.7585929396270062,-0.4619260055081549,1.8801469925758378
0.27398706217696217,-2.3784956866838285,-0.5944464955141054,-2.944592620710806,-1.2266676606426807
0.10456943833917429,-0.6762468368228475,-0.862343025561033,-1.1363722385645256,-0.3177397904646705
0.38493125282472607,0.11913747050314683,-0.1459181534287692,0.29505877241641537,-1.1465234649482523
-2.0259636118053463,-0.4326795854740314,-0.13907701003209974,1.3005376717216948,-1.328566060460913
-0.044144072713908696,-1.4873396380566357,-0.8290506666921262,0.732120194472439,-0.3311361084269589
1.3953554980002543,1.1448624747827736,-0.967127595260828,0.9634588267716248,-0.9691982276534354
0.26924876331548775,-0.7086246562274081,1.0716940142884688,-2.6602215731637613,-1.162589577983303
3.1806826613275185,0.10859539999253046,0.27174375661790434,-0.5972714465901939,-0.03186114383986141
-0.01867784688560286,-0.9194929471901343,1.9499555994695443,0.037645538476845916,1.3697548108879711
-0.12728911977522583,-0.9698867882555633,-0.4174013429855312,0.2450931667600679,0.35451171022217826
1.7463224180093433,-0.10385965825151489,0.9475803003578674,0.503311489592574,-0.14954058532144685
-0.970122134403977,0.6060861392732414,0.1572392330850428,0.2077244001533349,-0.11402260299255375
1.0595151858905347,-0.19091327787862436,-0.10176142845306259,0.36939554037514616,1.569933830910569
-1.4577234707582984,0.8734000624158862,0.47309726587220613,0.6449731790003091,-0.1322999871710391
-1.5287906792579264,0.298113215647061,0.15582793279212243,0.493454079585328,-0.39020443150368733
1.381443257059983,-0.8696859861146865,2.3507368679148426,-0.971615402565512,1.6745186437854862
0.3999997833701542,-0.6603636914025863,1.5211145534521922,1.1719974197676828,-0.17076383850916416
-2.1927430753179973,0.6727582175485423,-0.11390675754046595,-0.3944689388628118,1.717028297381827
0.8441336241497435,0.6404602170575607,1.0687194153340427,0.5303914329206242,0.9591482376424243
-2.8655860688510937,-1.0299760427127334,-0.7307993273980425,-2.1432865508761068,0.18092938500660652
-0.9206511988249071,-0.8308850286970857,-0.23043576263162666,0.9275120298004023,-0.42660262090464957
-1.818546575219202,0.2478604480731302,-0.5132822145012804,-1.0907078885019847,0.5670750429293221
-0.35508581596281785,0.5252474628838454,-0.12552705685430104,0.5054987906270396,0.17656533682510747
-0.5850572653142947,-0.0053020664735441096,0.39943042694090675,2.1569581431999256,0.09611471187778625
-0.27434856990496453,-1.0354962922896174,0.8366843657718959,1.1190252844811535,1.1451876197978699
-0.6825646212519199,0.5420856562678199,-1.1445162195569605,1.0850088280490453,-0.49344913111165056
0.29018285221015483,0.7043224343699382,1.649980495539777,-0.5963732777505591,0.38218368164674904
-0.5866754265088455,0.4457438028618655,0.18371307195018374,0.3107363415840885,-1.913706735570087
0.23928210100104869,1.0013794435382892,-0.04310502446878377,1.0263880366648999,1.50986932949923
1.2764701682331312,-0.37352315853534146,1.1696325986783112,-2.271225392058898,-0.051279197112860865
-0.8978684286256524,-1.6228365662692217,-0.04312506745637365,-0.8682842500486696,-0.49744138185552883
0.8925350950337776,0.8479302064286698,-1.2945208353033468,0.5305012565889248,0.007716578202373426
0.15218964985197656,0.155244195151708,-2.3912119907693214,0.4222399007856664,-0.06147536504059306
0.6439301072809348,0.4304062335212093,-1.4199477232428594,-1.1049988356157483,0.2053166398541401
0.35230898251115267,1.4386487427507055,-0.5571969208111548,1.5351512002687444,0.4121958305872716
-0.01728578422517918,1.030492318283651,-1.9748072031816115,1.4855959504900493,1.1908656212370372
-0.6184453568071696,0.9808747679809161,0.3315206679813917,0.4753901628779397,0.5678253118626913
0.8075441513066214,0.6287639007299075,-0.26855152700416324,0.7284477031480724,-1.2713502417212255
-0.24080400180773306,-0.9253075084641849,0.7002402622954932,0.13630592067183084,-0.5640987781219823
0.3708606054749351,0.9212001983837582,0.993220537310825,-1.6055974818482501,-1.0010422357169992
-0.42926929346171994,-1.1170295371683971,-1.9931290754127928,-1.756559271901315,0.20093740108258365
-0.746068402197691,0.49284776762414656,3.607520920522498,1.1482364491926424,-0.2685728063455436
0.38194306636806513,-1.2719052695245316,-0.859930019172629,0.8092996092586633,-1.7700476650384327
-0.09012989348036206,0.2712994895377759,1.4713881915819778,0.319867383960632,1.5345230909442495
1.0080593037803267,0.3193447027703121,-0.750416444335768,-1.0018038818666402,1.3833199171203872
-1.1532074289313377,0.8232163426696234,0.8005671782204657,0.291733629613882,-0.299715129763078
-0.19211930778287128,0.34113329566433553,-0.30397260805688914,0.8449337518429694,0.13486259762087954
-0.14651834556034765,-0.07126083000884789,-0.05991153818860717,-1.798172121903871,-0.10389453533758942
0.4707681870294726,-0.05984603922439354,-0.6956293829829397,0.03735134778384993,-0.8458062524448388
-0.43010379433391477,0.02970920382502504,0.944775423513946,1.5676702764324526,-0.3387867370919009
-1.225886625542399,-0.6717163804571044,0.07994927120363582,1.581254894719415,-0.43128290824571663
-1.1871761880308154,-0.2584324612922336,-0.5553081777820484,1.5409287765504422,1.7772103968935915
1.7114977865544156,0.544123618598406,-0.4994572719927997,-1.1641425299670523,-0.32900558699091287
0.17814248264384308,1.7544782586025847,0.3384254385992131,-0.9819514419602146,0.32742349919282115
0.49385951315183924,0.5046128577688116,0.7531335619035515,-0.7099942582422647,-0.6691684812523725
-0.5934240689882546,0.4035503899630429,0.9014910832724171,-0.19690230164552144,-0.19096240820158686
0.8520118571050422,0.597941338266579,0.16978925054476357,0.562458136639029,-0.6407117770797719
0.4723509859238364,-0.17624080383420465,-2.1389866821287455,-0.1279065959502981,0.28736692184195406
0.9229905849961875,1.7220930304420217,0.6314938030738811,1.1173172670754767,0.16023797893834163
-1.2862894433246324,0.7793107884122221,0.5740795803552396,1.453555362996789,0.8935621341832602
0.29865214945252533,1.1304400455522403,-1.606925670037069,-0.1120221545694826,-1.1361577835462864
1.4109828513108051,-0.7586108534797964,1.8004513053400373,0.34007987421657,0.5035671293632987
0.4899687046751118,-0.2919667450032635,0.2285303303095718,-0.16865496697748614,-0.10286749908137857
0.27596299193436474,-0.4867104842526569,-0.35382133843754277,-1.8636968746197498,-0.8187539853315124
2.4839368806274953,-0.7963006198331526,-0.3666746718791259,-0.6539854456807507,-1.7658079307608225
0.9529921586970016,0.157689100512463,0.7635771631306675,0.4797712175803223,-0.6156701907034441
-0.9006665188413752,1.5026120091503143,-0.5144028356165997,-0.02599285069749326,2.048494629630836
-0.34542550659418036,1.1191996940811724,-0.3667194984768924,-1.4035708076666231,0.24603165047419692
1.3427153756072372,-0.6000608664841933,-0.21489558746160645,0.839371956522345,0.35745216873041913
0.17669043430794681,-0.9135304006977589,0.3103408903832308,2.4526621678231413,-1.019683456741542
0.856325248349788,1.060178766590692,-2.652970748993313,1.5764897674514666,1.7020590731801106
