-1.4666020423070458,0.7927840793890616
-0.6360536072565519,1.596687835285317
0.03697027361804982,-0.03538956060371908
-1.7716536951677682,0.2689974489219463
2.1309003763878467,-0.34938466188014156
-0.20974824809171486,-1.6305215363440737
-2.1031254972791618,-0.8100058076205768
-0.6762028011130872,-0.1951360541628798
0.459116221283745,-0.5686757840938966
0.28980922197616055,-0.36416210045329955
1.01125042430354,-0.7890774450908504
-0.8596072255189054,-0.8193706204377263
-0.542856155884951,0.07177486964661925
-1.2796769161002937,-0.9818132175583196
-0.8259373256155724,-0.43250853810352896
-1.185885569396186,-1.1108476478721854
0.6214655060162942,-0.3593718745385483
0.363896903299365,-1.206694304892388
0.3504787186427502,0.9076614283717659
1.0483279782546338,1.3060167256196384
-0.8602189168945885,1.3783038845393925
-0.4929670768847661,0.03289086706742219
0.8972960955362562,-0.4744693029832783
-2.12747320726807,0.7344187942758529
-0.4493552928960056,0.5323662983631587
-0.05517287773822594,-0.2616119614802204
0.7692176200099126,-0.7656858265503713
1.2828344623510382,-0.4393217588195348
1.7753790048966978,0.32686802953870714
-0.8131138334660171,1.1267819379361774
-0.8615795658853317,-0.41174798672824287
2.28686450215995,-0.7866321218401949
-0.27111620331751424,0.536722758089778
0.0019877918801107022,-0.6394677821359247
0.18505785731549504,0.21554726201180066
-0.43611373498873923,0.28434962125485497
0.022022800377858018,0.026767996252916395
1.3672401512538568,-0.3580522918136552
-0.38584242529844187,-1.8084259815681825
0.3228943273400374,-1.434640137804875
0.31751712551226724,1.127466782212386
-0.06467026496579642,0.1170119154513302
0.5048118318200563,-0.5962368837504317
-1.1657687158822674,0.907047674967797
0.06796208856768812,0.21251553246311503
-3.0369274307515566,0.03794677606606176
0.6441473433341638,0.3870459809414383
1.047899269523832,-0.7723976321709096
0.354855352581513,-0.04689268374082028
-0.23589440964617492,0.4862573748854668
-1.4543089755258765,-0.8150067480383792
0.15306749846574924,0.023280080443075894
-0.4701691771155132,0.4108811964571469
0.7968499716773096,0.3093296195940776
0.3038678115381078,-0.022241426465676117
0.963264614321596,1.0203610472073634
-0.09778406485405564,1.4861441379277438
-1.1515511086827044,-0.5299156055505679
-0.3245006678211239,-1.3519976421938396
-0.2362119920203682,-1.0965077083755614
0.14135267183633407,1.6268181442279492
0.4644134735428687,0.3705805078435516
1.1122710344928926,0.39705424914375864
0.14584828028426947,0.036137442901807024
0.28502456332834214,-0.018690165910945085
1.0665297945869696,0.5892457118356779
1.2243382609948514,0.05121826422171186
0.45533311966486245,0.3413577216096491
0.6322104186650805,0.13501885595363317
1.7046345335103306,-0.11733670854363593
-1.0670681873410306,-1.0028397433086536
1.013104038255839,0.36756231804977985
0.4586044582197388,0.08810292825900166
-0.9866647822331173,-1.2077658471787305
-0.15053663260827624,-1.6616410108404898
-0.2774934739760188,-0.6260248017005143
0.31025722502198405,1.2850448405084116
0.8266480069820974,-0.16579055868383294
-0.4942717109309421,-0.09257140949155478
-0.23647024459416213,0.6660805568237486
-0.5740816844173384,-0.08544685252388419
2.403832115891535,-0.6410381216628879
0.3540821349176338,0.024710903148441384
-0.9697152086987515,0.18154522407260662
-0.45337625923412145,2.4169998351711635
-0.13707754962957486,-0.9559267765098918
0.09024695584519893,0.07544963191350415
0.1800018833937988,0.9169164781085503
-0.822647954088557,-0.5829243453617372
-0.1329117547509032,0.6090480783841384
-0.5063236866562395,1.1446957378506493
-2.145470322664289,-0.2535214115014051
-0.5271042582567184,-0.8610134841175116
1.7959507841907318,-0.9064237939091965
-1.672830933610992,0.08067413678322151
-1.5528218639966682,0.32734985583482096
1.7347902869474396,-1.0471032057136211
0.3957736678253439,0.8307040021842991
0.7037478446188014,-1.701092137389792
0.04471178526764311,-0.01572777741750326
0.34024024426500293,0.47597045400773685
0.5220453786182616,0.8967517150258569
0.4707948133834707,0.21253342487859636
0.35878130705371447,0.11894871050546256
0.8333300145698821,-0.15980549669381838
0.08568507211182357,0.06683020264300095
-0.37413096718118033,-0.20391910441716835
1.060855585022927,-0.9954077851569456
1.4456218535154273,-0.27734887320898616
-0.13291979327348372,0.8706838706241373
-0.1965113323199342,0.42509503082620137
0.2943421735549105,-0.7466623579039161
-0.2391853260644432,-0.028370935138872237
-0.19357735646167767,-0.3324049015247053
-0.34762746453762217,-0.24601336859172843
0.03764798724772841,1.1355548871825691
-0.5347972658380042,1.016528565808079
0.5469854279912749,0.4556746100013167
-1.5765217862907588,-0.843828830993795
-0.9806678656021869,-0.29736782774035436
-0.3928420945811626,0.4946845613061913
2.0639431769371006,0.6397610491556037
0.33313816743377817,0.7497898390191413
1.2743237829582101,0.0678311126342612
-0.41243511857660964,0.9038148481992931
0.4719434553767631,-0.5032520528123439
-0.41414781335562834,-2.596465401475892
1.0480210462252209,0.39321790701644665
-0.14223960414679224,0.8876077791474838
0.08823832413775325,-0.8887807257437723
0.9767929480284208,2.200504086793662
-0.39452153829625203,-0.9013891706310845
-0.3065439968178051,-0.4850327134335161
-0.14617461690126085,-0.8704374982197419
0.7426784697094566,-0.3698915709106767
-1.192615565816933,-0.4811394263079853
0.8204874302665949,-0.4436069446941955
-1.8971869499728757,-0.7282311188061373
-0.031126947294067453,1.3589043319706577
-0.59172393766899,1.7869669410956048
0.6971694207731841,1.932113715389041
-0.6993012375101945,-0.2184342485352645
-0.7752104309989476,0.35929934689694576
-1.3596595838507672,0.26787728912382264
1.4278813839375757,-0.20724415838636928
1.46234827744512,0.7776457979848979
1.7444070788416037,1.0777113849847402
0.6229720591258531,-0.3553613461696683
0.8083438138155885,-1.2583108681891766
-2.2840305040149778,0.4056628178006611
0.5121038910229715,0.3262306947960078
-0.9454547888437694,0.05263254956508072
-1.9263552012467433,-0.21693392599191608
-0.2214896744584259,0.3655370684672997
0.7930661147349957,0.5367628456886069
0.7297916744656167,1.809643236026274
1.1668874646771634,1.0178722278515004
0.40062900651882377,0.82999713571906
-0.9600357841243466,0.0902555939349649
-0.587986222098233,-0.9225713934001535
-0.9234550351618558,-1.9879275539693264
0.5675140010670915,-1.582588471231445
0.0530137546402194,0.5254026475560052
0.525001253193244,-1.2644392609117625
-1.1355298521107782,0.8305019895622001
-0.6981482803112041,0.8701771576968634
-0.7511744217204597,-0.22652545379923492
0.19457093635355444,2.5751271599854113
-1.873095200435491,-0.047417983229803826
-0.8109778168220688,0.43616954405784863
0.3855761740048877,-1.1839117703501396
0.8097201363704076,-0.003874637007541201
-0.6867562835325436,-0.26907323438943603
0.8754160166606404,-2.016468795544384
1.3251448672337276,0.13483621746794733
-1.091575509439271,2.3460689381107027
0.5602390524093322,-0.46804147697705556
-0.49500124380302274,0.3708341391705046
-1.88651313076753,0.31877109517166424
0.6834418103965257,1.452730880919855
-0.23565671506514818,1.4647096893794336
-1.8138726467917334,-0.526821229149598
1.2463109031562023,1.319484200019257
2.730857312861719,-0.2544390125397848
-1.36186371546132,-1.0413927902502345
0.3166441222337119,1.1168262766293469
-1.4076703503216825,0.5444106916047724
-1.442032041132146,-0.32407498243766436
-0.8322252811122008,0.7578541638093329
-1.6743655952677126,1.369789261336754
-0.2633496948439633,1.1992596843424508
1.3553419543931131,0.28126259302069073
-0.0686638239061286,-0.6165011986946266
1.1431654529716189,-0.6062767109042296
1.9401075935228,0.5001214895097896
-0.4199826807069703,0.5235980079572118
0.06838228648818916,-0.3521634812715312
-1.5222177128074499,-0.2514356414447948
-0.7312138026989836,0.5513807884363674
-0.84399707445573,-0.3165188686302218
