-0.9128001511540234,2.2357954949132908
0.21647907130591354,-0.16185036139009018
-1.5890598599025825,1.2262360617109078
0.6631884405940972,1.6743002554385669
0.4462041092562203,1.1275059934764717
0.2691280556134567,-0.13281889388077142
1.9635662454217826,-1.7391840578384576
-1.9329137763606505,1.2604687268287154
-1.0014902347740227,1.679658321892853
-0.3824876114748012,-1.5748967331343167
-0.673914752197383,1.0895322028521572
0.7119203433658903,0.3925998197879362
0.21996046222508056,0.943324519503845
-0.21911475931900157,-0.0878765624599127
-0.21903362087088948,-0.6683548192783829
1.3707286570204975,1.2621564827124685
-0.8849867566151812,-0.6088174380678126
0.37954405994788143,0.4825214663033442
-0.28231207951047754,0.4345391331805834
0.1385252589842085,-0.49961415881521165
-2.382934456306043,0.6975333724924169
-0.838875412118393,-0.16828116801406184
0.8584820813947456,-0.32160815409289023
0.022520715255958872,-1.9115451478895982
0.41574997196709734,1.4459905964630824
0.7518935756821159,-0.5918707276555484
-0.8830915434402904,-0.07916376968077062
-0.7987024446895292,-0.38470788310410753
-0.4032816770482052,-0.6158689977007699
0.01998338341374362,0.8634099091230107
0.4953313625292807,-0.9243382067846192
-0.5815645728109012,-0.8114305390046346
-0.09576558948611263,0.019120902111400554
0.47418430665492145,-0.21106188747980775
-0.13080589727629408,0.8525206689986256
0.5981557872695913,-2.203971662292378
0.5522122060990501,-1.1001244663918286
-0.2759459463888348,-1.0267377071002453
-0.16867415796740365,0.6276728108608777
-1.3632503060735437,-0.7690954181416373
-0.01487844719358386,-1.691713141199717
-0.4215017542286787,0.4152664485318656
0.3215135956071139,-2.2202853578221444
0.5310530450880129,-0.3887752896024376
-0.8715567338427693,0.6614813271311462
1.499331874916076,0.3089243214750348
0.600526505858479,-1.2762251387395525
-0.004055117915376185,-0.9443899938945335
-0.014231018601311096,0.47224276931538367
-1.193082690864469,-0.9054381835196976
-0.6633014385312428,0.6810424258630269
-0.4143640119925141,0.852320919484614
0.4141419544067054,-1.3495257498791131
-0.6825266412468991,-0.8510690319349352
0.8025097103612802,-0.065976534959803
1.7305510396151027,0.8821444400212649
-3.063593135423157,0.502950944406734
1.9808679285909851,-0.34022508671128865
-0.04402447686170701,-1.5735657797489786
-1.8232006324802332,-0.5452067635703541
0.19197601264810282,-2.1568161603114118
-0.1427270819507225,0.34906164572959114
0.846194861662264,-1.7549883133700357
-0.1316821800156923,0.3883913553606794
-1.1351835435208162,-1.0363305606399438
-1.475634731583473,-1.026691335883471
-1.5027661192774746,-1.4299850442521984
2.0922452948716526,1.68401911243981
-0.30769330857266547,0.1248023011696552
-0.8289337455485289,0.39968473564361096
1.952537086752873,-0.005642621987260405
-0.6016674369580999,0.7960877970806856
-0.0484194694913276,1.5843302950736657
-1.2285738264322634,-0.7163979484266414
0.06973057132785641,0.837386577406445
0.6607391388820556,-0.2604691165878412
1.5579097931867505,0.27759240785307554
-0.9628320531587881,0.8808692242204441
1.6507431416467593,0.5158314162289593
-0.2847166029384122,1.2491201695884682
-0.6158542605575814,2.128356470591545
0.21249844068412221,-0.2903151317491774
0.4297757550163181,-1.2209756201640605
-0.33653221543174083,0.4171430148960264
1.0591774782643792,1.3931095139328094
0.5016312360043759,1.3391149312967776
-1.229491714247004,-0.2708436537794239
-0.4626952361091373,0.3525681207018883
-0.41175195204969495,-0.6796101885900563
0.8066356250075355,-0.4110587419901195
-1.1330397462067316,-0.23715850677153627
-2.565076188595865,-0.39512077506489507
0.1375766186462022,0.06575282354959328
0.5211516834477733,0.8078179417967977
0.2211957820415841,-0.4988016429582461
0.10510854493761235,-0.04579588883405166
0.6078677251309161,-0.6455401100942303
1.0378258922221018,-0.46167848137233847
0.679323796785341,-0.07730243986875365
0.42306728539756205,0.7703751480553792
0.698988155786336,-0.35636413920747434
0.8156632849859244,0.37923712989392244
1.2160424028005636,-0.8300053492505389
0.7517577916725504,0.03383263724775106
1.5467320729339304,-1.3664911223302245
-0.23828066475687587,0.5307030240696484
3.306425098157032,1.0587044488494002
-0.11642524910166573,-0.008311904743156866
0.9453143605902735,0.1620937363482675
-0.40407363577174515,0.7055783884330903
-1.112455918630658,0.8277943680854659
-0.6133117043112174,-0.05559013339860607
-1.1144341646630136,1.3521743002016937
-0.4619433596715365,0.885289652813526
-0.27340077978160204,0.06588153133595573
0.573822878735424,0.8709913539361251
-0.13123580087809822,-0.47406808367571196
1.1834649120520608,-0.47790648427187854
-1.092598944504486,-0.1159025109654316
0.7510523182758138,-2.1605104968709616
-1.7169710233679014,0.13995406204460045
0.4610479324864047,1.7327228159211425
-1.650731378350702,-0.010676551133516274
-1.557173623245293,-0.3277488137551989
0.04006264738086396,-0.8047652292379056
-0.32010724119988965,-1.2346736874677855
-2.003872688316191,-0.7299415371640922
0.9095574317040365,0.21117489775922405
0.23737258382989992,-0.6224422524329275
-0.6091688721432131,0.4631837029738464
-1.0956119078947506,-1.3453184638985352
0.46783231160145905,-0.4622191467559957
-0.7492255368488784,0.8577305245393896
-0.11579195221884117,-0.38113494053694524
0.32456823783260474,-1.7127390473876285
-1.1196195061860739,-0.3728095365736251
-0.34073057950184754,0.17466652088492035
-0.44484656328865296,-0.5605590186161561
0.8824392226548774,-0.9728320082709587
-1.8217125947830504,0.07138704745286567
-1.8282242424067756,-0.5532723128565256
-1.0768495291142919,-0.04650478975207957
-0.5250389879644762,-0.46071091443540496
-0.24964992231855548,0.3535752185412617
-1.116003234715771,-1.4144816822867128
1.2001128206073077,0.5039591267414809
1.813570929341221,-1.0104562751337454
0.21344180721861675,0.3280344775756969
-0.9679252787190276,-0.31381676857381136
-0.24953908485696952,0.24053114542334617
0.4111115198757849,-0.5921211290417706
-1.0288988635869123,-0.7892995517961221
-0.7998624923832967,-0.7079013094002086
-1.0788449094152563,-0.387581322276927
0.24526373616527633,1.4688675206762791
0.6901720450484184,-0.12178390810356625
-0.6435340964537603,0.0353621318412566
-0.9097780693756327,-0.13817856545941276
2.6256944139947396,-1.89683021951205
1.5457816689086579,-1.4029296185392774
-0.5117562695815503,0.7209364888596891
0.10673089675877247,-0.5625567448725167
-0.24934038706974038,-0.610802845010346
1.0878947391354135,0.3145104721773708
-0.5049855449071996,0.7962453956008652
-0.8328010616505265,-1.4745336397465594
-1.2040483246419917,-0.8098941521774075
0.5562365870100672,-1.612932379723783
-0.13250838550806793,0.2455074258801724
0.37279290225624023,0.9900496607442704
0.8100650175313766,1.3403942842833831
-0.6711108902579987,-1.4694309263455585
0.5996646049970856,1.117539667019733
-1.2325451337612423,0.26932290015153637
0.2484569269259164,-1.276773490528206
-1.4529303352788858,-0.28057721556773135
-0.5894777699311361,-0.8098717315868987
1.274058872277628,-0.2228462284366284
-0.28100681878684314,0.2461873676418108
-1.5676230368300346,-0.41615300305233616
0.4432040159074851,-1.2259944859223626
-0.3960072870361495,-1.3283820056376106
-1.2846690892770012,0.47753015181091096
1.8618427731645306,-1.183899309028876
-1.8175624400138473,-0.3622084027345007
-2.169213475004304,1.1584806840675925
-2.6743460024509664,1.4322223894388508
0.4018517544339344,0.8193682824641482
-0.14694361341274656,0.08163461412594587
-0.6634753988715024,-0.07355251064876046
0.02587740563613644,-0.301312712226443
-0.7768020538265721,-1.577267385274832
0.3690989275192794,-0.0623143732231935
0.2802445918224815,0.8796019747269453
-0.24325252376448378,-0.025855406851031878
-1.5201250171898755,-0.26050541920391035
0.6338325185016911,0.48599566491519636
-0.2651050374083743,-1.1530310211356716
-0.5441343102053204,1.1196524829984529
-1.8485786132588924,-0.701996780238309
