-1.5259069758275403,-0.8411534335314977
0.48063047931857406,-0.005346521078447147
1.2753409123433253,0.12688064811953836
0.16920422844652278,-1.3345546657158975
-0.25261143475782744,-0.0027771644329693886
1.6094453312415553,-0.974742368872076
-1.3713288511270851,-0.497474603180031
-0.0888589023324937,-0.01613591653247967
-2.0443098140837135,0.949171795521527
0.7136479101163395,-0.7318666706547385
-0.1958874041925386,0.9021872386193132
0.08698487695488782,0.31036989703713674
0.7110012106073192,-1.4997346461509187
0.043379224815365054,1.1163992269647038
-0.671260679265317,-1.112914110555264
-0.10088106172253586,1.1855728975206739
0.9189756675599876,-0.7727930228012424
-0.5242872666246234,1.9557676814757907
-0.7143387195495705,0.27902192340002663
0.8415971569500738,-1.1732356432906006
2.0566420644057595,-0.860420058023967
-1.3470606808080938,0.9512084801924722
1.0139089207484093,1.118791102196371
0.5548716725868006,0.009997256842996353
0.8202755453672853,-1.5837944824097312
2.665941352339553,-0.23375311673571264
1.0542864309183937,-1.4461482390105305
-0.937289102683771,0.15745720051220735
1.0700444891972014,0.7415686989659224
-2.5080783589688997,0.4664551252455465
0.8490624402958087,-1.4413803234505234
-0.8837025755906723,0.2254769205206395
-0.2799095402460201,1.1646270005398822
0.5814407745070252,2.2422322667788843
-0.5264254801532693,2.2476843587093343
-0.41176287853338794,-0.609269847261304
0.7881734768648261,0.8697373136281942
1.0088452545692033,0.42839640342298896
1.0738800562238549,-0.21712229931795576
0.64070053576446,-1.012473026028033
-1.5299196599603753,0.535671261219077
1.6145738315931477,-0.702140362098192
1.2946861255455968,0.3718796011524909
-0.21559606859158523,0.5159010219931945
0.33832469355582745,-0.41286618279508924
-0.8380448381658359,0.22493805063620584
-0.44573649803914983,-1.232639125661891
0.4597800103952356,-1.380310027420074
0.5548504908888907,1.1932050404021077
0.5988891111383314,-0.5274209950683422
-2.927992720160633,1.406764262300233
-1.2597322046125528,-1.3618804758721956
1.0228438772320967,2.1314909456083226
-0.1389414186139591,-1.2482735674244116
-0.1528622299743016,0.2388768314410053
0.8084253886261565,0.11042061163394323
1.4546465420418944,0.5384063996259022
0.7963245155877869,-0.6771565910707985
-0.8727107334830696,1.6926681169413738
-1.0297682804574597,0.3110384434787836
1.2917879539872954,0.5690300912938153
-0.4695964008386736,-0.9927046588775083
-2.083635898234708,-1.0128925058165434
-0.42670572432067777,2.340444071687944
-1.323993128285668,1.7241824298819053
1.2067816250527401,-0.5638613050245794
-1.2760609971708483,-1.4181431736017314
-0.5118665423851669,0.7419856176021425
0.30549748819603595,-1.0927119768483082
-0.5032356128890475,0.2123351258917266
-0.20826079516266444,0.7971353502747095
-0.399881091312688,0.4009252713874119
-0.3615368111537396,-0.9198353462639832
-0.767506518970349,-0.6810955787750084
0.2470269402071998,1.909057936749826
-1.4290902815953581,-2.0444784588342744
1.9675722575224774,-0.8702467569894072
0.7644808689967096,0.5781250661046
1.7363533570475127,-1.4283704092456233
0.45884440222960027,0.18857832950061637
-0.38295247148829437,1.3018862481588802
-0.5548691763356721,1.613612451049582
-0.6060919284684684,0.6981528427000588
-0.36202447110690705,0.6277416967995353
0.08999656176451905,2.489093533731659
-0.5042163770028841,-0.13172682271783445
-0.6455846428219444,1.4438532893759801
-0.7738418028569787,-2.365848004679882
0.577880389641666,-1.804010065642634
-1.5703439986562933,1.685227170663624
-0.2826320910226617,0.017957522715417198
-1.1418039520953192,0.2661392357048337
-1.57847820481214,0.8421408545112535
-0.5413559096968429,0.6120663343985375
0.2843990833973971,1.8975989531393065
-1.810911505866095,0.11801305780627187
-0.678533154641912,1.003216524672116
0.3503580458057696,1.9931969189474141
-1.1794649119178917,-0.8096197333893741
-0.3106442970182964,0.6237678772352062
0.9308741841660444,0.5499844992615028
-0.9687961176176358,0.1253506013532102
-0.7226523022508786,-2.11734068126631
0.008042430499734396,0.47207258678186576
-0.15228971943423017,0.24902029228023018
2.6520421716450335,1.728669405185013
1.013358508574568,-0.3775605168748423
1.2241613302486698,-0.16998888487342534
-1.2489020434017866,-1.5246580749353082
0.7339176034780241,0.739616277736247
0.07498589754505787,-1.830760425397002
-0.42475224055506133,-0.8850611281379368
-0.9995561923742178,0.2679968716712031
0.2232066917899262,1.3747537442914912
-0.24177135165212504,0.563893993452811
-1.2773053695907641,-1.7323912313144387
1.8692164652271264,1.049823132783769
-0.09954441515861726,0.876229598496751
0.6711592931423108,0.5383384683752619
0.44795978666414066,1.3340657364105433
-0.26758501176072136,-1.4052468265206148
-1.1007350846214308,-0.24129372003655442
-1.9680681450653732,-1.240633047683473
-0.32144408711232514,1.0378264736846157
1.3249097874075955,-0.5330257100705315
0.3076899214400619,0.8084572676133313
0.31861145573330457,1.152789598205358
-0.07927907044983708,0.8747758930541302
-1.7807876960729123,0.014362829621265182
0.28744122349829004,0.45648455001973265
-1.210658910346604,0.23024693488334708
-0.6719378646071147,0.5337180770182943
-0.7948118052065084,0.2920904580019008
0.2083193303279161,-1.1115381091478445
-0.314769168935806,1.6972457114386443
-0.5078886726562425,2.1578821169811095
0.998877143336663,-1.430570294986329
0.1152749859213888,-2.4682844020411263
0.06416197885164145,0.5829148404273289
0.526450045856565,-1.3609467234548074
1.2256728790677447,2.1287639472027284
-0.4660820563603864,-1.0453233238587563
-0.45237627820415005,1.5352129774545809
-0.6165915039747042,0.5904877613433928
-0.37210030715612713,0.12143528898233866
-0.39826491694914534,-0.5298280286773038
0.4430592626653251,-0.11831063812354017
-0.41115160103720105,-0.9252036466284665
-0.1253380367075652,-0.4999987185064125
0.1721072676442567,0.3527271860903371
-0.17115389176914933,-0.5379051752893432
-0.8519206496006345,1.9927908337047815
-0.8664511050824235,-0.011781003139488202
0.5019177802819821,1.1686847966482508
0.6838497706408498,1.0280692229143864
0.38298801762786083,0.22107669779408948
0.514602976349533,0.5594120536376559
-0.5807500460920664,1.119081244215447
1.009464370880966,-2.3397745010466053
0.24637504593094936,1.2103514603358265
0.44516283031610043,-0.008858961099206062
-0.6234291900632656,1.7741666173236603
0.8682769080915343,0.07422103221743848
0.20461744228619297,-0.5378226269737688
0.4111571725769547,0.09529511119231913
-0.940433125614535,0.7272259267085481
0.8125371787725074,-1.9281123064023997
0.9940803264011409,-0.7290201857894176
0.9735478974533661,0.7734884335263003
1.4414833121925115,0.966695602344468
-0.30597655828183373,-0.7565466300448205
1.1649730223866603,-0.9263717654292137
1.9440483778639959,-0.5979729611347626
2.017637353173761,-1.422104074281538
-0.5754905236462086,0.7722080059077753
0.5240749801831546,-0.1683101221176606
0.10492884431358926,0.256397283523554
-1.4995067298682836,-2.013101885515152
0.9404741523137111,-0.3161120822842228
-1.1358369734702276,-2.4186373461782993
0.14135328525237761,0.5049723249237047
0.01794707123256929,-1.3854141540734886
0.20636127444722518,0.11423960476578018
0.7729158544653798,-0.8038527402413522
-0.23366810933097726,0.08319931817558635
0.7232355963202037,-0.12103439603344557
0.3866444195205554,0.5780103922387364
-0.891067789286539,0.6145948300197095
-1.0158323075916824,-1.1644644440571408
1.111920816748886,-0.029847208758390708
-0.7403274520208204,-0.5333184780080262
0.8425946007039995,-0.9135918314741789
0.22169076519813308,0.868373492347878
0.6840772515627128,0.5829227578644592
0.27702578696262736,-1.5294201108882481
0.359374259970451,0.6149155814277258
-1.3306320443242905,1.8428436384152116
-0.6657920753774992,-1.57199454228411
-0.6559857409440442,-1.1251635381209761
1.3336649778899057,-0.27062485200605146
