0.21048393209465152,0.48505329694678734,-0.26178886745605884,-0.4427714567845895,-1.596770810685769
-0.4229578434784252,0.5325347225091865,0.46990515394181565,-0.5109450471638898,-1.350601013513129
0.7577245202672914,0.8388456081483793,-0.43495637892172173,1.559925594011281,-0.4544041961476649
-0.19918026184414891,-0.6659470511057906,0.9104797789944887,-1.062251916331778,-1.1024873749500717
1.031315612869675,-0.3918850806294897,-0.8072884477415254,-0.12824800906729497,0.5681570814490958
-0.8613916984097649,-1.0626560180715687,0.731891231448311,-0.18190969791770747,0.29037817885658035
-1.1111471621757543,0.6475930579146669,0.7645147587432825,-0.6270292447696818,-0.25663687272739083
-1.9544017996494476,0.3618069810980255,2.2451346200431783,-0.31547599076070054,-1.7329007224287938
-0.28633336513108976,0.7340199426192983,0.07619541928788966,-0.5056624605205674,-2.3156471420296527
-0.16770297902606313,-1.323716636634519,-0.3663241668155031,-0.5360888766107835,0.9620992724844751
-1.5059082814758484,0.41639379750060523,-1.160164831451348,0.6609631354749962,1.5274263765323062
-0.5905591862124325,1.1581127030761504,-0.13145927706806812,-0.513391073282577,-0.34795724074047435
0.2270386249378733,0.5751966908131826,-1.42798486659428,0.5164498912209523,0.8302699509972375
-0.5642971986222306,0.6974419020873274,-0.5148865502340578,0.10293913306933422,0.9306936133146203
1.618561510906313,-1.372245177933266,-0.7798148438264038,0.5086183152415643,-0.710209945866256
0.3694455651203264,-1.31787315318743,-1.465596943466582,-0.9907932133650734,-0.0849663187766775
0.2945913975158631,-0.3539255250762268,-0.4903646827531194,-2.209709873948737,-0.050961017470745856
-0.01965868417817389,0.3971687032918978,0.3935266001945455,-0.5016287832086982,-0.08126718394823565
-1.025640192260871,1.0001880818956643,-1.917897583505821,0.39557446063005836,-0.43194991749194267
-0.9068627536084441,0.9075344595983998,0.9116067442461568,1.2597303955582677,-1.2543478866349962
0.6162486606055729,-0.4234260604294689,-0.16663819034177338,0.5979614711893215,-0.2613923835717209
-0.9638875857336741,0.3216354388548913,0.8832671493852959,1.0556685845123985,-0.6516921701584293
0.319870197813987,-0.5876703975851789,0.7552294777938484,0.38548802784015856,1.3821484381821223
0.746356890304814,-0.29524913364573047,-0.6943974267270322,0.14772426239642936,-1.612908855870519
-0.6985381961929918,0.5709314907334967,-0.17627642519601172,0.12295102516371188,0.5027642891999559
0.7843843144985223,0.21579581498076233,-1.8778597916217357,-1.1224973196799277,2.0435933341656183
0.9673802512916395,-0.692692588755132,-2.0241100493297943,0.30467988710890515,0.11609934827705652
1.297035041772458,0.4355164743705527,2.0261264139454944,-0.9063339700806431,0.4284713827343474
-2.2289919231108946,-0.2856915742837891,1.5945387423332813,-2.2219373731544576,-1.59144015133479
0.019884254843563664,0.45738678318481896,0.4807746730470826,2.129120161283093,-0.6058740423305338
-0.017698125993959108,-0.7138616957434363,0.21077156897651447,1.0662722990302735,0.2917394276936652
-0.0018001256019758347,1.3250413692579597,-0.13768493442903215,-0.02945853099626887,-0.2709189290164147
-0.023478220225625204,0.6064615228595136,0.36918041031534293,0.19407574041589196,-2.104212302190891
0.23505252281281422,0.16092042660753,0.5054685327025271,1.0154718169442165,0.9442843769259709
0.010469681253522644,-0.0832953746511598,-0.9108851026992641,-0.6220004021033685,-0.2984487112776899
-2.6527882971427648,-0.9324022213200726,-0.33447096666350973,0.4851269189500299,-1.3669084553177524
-0.026314988246609695,0.7021929562610455,-2.0923700151895535,-0.059480506754686906,1.5105516992082155
-1.659929466435547,-0.5636585716066022,-1.0036733386534837,-0.7583332980299817,0.45005075678321566
1.4222696817963065,-1.239701955032616,0.2653941480054269,-0.36887427854454846,0.05755934258304018
0.22974836954656505,-0.27103835141747773,0.6529721989370508,1.1147120583969912,0.6777909211256838
-0.8471909976608707,-1.084352608533531,-1.6032392546189906,0.5455748752833807,-2.014305378010329
-1.5280684905592459,-0.5483356498595354,1.0152508025006453,0.3256141299196542,-0.5514613584892114
-0.7143332463510537,0.9936050129512887,0.09530223109931196,-1.0722706066009184,0.0689640046423013
0.5171394339018895,0.777296448427033,-0.646063492627945,2.1719699850747127,-0.5639245859938488
-0.14531219190592862,-0.4920567302195909,1.6972394769843775,-0.4598916117723583,-0.1890496169202791
2.341450759416776,1.1448237988572372,-0.761082346216357,-0.23427421395184775,-1.2228067860250766
-0.16858814627104657,0.3654336420712174,1.664006310662366,-0.20710701476417956,0.9095468569458646
0.2106519842830562,0.008664543409645592,-0.9518516372026559,-0.2284281740133999,1.4650671761347658
-1.304682408718819,-1.0724102405521394,-0.4199718218765009,0.9611169591966583,0.16580217741591138
-0.07677481909615476,-0.38937442768984215,-0.8039133145616535,-1.2236768070646797,-1.4876219031210025
-0.22914111176440313,-0.9138508879405147,-1.059033726529555,-0.6723181072493151,-0.28136754938308295
0.9448233909571728,-0.9056582082744831,-0.19588369527045185,0.5454881338900924,-1.3371492496098758
3.472528566338909,0.9624029676355635,-0.15916532174849196,0.930617050749606,0.9990069561840322
0.11110858646973915,-1.1777820526422011,0.102875385382157,1.2724566442306653,-1.3796737706015292
-0.4133940753799918,-0.11270137085117134,-1.2361738965314277,-1.640506550517356,-0.7929527674476828
-0.5447427799602766,-0.8403520347952906,0.49060571091243455,1.2752011633682963,1.2251660516381864
0.42153646246857707,-1.022506332658937,1.5257719171369957,1.19042898245968,-2.1151716695594347
-0.3607982096177944,-0.9361496441374901,-0.1260371274150407,0.21175714803691562,-0.8475088038878662
-0.8427003421858174,0.38896224255025585,-0.544196036034844,1.2708722324762123,1.3788656869182263
-0.42791179739483404,0.2860845456855952,-0.18942909820583764,-1.6774233477398155,-1.3778987413589572
0.3241788581472435,-1.3443867793889235,0.9870753395221513,0.03465955688740685,-1.0773859722250465
1.6867189365601045,-1.6291709398152046,-1.7951371046758793,0.8781527726384002,-1.385305207108525
0.2517337902933108,1.626671019791285,0.4463314511884018,1.4690541244280035,1.1541258105351784
-0.11164676892358484,-0.9099583462973185,0.19219679901180567,-2.235054219431864,-0.5786109251763978
1.4105928259141598,0.18047246371579218,1.6084627061788788,-0.0901046157670999,-1.2876261991511193
-0.33473025614600227,1.5220546528472398,0.3390043358444983,-2.0271410423208667,0.3939758924859748
-0.9243938989513774,0.1901769636822636,-1.696181829351241,0.22429557138274953,-2.053397553113273
1.070759933083035,-0.07037414066565713,-0.855738468757468,-1.4243907474174642,1.7645576078810747
-1.0115824237086957,-0.6016915412959281,-1.0485666484961287,1.1629234537152415,-0.5462895626499478
-1.166011705001927,1.2121366042783241,-0.08763300356931818,0.46378248788650106,0.3763533769431855
-0.28227312059158943,1.1861194736086171,-0.9826673307900794,1.0014430520603097,0.5927794003592574
0.0014627189809400681,1.254138025569812,-0.35093803474192764,0.5127371074783472,-0.750658719950495
-0.16505931268528556,-0.8689911619333012,-0.8622079794806317,-1.2344948481766598,0.02209489738066908
-0.07600246722375714,0.9796832171487706,-0.45566981696789294,-1.28345441044106,-0.037251133043869136
0.23424288445124436,1.1482305027160906,1.4639355579464661,-2.446037127530937,-0.4042098633754745
0.23437125362272623,-1.155938079821019,-0.06166076786535745,1.068514124382179,0.11158955603046275
-0.846305161025318,0.4369900549888967,0.7884359763267876,1.5085033496837585,0.6195539389279301
-0.11175042722099046,-2.2353838441504723,-0.7874906848683593,-0.9380615275429642,0.15971538954594944
0.7326852655946585,-0.49832973528112484,-1.8253960085500636,-0.03976812412976538,-0.510105750894633
-0.9598104794364101,-1.6729005326327762,-0.6401591949298705,-1.0364284405122803,0.6351610777684122
-1.0790516940355794,-0.6195419949092151,2.2373055066558303,-0.6004442592459048,0.5837977537521705
-0.8142724971767438,-0.2615943148212219,-0.013524659587935882,1.0254620882444636,0.6633174944267806
0.5641834433741172,1.903570619126528,2.3873372026025765,0.34119335708647575,1.493355666256859
1.1114211344505271,-0.407500524393103,-0.4645284273637751,1.0541028999961883,-0.787176444132268
-0.606696799549584,-0.24387291998875726,0.8705449407051503,0.9803553896958449,-0.310988436430886
-0.04877910600781773,-0.8806685631764176,-0.09231403627603738,-0.08006653537514473,0.07604491269167657
1.8417786440184647,-1.1216227733822732,1.1596919345355325,1.0493911107787937,-1.2486025280942346
-0.306983643394628,1.367085443648067,0.2187798208634554,-1.4423151180927087,0.08978964288821109
0.5511047074494553,-0.18145295261015182,-0.2048608344671854,-1.3613098902969614,0.33129912197324357
0.7678008247358663,0.07883853919256331,0.340085091039488,0.34166059738304533,2.2882512951448044
1.4669699582483333,0.3832446747593698,-0.09924353132028305,-2.3090362814820637,2.4329628080825745
2.21820070499362,-0.28124766141569346,0.7675527711521061,0.5385020158729028,0.6173802720895466
0.5798699048620808,0.07919660076042985,0.15984275112728033,2.466797622033532,1.484847437782905
0.5607321367786279,1.7886176676249224,-0.4200339699380097,0.9657473313846804,-2.7394364409807586
0.955091764915505,-0.8207605309350616,1.1412580297568138,-0.42964353792098936,-0.8813447966372606
0.5867487161556674,-1.0050401228710593,0.5250902569763348,0.6641107882173525,0.5468499882119772
-0.37277711793495444,0.5129979406611311,-0.6041218168509526,1.297385811565271,-1.6809431240165629
0.6815317946883861,1.1523096754390594,-0.3133959652484714,0.4989780960576284,-1.0533081606068904
1.8626784649235753,0.31341924480667577,0.14550256352665544,1.0393025516462207,-0.4662632684535629
0.39366133596251307,1.0789421138161277,-0.8511619327386115,-0.6880914508559224,-0.21104169458763633
-0.25571998078305475,1.7505680274773012,-0.17404787147284995,0.7328038417617703,-0.15590403157082283
-1.8240620832804642,0.8571939821275261,0.2019275525891149,-1.281025011465396,0.30594609601296285
-0.4010299695907316,-0.09751152383062839,-0.04360710025402192,-2.43301822700135,1.82213099147463
-1.7916368957153295,0.7258866911026866,0.7056182115395235,-0.2904113645530596,0.029633156648635226
-1.6779044792713764,0.009902893439331829,2.239895365757519,2.193032533014802,1.8717905797340104
0.32659487448088104,-0.11928517299018337,0.1745306095935972,-0.13839245194704122,-0.312802276625316
1.2050491082580186,1.0180223512349296,-0.3533311879158904,0.028106122169356557,0.3138737277029998
0.8381346887914317,0.7190517092656149,-0.22533378697384704,-0.8996220243509059,-0.11885134729646489
0.4159765676418871,-0.2683462103688754,2.573369639356379,1.1905298223662473,1.3260783010281272
1.4624537145973997,0.12400230052065339,-0.4671651741404387,1.4291587111774622,1.8167282777800602
0.5858258733001093,0.48222943907683097,-2.934259178127973,-0.23474565787836654,-2.002652639386262
0.005131362902803533,-1.860704077319196,-0.33927634162384246,1.1040121684819395,0.780915441672782
1.606905204680397,1.3394497377595145,-0.7806487289806043,-0.3453355710759106,1.1745822582478402
0.9588617033729956,1.1206943146989898,0.2718587109449614,-0.4260977974901221,2.023091444687422
1.0586608912775264,-0.7370312381623519,-0.09108635062577566,1.7897084584135212,-0.00025393654458323866
-0.15917118633464522,-1.2997758121444978,-0.27083246926104526,-0.8844152199685915,-0.31782866470800003
0.5595429407123091,-0.178697849139416,0.1252720286735451,-0.935288455326487,-0.28024083173693753
0.4664312329642954,-0.07131800832274719,-0.21075456696355302,-0.03989902447452323,0.9152617086640011
-0.269960073670163,-0.8398094522335587,-0.6832960901066976,-0.6954202848264207,-0.2048069729262555
1.254948684280419,0.49630939138413777,-0.6801546353801378,0.3060123882906102,1.3036356074143198
-0.8292611503980787,-1.1576358483099634,-0.058234527792625286,-1.456555947971326,-0.04758971774539644
-0.18271849681986274,-0.4978308513224388,0.0010373742515318155,0.03887716580307371,0.5137364730684831
-0.3059164423039102,-0.8744961227704644,0.7043601785564889,-1.484629154223366,0.13803612477408989
0.7460941909092043,-0.9658243910411421,0.6373753405438108,-0.7688388397349867,-0.5820179053900689
0.48032528939652974,-1.2322219843495663,1.0104605786576693,0.3695589804892743,1.4816987550614729
-1.9741047952324238,-0.8793614951728176,-1.5924053997304959,0.667656200767877,0.897906805918504
2.0763027328331463,0.06786994313837053,-0.8919812345038473,0.5393349834945953,-0.10793021904968365
-0.8376928234437238,2.4475701716330924,0.17832272690065357,0.526543382886188,0.26696852939535753
0.5586700803101539,-1.2815795657451192,-0.6530501218651542,1.0345489497479365,0.5708972791553549
1.2429970862116357,0.097644408163023,-0.1281640730196504,-0.5480473017074466,-0.04873611728950309
0.7132544362464833,0.698551394124033,1.3527980196159914,-1.189648781631409,-0.9290769361058914
-1.6996641861956587,0.7532330853656535,-0.19925330138413197,-0.6350307996609431,-1.8283801476293846
0.3729656349908703,0.5839570617048699,0.6461127396362265,0.3193808776478953,1.924468667038112
2.2101933036798656,-0.5249652518998879,-0.2826716143396203,-0.11243308683494589,-0.4822097473944352
-0.795768764379804,-0.9665621599596648,-0.7843171213636004,-0.09634725037458887,-0.6309479801544848
0.7386935097041963,0.05245858001448119,0.12124951853574091,-0.3614090930413287,0.06552790913956705
0.2633202897328214,-0.3032014242086571,-0.3292233487072829,0.3905394038399644,-0.503291929841518
0.8358637167616214,-1.011628483692843,0.7406790884642193,-0.5299488127013193,0.6562667614808632
-0.8431639205129503,-0.1604617867578595,-1.0035701306260227,-0.4783139324810882,0.795304839908399
-0.2796071455007551,0.13403352362037363,0.9606066281494827,-0.26787772749859706,2.0131648421853456
0.9769829425428314,-0.18107916008945435,-0.9188677729081602,-0.7483247138905105,-0.16924243404370357
1.799727198752047,3.323476867516628,0.4790925691647367,-0.8706553256065496,1.2212685436748911
0.9974070758081868,0.4695747258276874,-0.267477647885069,0.3301811410379493,-0.2720081670514881
1.1164068117166053,1.0194356391212605,-1.0530844033646618,0.4595503075594408,-0.6370748653392677
-0.7274852771299616,0.9036912314807561,2.1915702944407065,1.211022120056861,-0.4144777167351581
-0.45433701150360933,0.6849423530307279,-0.26975825710174006,-1.6396172420507622,-0.30614028519736025
1.3738065891489273,0.8362233739519253,0.7726398985797072,0.14275012406967133,0.61441694949848
-0.33580170110165974,-0.07510907769075126,1.6514818093396675,-1.3736818364643666,0.6610810152571915
1.010631312474803,0.22883851585818674,0.7963347942757136,1.0991326567694721,0.6986354215549514
0.4822513099390903,0.907961277011187,-1.9510383447678754,-0.3383925315541407,-1.413474829606024
0.5044921270927684,0.43361563319024304,-0.2652239462994466,0.4790691283185951,-0.5338584875836181
-0.4126570141494485,-0.20035749553619667,0.9088583863683234,0.27977295483662756,-0.18028749073087943
-1.230317163447191,-0.019398584989960926,0.6846420134737199,-1.3341236322758205,0.7625455945722034
0.3094848152846692,0.15316196143539282,0.5408830883217762,-0.1693538601410985,-0.9678964700883991
1.0423614361408322,-0.9057832177152519,-1.4688046280353537,-0.017456324613647288,-0.9803730571702802
-1.9881273464567033,-0.8261510624717484,1.6857294488982753,0.6521267014162773,-0.5938588446133827
0.4107402233492665,-1.3855333086765633,-0.8482284517448697,-1.5062575872122557,0.6136625294763431
0.4795782286643098,0.41254844183503536,2.8667361335817803,0.44033151312351804,-0.49118776944971754
0.09288061285756298,0.12832004936866975,0.5230182803984045,-1.1339821504514664,-0.38829945794055637
-0.22449673766045175,-0.9348949524930286,-1.3030509397565755,-0.9244661229222548,0.5443249179905043
1.5840721196339043,-0.3414126382768639,-0.9858583611706264,-0.09317600694416919,0.662761492145142
-0.487443327609127,-0.21942000034094222,-1.2555655069692881,0.19968524075350513,-1.5372333174794044
0.06050164544684179,0.6848589580612559,-1.463418811550528,0.060182934702438226,1.6079306154473392
0.8474184110378161,0.6614408980142068,-1.8665242365396504,0.12286475811544816,0.3133347414815898
-0.6375896457943203,0.29988292706229264,0.805091697977894,-0.04231479301113339,-1.253381167435896
-0.08685490969209328,0.2307383490601142,0.455347244826027,-0.3451016750967633,1.2161530288338769
-0.9354601345188304,2.5487587512553396,1.6718519029788192,-0.5300619715616975,0.3638583765618574
-0.7963771758706767,1.5533229792973735,1.178841876460507,-0.07832634668099514,0.46269751506896384
0.3718604939868582,0.07155984106588965,0.38662675336157304,-1.0125418348210837,0.8455108437590209
-0.7987967361703076,-0.6172502276485118,2.060901272077909,-1.319353727120887,0.6058378698630943
-1.7053264281013443,-0.500369960928999,2.0663663682039473,0.9577342076334175,-0.678507415576203
1.5633323568963375,0.37631811078799005,1.5463982434897408,-0.6818149663447367,-0.018025489480189446
0.15443920633545188,0.571520648036634,-0.8599485421050048,-1.0835277965975434,0.5365607031352234
-0.31020505390586744,0.6088972512233193,-0.5505656403949845,0.139804865917665,0.6036170618112159
0.15825745444226003,-1.281632749116831,0.546561587007495,-1.447260291004814,-0.9603041628463724
1.1231061191181284,-0.21463132684621458,0.19028944200981743,-1.5269263429325541,-0.5330487813930467
-0.07124343817548091,1.769845351066979,0.11461468103684673,-1.2898586307012547,-0.6894150818931181
0.0016923948071983358,-0.9654773259329881,-0.5788763657338154,1.0690090858281298,0.9042533899626989
-0.0867047175157454,0.7840280856639976,-0.21194443691613166,-0.23911747284731244,-0.0842074373677998
0.1385091258715947,-0.6571581597456893,-1.496249982660861,1.1236719773015433,0.8135815595789636
-0.10908870837702718,1.1331395138813702,0.702099076302065,-0.7741541192554199,-0.6622966785765378
0.1262315347970378,-0.07993343197113285,1.244450709448005,-1.143168667514995,0.022278225838597253
0.17138024590410064,0.7857634916110681,0.7742683216836246,0.5776412472357283,-1.2356496935642607
-0.38747914111458337,-0.35769599756682513,0.8107808239243414,0.8310139882214967,0.517156500396144
0.056426515620132074,0.09762242093764609,-0.2504913851556197,-1.090123117745697,0.47735370436845126
0.05190649115644049,0.28833726292832756,1.450705658238703,1.320952286973944,0.04108815954796363
0.2498727265885915,-1.139530012845129,0.01998158965229842,0.10619949188894326,-0.30838884193319543
1.348229865195529,0.14636369891090734,0.7786598252180142,-0.72173912022918,-1.2750860607318337
-0.5650448019664842,-0.14019160278408369,0.4050284686395968,0.8157435618295287,0.398306781757444
0.1283608948528376,-0.7397791242025811,1.2403758113938244,0.030875556127383987,0.9638153769303993
-1.1472865334055797,-0.5263320180112391,-0.11933946873698893,-0.17193108588433687,1.4256772597384644
0.8160439343845841,-0.13854975504262085,1.4059069871870982,1.4027115188710129,-0.6065159498282484
-0.36083578252390947,-0.9817655447115533,0.45785715963935836,-1.2451298630294219,0.049909417757291276
-0.4914787210112216,-1.7232683747895807,1.1538555184838175,-0.4814859255803422,-0.37371270446564203
0.11380877677814047,1.118266789299778,2.4989169932597206,0.1261267011037784,1.4252280627700316
-0.2460136399064516,2.170742967319369,-1.3891186080679736,0.5291992638221124,0.2580150414952465
0.411180001903687,-1.0801375672394689,1.69497855535467,0.4520731669702764,-0.09164314904196025
0.8343603166335616,-0.3533751351768352,-3.361707227851456,-0.7339725775083045,-0.999896648107322
-0.18433570882866815,2.0569581389463067,-0.9775892937306994,-0.05466806365460096,0.06925861163138282
-0.10287816390016491,1.2211342642532355,-2.285603228264495,1.5494066067120869,0.13806704962117974
0.18559204808049584,0.5965290118619825,2.513194365399546,0.7904743803253045,0.6469199701779859
1.7808983927373898,-0.6167358996154758,0.711438853982925,0.3504423092748052,-0.4946272602275097
1.638780424315955,0.9234011548468198,1.5449318914865096,0.549261890570303,0.5860895540910759
-0.3274092533370143,-1.8271560646752616,-0.9105474135971845,-0.006234399300267668,0.5910832101512562
0.3533915929549722,-0.7516727475589108,0.9765492002107581,1.5108193832814567,-1.3926771682897712
0.9236232375061492,-0.23930479357637482,-0.13624145850519842,1.3957202282452228,0.05088335312527538
-1.067660012738261,1.202329184961454,0.8090367442559258,0.5002577195660727,-0.8093589944876716
0.7679008080306382,0.543159433458998,0.46377802897476544,-1.7826741082679975,-0.0348488561807162
0.5625590895274496,1.6571299526238252,-0.3381264014562061,-2.5543064169283283,0.26067942527243526
-0.12488059644580432,1.4809191381738094,-0.4367249738626261,0.33439036490847895,0.43797315979609613
0.7868689768050298,-1.7140672488394177,1.6820606182079445,-1.0793444168945039,0.004192938776392356
-0.7291515624190646,-1.507655518779622,-1.3366905982931192,-0.31917122151209526,0.09665214780725569
0.41155265174296607,0.44281863961921186,-0.2164629373306143,-0.8989852875155355,0.6526144481902536
0.9495247060927033,-0.6098590060969373,1.0124541501972337,-0.5543948539342779,0.4498241090522737
2.7498150613040893,-1.012508743366335,-1.7163304691964736,-1.1176860805785236,-1.0631806011504676
1.1743971427544255,2.082204103430039,-0.5537712706454854,-0.3813479243220054,0.708472980988249
-1.8777776078133481,0.32239173295333473,-1.3548159082063456,1.1302505148487811,0.5677802270368285
-0.8669738143069035,-2.932565004936522,-0.6233676036252025,-0.47133106520169943,0.029782876733744086
0.9186782340644812,1.287994798106746,-0.6458199744630846,0.43947053001049297,-0.16894455170425146
-0.9758727071897236,-0.8127245911114844,1.5914921787498484,-1.2846960798059668,1.0099366991845637
0.8423105191023724,1.0078790145947045,2.338780175397033,-0.990739714006723,0.666856663682128
-0.48033665461681563,-0.5776844984558759,-2.004043124286273,-0.9376841474586171,1.1153208710429818
0.022458779675561084,0.4190525881955729,-0.86439984092922,0.3196873077533689,-0.19218951484039246
-0.6061502916979177,-0.2033554145147431,0.9776305025920434,-1.3974145585691229,0.9468879482920604
1.3547005953671287,0.35297079026203104,-0.8347957184065555,-0.14265068464792321,0.8113470842607613
1.339996991682109,1.5635110770528955,1.101557833753738,0.37060355173572856,1.0536881833829352
0.9121259838715281,0.42120030689582855,0.6856557372694129,-0.014927540587703823,0.09622673853724126
1.4414429098600814,-0.7694943993595686,1.616831246837416,-0.24191448442808325,1.3436681775729233
2.0173302256112486,-0.8212499194133932,-1.0359369628258894,1.3444328966706038,-2.4976400997476054
-1.502586484563506,0.8818794299712033,0.19504595073967806,0.2584990594686289,-0.44110215604444886
-0.16480393909348026,0.3713156723932131,1.459327762977254,-0.0008049423475361465,1.1863547985744496
-0.36445164382348066,0.48787879848064464,-1.2518898130139946,1.030074867411804,-0.5546368136258146
0.020305428249525727,-1.8081085395664238,-0.6126331925075437,-0.7422725766612335,-0.3121670731687532
0.2678145530478666,-0.17693336944780333,0.5334935349711997,0.4103583986988091,0.6011735871761115
0.1582896473077888,0.0433832904049418,-2.037351679569877,0.4650446167710579,1.0751887736019636
1.0146856318142228,-1.061002305128161,-0.31145832878714746,-0.9230313172028828,-0.27321439053877195
-0.02402801036228155,-0.915503379855563,1.4705637901050388,1.0079246505064887,-1.0447212577808307
-0.135747171686308,0.8102646271236332,-0.29843963256549405,-0.9325114497075732,1.4596187037789172
-0.37170798118020837,0.909053904308199,0.8293538457673909,0.622531010046964,0.07930677285612873
-0.6849541428157099,1.3192566967971535,-1.010441371866407,0.2338988153022749,-0.21959413277685128
-0.14883242121158272,-0.2216705864130753,-0.9565166301937527,1.539082459914563,0.04646754904604303
-0.2839938501835564,-1.4121194865633213,0.49716071596512523,0.33779668708012783,1.0476964882672926
-1.6626173119052987,-1.373373095821524,2.482498697712231,0.5687273796792528,-0.23479022338789374
0.820923805374336,0.15826674008127906,0.67709112788473,-0.7045825840914816,0.478165501526336
-1.4387195316666916,-1.0104222167626284,-1.0908142800232006,1.3864662688628313,-0.2278001458448365
-1.60112043696861,0.23345641760203037,0.24752511473313613,-0.6078456019998472,1.0175901248937183
-0.5981783290576648,-2.209598490264048,1.0046426048529322,-0.9412225746290016,-0.48653115040555805
0.8368458331259432,-1.0675470671191336,-0.41222938972766404,-1.0582831085734163,-0.8815357405053463
-0.7665549170801728,-0.5958743829565912,-0.2530947610887214,0.645567518154391,0.34118498079958937
-0.48255021602341797,-0.698461229830777,-0.3813812154037199,-0.6858681967944068,0.5674469299190065
-1.2742804864974615,0.8086215571113852,-2.110037242202314,1.5000111359834014,-0.5399094809966274
-1.2766959432234841,-1.2259766468644195,0.8655686002803138,-0.5289113773030542,0.42014550720174804
0.415180115330725,1.2386882967625017,1.4422340605839281,0.873664361165108,-0.04679568634294755
0.4971185304555678,-0.345801020416975,1.248895122086268,-0.6673062480459468,-1.7186436668820633
1.4209649083326865,1.5937860286660812,0.18705598282850208,-0.858773836052039,-1.471876077754846
-0.7538300891756151,-0.7234796709254009,-0.788907606740317,0.4576700140528314,0.39311886350654474
1.302902122505466,-1.7003514184952582,-0.41100721859115835,-1.1659152825755759,-0.957757061989922
-0.17200830910139514,0.45441580464572695,2.517057954170038,-0.3897783081399281,-0.187569540662722
0.5980335445742682,-0.006424817819444289,-1.6533721306815572,0.027045043926045113,-0.7884532391064789
-0.13452537033959802,0.4794305417857644,-0.9124495660738945,1.3137767919989236,0.7338239460878561
0.1797394802990063,-0.9187867952318926,0.13442766760361582,0.4138717701541966,-0.4637599421472568
0.9168181701499646,0.061385510369032746,0.4098485662091417,-1.4157754166046428,0.03099084490758528
0.7359770416687932,0.41472181024198634,-1.7076363986236218,0.6580926624785003,2.5930598990225207
-0.28206884176978547,1.6156169128651796,-0.2240087873847777,-0.29118142350212584,0.32974923993472466
-0.9797954774012528,2.3443391249828194,0.48821332999020417,1.5494867426586194,1.537990506915971
1.3227832122301346,-0.38879441334968634,0.43030417722963865,-1.1977540740330734,0.5684475888886132
1.2392236534773668,0.08174070310627529,-0.3093890846099335,-0.827554977263669,-0.6688340461947122
2.5445075626796987,-0.6767283491281644,0.6504898688358235,-0.9924269269286641,0.7584250958767733
0.7691512963082276,-0.6246205697755309,-0.5528585746083662,0.010230471801472164,-0.13642405037862082
0.3800601011549045,-1.2740759515548468,0.4986647795378523,-0.04417688055452842,-0.7153367986219882
0.7519272680889582,1.7779515186944974,-0.07188016693375957,-0.6260662673848616,1.0838096065657727
1.396206323198473,-1.5549509580945966,-0.2684754864853933,-0.6251417331642644,1.0403811580982372
2.018592767099592,1.2762366191295549,-1.0054922534569315,0.5340937352205696,0.08061078713563294
0.8833062863826262,-0.3216688924915111,0.7244842182046498,0.37121336279531614,-0.18749933650790446
0.039329553977925424,1.138798059939165,-0.043466970486390866,-0.32129902693873624,0.7641413117626235
-0.30793797509268556,0.24341342739416574,-1.2680838147281828,0.42843732284432123,-1.8288933957072593
0.5985415940891644,-1.3409680636720318,-2.2372797867339784,-0.3061255537974143,-0.4311686222565371
0.36169838411786265,-0.4680618052667172,0.20290519614127986,1.023350407063167,0.918009813021426
0.9232179305864912,-0.5254310949744924,-0.9054510493899446,1.1297779803261838,0.4973741766137218
-2.321372903368188,0.1691107163815542,1.8745564676873292,0.18750164661980948,-1.0357248882229853
0.8234909813566582,-1.588525720250107,0.11691031195921078,-1.7974906785192808,0.997864834741621
0.8304364055994561,-0.19252214309642154,1.1948891309502476,0.5273277702148339,0.9476266718858218
-0.2983388643733816,-1.82351679370659,1.4295950416103085,-2.4765530217487632,-0.8654708418305539
0.38173544073510074,-0.5438969008114226,-0.45495374085939555,1.3784260649493012,0.8942969308378366
0.5706828021708652,1.6666314570991536,-0.8588610225041851,1.186644285401766,1.098211945095442
0.8586026219118232,-0.3558813448686624,-0.20150773377017248,-0.3206111666815639,0.1841590369799884
1.4146696670291905,1.5768233602788992,0.6012109086570587,0.8616678811116653,0.4455194580821807
0.8717456322911299,0.21157113178470377,-1.767082262209113,0.22104948352913548,0.7813810770713004
-1.2685428582003544,0.38582824239940033,-0.19010912044458572,0.1136010954665965,-0.8801876826807752
-0.822588445488035,-0.38904600922007726,1.3039468991172802,-0.11831002598780933,-0.36474066200459193
-0.5328535132094684,0.3311424530484399,0.6673048423064015,0.9851534150817456,0.0953884821530335
0.769321291242878,3.060441633938824,1.3923301535276165,-0.22360306908153793,-1.7894126561882813
0.07193113281743432,-1.2858004255030844,0.3061873053508846,-0.3502600252655101,0.905720485878784
0.1464411283074696,-0.06078845394213587,0.2505812282480268,0.3476553099346045,-1.4052743185019625
0.7945916091114371,0.4856166478336195,0.15114899604343704,0.7239402311452573,-0.4559484967411417
0.9848446876800813,-1.2756442529507703,-1.8880036921582282,1.6180677621218678,0.6055746825490302
-0.23948311256773802,-0.5444709367475592,-0.32583944474089466,0.0014570264284147687,-0.518015901160126
-0.13107383565133077,1.957818068885807,0.1732999107431461,1.42775200086957,1.0750366325937735
0.9653918904540111,-1.1388730998418806,-0.23034497558773184,0.24736614964081172,-0.700902011155733
-0.07634164648683002,-1.1204132322248312,-0.6501798381325653,1.4168895720684151,-0.26386917914419733
-0.14832582249612683,1.6062117930755406,0.13310698305882762,-0.46782750306924303,-0.7643675491187141
1.145794324921777,-0.38178275627748537,-0.07435262616871584,-1.4586625714349306,0.15652524369109858
-1.2425771709919882,0.37240016016363653,0.2871422029770277,0.7918630664530475,0.07762655597623815
0.242126101558746,-0.28049274954143794,0.38706717451399447,-0.6786082195959396,-1.029490741386573
1.3206473536179144,-0.5195340334351093,-1.141070721833067,-0.0877273117988755,0.21025959785202372
-0.5000661204493573,1.315681331051279,1.705722067040969,1.455419332033213,-1.107803370096465
-1.44222322430376,-0.35375706309159555,-0.8809967021658932,0.4684825710336522,0.5740485391833378
1.4760743719998126,-0.4090709542533122,0.9661167376914804,-1.4949579428352882,-0.40401706768663215
0.3842024091462389,-0.3383981342376513,0.057876310152434385,-0.4438813101505699,-0.8728857889890017
-1.3747768286454354,-2.620546544492902,0.6385419470009192,-1.0284976234208845,1.7886545935869305
0.9639897732578396,0.04393954583829896,1.7525440139194046,-1.6858607748139283,-0.7982946821482196
1.0656331940543868,0.6259384150438484,-0.12035777524551446,-1.310320045789451,-0.07641668180259935
0.700185808071417,-0.07218162321463814,-0.32562001108490585,-0.28410804212113727,0.3585541517035408
1.8835873713072435,1.01660985523909,0.6184182680290637,0.45393385299987904,1.6469610638958843
-0.3042429784820457,-1.737615356575642,-0.9334681855663562,1.1828724720001131,1.5561270860342495
-1.0050946722920961,2.0960883992842403,-0.981666974085719,-0.9200923861842181,0.13109652586810122
0.6104936664509626,0.43402986352845363,0.40769356695918796,-0.21530865909932975,-0.6349271312036403
-1.4408756803295226,0.2589295098249757,-0.20422062765633384,1.03580867528959,0.47530964972512635
0.21661086739176336,-0.18360782317473198,1.1216349871296487,1.9938993793588757,-0.4363715156843855
-0.4250931876030482,-0.20920530268391146,1.3004370237829666,0.13923379058663207,-0.8071419793869264
-1.5039640884394396,0.9323583504026343,-1.709498683236097,0.46742620108405847,-0.3460338109012389
1.3812233517378103,-0.3969092317702207,0.08564818218978484,0.8483351273534161,-1.8577665035958453
-1.1313316529564579,-0.25284494224176973,-1.6012985757401978,0.23260404020931938,1.7229814642086618
0.9495013574092042,0.42945935909149996,-0.71057810043102,-0.6483359276385917,-0.41249781448483186
0.10833609783497687,0.03991617303450977,-1.477398055557887,0.20626247484054247,-1.655483860249011
0.5521467349110444,1.0620723694413214,-0.882287247194648,1.1800657860067312,-2.394003700444122
0.5790447509286021,-0.49691914249259084,0.7663476825665091,-0.13997066589732307,-0.8274871936559143
-1.5058392813713508,-0.4636672503861823,-0.6272080230489226,-1.5245677997796876,0.9608052906478116
-0.23954406460927988,1.1392499600255255,1.2118587454610739,-0.24610625118168752,-1.1231719214920397
-0.11101094661435607,-0.009140419937994512,0.46506698190648915,0.6029025160069106,-1.7740046481218987
0.06824846633385778,1.9291062505319685,0.1873990849588239,-0.872867232015444,-1.463695241381578
-0.6110513374849944,-0.4978097539700404,0.6256923198217085,-1.4058027052684552,-0.5445707509880819
-0.08328771580806635,0.3941668947560595,0.030629395802321803,-1.096741096361696,0.863826852948067
-1.9120494846849814,-0.36089531941619585,-1.8980945953318111,0.10951228842786655,0.804673543954905
-0.18376527564394865,-0.5119454813601866,-0.0020485636044186243,-1.7591221338678513,2.139599478202165
0.22223734797503614,-0.3787370955966518,0.21440051905218302,-0.8883487448713488,-0.2914087886720315
1.1790309307756488,1.14218021091193,2.6941458882842193,-0.8671711850047789,-1.1539183629849032
0.7782521341216345,-0.2618214780138413,-0.7713905966833569,1.0371394951560178,-0.5398119386223139
-0.7586160102559837,-0.028335891159413963,-0.20243917183892618,-0.36443949905130063,1.0576166020680893
-0.22498462926308693,-1.2740997667005491,-0.45696213165633714,0.03769584212460391,-1.0766282761197068
-1.018644380227642,-0.8907547583715184,1.7754274787865512,0.612060723348526,1.228174273221086
-0.17275226251659465,-1.4270707975303407,1.645076740129172,0.5338807779916769,0.6204312300056023
-2.528812854867906,0.12145671269965906,-1.743157441433564,0.08250027941355144,1.192752287919412
-0.5269980682339461,-1.8643130733782747,0.3501618408227921,-0.003225597683986479,-1.958984376382854
0.2626398908724683,-0.799553938411288,-1.3937587866339496,2.0802536340927045,0.6885213875614156
-1.618298188522363,-0.6729284214608074,-0.008878953576222395,0.6102064113561863,-2.176457876406022
1.9772851029857033,-0.6036775402674899,1.1020393479314294,0.9169836583388947,1.080081030892927
0.4084240225429367,-0.7843237569278597,-0.9403732239417141,1.7808468917822171,0.17142328421993375
-2.6434187837781593,-0.47892196858052904,-1.4959198087668824,-0.49570723869578015,0.2671320968194274
-0.5249010231216675,-0.053384441505826795,1.1772130854093108,1.2022933056290057,0.17603094980576067
1.3640339948903615,-0.656590935698731,-0.194049320701867,0.9634947177552496,0.9295695773210126
-0.44041936302692136,0.22364959146676822,1.8174671551954014,0.15510422533646195,-0.1439651957819269
0.046323236698345475,0.3420393116349904,0.9898687190599624,0.20036653342880292,-0.03587381848157781
0.03506354845603027,1.8573438882487145,1.0954807751295372,-1.3827176823738536,0.5065265117278722
0.48936134456672076,-0.5791966095415366,-1.36549275136301,-0.6833845531373566,-0.007472961176293547
-2.124088359784535,-1.108473404032,-0.6462885484987048,0.10018612026765766,-0.7903688721994239
-0.6347744475423724,0.03683459881663519,0.3718366002385128,1.3513663694690525,-0.39438533367994627
-0.10429146542821548,-0.3654515963138048,-0.14877020650058015,0.8747758322485778,0.9173868119884874
-0.01031651149637536,-0.400182705596888,1.2805472941294138,-0.6170020904004899,0.556490576932183
0.17874799439437453,-0.7821924236316815,0.6860058748499179,-0.31805333982668466,0.5419727987224432
0.651057927834735,1.797083480341184,-0.47969284441187715,0.3410941699421692,1.3870438974062698
0.10382347384354872,0.44133841226533355,1.233865432791128,1.8605130367212757,1.511800955752041
-0.7762286800815725,-0.3413022157190077,-0.1255102210149824,1.3347755049969976,-1.7409807117010374
-0.3452211159364286,0.05498067263213508,-1.4243022580989957,1.4669686376286633,0.7957778597118552
1.8089146695551983,-0.07100757164053316,0.7620398875825104,0.5663881116299221,-0.9590474733081072
0.2075384029515781,-0.7161051580598596,-0.4403798106446761,-0.629071236292859,-0.8214826195054905
-0.39673549215581133,-0.29525835281519697,0.5331409338053933,1.2240244301804795,2.03531308265047
0.195855682574308,0.8294800026196093,2.014791947228797,-0.9039628192367225,-0.8219673768661934
0.2693163012355878,-0.11216628783838976,0.4227340796165235,0.3062207411060314,0.7644387145612825
1.8473909854963404,0.7119399129581987,2.136966692412643,-1.9678216636889283,-1.4530998120295133
0.3058394809490517,-0.6623019184748788,-0.9142149008692979,0.3815056409946134,-0.8067833616230022
-1.2644112379864854,1.1557704664294226,-0.540213898059809,1.4902112021077478,1.2669484909755437
-0.26040948307341716,-1.9557218707182327,0.6769159359962084,1.4807839694156992,-0.5848377790230377
1.0543824998315556,-0.671769891727556,0.12678238673816425,-0.17144907855224864,1.0937176435142761
-0.29961053358298806,0.9767148961707566,-1.4839394473780936,-2.5824412240665153,-1.0740297074328615
-0.18256127050940216,0.1987461323107347,-0.8890962939078392,1.4167321921757492,-1.204841232306117
0.2912661510846338,0.31678809758229853,2.242658747001728,1.2320908500350367,-0.30619033236687093
0.1195215978402737,0.03920479847742449,-0.8664160977867038,0.9206237245438887,-1.3255431068966246
0.18079077556741383,-0.470473851879193,-1.0167982998563054,1.5074578181341611,-0.9952906886752617
-0.8782891010586629,-2.1711928278563084,-2.160885259073244,0.8034339233344441,-0.15174486236051735
-1.135478120855362,-0.005600482580503602,0.059356631446784026,-0.10066391552032825,-0.14869424561686181
0.3059284365763979,0.6501411884275051,0.7553770758126316,-1.1816053014066492,0.9769379406091484
0.8004356065129843,0.07070941319362908,-2.050406138174773,-0.6436576042665051,-0.6299735886484713
2.162137718882855,-1.348191995357996,-1.2560784416992123,-0.102000096912298,1.6989878647439258
0.19935991601474698,-1.199900478922629,0.1149191691912812,0.4895512792481055,-0.4734039465279928
-1.585204791047304,1.9081054661597312,0.06247139303389102,-0.5011769556779987,-0.725241846185407
-0.8299599625582939,0.39582959259810085,0.989289823117867,0.021828840841110586,-2.067539927761997
1.5280483620083016,-0.2339012886951137,-0.45552621964536927,0.0570720292737017,-1.4083967528908476
-1.836636800644521,1.2682323802714162,1.067748491318211,0.24686295687291238,1.3754695413914706
1.5408138602752797,-0.6877050067754197,-0.5412401096652923,1.8938179196832239,0.3420804044786012
0.15342770836634334,0.5060436463161597,-1.0163676114941604,0.40937661153165855,0.15551755745952553
0.8340285702901787,0.6410038676612914,-0.005233312816896724,-0.3813299048234838,1.4156316358173473
0.5271701381421032,-0.6502697773384984,0.39741448747789865,-1.0978314720749478,0.5560212976971305
0.06736241462832827,-0.8045141046213179,-0.9826288240155298,0.9221020559028008,-0.4412804086715975
1.2853473319200672,1.6582974756221973,-0.7761706147433062,0.00993338570414443,1.5608674876674455
0.6822997213501083,-1.1177854934901486,-0.7975735675181338,-1.4881899436107415,0.06779975150803151
1.3157590318970562,0.4187600827543921,-1.3501783037711355,-0.2740596230225203,-0.7648704260200316
-0.05358525508554898,-0.9676520075570874,-0.9339155535743862,0.24901088746134148,-1.4696960891487603
0.9419232540015617,-0.5364913742761817,-0.6130019640625098,1.031822156872972,1.5060719218816911
-0.4145398877173095,-0.6789039602651105,-0.19578305507177737,0.7666541667345115,1.3456345663351448
0.8809614829879343,-0.09644033202488551,0.8995572807773081,-0.03118830572134389,-0.0300631059760167
1.415402036526718,1.8106902966612632,1.9130557749965578,-1.3513315919897715,0.13637389934847766
-0.39402697283265903,-0.31829667409969487,-1.175109317710576,-0.4341751579800052,-1.3644193971124892
-0.014816950258203865,1.092788614613766,0.8926393263005953,-0.7043338657543207,-1.4738264394200575
-0.23945647592769898,0.9457106030930067,-1.940916889083118,-0.7305353072924007,0.5516589039818444
-0.4476244124215616,-1.62146974356815,-1.1652535693336468,-0.7197605716686943,-0.8689982176407584
-1.551173841222606,-1.1048870012758236,0.8168870233049231,-0.6406026575492165,-1.3910318658007117
0.6229181302597483,1.1222246327553647,-0.2597081093289662,-0.31161982439497893,-0.5122528863084012
0.813200993592343,-0.7339471429797134,1.0246879245595422,-1.2227693299203475,-0.4735756490727505
0.0360739584153162,0.2881723288259709,-1.0328739718285347,0.7604133109148467,-1.5385264707734048
-1.989431648275751,0.227620367417222,-1.2772961358491344,-0.8023475154730085,-0.5464353558991722
-0.5276894207446198,-0.2793736108037193,0.7389976295115386,0.8542454184726205,-0.8325971712348503
0.22167080060022848,0.8035830356310244,-0.40122233766975196,2.0026028362517243,-0.8527801622434992
-0.16065892784001082,1.7907233739799064,0.3357388052874826,-0.754107120389878,-1.3359577666008549
1.7091022972255012,0.3576795576838649,0.15277481893513492,0.44905533273415765,1.0935841052937656
-1.377997093865433,1.0420464731483041,1.8569713454242371,-2.124104180064491,0.06462933332664984
0.5811371630767095,2.042813840877467,0.5043921239218864,0.016068533563708336,-0.6875080192294042
1.564614750553295,0.7322609397917262,-0.9729634674429963,0.766354680088926,-1.3189955382523548
-0.3626300293253123,1.286410745331234,0.6648548528861655,0.2856585326422274,0.16564610695059956
0.10569299556647666,1.3524121546398085,0.7033761007184763,0.7204119096161343,-0.11551101836296432
1.306402527500274,-0.8535443667742093,-0.9559116724788325,-0.8817575040595643,1.1021794672080083
-1.6944555881321601,0.17400919206661541,0.7558266771789419,-1.2702360625203502,-0.8527853677624502
0.3793195027840422,-0.2796624084664758,0.41020707849797095,1.567485684931823,0.08179867401755686
-0.718885443800286,-1.1283207159599333,-0.6984100200755823,0.4250851436737579,-0.8104418952279161
-0.5356121370112463,1.5521188392853413,-1.590021018378367,0.6536495175008837,0.8995577448755308
-1.0101136970938864,-0.3284786326494616,-0.5513049109544141,0.789483123445018,0.641180552497187
-1.6106982471837452,0.5133018843137227,-1.4073763098934777,-1.0530618250941652,0.699936553101619
0.06606584314786748,-2.256191866194578,0.5194532147992906,1.4774432655283147,0.5964362668241934
-0.10909228268803826,1.2086666766419527,0.662664932964292,-0.27468962672612013,0.5311022646999498
0.8640295403955325,-0.8949586881027095,0.25760684849506815,0.18296910359860474,-1.3419172793938776
0.3490206229436694,-0.709341725249748,0.0033849195953816642,-1.2057907245985289,-0.41466919528893137
0.6260355344088537,-0.5394503489459006,1.050160479027956,0.5758128238626081,0.6689558600732953
1.2245665450569674,0.484646732241876,0.17727422950313967,-0.42288004869474005,0.3342652774235181
-0.638259698055372,1.5044268839160493,-0.30078557085566665,-0.668280137954995,1.1477692384155787
-1.2366334779620665,-2.0632193992893657,-0.4020335479464333,1.5580570244780072,-0.04244208419288272
-1.6250688343199455,0.8593921534548382,0.8990626472633372,2.282864042945652,0.11327585264667638
0.05972314285471931,-0.5511108761420916,0.9322343072623861,0.5983629429410828,0.8430351105146218
-1.1111942058870488,-0.24722318831502293,0.6996747771926274,0.9416084972938354,-0.19695588512766984
0.6854201345167431,0.46421938798137247,-1.4294813967633953,0.3449663456990132,1.7776507122068388
1.6000188644442175,1.0308257741076188,0.5582703924989177,-0.17199109037506355,0.7731520686618205
-0.4871968680683139,0.7196401237320869,0.6930975964013181,0.1886052181226736,0.21450190726311982
0.250448184837988,-0.8898557619274396,1.6844522971123923,2.4553534359551397,0.4131219844925142
0.019990559379448002,2.353422646004031,-0.6465004347887883,-0.1714954512421714,1.250991574548274
-2.1532632057074643,-0.01211516088451866,0.9806321045302843,1.555633084029972,-0.5047385898019549
0.7579686249664587,-1.9429134986976813,1.7838694161528668,-0.8206220702836886,0.15526998489577057
1.0134189186173772,1.3930272846848146,-0.5545497679624978,1.312479908479566,-0.9031997232289408
0.9343445801426392,-0.7643516147556753,0.856557266511423,0.6627531488213392,-0.3978616528445452
0.6566733150018751,-1.2532870969641323,-0.4712494386286194,-0.23386455046461693,0.661253030464345
-0.28014518773473523,0.14677062723581122,1.1018657697826322,0.49555124117661464,-0.008754306930070236
1.1584408050706132,1.2021012093674537,0.6627602691446497,-1.325571352207205,-0.27539095743948605
0.3239813626915315,0.07958765032668569,-0.7412274890567115,0.8711668481013544,1.9483762393245199
-0.6787044588718937,-0.15946568590169913,-0.4635851922535629,0.9853209031461734,1.306087776199985
1.019390906774425,1.7719044893370226,0.6826626830425695,1.3829608825073967,-0.7087905015746634
-1.3533346929282206,-1.2052393260806498,2.1832707249346424,0.21279061433752358,0.5002216959371907
-0.3753592807744557,0.9670149249768997,-0.8657471627757506,-0.21351081805408162,-0.21100400735231356
0.20536090830307518,1.385311329469025,-1.2995802912412444,0.8814911437185614,0.34727069704648
-0.06907271519514808,-0.17885387885980222,0.8577710378988672,0.9886503744500208,0.41157490824938464
0.6456824839997256,-0.3968015727945264,0.4585736173640896,-0.3505865429438363,1.0180550814789642
1.0378197516535204,-0.09277208317435617,0.5574253191418026,-0.2946878882357691,0.3302814275176554
-0.5029155237776266,0.6492386482848228,-0.17719612414261834,1.103031180780428,-1.5774349405221395
1.2436664930708285,0.05914486915180992,-0.41709970746354075,-0.07836954487683803,0.7278350622560803
-0.07470908492040011,0.32770334032352044,0.41975675743143603,0.6325067667044403,1.262197903254219
-0.5879760979477405,0.04336235784155596,-0.10131580303069729,-0.5510387386193466,0.4320451514709378
-1.883915247272299,0.17376047156764504,-0.07016188916724028,0.9918385389325335,-0.16387643731889825
0.12043401434513563,-0.6557846599550755,1.5282621528232077,2.0234356829087594,-1.0576170647320515
-0.09328080869510208,-0.25715916116434623,0.32320320740005365,0.4843761316238204,0.5063504336917407
-0.08572879043749002,0.41715873339481707,0.7269772190160882,0.04929162793670838,-0.2693794537317552
1.5775721259269475,-0.21331986238516307,-0.8915654495878863,1.909808030460018,0.3994612425743899
-0.20219117453044033,1.0713523450068427,-0.023876662355492982,2.0227743931343856,-0.64746271677455
2.617893292842547,1.0503049076124031,-0.19004507913774515,-0.4643134242722936,1.0408505458729127
-0.04455166623006308,0.48140581167805596,-0.6074935776590942,0.6525519575919202,1.4506164791973943
-0.10268534224911754,-1.2977141504086718,0.8089351621579186,1.2421734357467373,0.6484376282667873
-0.5335227993982519,0.2831306237107932,-1.9207164832094563,0.7650142253384876,0.8686026104987956
0.4442159654079392,1.7615289672226448,-0.21237348476335524,-1.0235422197387396,-1.090701777098122
-0.48584814180028973,-0.8480993444810226,-0.03138582681929831,-1.1756346299007157,0.2895372517050561
-0.14261191932583156,-0.7894841188467325,0.7842043537055479,1.2559674758126431,-0.2980333397192091
0.2063126128998643,2.002755574540984,0.3240950448285504,1.9128003622483023,0.9813625082174157
-2.5811943002771462,-0.9210075765576062,-1.2109606915709563,0.7350643302192092,0.053671421286047676
-0.4538073171730186,0.8208796609447625,-0.271312101253184,-1.7431903825388102,1.4380602258971351
0.059976964299066786,-0.07927401006385608,0.37019392305149385,-0.37069281130210435,0.23762932340935305
-0.4669123042462773,0.04058582740479947,1.4356276275513722,1.6854828840624334,1.7407120715472204
0.04907692666308089,0.2718421762750095,1.7480009355232964,-0.9658693343612418,-1.0057860710530566
-0.15839618329225344,0.45676982691300116,-1.5285563655849008,0.43036860397782845,-1.315166922748788
1.6830618084371063,-2.171519253846355,-1.42952305841727,-0.3180026566305716,-0.5564734518651142
0.3769668675857124,0.8780056991887695,0.7056338567376529,0.7776684241273186,-0.16885610443451168
-1.3510217167453222,-0.06657541944646249,0.8245880034310386,0.38831442373716607,0.11112042218493286
0.5988958425625079,0.1870612464650232,-0.5658273060822505,0.9351212076452999,-0.9927791790233718
-0.9074137464176172,-0.30535790884352937,-0.013950582268217313,1.0997052589257554,1.886346391801894
0.9230380465119963,0.4432352410563958,-2.6273881968675816,-1.03876668787044,1.5678158317559239
-1.6802164573599832,-1.4131926820238199,1.1448062509977341,-0.4159137340259169,-0.6003992579268285
-0.6299540890565226,-0.9129491910880231,-1.9350731728571327,-1.015204230208036,-0.22818086331376106
0.5881584835585094,-0.9231785159998406,0.7962882052920981,-0.23928714484464358,-0.6169074390970034
-0.4706324791781395,-2.027853687599297,1.2567356194481174,0.7659774413742926,2.180899070765921
0.14015434576667232,0.8721826360730823,-0.03907065681964426,-0.3809252323973076,2.2950518640928896
0.37565550721474056,-0.751624157053895,0.3081320227710907,-1.3176957494866623,-0.31692611929798875
-0.28050328033017785,-0.11515612098350556,0.930942011431054,1.606229695775511,-0.20991190633805196
0.48633112704885745,-1.2665109455693664,1.3797473627676358,1.2458042468277788,0.498719513566655
1.2587910241092957,-0.8495649786988541,-1.304868598595355,-0.19219984574934867,-1.1183131585333121
-0.2429126950242089,-0.50974808317534,0.2417018787023147,0.22071979859582047,0.47898264296014603
-0.7263972812545371,-1.7323725864170956,0.6409529193798976,0.15500476336666416,1.4957651170405653
0.4639583949610692,-1.8010968471942053,0.10719874889524673,1.3332476391126258,0.8849197657430076
-0.8603530997257357,0.43778748532979295,-0.7798742180985133,2.8808982493829807,1.0119568317201038
-1.7445145933184083,0.14546789405588598,-0.4525129135023576,0.25131573168331467,-1.0074354154894656
-2.094835577597014,-0.590243157762609,-0.2444656046405259,-0.3112112920108333,-0.6686437717019392
-0.33612962179678135,-0.6571962353519107,0.07804594615749362,0.39445153097333563,-0.5697456160044534
1.2979495549933584,-0.5211743710108407,-0.6300170489928896,0.49703311050085625,0.5081243487264356
0.15953281882673334,-0.355331796250501,1.0204478501120857,-1.352294481826422,-1.0210684319378809
-0.4050242092965518,0.3950497806484963,-0.2508885828087168,0.6334229299702376,-0.5157473614107352
-0.36742656865802203,-1.1147576772518872,0.2747714963979289,0.45983731694555646,-0.7720830974974174
0.3605893837558596,-1.4263950517197685,0.09210680586344933,-1.0932145880027815,-2.2391813598854227
0.09940069746112817,0.5403733498138124,0.8560130284088701,-0.37404963383872303,-0.6026092403662554
0.9017164551238943,-1.2435360317050295,-2.773471387275304,-2.2912148062822437,-0.07805807682874272
1.7889347261514599,-1.1950061878162657,-0.32256954389620407,0.45242734714325517,-1.20897784210604
0.6835346659124143,-1.81738899203725,-1.224588399416857,-1.153033144902935,-0.5945669705048559
-0.9149095107376035,0.9546762661739273,1.326439762971749,0.3354858198053005,0.46619724373388094
1.4272969177056092,-0.722458142640029,-1.2521744155316827,0.08289543174159446,-0.01518885375138973
1.0942068341229232,-0.41299131670335526,0.3189147806502218,-0.9292340095310638,-0.5492856021950517
-0.013286201373299396,-1.108959990684993,1.4267033316915785,-0.7109069059962784,0.8746583664407748
-0.9230708693460595,-1.429389989303137,-2.369775209207947,0.8677854119383653,0.6431152540400737
-1.1840224779796789,0.8917823262572222,-0.5922655601468739,-0.5034602972566093,-1.3731488527618128
-0.24642487175216218,1.3771034833233973,-0.7224416963479096,-0.2757965939686888,-0.5640168859127391
1.0711378122252349,-0.2117529428247564,-0.1287352989332245,1.1149126114541867,0.12744577587246636
1.7811405844031973,-0.20412271747177718,0.8302633407709776,-0.3461784497032379,0.4795162416928063
1.5319544743269033,1.6989677320509529,0.393723242125179,-0.4356268053843212,1.398656156181921
-1.3999964625194956,0.8863852434231514,-0.9189704930592267,-0.2040174611404612,1.5665136906074446
-1.4994201246801202,-0.7940974848971997,2.488386387868067,-0.8014130546617705,-0.7148658264465184
0.08479176665904593,-0.5073159056582972,-0.34199099643645137,0.7129833934443588,-0.1699265244739091
-0.15362669499751672,0.9900233181530536,-0.4299393691333393,0.8780989695556104,-1.958656891745625
1.3281557646051512,-0.8048537391279406,1.4553886996428846,-0.48222818386515043,1.3566589622589855
0.36353493742792237,0.0797685869356826,-0.7035874545010269,-0.7466266893157709,-1.6218131106571225
1.5158895108410115,-1.4041376988830863,-1.1990998186199548,0.6716198922258286,-0.3728947006087685
0.5714441392516302,0.9276543130708748,0.5582941041663211,-0.4055632466312724,0.377306975152757
-0.8220881290656297,-0.29702864381207816,-0.6829166585153458,-0.7467749637698633,-0.08306091387453594
0.564079842563622,2.3916757865157314,0.3056200138771537,0.717896441930497,1.0403002966339123
1.099632904694297,0.34204892927082536,0.38764062924097625,-0.33362994272296337,0.4557216663623854
0.9190182381812476,-0.5026532654918349,-1.5583762064600803,-0.6405991002840524,-1.834898599333576
2.0354315198196242,-0.14212840407008626,-0.316507365827393,0.18642051338467097,0.9964388495360758
-1.428906874646452,-0.17251000627958415,1.2133310837258988,-1.563735145144776,0.40798595029067203
-1.9196629415987891,-1.0867278107084084,-0.5220054751998,0.14898439653216036,-0.6319750579459965
-2.658496006155113,-1.6002934581755002,-0.3052634728527795,-1.0411573081987915,1.0693582818533438
0.19036101699062127,-0.40552155034974957,1.4905996075911256,1.2881186943186638,-1.0419550615140116
-1.2583778922312912,0.596523306474392,1.0978154402718256,-2.5201085007312023,-1.2757483455382308
0.7120698594967575,-0.6507717224084558,0.45854680664402353,-1.349789817388038,-0.28175139029220336
0.1328939262254062,-0.6356938579820469,0.03740252986489042,-0.864292802568189,0.009615716586770377
0.4176926894378455,1.633632536760435,-1.3340359537212563,2.60187465693332,-1.845009147753688
-1.424311853923593,-0.5965244501853261,1.2848335601065397,-0.03151979302657926,0.8895035517578144
0.4459648671093035,2.2034777316129164,-0.8338017785720132,0.25542674448917696,-0.3912672691942071
0.20608715939775746,0.07504205440771149,-1.6136948477606183,0.918818884168333,0.2889319904118027
0.9833755729154134,0.4942801837008301,1.2705019133467559,-1.2701749834400977,0.8673589139826358
0.26038290325460656,0.912096958969306,-0.8395922117177299,1.1916863994020512,-0.8772676616700292
-1.25352792699423,-0.47907505600711026,0.57031326291043,0.6067000308652648,0.7937984547819366
-0.872857427734254,0.5717980343430707,-0.6788389441694074,0.36788595009120384,-0.7839972781987935
-1.7961630391276626,0.5472916405260392,-0.7528302481404319,0.1640420370553308,1.7334523613780313
-0.6187821226194918,-0.33531274266577726,2.1766209027959778,0.1278429075244511,-0.33656621492890954
0.27900311912470593,1.9645247018735759,0.08598332548389598,0.5110179597639782,0.3060134755101577
0.10484661985821746,-0.052321820605528785,0.1434586421042358,-0.20939635884337707,1.032468162374282
-1.3740642604721311,-0.4766252979291666,0.19849499151737057,0.9395553191604084,-0.5900338946064908
0.30576296731343533,0.38954935750032255,0.6226504922523044,0.6119407077421816,0.15406757038715493
-0.7241544832632939,0.8618926809337925,-0.23747734418995914,0.03628432123397642,-0.6818778730782585
-1.3174367215503098,-0.4261683737219071,1.172053586419347,-0.2602147598751661,-1.1228785163518031
2.63585149514853,0.03925883325664289,-0.5971456251447426,-0.15142728567987368,-0.5963634114026487
-0.10079250947319747,0.20570836008446275,0.15169386541157004,0.6703334643053976,0.7694973410199273
-0.4178826275213878,0.16629525574975296,-0.3203232000770626,-1.9328454157626274,-0.31191581049120193
-2.1980999706882733,-0.45803660265705176,1.277767946875402,-1.2977446297543649,-1.2821059630992344
-0.1063985751900822,-1.6903574975133533,0.31498233833591466,0.5918645878461833,0.13168897832601992
-0.24578755491544532,-0.9739203841128364,-0.27144437755116274,0.8203783316223958,-1.438406888981534
0.711874973124576,-1.2832612848057663,0.40283216723792276,-0.22454912408675123,0.1399515051176668
-0.4825532909880355,-0.10484932337897646,0.433461217334047,-1.0421461018592941,-0.3209848532318718
-0.5891533470303056,-0.5442541961037412,-0.757972483437727,-1.2996326272183074,-0.4414922864607407
-1.3743654916083345,-1.2657940683867215,0.4741491056581147,0.33023548870379127,-0.596024719946594
0.11188343990288399,1.2659620281823065,-0.0021701421570603685,1.088054967065458,0.9372013507634688
-0.4330461107843593,-0.6210991844779159,0.8125710552477202,0.17057966194594912,0.9151830054675741
-0.7092951500966567,-0.7767719927952957,-0.9337257031849056,0.34596247360114407,0.6184943819269757
0.6111651917796376,3.5203876107999803,-0.09791244002252074,0.8567061286013085,0.5676277194883426
0.5513767106789568,0.044032296085138756,0.16424656871746834,-0.2676915364826996,-0.882711357001647
0.05236768225154936,0.40276317690228436,1.1667057378111303,1.4635809112952392,-0.37811342280784804
-0.999737787255143,0.28840614875755405,-0.06895531875942046,-1.9417097567185049,1.0327896381138315
-1.0662110428303992,-1.0506030654461342,1.1615711230786665,0.08494107488350502,-0.5407083675255868
-1.4822609705135252,1.0209061150575756,1.400319651698125,0.3324438712738075,0.32665537195833744
-0.5831586349862274,0.5998463711461152,1.3289016068646669,1.663959129668853,1.3260324412528146
0.732164816779046,1.3224796473581133,-0.1682626278721278,0.2975829482187367,0.07734331489253984
-0.32689686469016427,-0.500651495759994,-0.2669999511225789,0.23041164757282837,0.04390578598752231
-1.3041136958409147,-0.16800634248418397,0.5233468909217126,-0.04301768798667757,-0.6939393819531623
0.9741206237728881,-0.12340104401919606,-1.5985300331797805,0.5897608917416025,0.5739693023327122
-0.3199378589723089,1.0586480136995264,0.6430150896876402,-1.596085767106398,1.8133951637468164
0.9244614526010763,0.10486458014676976,1.804160826510359,1.0962013850164714,0.4699351530393465
0.05932214827774002,-0.5838920209183631,0.6181809363239998,-0.6231451824378837,-2.4165570133749514
0.8640767446546357,-0.09935322590865397,-1.7590889494044033,-0.3014516865923239,-0.9676507160998902
-1.2036685579129947,1.5860936494564681,-1.1365994573912075,0.9640795429446305,-0.918554495867299
0.013201889876304844,0.3759225337805837,-0.6554337819929353,-0.5634082144358814,1.0221143503261698
0.6406932472667638,-1.0525231339665693,-0.18132633654745725,-0.40222355711342,-1.9390236045195965
-1.5963816336646661,-0.4275860745383145,-0.6715571504923611,-1.1959994156325349,-0.343696841994913
1.2192789853561938,-0.5615999692988682,-0.6733706515390863,1.5349575593481561,1.709805842521056
-0.09336894089702077,-0.26015446658703334,0.6179566066037525,0.1429777734267967,-0.3118709947983191
0.09111736248472167,-0.6288554294606892,0.10304337201166097,0.11811214867550726,0.09335736083331572
0.14298225993977207,2.7001872596840784,0.47294756813078603,-0.0017654935820460107,-0.400965492719013
2.2663427270947616,-0.18764332131232292,-1.539863294677356,-0.3009542272812617,0.9151617009278892
-0.3666669424005391,0.29235745733266216,0.6572333088978395,1.2210352814226655,2.4512464520502064
-0.04161848771249296,-0.3638071083920672,0.17362913975458055,-0.09440981301196189,-0.31175441096866086
0.3554745759290272,0.196801898673178,-0.48976696713568724,0.6186673561878259,-0.31092331590789235
