0.1902578525897716,-0.3019171386320934,0.6843817657786189,0.047589876576531305,1.1244168501036362
-0.4607701787695079,0.5917607344821093,-1.0044414414804805,0.06338574411883098,0.034116115653784806
0.025005991146608113,0.32407746888432676,-1.5135865482524251,-0.7887943082091579,0.4020816365633692
-0.18865580588572656,-0.11850820873924311,0.6895424363201607,-0.8026779509586387,0.7199365558856599
-0.4455337846822049,0.5204247253825306,0.7941371965119781,0.5116142481174947,0.16354657210775658
0.43747953055233746,1.3394387512262873,-0.05278479798134708,1.058482581802132,-0.413447749016914
0.8698619500446616,1.3393498398444765,0.9479263585595677,0.14859439808632133,0.7065303555322632
1.4934488188562256,-0.6077267247349423,-1.070347764324454,0.7535307111060516,-0.8932261052983823
-1.3894911552710658,-0.09510897657353252,0.9678313607203575,0.19135709254784716,-0.5452401501189268
0.2983408833534796,-2.1642125780681964,-0.4806055830805663,-0.6241442543885954,-0.1883584452227207
1.0000501806793352,-0.42918908218465185,0.6958467898113879,0.8946098949959824,-0.5676878511262831
-0.3761079127050962,1.1854530916828478,-0.6473232393334256,-0.7651572020625653,-1.7945996965652982
0.291179878909395,0.3168933798187489,0.7234860365723833,0.1190579712312775,-0.008789407323315724
-0.001941772886424275,1.0916586925711573,0.9497895801413238,-0.03097330660239715,2.548941283899786
-0.01550335503813498,-0.309030404104012,-1.5739085301429805,1.1481612825398106,-0.3893668260988538
-0.16836066481299786,0.9349074529959985,0.4314241427503924,-1.798185673789984,-1.4180136523573625
-0.8459558261756194,-0.03599191533636234,-0.11459031261900533,0.5903351246302719,-0.6560819877035099
0.6060375669272375,-1.1776025849233405,0.2090347782977146,1.9624161357729877,0.3247158512675709
-1.305009629278094,-1.1284396900775835,0.09409860493586998,1.1850351136146284,0.48592046863386723
2.874803990559639,0.0684685509710599,-0.6536539349568551,-1.3927422366745472,0.07620008263277407
-1.6157775936308554,-0.9267304703185293,0.6800597430590453,-0.4681294898680979,0.8479244376780686
-0.9480177401202466,0.668759274253226,0.3809471035309976,0.2583598900979753,1.1020332881286257
-0.27692183142182336,-0.16608613476789755,0.8207357090430701,-0.47475155529117424,0.553507711501504
0.6798574094358376,0.4258701165244824,1.3706242324928568,0.33237025954065436,0.4520002205077551
2.6217578647215194,-1.014065172148213,-0.26400713611396964,0.0466090407032229,0.39341086301410594
1.70954964983479,0.8011919841356163,0.11113842264528963,0.39858312020329745,-0.1686621964499443
-0.21557238796869704,0.5489482575143939,0.5201305614621917,-0.40613204603249203,-1.2330530760925675
-0.9878650941077978,-0.04305120203473882,0.401510316389472,0.7244198007903617,1.160507799763545
-0.6202322570879584,-0.8191367599023196,0.03307019982628553,-0.006855987437141988,-0.9491730892301475
0.43285110741040006,0.3916589172197149,0.33827525639600237,-1.4104410844162965,-0.18041141366326113
1.217920644394704,-1.9567676042902076,0.019094493801733496,-0.7818688802167131,-0.28056546899654805
-2.1929041040377752,0.027665602853157334,-2.1446975859772084,0.13523461960171132,0.41695646027033584
1.0348436483119208,0.3337986312780171,-2.3450401569124035,1.6697004030990996,2.7969952065878316
-1.0302400686693163,0.47359072091310517,-0.2673888015307732,1.5882553962148556,0.4084676209591578
-0.49346204997560805,0.3490894647707283,0.26061498397845906,-1.2295654862477332,0.6288486471224065
-0.08839554731273146,-1.8280539007442966,1.6130028926597821,-0.2944079030211095,-0.697624445225068
-1.8402517960141762,1.0107845884451243,-1.426411409077656,0.12736988652359252,-0.7114323137040344
-0.23467175484754238,-0.09552523093126289,1.1857284669871553,0.5433438033723859,0.16155140759977243
-0.4759068648600351,-0.3408128547099415,-0.6488263376263426,0.9606742778992908,0.8131187694108594
0.5790329332457486,-0.7945907547751737,1.5510817548418823,-1.9128933280650782,-0.22989166954783635
-1.883812738119778,-1.0087738865173366,-1.158607715278021,0.5415211253918703,1.4188742872272315
-1.1444625572963818,-0.9615425326637946,-0.7225473641652449,1.5743696747464455,-1.847747988664703
0.5110943530912743,0.8056270320071872,0.18474469221335882,0.4821795979252738,-1.373117106126771
-1.5856245244821445,-0.891127499624928,-0.8640737142159923,-1.5370555818694138,-0.43036214919611615
-1.1330835141014108,-0.026412673020589108,-1.2551790443170814,1.605683503911128,-0.19260970870663915
0.07588940605194258,-1.1129769979310515,0.04725996821637029,-1.7839116542674867,0.0015358504879056834
0.40255329862681216,-0.10272863968631944,-0.5789034940121179,-0.2503720496904732,-0.4237642296500397
-0.14999440308738296,0.29830310531827964,-0.9968031677768163,1.4779805802359038,0.785062988315392
-0.7775445330948769,-0.965587295580395,0.40418533994401323,0.6670870401599452,1.0818073971467967
-1.7520910389001316,-0.3085360655303314,-1.1860321512590333,-0.8838732470813662,3.0063840921589375
-0.38023571989970417,-0.14388978081347165,-0.903398084213661,1.3715108382570924,-1.8802690051751672
0.9026519933721264,0.37337515612896033,0.5779166419603886,-0.3447557408612897,-0.45944469200789306
0.3928746286032639,-1.5110333631844146,0.3036865694375038,0.21048777980694236,-1.7999221936673924
0.49409395684347884,-0.12155244855935189,0.2878306077106149,-0.3670137405834425,0.05749395827109182
-1.4706413053811207,-1.838511100954103,-0.10782608824353183,0.9555954119785992,-0.14881503070161387
0.34534362093938015,0.7846584137012296,0.7817329288903575,-0.9256643427639558,1.1094284224762154
-0.8776487612030763,0.9190862555599817,0.7716607725233845,-0.09246485105493422,-0.014833254374714715
0.7407631111066173,-0.4207709367643835,-0.28092078683042376,-0.6827047921433751,-0.29674857929188336
-0.24935430413961807,-2.6808815307053924,-1.741781633665545,-0.9314620103195345,1.0800171393221139
0.8508837191664156,0.20416051612773958,-1.2991206774795832,-0.4268529198261499,1.4228287659983356
-0.168310846049551,1.4208569070032226,-0.23827419022972532,-0.1415639003534543,-1.0550980115851207
-2.11060016786982,1.1175833929946013,0.8895978369160797,1.9164749360878943,-1.3527374003365937
-0.6294297087156895,0.0061227060046386275,0.06188029311379685,-0.9867633304428812,0.933141515956201
-0.7192040925764197,0.369291339898777,1.007150905361407,-0.476566227977203,-0.6642809613899717
-1.843478004946433,-1.0857425441484085,1.6663526689639634,-0.23271596052648888,1.3900197886865275
-1.0558637563773616,-1.2861386240888297,0.14115747368676612,-0.6719745661897341,-0.5690546325469752
-0.27056755035459334,-0.7211195168827383,0.8720671430543625,-0.3907757026250436,0.9387686530024292
1.0817565187603586,0.6396488290144425,0.33070038404567015,0.7469212717547316,-1.3280887267359034
-1.0686159168868155,0.053045665175098816,-1.9908501562168777,-0.1688403732578125,0.43409770354673183
0.2325701501330707,-0.014060827584393726,-0.03375450423870903,0.5019466306379589,-0.6173806983002591
0.2796909675649249,0.22422640758582277,1.3156622733348022,-0.5031698306128572,0.580251198422601
0.8481817170931618,0.6850698746985648,0.39608498382467244,1.827096657848556,0.8161881810027557
-0.5579715987547489,-0.21204090568739972,-0.3609210210695294,0.932838255842567,-0.5822704043626894
-1.048473344611596,1.142910767746145,-1.209045908138914,-1.1620295023747207,-1.336760863376373
-1.349372408426738,1.0532093574135453,-0.8834857981964535,0.343594907687972,0.16622253367833797
0.5974736465487577,-0.6139101501987458,-0.5903686134287945,0.6286310564672113,1.4351311363570158
1.1010007848458503,0.09425828663141562,0.13086390868510392,0.3189380882615023,-0.5558438801902522
-0.8874744142015888,-0.46108532928388973,0.9787809440386311,0.5137127596467171,2.205972821431896
0.9944219731959121,1.4212146604531177,-0.06392083483806468,-0.028036389970858947,0.07934127514271246
0.15841578526487984,1.1014034265669317,1.6454962007340233,1.5137619185217375,-1.5914439990124276
-0.30634685549099333,0.5372935164516273,1.7046492277330385,0.42955160155937316,1.6131553927113078
-2.1898161360184853,-0.788634782066997,0.10134972735153187,0.655427514215511,3.524917616321899
0.4280327773085597,0.07671631740122672,-0.3370525792015366,1.4180204512633354,-0.09047863825841578
0.7285871608161435,0.6325115125762178,0.6977889415870093,-0.3581370927847081,-0.3813311522017747
-0.5584454887102988,1.0362957911796697,0.8358931560348981,0.31603620474025906,1.5312699634801474
-0.18511422418708134,-0.043038027950628006,-1.4120091745025605,0.8756620836353916,-0.6669476618344841
0.4540189297941155,2.162050510327504,1.4889286537583917,1.4897643816117827,-0.2774894822246368
0.1602231659874974,0.11972499484849351,0.41420002714799536,1.4105751974224252,0.6933886873922351
-0.016274663224307356,-0.7539270939272656,-0.14651065166647245,1.4259115828252622,0.1664283559157106
0.042239259116400085,0.08387474240973156,-0.9357738089583625,0.37839684842464133,-1.202372559558068
-0.14580022574623622,-0.3686680263243383,0.8904030649539284,1.3633203443282322,0.37557161251604215
-1.7661466425726595,1.3410284952161633,0.8281280093364497,0.7572532645346362,-0.24714471975545924
-0.3487203720320048,-0.3314149191350749,-0.17886634782591634,-1.498816774164366,0.9606724725610106
0.929763777911546,-1.136180722946865,0.26186065006395365,1.4861138021191027,0.8395483856338796
0.8562194832198539,1.2453132230692825,-1.3991096916322665,0.2618801468030602,-0.161950482428144
1.29461153397123,-0.35230285182854465,1.6025993590477923,1.8357504445951214,1.6408715307732178
-1.6738048461007347,-0.45703229003785706,0.45063540284837644,1.6119500986461899,1.9558694388914324
0.7891569045110873,-2.42660080416302,0.41754640655869313,-0.393089974877718,-0.8464432438828904
-2.6950971761972355,-0.35091414351997047,-0.19635270178042677,0.4434562512254848,-0.904871233168071
1.2790857023968434,-0.9888714101863444,-1.0560536919469667,0.6692217479072199,-1.1387856835157353
-0.8472699405865531,0.6525037415808737,-0.7992057225037963,0.3542446046922439,0.6851468734640063
-0.005104086742553417,-0.7534380309069922,0.39912379614809756,0.5970106698441083,0.3686886337896272
-0.3953895250657521,-0.6245671807847342,-0.019790152383809177,-0.06309809473826321,0.8907997091127856
-0.7550028300626653,1.2423559595650737,0.2485645827612699,-0.16893083798245026,0.010103215309431184
-0.5598263214626574,0.045033050775423064,-1.2338904808832123,0.8122428720223127,0.05986181772877478
0.9008964506592386,-0.6256946577071031,-1.5874238236442642,1.4931552591615136,-0.8070531175958978
-0.4566257128843746,-0.6584636228139902,0.03588398065455688,-2.3555655406045446,-0.8711461432863884
-0.25153673348749606,0.10728425685611269,0.12827125713309945,-0.6797280171077215,2.7830461579175036
0.3453284577725309,0.9340127369357552,-1.6375676168025215,-0.46754847490535806,0.01838219076677211
1.5494858742483368,-0.9586996677598054,0.42165451801421566,0.6859030785668381,-0.3887463694157944
0.6920621297260575,-0.15525335268075013,-0.1883516625795179,-0.14739818141228775,-0.8451626835658672
-0.4057582093096649,-1.2309762114320415,-0.7353311338931554,-0.57600118581444,0.597860397542118
1.7637384417748563,-0.5890233197739924,-0.3635207548157065,0.460684301124153,-0.07819642210412164
-0.14294745247697524,0.2848503398185589,0.37111413466044324,-0.09320236065312092,1.5396585252835082
-0.5613696588124762,-0.9994674195563372,1.49151440674349,0.9456880188623525,-1.28040610776396
-1.341561655382498,2.2105197175971427,-0.9830322765571451,-1.4667984720332279,1.5466632832617269
1.3312449519500302,-0.42501949259880806,-1.648499697807055,-2.9613294758232085,-0.1486603988753626
1.8694964113207932,-0.7076250649469903,-0.4903295535863284,-0.28034993270564285,-0.006543934096892837
0.4995930578009427,1.2004362565616937,0.9580299263488006,-0.21546634461950379,-0.19947727191587547
0.15985955767007914,1.8662038418619666,-0.7978425583734963,0.36416676681003923,0.9233393513041904
-2.2313822442734583,0.7368183931133816,-0.9072286991126696,-1.2761978531057663,-1.339229040222912
0.997524536088033,-0.5243381456226086,1.5544627638409805,0.8284043606367045,-0.2788170258659166
1.8182115928462848,0.9956527365072514,-0.04273520241135809,1.9684717721687737,0.015472519370692656
-2.543446033296006,0.19339393675489489,1.8053204978529722,-0.6817760971984532,-0.17737587193307663
0.6531272971415804,-0.565553954552352,1.891038415792364,0.9538817359877024,-1.6754967050928413
0.9075862071001276,0.37094998385040867,0.511693044866075,-0.20612242722258575,-0.8293534140206541
-1.9752320120076594,-0.5456961728111281,-0.8593141221198359,-0.20745992818309542,-1.0317176464413969
0.36098559846446343,-0.002657465545916187,0.6330483588905489,0.7432614501965754,1.4386698688734236
-0.41782289333137823,-1.9516340116560555,-0.44997885177494357,0.1317580195337976,1.1422516484242544
-1.096134456847288,1.7163890700103739,-0.40549349883495195,1.5141553269531318,0.7330584462455438
-0.7302168088955954,1.0853865677006895,0.13140506543381103,1.0997366117252436,-1.5994646982791842
0.5165685601154206,-1.7082790115105542,1.038119392361773,0.30656857453677194,1.4767989914899073
-0.3739414605104042,-0.3857726352568005,-1.3240355008084783,1.5443185117706664,0.131535882956437
-0.704501113541935,-0.10378687155837052,1.2265372301600272,-1.9624902340833599,-0.3570330035341848
-0.22650605232985227,0.4823537023402436,-1.4285536924730207,-0.6657837712115482,0.22099925388513084
-0.6524492772649112,-1.954434276966746,0.40748857713274556,0.16956360882025895,0.07807131588718498
-0.7086846483104353,0.9485987602215566,-0.6113657604164776,2.0570500189242242,0.12094958799326735
-0.014103269357162112,-0.2814127066741365,0.33449630993852836,-0.17773050410524058,-1.6196435876916637
2.028672202643533,1.2635227346928715,-0.0673363015367364,-0.2507029015507735,-0.04266169262703897
-0.3770793613475175,0.28151353918117544,0.15430080607214836,-0.8316389307537806,-0.6150914939176128
0.4992995247763996,2.006837390127606,0.29655117742815673,0.4130017196026341,-0.35820513447973223
-0.45713413906989464,-0.1330995746148562,-0.9753298462821641,-0.30256256523893016,-0.09951007334364347
-0.5133365594565095,0.9333532535733264,0.8411905773321031,0.5998814435064987,-1.0417198372270482
0.47351858588837126,0.09654754059266464,1.4165178884646057,-0.2775410598397882,-0.00980205241463027
0.10302191492012434,-1.9496078416136189,-0.31562048533729753,0.5049528581092693,0.45182583039306234
0.5092231973188888,-0.41482193237008225,-0.5169334863430215,0.6212403432988665,-0.02297150064610088
-1.4813178896771675,-1.6718353882178372,2.0022613199519967,0.4260166659316052,-0.7382468986617785
-2.6867380858821956,-0.086787488483582,0.08199613728984538,-0.10289868374928964,1.5578410092487383
0.9167393319110931,0.5462175716407197,0.7474405755494721,0.35775982322415584,0.430903603730611
-0.8279587086790526,-0.9465686551369498,2.029280078073488,0.5068931471908613,-0.5752673810337527
0.17007026426986963,0.1427701082851751,-0.4540920912398402,-0.3364269024789719,0.8132774394906918
-0.866702232225812,0.008615179263802453,1.4340850282494868,0.5760379687454726,-0.5607192324912418
-0.1465108200124312,1.5430705555750994,-1.6081572153217762,0.08784124886898163,0.6787263494609461
0.7066603170392877,1.0680442687170095,0.127554575599875,0.6584521922019689,-0.05686272969111502
-0.8255985825701562,-0.24085068736458154,-0.9222031192479369,0.06441655259406116,-0.5618638054744011
1.0299422479706128,1.3937738497661059,1.15568138866436,0.9212632367238973,-1.3026510855708222
1.1727285165562307,-0.018803746987147162,0.014914045569993241,-1.696679507350312,-0.8296071645648652
0.5744774983322555,0.3432789924134619,-0.19842295422347722,-0.05303048382561384,0.34764310721234126
0.25414247128150574,-0.22160939809415892,1.2437441102292048,-0.09076813559377904,-0.902538647153425
-0.11868990709225098,-1.5035048814939451,-0.7320286611457147,0.07622594826966392,0.12120463995930875
-0.21428543105974474,1.7005016357195475,-0.5403240861281416,1.1334048736218623,-0.1991798527989564
-0.35688203001365815,0.16463514494224102,-0.8084756320070603,0.696457917143614,-0.29243874368068995
0.20371865768018785,0.015070352858866556,0.08734817810921355,-0.6107113294444331,0.28382978475386644
-1.1105051206952667,1.5286735664405189,0.8083331805459545,1.616292861928576,-0.6700022454271836
1.2960404350783172,-1.025244837956457,0.2273759824218295,0.3680192081887036,2.020877791743642
-2.9347093337517745,0.5878589595417376,0.2913923764204712,-0.04934980502556404,0.08787670227711473
0.17059672456505892,0.1790336140823049,1.4182204780624617,-0.8647762717985594,-0.13000900655103254
-1.467536026715764,-0.013354186152062415,0.6906364208504322,1.616939849603189,-1.3543486959620483
-0.1930430197261402,0.07500330685584547,1.315079144396575,-0.07744058787644838,1.2987317484365755
-0.7492733245742238,-0.4089967284043806,-1.4708222138229157,1.1349059904357806,0.15674579036001754
1.1616688687978456,-0.05402754687952649,0.8545091392926043,0.8532554170922693,1.932784932454768
-0.942614121630842,0.8631175347034173,1.1091106613478476,0.08433815225635513,0.030211093472369426
-1.4105898126223226,0.30918617434975876,-0.07819232998449338,1.0323408919721009,-1.5625621602037718
0.3309863865719159,1.7542147115870916,-0.051158333772287304,-1.209280613637579,2.0696109016318496
1.837552061621831,0.1368867236203288,-0.8497669710197951,-0.9789840459281989,-0.49572609887661667
0.44247996327137135,0.5857527863158726,-0.7518939532294252,0.5456123474353182,0.7618982267370811
0.9736064170079938,-0.07552360893201127,-0.20999382584866425,0.23230231994449735,-0.06219878404883432
0.5526461771476457,-0.3173250717244419,-0.22613790640857365,-0.45861283749828013,-0.6218673560566905
-0.8685832629060508,0.3896527382808599,-1.1317891820569221,0.06004064603372967,-0.10581339643147794
-1.5740259587245649,-0.8973448218717409,-1.8702088955376568,0.818164583577173,1.6646642941248695
-1.8433191409754068,1.4379082220683077,-0.6940978918664901,1.2239800475123297,-0.18236611570012043
-1.0245063344970697,-0.29593518232704447,0.48903242934376323,-0.9596548886076592,-1.1737909129484658
1.2602365156986837,-0.06212791802214581,1.686703275167388,1.6746196693756847,-0.20006569500111973
-0.04748445712127038,0.0634241158922867,0.005316518465295007,0.8815628017477892,-0.0034972727933026246
-0.5868271474451029,1.081297967122731,-0.19341110687837187,0.054691244943720546,0.20306162524144733
0.6353125956881701,1.6100501866813564,-0.3255571973050945,-2.4103164495053986,0.7099102575966413
0.22506440196823968,0.33578716296057987,-1.6223447692772979,-0.7119706695901195,-0.9276357471889581
1.2281610716890932,0.15018937033471783,-1.5595272275314136,0.38552607128511,-0.007840706205685988
-0.8328736932399934,-0.650058914948182,0.5983500183627318,0.43599118350215954,-0.5443115453681494
-0.03276868418132038,-0.35551487133136606,2.5771696180827175,0.18591619846055243,0.8558162406818947
-0.26550586680691385,-0.26863553490784947,0.37949817083501214,-1.0816781943560216,1.3836039886906302
1.2030523597042,-2.586904061380942,0.15996014865673142,-0.3361681748934471,-0.2232392899393275
0.45663442573900553,-0.7546615216595656,-1.4944794373507113,1.1167190191021683,-2.5936624200309533
-0.8331723237719366,-0.7858207141980021,-0.5048176237241097,-0.6873767334556413,0.05970516758201805
-1.1974220552830221,0.14509717141458464,-2.1886508784995145,-0.38415742082436966,-0.7061043682599296
-0.641798611207428,0.8321839567265381,1.3418302756317877,0.4194336455796996,-0.9554862449989209
-1.5577721710992722,1.8677073896399685,-0.9883537089658274,-2.228224650713152,-1.0590539662159173
-0.5414378992226038,1.2615524441093915,0.17800450065850107,-0.5649184473151382,-2.016121523591911
0.030254453389803926,1.061724436511539,0.1896421968591995,1.2590271687427248,-0.6667088205335779
0.005007650380735278,-0.7352591939615875,0.3649557407624509,-0.3053114731666798,-1.5427709686076307
0.5346935427877874,0.8456245439329914,0.3289900885864744,-1.91323972251364,0.06923504369191541
0.05330712773834764,-0.5750196326705997,-0.7432316233776669,-0.12140188798199425,-0.07382767709860494
-0.5218904661610558,-0.2678447346631688,1.1161326248453818,0.637277730932243,0.22000995456877065
0.11559161362717639,-0.8889398309817825,-1.0037439937091903,-1.3115232510691008,1.2309555523240086
-0.33754109746217387,-1.8717556453025166,-0.11368238521540093,-0.31960240085966063,-0.43906940097640845
-0.1524851513879462,-1.0271362255399197,0.5318841629283512,-0.6102611822515522,-1.6221322767196023
0.022764009153377802,-1.0514608638995617,-0.8019371851887585,-2.4074168745529945,-0.8102316803361771
0.12785187591169986,-0.5377602488929262,0.025402987054523887,0.18520275879431808,-0.42601451439095517
1.45095263716412,0.03620574299369538,-0.22501920788545887,-1.5413744016845219,-0.9541955312433528
0.3884309157008505,-0.22596777740287405,0.6232128660077979,0.8930084576649229,2.22370447110128
-0.5389179371122518,-0.18946904455257554,1.0248735413070458,0.9689229639810428,-0.7953794140475258
0.6093260326840423,-0.630759608521439,0.24461752483808413,0.8845634870794282,0.009590705608652841
0.054748137168945436,-0.4488952401080892,0.83722373480522,0.7688262600016571,0.29367897624371025
-0.44537462211306295,-1.5611902926295542,1.0899147902669124,1.2701007742606092,1.1375879541426261
-1.6257337694483374,-0.11341871766611997,1.1811816815955858,-0.7521442041301357,0.17117022880654967
-0.8916057271820731,-0.8382091587378468,0.6372410309750134,-0.8074462352147802,-1.209061003512597
0.31634850585081886,-1.961804036484128,1.8913158292906411,0.0009237342593012094,0.18035018858743004
-1.034595188602344,-0.7178657771502177,-0.9110049889975845,-1.1322753461524981,-0.6526582327594433
-1.2362426501645274,-0.5562784347853952,0.14200746839437461,-0.17897674776574335,-1.4069561112345448
0.1453466733946521,2.434733007771434,-0.6759314122907863,0.5511085562722927,0.41129709837414746
0.19151231252773032,1.268758325485785,-0.030822799872165116,0.6701470919787064,1.5256638806518017
-0.2529732665476645,0.3379243159992763,-0.29897690685261996,-0.08362988856199716,0.42376093201451126
-0.19088559175838316,-1.44741158848113,-1.0921195574908231,-1.5025656353892067,0.46514789958957636
-0.6991326518594126,-0.47076619940331826,-0.6227872757989636,1.3359620274392117,-0.8819352822476786
-0.8955454343847569,1.5871995508000554,-0.9217175420785245,-0.41902407791609625,-1.6365226418509253
0.8826413262405924,0.4071855486389871,0.2980627172132145,1.1164293973261792,1.4203600390968358
-0.40532177789012036,-0.6367910249809238,0.3222238777302898,0.15941495451385482,1.0997691501737055
0.30988114672315437,-0.3690782194910977,-0.282830113947505,1.1514917470556072,-1.4368118791681184
0.6415314681607286,-0.36870499024142195,-0.06329364733725229,-0.7369085149979326,-1.8973530644550736
-0.014469464434411109,0.30831963253252687,-2.2889350270566893,-1.3153887585877446,-0.1466800675672847
-0.26443872328307655,0.4120904206035615,-0.809710829736182,-0.5272938752852168,0.34012260320589843
-0.4137473716910975,-1.446890398440133,1.2565674024017708,0.48638261002731037,0.138999301698519
0.44900838410323984,-0.2465000222956223,-1.021662001826795,-0.15506638310167686,0.024088961659195298
0.8562136890297349,1.8404544542784496,0.2093132486624985,1.0791567317184518,1.6330278680466388
0.1052320369842937,-0.4333021782037751,-1.6178067548517492,-0.9926645845899089,1.1546236158959304
-0.9479223241279017,1.0891103221223202,-0.6565502601103769,0.13701701180361925,-0.9909119280588884
-0.047685550175298304,-0.7799394813343608,-0.5129464608470281,0.3687805195498209,-0.675353161629764
-0.4607549166436828,-0.085648617908135,-0.11157545339820342,0.19222711751171623,-1.476825589109343
-0.35406732226081844,0.7562831740637348,-0.022663467561273274,0.04490791338065499,-0.6482973831814929
-0.6157108833490944,2.4693900996096056,-1.1294738938049562,0.8659240488288517,-0.7798913924338718
0.9945934293062801,0.3739605644090707,-0.8292385118564135,-0.5831060423695809,-2.8740108293377937
-0.5228834975823421,0.35403026793991965,-1.979936959756428,-1.3583926703889366,1.711116216288147
0.963178350761678,0.3404729039795728,-0.3154131695226382,0.5667055027338338,-0.34424605768683686
-0.09471968689555098,-0.1060521847258665,1.327996269098111,1.557894791753694,1.0500375690258223
-0.5288047833412106,0.5090875150766461,0.007149711627180442,0.3918200897342272,0.7866642866839687
-1.9406599241847573,0.3534596978475144,-0.41017409311825626,-1.2161802555748384,1.2228705026747735
-0.6671939414693063,1.4010918565517108,-1.8065669153300645,0.7838631126254175,-0.0657389941944503
0.4566727193936481,-1.3154281158622176,-1.2862308499243145,1.2185749045378258,0.1524528391260859
0.453236996523205,-0.6872402140930071,-1.706885154707508,0.682405422729431,1.7896785035185208
0.138898762689469,0.5984136043495617,0.02099266123445367,0.03794765945978116,-0.9305336532458137
0.7524341085651217,-1.1523938362643662,0.3940547611420858,1.9342403191306503,-0.2950890486201457
0.4375513958843129,0.43826052002637245,0.16559607633318166,-0.12254617949652218,-1.198676683202788
-0.40964080489962307,0.8169546184989253,0.9031401593496129,-1.4139874893304718,2.3918767745007905
1.1474315475237113,-2.050478849311325,-1.6349387108071287,-0.4286681744204093,0.6010520695459165
2.360035717177679,0.7847635107984785,1.0926821195346799,-0.23558094517884168,0.19471053765040133
-0.6454264083111619,0.3997070718087223,0.8196359212436909,-0.30870012025594484,-1.1763431136828708
-0.13406893355567923,0.285420907948097,-1.4777470993596074,0.17212356290080794,-1.3683758057678423
-0.7344497997156136,1.8094819556128627,0.4913268861557372,-0.6127092839153829,-0.5133718712349906
-0.8278872906035787,1.4310195969717845,1.5503845435897683,-1.9494436257927379,0.6467345643612108
-1.0312560657551961,-0.02714617828439187,0.5152353828112399,-2.099020928855016,-0.7665370515086325
-1.2972771570932653,-2.5053431808425524,0.9459333706771493,-0.6407690814761329,0.7639910876204825
1.012055697001182,0.2555582682992531,0.4117094187380413,1.3512302727320964,-0.8918371977230732
-0.2775038781084078,-1.9613478489045506,0.17332597289968127,1.4783345558199896,-0.31745804198895927
2.1891274561982508,-0.2650805976590996,0.7450343772552277,-0.005599842460853422,-0.4352579364303537
-0.18168163973037096,-0.7039632729140598,-1.6969300363183641,0.8623610039962897,0.6225447370393906
2.041410851464932,-0.25788159155186957,-0.3071869774207551,-0.041164931936338925,1.6514278456686178
-0.7679867468268535,-1.388731540228297,0.22253413492919147,-0.5173600311877691,0.3663528787841324
-0.5070718975224388,1.4474170691558643,0.1794939150068079,-0.020276621728774,0.6067080673699888
0.19210838960156265,0.6651092673119411,-0.28392877637569797,0.8000537658583339,1.2151575204937533
-0.28794959470440457,-0.2947299919430242,-0.12008551249484718,0.15342542047158275,-1.454194713266204
-0.037545314319536775,-0.5588564339492524,-0.11413894770984671,-1.1038203576158498,-0.09054665002906996
1.2524885869527567,1.2173138982899951,1.0693492160516662,0.631706577833678,0.016022810303741197
0.8348643503334175,-0.37210204861101026,1.839962268037516,0.7555164123095729,-0.21116771692450603
-0.6661429939919037,0.12947687948671113,-1.054815774155435,-0.530563534938808,-0.3143144115819828
0.614469610755895,-0.06911295356042828,1.7282453165264184,0.011906532636116721,-0.4173897393325602
1.4414060488358464,1.505347465147092,1.498301265372938,1.0071733522119242,0.9431247939543735
-0.5725811909842936,0.4632020149116627,-0.9388482848040172,1.203128655256847,1.2178137951455894
-0.5082663138538691,0.9285786340684271,-0.39239218386433133,0.8303945614688939,0.5851051493629316
-1.0163425351124646,1.4782076060716949,-1.3280980213891738,1.0132825319187886,-0.01433839416031017
-0.30079335213358166,0.2807118962629656,-0.37563389824047877,-1.3653964089241368,-0.8506860478181
1.5648653305403404,-1.1058256517232392,-0.1974008178670749,-1.2379194258593393,1.3031480514442388
0.20459493549537677,-0.44063747916451057,0.34470018563933097,-1.207348848456954,-1.7113614478685497
-0.6431716422565087,-1.8659410872662383,-0.4890422657267208,-1.0167065837581026,-0.5201829062196112
-1.0876943647620887,-0.001297352165285204,0.03669114994900021,-1.1030438571976962,1.6754224119512835
1.6715763833563275,-0.45045546063199754,-2.164686781126174,-2.2707257827406564,0.37874635254536837
0.21834869817131486,-1.411682366209845,-0.9529636479453898,0.2661483807273745,-0.4026986778161423
-1.1983777940199205,1.4848798406209929,-0.4745467526549612,-0.0493445202217863,0.3070936201745039
-1.2642205910892146,1.0869413080944528,-1.3353473219927945,0.408240390170974,0.32440358355275584
-0.23533514624495305,1.1379860548713905,0.46765145925986246,0.858825767993873,-0.5486507520415258
0.7315291758093733,0.5799389026284839,0.5390664592562457,1.579855068428529,-0.078079215720682
2.8064621300020978,0.31647965966352815,-0.2527224011904223,-1.291844890203197,1.0570626678338233
-0.019157674948268973,-0.4956104528153956,2.0451999983112685,0.625166534494011,-0.24064473053792404
1.480085802648285,2.144850077293658,-0.25366947447158383,0.360605518691754,-0.6677665523309949
1.278158591414788,-0.9174263074638161,-1.2460793199046143,1.2403894803371367,-0.6302706747604142
-1.2754870497170478,1.1979428815757491,-0.7823333114003688,0.613475715270059,-1.0411183065715175
1.532972788700095,-1.9409939241381287,-1.1832546339926011,-0.6508739796424581,0.38537425041331175
-0.652105791784698,-0.4172339167486752,-0.4535759549316515,1.1003793935516757,-0.6800178296522731
0.6451011378059741,-0.235951471206189,0.08595249255615614,0.9668420944790613,-0.2827257048820364
1.2298719655182104,1.1971850735681564,0.010674089591199518,0.8039537969178034,0.09850025623580654
1.951053556111984,0.12848475574819934,1.4714615737081769,-1.6315399376078625,1.0616793414412475
-0.38920614579177837,2.0943296998493115,-0.04620783007471546,-1.385839668466036,0.43648676314265156
-0.4913849029932022,-0.5972134083206837,-0.48723778773382276,-1.1817836394762864,-1.5837833157001786
-0.44668549957880815,0.2763519638912459,0.4216669594459017,-1.2273777984232637,-0.23839635131541306
-0.7209381355764831,-2.921185312470302,0.4507796146033321,-0.15374801059559953,1.289762740101344
-1.4585449853732968,0.5740130026200556,-0.8502930704405943,-0.9928356060901123,1.78664079647781
-0.30761663942107814,-0.36883115551997403,0.49818153752905137,0.3285613319545022,-1.5808235677205194
1.983871026053069,-0.7355865559938316,1.7537552986684528,-0.71638171516225,-0.8995739555924739
0.7425231660446706,-0.005427691799765884,-0.7225775665797356,-0.16643087207954504,1.769252663122894
-1.51831463804231,-1.2647465147255814,-0.09455450125892036,-0.4820690020912511,0.3922596714692632
1.2267106522886306,-0.4239417627667828,-0.20816063708273774,0.41717321215912395,-1.2892954016087916
-1.3493081554950264,-1.7710603511416814,0.9256521231045151,0.26863607977315107,0.39003302623036523
-0.02677172892494505,-0.0761381727303272,1.1886731167204652,-1.1859287636881597,0.08721131648570792
-0.4485374781192966,-0.3217773736532969,-0.05846755792214136,1.1774183957065445,1.5894951910925619
-0.6961415022880042,-1.1841247226544165,-0.5503339397033632,1.057636173035223,-0.46769620908785975
0.3969244246462152,-0.12446386160896303,0.07951220105310373,-0.6631306810646309,1.7706415135774976
0.35508276396737476,-0.5558550210799289,0.6485725972184393,-1.1558119316349909,-0.6357412251239156
0.9144865935238113,1.5440556196288413,-1.6962231766829965,-0.7950396250184925,0.005941069064931147
-0.24068994219356663,-0.5585547569452238,-1.1349964146251996,0.0524526950111757,0.023770401731069958
-0.36707133903801176,-1.264378824758403,0.15337699509705197,0.6193846633495722,0.8120627245431603
-0.2555579009874909,0.1276662715499985,0.01987062157832233,-0.9337518418131803,1.0480885100622102
0.024471273234983743,-0.927076805857049,-1.8508854244661415,-0.28283648404472606,-0.6549895646952254
-0.26396368151200866,-0.19029949018972223,-0.2702287667809599,-1.3636227169457764,0.6396852951355598
1.8694245777754515,0.47456519393371854,0.25933420013704933,0.6042589042045825,-0.3600257380446329
0.14064643201535296,-0.9567750569766366,1.2943354816175445,-0.2208167332053417,-0.11100195294422215
-0.6347188913308361,0.9120549837361889,-0.571243934714976,0.7104990717685402,-1.4381871947340246
-0.15786444590074883,-0.12015982681497735,0.6890010712055543,-0.3959039416194665,1.7543844051262527
1.199019225804778,-0.010432872923015644,2.0874612671771016,-0.9813136926568408,-0.8136475909352177
-1.5639549510895652,1.0383059557814767,0.2682531255093999,0.09264532082898835,-0.20719323281421342
-0.6755354313787902,-0.5849518750638066,-0.3776704823299099,-0.13614487007604453,-0.10086882881977041
1.3533256698624798,-0.39687962876301686,-0.7564584867027593,-0.10897804632351771,0.2606477087452883
0.34369200214393814,0.6325119987995722,-1.8409030260085528,0.4676157677839656,-0.36173295513924864
1.4101298138775504,-1.0207119415040882,0.7637916300283099,1.4897287671215018,-1.3034376532309842
0.3198173236505486,-0.21865481426509195,0.9605743945086014,0.46876280985289986,-0.01747105809337164
-0.3936745634150507,-0.04975283124991534,1.036613826701002,0.040064141559316264,0.12765967581010265
0.17152720433238397,-1.4932732998542941,0.6436218459390323,-1.2295829418738717,-0.19450853625584236
0.006973874880563259,-1.8743305973809936,0.504225490238097,0.23516260153976412,-0.29291232652700516
-0.49132328170993617,-1.982867532361174,-0.0953373566119627,0.5262280011586091,0.4954376873049238
-0.5116647778459189,0.1870076673041829,0.3940563664646826,-0.13390231439516503,1.2281034475627748
0.5011906983787469,0.13098617733726922,-2.5815911424130356,1.1473256284658877,-1.788578479983148
0.6657715633444138,-0.13070750291048974,1.1178237282551557,0.08773044394905985,0.20673191143005687
0.08973685161933037,0.4297460906373805,-0.9394647846492009,-1.6436155815768145,-0.22243355798466125
-0.9949717626657931,1.0318041361740162,-0.0338289088142695,0.03969467013867544,-1.7142628172443994
0.9818215955478341,0.17346832404582738,0.28183539658392376,0.5436853914448506,1.3890643160927532
-0.9748358644059707,0.6130257762033474,1.1045900732690843,0.9420296185936982,0.5694323201115314
-1.0656398196175985,-1.705697741924747,-1.1131665484951303,0.40982960873610685,-1.0594590827039359
-3.0774193359078805,-0.3619629805924502,0.1892631991467662,0.7681847027151816,0.6672424318859667
0.9784056535994983,-1.006410082824987,0.425167546369194,-1.3530233133217076,0.4171817638115273
0.7138402755122282,-0.6118611709317917,1.6736966231391082,1.2373859282227024,-1.353806533915196
0.8005673940147324,0.14203917382392167,-0.3976458464198096,-0.46669874019979324,-0.08391910249852119
1.2831658513180952,0.740244745976883,-1.7155539068303272,1.2374663147531493,0.19287933127260423
-0.9814782511501694,-0.49088245961362115,0.06904633581263764,-0.0650097671742818,-0.27707187662545385
-0.3220223619959628,-2.2178051235652707,0.29010768725159386,0.34677559453763773,-0.6753910053975991
0.9240557388378383,0.9149491469465498,-1.7341773850470572,-1.1815407459835006,1.3770253797286505
1.1669051392379444,0.4937745489598687,0.40481909541483757,-1.1082222636047148,-0.6005120874793453
-0.4208600077357507,-1.46995726982513,1.360992082710571,-0.7765367991041124,-1.1263288718475761
0.189750296343667,-0.004515944081699517,0.3243204928699986,0.5433976860112754,2.0860616687396725
0.042848887800376274,-2.414488614828724,-0.8713755736342246,-2.1400972724012224,1.1790506612448406
0.6353138688143379,0.6859348978026388,-1.2063668628419157,0.7009162150505712,0.7233309784331945
-0.18888739687978084,-1.7857988796749455,0.3054105731132745,0.24172952694983735,-0.13111566725947202
1.1060636017423748,-1.1445516046682362,2.108476651049035,-0.19720324455709484,-0.40088478138939987
0.5206189682841046,1.3401147133544706,-0.9790922783214531,-0.712781113198898,0.0880071260623929
0.4300579535001581,0.9530884320493165,0.010495841247288536,0.8347772372779318,-0.2952386462701539
-0.46394499721909627,-0.34632206214261063,1.9637161395120486,-1.6332782568141702,-0.26542793907589757
-0.13611583566197916,-0.5804828826844219,1.503290525396393,-0.8710325162010388,2.340263177446649
-1.3330887194711079,0.6611788527803182,2.7507799455774444,1.2412723297059332,-1.6312752341550965
0.4685069733631478,0.3321065178820698,-0.24920135847891922,-0.46975663792469924,0.9727463157545969
-1.7559948785864037,-0.8893830125470299,0.8772072079641259,1.1878243662243155,-1.2032178733056818
-1.0539657939899458,-2.8269402299300883,-0.23084627937312202,-0.6003377927136508,0.24536417250235312
-0.44590552009054596,1.4276029722385606,-0.26155697598981364,-0.9014618530185267,-0.21143239741253145
-0.2425052345120575,0.837579444552372,0.5274916800595777,0.9752138044660122,-0.8516008126608077
-0.24397672981272037,-1.5470653210572332,0.17085444543431969,-0.0948923696598889,2.6510586514413363
-0.14588583921017778,1.0404175560559712,-0.41983391885732696,0.05518350829465876,-0.15468634863988517
1.558215563852713,-0.7615320986809049,-1.5416336979048733,0.791526956358238,-1.21331786816219
-0.20209371317754357,-0.7582144361432995,-1.9148058349887982,-0.6655676970962882,-0.2055227061656051
0.9338452636076916,-0.4124428486739767,1.2955107376398518,-0.34384712799799594,-0.6605022550862107
1.5022856503288646,-0.3694707208207679,0.4888081320924698,0.877913863017355,0.0025756982087758677
-0.7043159094499662,-0.2026112916649103,-0.13601423397892926,-0.6703465216960858,-0.13494281651895157
0.16048243468072024,0.9553281817366057,0.5686581219083571,2.322266228382464,0.2961999622301499
0.8502270260240292,0.3188082126916341,1.5708542014852735,1.7075138755735997,1.198994606639585
-0.927507091942042,-1.040070703102763,-0.4314625089387076,0.15241180561354545,-0.3236744363961631
-0.02591084482933073,0.16165105011419267,-1.2443335641825939,0.4305680220600921,0.5092581141088303
0.9848219760040353,-0.9742724051326647,2.587630650738243,-1.0739369378105448,0.9031778666586572
-0.43263804975088876,-0.011454952008226178,-0.7477945029696201,-2.0117742894887076,0.974613679194251
0.2824580909361633,0.008412843239920984,0.7366328806593262,1.1011537715735786,0.5319881774025227
-1.2494343086607476,-1.7446830429090154,0.30895494417689495,-0.053742681497440596,-2.222157462094126
1.0350273052408092,0.41008419758124504,-0.4329394888710489,0.39301621712191975,0.12449409591342864
-1.0633909060089701,-0.7223694766445593,1.205908885069029,0.7979813795331681,-0.670475065313357
-1.623164215006557,-0.3643763994444224,0.8505558264984507,0.30415846821958825,-0.2907582657967282
-0.3816470571536997,-0.5530245805061693,-1.284143354029283,0.9966904727744369,-0.4340341411036444
-1.286079578660338,-0.3962318709366085,-0.042983949696324214,0.46971771388907707,-1.3910308178577924
0.9977429839365122,0.030863630994006644,0.6131233327035471,-0.5234291793850541,0.5014125413977116
-0.8339013792294664,0.35177653797718533,-2.466524901359752,0.4649230344523203,2.0778910336119174
0.09434828461252742,0.6485269106016741,1.9557882029228435,0.6914891843869679,-1.5138790207172728
0.47791443577820963,0.46607840413813184,1.282845242252427,-0.8215714891571566,-2.0151154606257764
-1.4365889974882418,1.2112446897617803,-0.7429724822351624,1.5647932318098225,-1.0146497408330397
-1.2642363302211581,-0.10059623711325467,0.9196805659222616,0.7584769941457781,-0.20232788150871214
-0.23275462831447827,1.721396274028807,-0.5965150603048239,0.5187102154161105,-0.484362013079437
-2.2108506145909588,-1.9581842689933175,-1.5001515115759263,-1.4943480860973077,2.0392892395981224
0.04101361092296244,-1.6320204785588472,-1.2992614577687667,-0.7375837265865296,-0.7930063064403505
-0.2677110825803497,-0.2614829171375826,-0.8176548904781209,-0.4420343804141419,-0.9070118227930802
0.9855569404281669,-1.7044205418742024,-1.1444394818308699,-0.21868256324520732,-1.493799685867824
-1.0521025078967496,-1.189715953461677,0.1719380276514077,-0.3813037055390815,-0.5408385225685886
-0.2336838056327565,0.624151852317112,-1.0701001145280598,0.2211507081725591,-1.2958526818468075
-2.5261052312139447,-0.8908450746720925,2.7837593929981987,0.09767511148426837,0.20497028022616912
1.40625211920473,-1.0984189086666698,-1.4661870400935122,1.056964869531642,1.7512161312978283
0.005453046132236579,-0.7177387662530182,1.4648537366195629,-0.8650590648618462,-0.36740384151308686
-0.03954420506666215,-0.11498991236252859,1.464260830043804,-0.8449798188531163,-0.7473612882135252
-1.4927607486066243,0.15626925778082493,-0.48972876383910535,1.2617218325207258,-0.6127438770893008
-1.1751364881929165,-1.4728553315879414,0.17272410692670662,0.8223346471955462,-0.3409231801838218
-0.2219976841051729,0.23602666294734195,-1.11753734191971,-0.7279632611510832,-2.0861772544145407
0.34303687090860313,1.4043227673147847,-0.9352018671733044,0.2617146397683051,-1.1486103783560215
-0.0013246261304232128,0.10276221194539586,0.8675393690244746,1.1024240495386748,-0.721750398192507
1.2300787256157952,0.11226570588623531,1.7259435672611263,1.2725085800466114,-0.10819850984141818
1.3419218362261986,1.7903907412761066,-1.4807728177952388,0.9512139960364872,0.4650374205114641
1.0185745488574496,0.8216084952596675,1.6647906943918496,1.3564790680686825,-1.7399601171025247
-0.785272736008453,-0.20395742810830117,0.22221641653230023,-0.23740403105509197,-0.30552459400115795
0.8295314707744488,0.5405197088609514,1.6486131589206399,1.8638535161671559,1.4585227823116218
-2.6855315915400224,0.02230878140367895,0.39328960142899533,-1.1875674280387323,-1.442593109443858
-0.07147608297425415,-0.3009947883400426,2.4157526589743736,0.06681885408114822,1.5168031663917987
-0.08906291457442997,-1.4374866472475667,0.1262518853592115,-1.4475876368961558,-0.4668451922725369
1.2645536075073802,0.038751555960483804,1.344394794469433,-0.2372565400613256,0.31934224248528625
-0.46269583748228554,-1.5110634353218524,-0.13712310368290453,-0.7933911660710159,-0.06999638558044234
1.7660772550517698,-1.4462757457919493,-2.2254074612143615,0.18429415409266586,-1.8427120293209887
0.19199760038687552,1.9227612461865777,-1.7646728511880572,-0.17547902875284951,-2.1677367279330064
-0.9503559426649977,0.2269532668523381,-0.775944033471494,-0.7056746821701723,-0.4536503610186841
-0.8932061500228251,0.5705135797600686,0.5274699029254688,0.7567396780108457,0.34266796995741217
0.5523550058057142,-0.5276492897942554,0.20517690607278052,-0.5116967924672585,-0.6955017062349641
0.19375123037846617,0.6011752440314004,-0.14250206531896425,0.4246733872543153,0.5878255616133832
-0.5796081509630846,0.5228854397170891,-0.8583859246477858,0.0823607052089162,0.5151803047389742
-0.539434363737356,0.5189300064690515,-1.4197176860237317,-0.52692052447666,1.824441928412036
0.25902566271696914,0.9399620638357977,-0.08711134293681244,1.568611042672114,-0.2968353417955917
1.0034461955750202,-0.7799079531090856,-0.6873981682459587,0.14049870902172706,-0.9530648252582883
-0.03250280560754981,-1.1534075995405997,0.5073784929166992,-0.055127882383896314,-0.5862858350015385
-0.6630277553236303,-2.0843402410666023,-1.1386553803374617,-0.6221058097218776,-0.11509091413462164
1.6839330012100102,-0.7996280661401614,0.07237060981248143,-0.4291755539892861,-0.6429488764576127
1.3454701949015624,-0.3025761579598468,0.7728447070568547,1.411488910897981,-0.26507465641458944
0.8834788484614561,0.35274353572745715,0.21696451822431817,-0.4243132563820112,-0.03884544380000512
0.7883211785267735,-0.3954436545809475,-1.150323516375377,-0.23524028877531522,0.8863659590475084
-0.0532436761692582,-1.01175180692358,-1.9639107511249139,-1.55166526296359,-0.9837012860720576
0.9301802614663253,0.9599326676362985,-0.3639720952204244,-0.9955710489387839,0.8038396016616447
-1.315799932714525,1.589687248976074,0.8554730896480679,0.7550181417833829,-1.2990922648902543
0.1860411420342712,-0.4623403620671271,-1.1154042670388409,0.2943393193373045,-0.306126445796181
-0.5263048268444819,0.6990482959882499,-0.5575597591429046,1.106963079190686,-0.5635957481385669
-0.5056619857764635,-0.6730251995572595,-0.9751898015151889,-1.4096872944451584,1.3932495786602963
1.4810338817575983,-1.8634540720901163,-0.7852419946049655,0.406445171831793,1.7933461238409103
-0.40186265669452753,1.6711204231088064,1.7730876858453997,-0.44358517698018163,-0.7173976032214846
1.1358610111305376,-0.5045180618899597,1.0212675088608656,1.1852337430830167,-0.4857717008814679
0.6760727611859988,0.41819995856335934,-0.6135915192816063,1.1028634973483076,0.4757838931298653
-0.41693953639693276,0.29497479335015997,-0.004491439034165451,0.1488277142508841,-0.22372651859593393
1.1712606801172136,0.5199562744662665,0.5677783674541456,1.615182232918042,-0.7036232299994525
-0.6208935902675045,-1.0982485481702453,-0.3432561268063652,-0.4354652201373503,-0.14629493742307312
-0.6627410800688891,0.17106303431828065,-0.4980768722699195,-0.591432925756822,-0.4896498805475891
1.952022118940041,-0.6553117131879374,1.6251182116165952,-0.20627808964442484,-1.0903050396585368
-1.1724262842599154,-0.4574585377314397,-1.2419163367577264,-1.4885435705904548,1.8330554125134222
-0.6068440672787654,1.2379443364664948,0.11525029483591276,1.7039716467421477,-0.5463159091271682
-0.3911476111147223,1.0852141855510506,-1.117162480498656,-1.1033361062889615,-0.8783039291452872
-0.979396957720982,0.7095355964388975,0.811202565077403,0.8620836335051145,1.1300721262678095
1.3761470888020948,-0.8263939274709112,-0.3760992051734404,0.8639947096385507,-0.3618700470848346
0.7493734935915569,-0.2667691797388941,-1.4017692565092958,-0.05775294896175148,0.24584862775397331
0.9440896895810527,0.13370016665457843,-1.5171967882470285,-1.1503063179930415,-1.7867859320962853
-0.7492747227579901,-1.1046425769141541,0.415492646746913,0.9328973565727073,-0.008102825110236656
-0.7487517056167545,1.1406978028998815,-1.5024978199020294,-0.9655183521058117,-0.82795464790008
-0.4370011507932065,1.181702971868906,-0.35081806792329107,-0.5481833636368438,-0.23675591982980085
1.0311596433036614,2.7578121922924175,0.24895273338042173,-0.8566104760322756,0.4781637927308103
-0.7530857522775593,1.1630689191749994,-0.008501124757337553,-1.118663033579585,-0.4036002314667683
0.2287596625966767,0.613017900235995,-0.7962699645305658,0.5076175511089053,-1.2516841124518627
-0.04645428403407858,-1.558101338710644,0.8761066315124707,0.3250245046270649,-1.3131319846285763
1.126479320785597,1.4332127412902183,0.7852582900177647,1.2667162255984468,-1.243338954528099
-0.34342126365916004,-0.5835610654947151,0.3068600407954869,1.1500078011619321,0.31298512139112145
0.3233061353878395,-0.2991237369139266,0.6507345638819085,2.0879928168206714,-0.28114179895000896
-0.7489771657254428,0.6414360988930677,-0.11916182688181073,-1.8968946278421932,-0.0026110625373357713
1.2611001873629601,1.5158113045635533,0.9299026117717272,1.1696876887888037,0.9609805559611678
0.038216485664501254,0.3615901364320763,-0.46580622957917767,-0.5115680897072284,-0.7207460582336342
-0.4021860222077727,-0.25121365392838907,-0.23419443449151878,-0.5060712695887416,-0.9034651052663513
1.5137943448453055,-1.9187562740690913,0.9046270248555549,0.3723105472174568,-0.40198906813164476
-0.21829539575493417,1.2813474643503184,1.149022775244423,-1.1289015346270712,-0.4863478694725318
-0.4495217371895108,-1.475904030991963,0.8124860418507037,-1.1757170733360176,-2.0057303036279754
0.039136572301898244,-0.3530236739836228,-1.4815196723136115,0.9683520617948017,0.03275423710764798
1.34738456083986,0.4405322785570634,-0.1155786305307437,1.7536527316623682,0.04185944117506264
0.3040421356866772,-0.3346268781753092,-1.6296701137758134,-1.4783583578638149,1.6345514271897157
0.2756309694505729,0.8001513692720102,0.6143478488784102,0.08145934520879822,-0.1144477056572943
0.4418166886423441,-0.5110385706372028,-0.8484744942027149,0.684966365355363,0.3584401483149422
0.18190292592629703,0.4654317454543087,-0.6304187697705961,0.47036723341436726,0.0009444855403875375
-0.12033415720830475,0.5933243476013028,0.9784711471987677,-0.2972567126815862,0.2039740729499644
-0.3790387889724903,0.1247427632440882,-2.9367281139416175,0.0015441225676060012,-0.9358068743331128
-0.14817126043366366,0.795293235699759,-0.23041960177588253,-0.6181417883127704,1.0838469112584395
0.2007894657322326,-1.0044849411344596,1.240455327312138,1.1797133210745727,-0.6907985527988598
-0.8126555963019191,0.04637414412387716,0.5856956169604026,0.2521566995075039,1.0160861807410804
-0.23488665026905842,0.41092605004483024,-0.0030975924490841086,-0.1914836771916836,-0.4559663257835179
0.23611074631054108,0.41542244925894345,-0.13277885500051007,0.23082664349854567,-0.22488603686355757
0.7037358953563222,-0.024920693109714235,0.40030885018205425,2.2657997043042966,-1.786339847844981
0.5809755620599272,0.15582413620543767,0.1884149855142203,-0.12417412235839476,0.5172491062074258
0.1783133218681775,-1.4522014953746119,-1.5607564303991233,-1.1037233107014028,0.03996292362770373
-0.8876867313612834,-0.44094825737892696,2.286570636843347,-0.4571834769848976,1.0737757596579998
-2.6016094748529355,0.20437716701826938,0.2868956246853966,0.5546644197799124,0.35295056220387844
0.35615135672993964,0.5152457949234484,0.9897132122151041,-1.402186131825078,2.543387616012742
-1.9950243520489765,-1.8098222708818745,-1.116722787637373,0.3755790584248337,-0.5230502233525892
1.124145131537207,-0.2616348715533068,-1.0432306059102465,-1.423462856126691,1.852699723888719
-0.011063214997961835,-0.16143118937062215,-0.1842525663720105,0.8984196672452429,0.7275484503522683
0.6105228795704186,-1.4098766170223451,0.7518062893729432,1.6593061152592985,1.4430316309425384
0.21909364720193655,-0.8684497204967234,-0.2948202516815483,1.001061873930148,1.4693803710033166
0.5251791699410957,-0.2799747537335027,1.3645763504412802,0.19023980648490044,0.40010854909036847
0.12173962634312378,-1.1234564752852725,-1.1818524729904227,-0.27764821535280537,0.016906501585825483
0.5318471919736413,1.583738100299201,-0.7200259198744425,-0.34834530915227063,1.6911406868644052
0.1388943652174327,-0.3390643853929545,3.164776741519177,0.25887022847873553,-0.7251113663524661
1.2003923371762617,0.09083920124333858,1.0270714598387127,-1.224148142638299,0.7924268950604679
-1.3456940925133913,0.0535542067725267,-1.9044904455616192,-0.22692591922272448,-0.511375014563254
0.26123970467016433,-0.46437909163806385,0.4622303768867367,-0.48952093390714846,-0.8968620685683638
-0.21630606700659744,0.7661292533950074,0.9350143766891345,-0.005929783217974892,-1.6169334363691865
-1.047286553581637,-1.6245222047572654,0.04913897282370921,0.44271257848410445,-0.6988945230767833
-0.21255428966831474,0.04968568824087983,0.9116112656430858,-0.5346977222847646,-0.19217773579507488
1.3123962375673142,0.25869158839197415,-0.20263189055181316,-0.8832473795574884,0.31724361903562004
-1.7863358331773806,2.2244558137578547,-1.281579839969537,-0.14622109146006895,-0.8946703704249624
-0.6759060447840782,1.8608029531102184,0.04311489067902611,0.43147478920181326,0.8598265448357798
-0.21684076655976714,-0.06533406024957215,-1.0558981784029864,0.4119161092826931,-0.03961821214408334
0.04530082480683924,-1.5839671578024572,-1.4171641303909268,-0.24288778905257116,0.4490634637870572
1.373797127955393,1.0218992325261014,-0.11590977793167398,1.5234891621662747,1.5684407266467664
0.12646763691657045,-0.35692030177515516,0.3857163938982305,1.844268833001118,0.012991595961910471
-0.9387123257363158,0.08985687320942817,-1.6304650478038973,-2.214891512300351,0.21829674097659973
1.6743581490531205,0.42704949396798864,0.532528099584826,0.20995057475830908,-0.73359075391784
-0.4905903722977617,0.6117657569084097,-0.08950428662921242,-1.7198041367021863,0.2986597815389136
1.7387596777408119,1.0847342060410476,-1.0889268046306564,0.2433408487843173,-1.6919058528367232
0.1240717527899885,0.26075635566806155,-0.6413149100108099,-0.20402836059775423,-0.2925284744335737
-0.7612853673109475,1.2614678327193454,-0.5244099623898048,0.7490760874937509,-0.5583964307395346
-0.46546338158040235,0.654279405002406,-2.0090533010253444,0.8964667001006476,1.1365113002479765
-0.556819509205047,0.2845113458099554,0.13538567310461855,0.019335457177713396,0.48247317281463437
-1.3384930394202181,0.6973369076077879,0.8266417473561535,-0.7878251190490974,0.4843765726309892
-0.6250121561059516,1.7341023402836393,1.0839877809729441,-0.9249249967182399,-0.6058324456431846
-1.573430265809928,1.053619456256442,1.0767558336192045,-0.5592167540249322,-0.4829634744779558
-1.736543126375453,-1.000643659745971,0.5118685038287227,1.2123838335644852,0.44302719540471885
0.6119719907593522,-0.3969838401342786,-0.11896315660226334,0.16107173847784947,2.2822757257473825
-0.09373095898212155,-0.4204227981789813,-0.5947565481884617,-2.253981742447788,1.587658211110232
0.10979252674475905,-1.080736191609124,0.190401537680526,0.10137704047635598,-0.7224359942127916
-1.369020151818842,-0.7574579537772322,1.0081227551013037,-1.4221323007527273,0.06811768469016762
-1.0178873078441262,-1.385290365513284,0.2839363149664122,0.13311307598116995,0.03915830781069129
-0.2995397993075724,2.720635872020936,-1.2852685490480167,1.6432422472823907,-0.5814414254600735
-0.859355521610901,0.47808261701440385,-1.0380200955268368,-0.200541507604235,0.09602052231343411
-0.5782982862099227,0.7029634714737596,-0.34102827995763796,1.1575208200211085,2.565043782484376
-0.16935790885920587,-1.3434057506394204,-1.296367353190739,-0.46926395968203544,2.049174177491638
1.096032208503396,1.5277818855562968,-1.0933170952384168,1.0799850851099957,-0.6526849514210766
-0.3920763694342158,-0.5340811931605082,0.8947681204484701,0.3843485013660546,0.9737498667703162
-0.4689197796203873,-0.4361063417006431,-0.9687281051310775,0.9316925118146537,1.7233166470928165
-0.28078384108662124,-0.3831944624601372,0.6676723695504487,0.3199894206647743,0.2793284619450268
-0.2913990972417712,0.5367393739889733,-1.848782201666734,-1.2285041946128337,1.4015362791559396
-2.4620969565250594,0.24268196046942428,-3.144749092686904,1.0424404814869328,-1.721031260948731
-0.45123229981774104,-1.1714338560610218,-1.043793910337175,-0.057104030924640975,0.7578353407410297
-0.23473739985221287,0.35778119856373986,-0.4317044960489828,0.2455221315009304,0.522111748364751
0.8575568714592582,-0.37985042933382684,-2.6206593867970676,-0.28305061513721547,-0.5717414879868005
-1.8430597971002847,0.15317513776400382,-1.1510474816282485,0.8063561256157032,0.5133043195118978
0.1393093408256208,-0.959107213995725,-4.205419031534417,0.5326402284374545,-0.25230724134571947
0.9188522803564844,0.8856434324435383,-1.5311875219225757,1.119753051711581,0.643980452371646
1.074872775330082,2.1561755047430604,1.1747778076527609,-1.322577878019088,0.40182795582326786
-0.056537637893171906,-0.5173829349938023,0.8168132340460251,-1.6185762666806187,-0.32294651281738207
1.746182712976683,1.1716790039345295,0.2770018142794644,0.03190075744337421,-0.5984746027761314
-0.7392535529966557,-1.4850171074359333,0.7220596808753293,1.671310963523598,-1.089867813665265
0.2864227108173203,-0.5863851903302838,-0.8992760507571389,1.9919202670073681,-1.443958641554053
1.8979880010800205,0.377969182632148,-1.285031426945497,-0.22668607644950137,-0.7074293824551934
-0.4323146277783405,0.1479510258951615,-0.4896628451975746,-0.27840868898941645,0.6807942240618696
1.4567682513810054,0.8623268172760356,-0.9003251799755237,0.17781608292593237,0.1121217671050903
1.9869873052757578,-0.16958259684648574,-2.4758271336858897,2.3505526808116506,-0.5893684532571469
1.0894678524752637,-0.4105803530687129,0.826651591003032,0.1535391270360832,-1.0839913549662752
-0.8757813869498963,-0.7272889524882113,1.0762482532719424,0.27437205951463406,0.9506905695256166
0.85234606423873,-0.4263935325521359,-0.7194502084188249,0.6661104609151116,0.08635961291872375
-0.1868508766831607,-0.572380435691717,-0.7455309992956164,0.15994252692462727,1.0329913641797341
-1.8212597178823478,-1.759871182562221,0.5557792728998037,0.7914990012948361,1.0610230195753698
-0.7422507346080313,1.0144074313314966,-0.22617811848044944,1.3612224223876468,-0.8541223088781468
0.6991242673969442,0.3145282319134333,-1.6935628311152948,1.3376155301525643,0.9483449950464833
1.3077968638704056,0.473935815066812,0.9094668492441642,0.021016242299886013,0.5395000243671658
-0.5777134072747192,0.09022219177530152,1.0600924784799708,0.4052712355432861,1.4545331555105787
-0.7008059097332857,1.113904741234702,-0.7764032898327411,0.596327371223004,0.6407689899541924
0.10815116434377096,-1.9280827711407282,1.9398098211274621,-0.4870976822338894,0.470195970096209
0.9605470958163449,-0.8054602314827967,1.168900791284873,0.4654663463482248,-0.8019745887329728
-0.6768371701073312,-0.21433000530546267,-0.8519587432887925,0.619259593193134,0.6546180451732109
0.6012113959371995,1.2242944402902154,0.11120678812398742,2.1892702887903264,-0.4623082226588498
-0.362453143913899,-0.28849364115194087,0.05034436820113186,-0.4417604615955062,1.816892669527295
-0.490459618762671,-1.443139233547936,-0.6193556817364367,-0.3050798415898547,0.4395019002621034
0.5808144626210173,-0.0786568703613894,1.335620665240306,-1.0880797632260337,-1.5367433642606079
0.8156602452167829,0.775340020791383,0.6987694806827146,-0.307955929674176,-0.6912002936639903
-0.6326839708592574,-0.030439019642057367,-0.8995071598741611,-1.3362674314714151,-0.03163538630484108
-0.08232753816879214,1.8478374818092786,0.1044787778704334,0.7683074391590358,-0.42700742902124705
-0.9609005427783935,0.3596840972294321,-0.07755738016846066,1.7561319693895925,1.0111444485597847
1.042354723130051,0.7810000266773076,0.3714309865840912,1.1909344169626972,0.7081680205035888
0.009237105495917757,0.2945269903699154,0.4704633427796279,-1.1891693441339892,1.366935005037982
-1.8107134848756892,0.7940899516110814,0.5769770547693659,-1.3782373384387892,-1.0089129577543476
-0.7363790062846735,1.855811914005401,-1.3356116268354996,1.7014837223857515,0.8668668734611711
-0.4941384286414876,0.1220505600486402,-0.7971286916632643,0.9343791865883109,-0.6569895841853536
1.4356080938772289,-0.31890982594280953,2.2220957673777213,-0.43399114483082707,0.486043126055902
0.12100958521926762,-0.7215773908103713,-1.9914588847376178,0.5403366212078728,0.29921186494931934
0.38132028061728535,-0.4191941328947287,2.2937052463780794,-0.5739184654478687,1.1104848304713497
0.6049745601050032,0.3470218584159273,-0.7297487186853583,-0.02884807976736072,0.9009478235899956
0.4124703609175977,-1.7738984606045578,-1.2845842570275332,-0.6268429523418236,-0.5569760851989096
-0.1962148380025013,0.5526311046939796,0.03900923655708868,-1.3371119375508633,0.21129403337641373
0.8985717971660095,-0.3411439517304514,-0.984973773197575,-0.5563127533141943,-1.033507420989825
-0.7035976142193839,-0.49456904382201516,-0.7757353051328756,1.6513053200263268,1.071401876137195
-0.12200019392846134,0.4624185648682218,-0.04193370545391498,-0.6516990509770292,0.23455009454053893
-1.1470376584117603,0.3744936317824089,1.0476526965024475,-0.5251064742615078,0.1294808119815763
-1.1198812884258855,-1.0635135477859743,0.42643330555999703,0.47535392834578416,1.0831368310497216
1.4119058696770925,-0.4671518464828607,0.4848050419406041,0.8636533098342378,0.17737379008304063
1.8766964519300244,-2.4629405918960354,1.4342432328717634,-0.655192422621363,-0.032052533945409835
-1.1950724774389627,-1.3947639605194866,0.2803213845830836,-1.2948355184010654,-1.8275182524900913
