0.26094396707342343,0.9583461460800152
0.17748673843731813,0.09310558317738461
0.9655137476253813,-0.4010643515770594
-2.1091774349539305,0.6489543404366682
-0.21932280565972034,0.593219531179671
0.7056832170374017,-2.3900764038044295
-0.48677092616272033,0.6397421825932287
0.5336669192487631,0.49188525207207073
0.1555115349558447,-0.1143047181549937
2.6025042170866612,0.07514185976401729
-0.16044617193576996,-0.3735622134446668
-1.1249931226755445,-1.705167072581779
-1.416098453676748,0.8628969759453183
-0.05951217822582716,0.09023026283751671
-0.2831325678982416,1.5498822936002405
0.11337942342446451,1.6488194967649732
0.667552068797535,-0.7854196337381685
1.1403920653374104,-0.3874512444544599
-0.44926137605384914,0.07229434345786216
-0.6490348774477847,1.3185969202332197
-0.2502186870198363,-2.1208708707140698
0.8688896907091483,-0.04657213234605663
2.2544709700084424,0.26018396682462874
1.202577255481116,0.3825369986179951
0.023608760196752048,-0.2693370183700249
0.5086201305721231,-0.2497314326086536
0.02922916120747739,0.6790051276205389
0.5275809035354948,-0.07239702564296
-1.7470199882599915,0.6514530277440642
0.5904628132188056,1.1283956176197563
1.345129107564793,1.2894624870360618
0.3774656879709872,1.631376466604229
-0.04326875905385361,0.407732237566151
-0.27186745548621105,2.0395601075550682
-0.49026371880717945,-0.37347253212536013
-2.4564708504637705,0.16031558018858927
-1.1815340536362036,0.9366880292035588
1.5034853040508707,-0.8142881450066409
-0.5409892436611098,-0.008934204788473484
1.4326680725879977,-1.3253807491486793
-0.3783964201091294,-2.1463569938153757
-0.7127557382501022,-0.07600537944375356
0.6585928510102282,0.06543833944881221
-0.16708997441368445,0.2529011618036106
-1.5805392686164574,-0.9361075216121486
-1.0429168374874838,0.5157597331798158
0.5491696469097731,-0.09832933950327553
1.005784320813064,0.059522247747012876
1.2536681678429273,-2.335109850594866
0.6449096519551824,-0.8202267683938722
-1.4043959357546958,0.5620190935797095
-0.08597836116886669,0.5232893194406485
0.5964973297429598,-0.7647272066642886
0.049310642161143906,0.35862731098487866
-0.13505591511978768,0.46105939195521345
0.34740766248075466,0.44773394481469186
-2.619955719482165,1.4394407415819148
-1.3121201187025346,0.1754263930868331
-1.3969170577060523,0.18141818460501516
-0.300729482032629,-0.02767871403526998
0.14138223604902006,0.4130360941367509
-0.47845322125638046,1.4847370316809534
1.5790622148139004,-1.4519599429323535
-0.9183373501373664,-0.012125793266093816
-1.0618968088044594,1.321562292591166
-0.6425455135711889,0.23511459661189016
0.2565829501813365,0.5339889720750447
1.0973966814363556,0.41602191693210383
-0.5958089831399321,0.1067142350683124
0.9788068459302874,-0.34759723193649716
-1.8305727914338585,1.1127739821439537
1.052763326057471,-0.13087856656124985
0.5237446159546992,0.4297040315503533
-0.6649605685655982,0.16766258766743433
0.060202394424502224,0.13596308620362993
-1.000431989799888,-1.199764194584451
-1.1126212863032554,0.49657345711784917
2.2294501708499728,-1.0404091904698611
1.6369921509799599,-0.28716972810914415
-1.1684959165443765,-0.3042672948368293
0.995952497250619,-2.111412281572132
0.029489692388633023,-0.38182600562231517
0.279600621119533,-1.2494442721355183
-0.7240961981885545,-0.76375779373907
-0.1394135432492929,1.2643224106788513
-1.3549824375729767,-0.004367967545963352
-0.1437012324047857,0.21331342598383393
-0.08614839395317442,-0.9587923789873086
0.7281725118540546,-1.1304438159852161
0.1459519671970785,0.8931441503655774
-0.43327843143377825,0.9136321348031052
1.4668212839473644,0.4584056305564321
0.6083983806739475,0.8398247153313183
0.9899114164022127,0.8860667282527158
-1.6688695403460538,-0.6483284501712613
-1.6884115662369952,-1.5936724817334844
-0.5387530851325093,1.6547128864493208
-0.3534057596073642,0.5915381140784894
-0.8645360243395037,-0.3769831985055272
-1.32583649944153,0.2813383905285787
-1.8954212987917962,0.579976468522769
-0.07888011285386061,1.0539999072101371
0.14689911682750648,-0.27383098975153136
-1.4187150545285,1.5154938381101961
-0.29401756723686245,-0.919240387136031
-1.4317578321492015,-1.4961502539252205
0.6767275179350772,-0.9460424193510122
-1.2927270862395883,-0.12661399976012397
-0.747241290353937,1.1928137829716705
1.5517948098569596,-1.2215904399943347
-0.0007809905592401257,-1.4477135615854955
-1.062619170535274,0.5256203894303473
0.28921802115021855,-1.47525226746693
1.878414322326611,1.9012595058572077
0.463648780816643,-0.749677426684682
0.4973604302641671,0.2654309141587582
0.33689394973270487,-0.3191840425629268
-1.2499369647005851,-0.9248052520264749
-0.6484280713601939,0.1155483517943121
0.9426457122152615,0.11027320364330263
0.4234833011096264,-0.48311739102829526
-1.2267742481922599,-1.052609245455502
0.5538081677808985,0.7745740333201642
0.8941986241624978,0.2898778055626394
0.07458583300151926,0.8615236154675577
0.8041247110249474,-0.7313108876235735
0.5527531374379606,-1.0013797265216504
0.19524246817936391,-1.2620572458547903
0.9209723549135411,1.9713329094815906
0.2528778102914622,-1.0170423883552404
0.43572117392179105,-0.4493291189411969
1.1603464304971518,0.5217827311908944
-0.23002355901221758,-1.7129539804162084
0.6166984264361679,1.0188287710461992
-0.3421031992901473,-1.1851999363364218
-0.9638380023620781,-0.272064453313631
0.5982551180669378,-0.24194091572326767
-0.06657522314834098,0.07554774020597052
-0.7146840047329847,-0.8269803453935803
2.0575487835459354,-0.5949005851012783
-2.136454315922235,0.9375311295996597
-0.43390440525391405,-0.3549341784438523
0.6461488982799702,-0.39888345173123607
0.21025705371848522,-0.26506534346991967
0.42258308528459104,-1.2826326310755978
-0.010236607822968704,-1.5782203280073328
-0.8867434389441823,1.9470870331607653
0.23612895358304997,1.292876364692217
-1.2477126732258184,-0.5498234985796615
-1.6949763344702609,0.010670547338645163
0.19764140999698512,-0.8576709474497878
-1.8595567010928014,-1.8375819229659156
0.3781279203627127,0.9527194295306227
-0.07546762166326211,1.0701980337514796
0.9596153935784154,1.4032194401477944
1.7179357636472314,-0.5686150415265478
2.5966401597746946,1.7049653616484748
2.312018319139463,1.5739255578148144
-0.37255709492848166,0.9518794024211747
0.04763031284847147,-0.54845945732606
0.6739571193868666,-0.17141800413730485
1.6143757059221426,0.20494534739290357
-1.1522624195252373,0.49397365810827626
-1.9731126581693015,0.4638086612857793
-0.35397941506593644,-0.503674176795887
-0.06307086849310103,1.642795453285079
-0.653248441904014,-1.4434034270300817
-0.4151973327492812,-1.0887192656783151
-0.19802032346767928,0.9019580234782444
0.23734948134372202,-0.3782301706299216
0.9480581491256217,-1.5898654262147018
-0.21454454443267976,0.272652653969459
0.6212348422622403,-1.9241752230914284
0.3721668971599067,1.780805872177494
-0.480738662135875,-1.9541576253124953
1.5174171914527506,0.31942013390296137
-0.3242043169833629,-0.7844203680033824
0.5365535027829332,-0.7833027122554009
-0.38120109996734297,-0.009944005740930403
-1.6248893367521178,0.5944934713193737
-0.9338663248327773,1.8630195794187387
1.054658495912339,-0.29082985767284375
-1.235240346376637,1.2565032910252236
1.4430818711091837,0.7966798137362374
-0.26707512799264516,0.4391100665009224
-2.094057788643755,-0.7720796568235914
-0.7786346156251114,-0.43663269288347545
1.251706409750718,0.15729112942044168
0.6466914831533155,-1.0513755639883784
-0.5940174792752445,0.0787305612612935
-0.972379214126016,-0.957902877807331
0.37809110626265174,1.1558781634355269
1.3242823145049147,-0.7338320495187209
-0.021412322106609535,0.0790279785162005
-0.43583603350339967,-1.5051728200243963
-1.1245956160169868,1.628071690849269
-0.9981011455569012,-0.3417872904290158
-0.3815599393558401,1.1532478252270335
-1.2036702448193393,-1.9267793213998419
-0.4660660100329885,-0.5490095871790001
