-0.3316291405647733,0.7717099276035492
-1.7393585943487857,-0.14588623105852078
0.80750237075548,-0.8732243124627099
0.15460777448415333,0.6352267735732366
-0.7905803729213683,0.8640527748712789
0.9572176236547251,0.27393035450806497
0.39213730199052715,0.6021913623467173
0.8832792543564147,-0.2317507604483191
-0.6885770096074116,2.7400156563115066
-0.4050675230726003,-1.281361335850403
0.7890306583351947,0.5276345363003311
-0.8694130966794619,0.5862163643101778
1.3533018141249331,-2.3142928721864138
-0.7584710184254269,-0.37430821378170315
-1.0293559396460619,-0.7208651062781417
-1.4766345906270726,1.3860198458925532
1.9850837838142594,-0.6597470356176907
0.1360614426629989,-0.025668308464817602
0.2263681879097856,-0.7866404771330179
0.16923491477069028,-0.6551123070162816
-0.8450867618792832,-0.7778341033077987
0.22070564493293043,-0.8202011859519501
-0.5925443082668231,-0.4024124267517429
0.2525178706616005,-0.6808478560921125
-0.43453025052729116,-0.05602857238599324
-0.1742120932720798,0.34466667811256596
1.3879950620575012,0.8467204231440706
-0.6527823718235244,0.7275261631074015
-1.3832867107519857,0.3571550846018025
-0.14860173261561066,-0.7105756719598567
3.2086922015879034,-0.5412967723666281
-0.22103104450638775,1.1706535439957733
1.7249646239447098,0.41881955794235054
0.997205707123506,1.0333942822864561
0.18643968193440072,-0.18355425801412367
-0.27291021088047485,-0.6394838743588537
-0.49311339307533303,-0.7825236313270912
-0.8766142884001891,0.19208428132480884
-1.0777291585186197,-0.29633127021414934
-0.15172312729403628,0.3684663493014343
-3.0530112401981677,-1.6297513111042115
-0.0988372038702758,0.84220399715649
-0.7784444739871947,-0.9266330579443482
0.30455112964149034,-0.5547528503872767
0.7795919508854162,-0.33210849832953104
1.2405019814952598,-0.14165310065938705
-0.36195152550011794,0.623863338877875
0.8269852071930371,0.03929395642294808
0.1551680059024497,0.5983254562044822
-1.7852647457827528,2.0464780574746015
-0.47049801157680343,0.908179393340829
-0.019704439245045908,-0.518114792640504
-0.9627755422870414,-0.9681387687409319
0.7583459398960125,-1.4809409654682812
0.8422487313917049,0.3677139879972682
0.0978591010045396,-0.18397485770862168
-0.02938085417731951,-0.4156546383381708
0.31713105535905517,1.3587204957239472
0.5926594198264622,-0.5337988573224302
0.9388786697597915,-0.2947764993804337
0.3948915676238366,1.3464825257379456
-0.40238230474647163,-0.7760358312931663
1.749647066500751,-0.13228383414050926
-0.8561610358320411,-0.31125158092330923
0.8833847356658484,-0.3264677164229705
0.6116502249216654,-0.28470315745275737
1.1694133350885603,1.6301485468543886
0.9334874697403753,2.8192277560161196
-0.5418384880722676,0.6279906315267236
0.9188131972480014,1.5231625947246539
-0.2829853453900556,-1.1497801751653849
0.2887894503396243,-0.020402172504673362
1.613752806835892,1.167759127292818
-0.5703496903584375,-0.06510162196271828
0.07328653893386541,1.5468169192026544
0.4314431850454448,0.020305919189266088
0.4030954623641288,1.4887894748052928
-0.3786395986977592,1.0140417043191388
-0.28494549142210135,-0.46264038278657643
0.6930530960199294,-1.4599656824127927
-1.235239805433964,-0.35264129921435267
0.5790214819799641,-2.19767959103387
-0.45727429095048727,1.8607932966279173
1.622662847961334,0.7658037510370723
-0.8275371443205449,1.5078766725873818
0.43425059502208585,-1.720173384996477
0.16193941330740236,0.5155837079428253
-0.9112055076334342,1.6353744057419672
-1.1903911064693702,0.5119394839717814
1.4648581232766698,0.18954826038773864
-0.07652396090634864,-0.2649969578166219
-0.816904360264695,1.1389466881571073
-0.21078335730859357,-0.0001670191590014748
1.1296947867748108,0.5158089911449104
0.20295695214337733,-0.1074131562758473
-1.528921048986822,-0.8324190074366992
1.0290543535150167,0.4708037702559416
1.2742140120610959,-0.8164691514591216
-0.2733457084913363,-1.7788955763547107
1.932509331516522,-0.20647198328816072
0.09123227827612634,0.7393771911221118
-1.7015361205404478,0.9248860718225008
1.9477508193024122,-0.44091144783032704
0.6631055382121559,0.8373552372194224
0.41548692086115663,-0.8555638751334769
-0.4351511963280939,0.35244891301821285
1.0302669032818728,-0.8533822359389851
2.561887102153402,-0.24605981422746795
1.3233872431508655,0.27033946854075597
-0.3101753633863431,2.2049917524402183
0.21359669767297884,0.685040965634579
0.716482999927636,0.07868485061965971
0.34737406249777103,1.0050091268350363
1.3637460136402721,-1.848008971948352
1.1706465970524098,-1.1295956792204918
1.1135250359059456,-0.08453454265123277
-0.5577311606708618,0.15278909839076454
-0.024261574162812955,-0.3233003638338545
-0.3754894326697459,-0.2419816820854184
0.8333891979206334,-1.0130937122815111
-0.14937981505242887,-0.3009117640816868
0.9646959563406522,-0.30459639864455407
-0.17238458084222566,-1.309102347482953
-0.9864500197506966,-0.13092792127118819
-1.6074258794424703,2.369643701419544
0.4208304569876053,-0.19944832183807018
-0.7921693111776976,-1.6070752847306968
1.3797999052953147,0.7865989262187693
-0.6552832132391019,0.52334841025376
0.46378164666821864,1.1215098701105106
-1.2477015516937908,0.7280214480679916
-0.11269549187855842,-0.19816981856794036
-1.5907061412297705,-0.8166589253959655
0.4428737440034732,-0.5608782061680003
0.4720553740429909,-0.509366015855232
-0.3026906084537599,-0.95778117604069
2.232056474932352,0.4190784840822596
-1.1745990173876193,-0.8845854034245233
-1.3492000664041246,-1.3104818329388788
-0.28948072236754674,-0.035692061308324
0.4024068644700803,-0.8388415306984763
-0.7921417255823779,0.8110892308467123
0.35997323841125656,0.19824177762882914
0.16111050597603147,0.7984696664770026
-0.37352211497687887,-0.48329879975453954
0.0473316168653491,-0.14698910546168228
-0.48681586603082766,1.0830816697809322
-0.49535546722289336,-1.275121704943493
0.6246371415862224,1.787618822116431
0.23712482971291288,2.531443761841464
-1.4857416947933952,-0.2310395044691645
0.2043960192138668,-0.15680112628628065
0.5475346170854414,-0.7830349435352821
-0.7419773644037216,0.985944510862501
0.3824620569397381,0.012900598707151122
1.5932088442911727,0.8098337324760455
0.936734544202618,-3.219488880539546
0.9818854857438849,-0.48230377157789717
0.08117608755594743,-0.11192871530730997
1.8365853097251903,1.329616447438293
1.4679043641195262,0.18186174723112175
-0.7954158181368622,0.0019686151036871773
0.2866619032632945,-1.2250287304912628
-0.5974402416208928,-1.9643299594021735
-0.7947259711627092,-0.86005686728882
3.2160332766061783,-0.19749257031824388
0.39814464476953537,-0.0688072617298532
-0.13818359722365733,1.7857540649582766
-0.21147825211481455,-0.870503030932518
0.7905089222219435,0.480368292442558
-1.1113989776883588,-1.9421726098004284
1.2782301482186367,-0.1257117678827794
0.3306032063160852,-0.9647084971353327
0.5962002695328451,-0.5846016496747025
1.7181404026014648,-0.30505873103288283
-1.0974569299526395,-0.5956073280286556
-0.19260740955527894,-0.369592655328858
1.1461772268842378,-2.257295320046135
1.40165804835,-1.63899164568182
0.6475423866442883,-0.5180676851898374
0.34606872957569346,-2.222604247711265
-0.9563595838997839,-0.9767055858157195
-1.5175329364971353,-1.165295648542007
1.154833669697511,0.2847261023149242
-1.0601691125007613,-0.08908311936962184
1.1298122898199456,-0.2322735720680733
-0.9309148554805119,0.38419853213688687
-1.2436828815414382,0.9190429520935868
1.5153403982268028,-3.0034701076090005
-1.0086658390593517,-0.7077414915562836
0.2235409039966488,1.0775251241296817
-1.4686953279081185,0.3180390113456671
0.5057692683666863,0.7834313010900067
1.8714460699873303,-0.12476780739768699
0.5920128665557173,0.3918322455451851
-1.024943357087087,0.7345943192736003
0.1555698018232852,-0.2505445326121678
-0.3727634416541223,-1.0014381536677057
0.5810885543385225,-0.22085496696162674
0.27946809092925595,1.1288085425730647
