0.0035434153187299633,1.3117832743476394,0.6061614831049971,-0.5392157796293673,-0.8454816279303076
0.36226763639582704,-1.9555936572957189,0.4442935572237764,-0.19875189077295355,0.20276077909599938
-1.2057276633132308,0.12341793492088059,2.0865649365479393,1.67283486797706,-0.7644635263921886
-0.6660903389741057,-0.4215920443193219,0.746978213495977,0.1407548232368347,-1.589060840779617
1.269490825352226,0.6796518064545712,0.058277317674438896,-0.586211231673186,0.9105409403238011
-0.1913377481415525,0.4562150366958686,-0.8287595288791155,-0.3193008889062738,-0.28061578062124537
-0.8402940363331803,-0.37944352221870703,0.11701983563901151,-1.1710886711794901,-0.13129995289243057
-1.7094280825832373,-1.0306285678382547,-0.07790355671891214,-0.6080778997842684,-0.06677855205526902
-0.015029664370858477,-0.3342164880560222,1.3770665617156688,0.6868328281405347,-0.13422373064706125
-1.7538913276360792,1.3789170907962036,-0.8296215052980632,0.9813382370576638,0.16328242877558213
1.4039569807610253,0.5039268880963395,-0.510804843108012,0.17993174141180696,-0.07849612127651692
-1.6740635404884365,-0.48017910732976143,0.9454992547938147,0.2747348843806207,-0.08487587799577435
-1.2089078813602594,-0.5155357437868611,-0.1683478319447441,0.018615560258255705,0.527986397353718
-0.14482674222373024,0.6442245911504059,1.4108904584276378,0.294764568879457,1.2716743411146556
-0.0011929298428995094,-0.6066210915454199,-1.2900524565434839,1.0498399673688477,0.5702947878500565
-1.9393904065595597,1.1211247478951996,-0.4549500665646585,0.48397506062249185,0.19975286225611366
-0.7830742067319305,0.82766143506363,1.3415109837384223,0.5398279445355495,0.10990817753233716
0.23630955741077822,0.2098736601725643,0.8196248925260483,0.08996429258695414,-1.3107004066862198
-0.3357786280394593,-0.4980017581010143,-0.9894499595089414,-0.6820655375219647,0.6014430045650135
-0.028918854030410782,1.21628746357203,0.6949193436161281,1.634001156218319,-0.9745823954597496
0.8961110930099228,1.0082330237434116,0.3120816765141198,-0.3629316710128383,2.6187186690896604
-1.1043123727438047,1.172821078668983,-2.079473542187482,0.038068223321546274,-0.07773438675600709
1.2989161854820221,-0.663596873094763,-2.184813027350631,0.0863333297439521,-0.07798152992599629
1.38665095106992,0.33705053174708927,-0.9217302809242107,0.9630797294256584,-0.6950939850325156
-0.9137226753404775,1.4516234195959445,-0.653731132560052,-0.6858677159513957,-1.6704925283693766
0.3517152105197079,-2.185791710394683,-0.6868306218690153,1.0342281095251264,1.08778599748825
-0.4438730618206639,1.1084414904843478,1.8111307682845998,-0.5627601514129668,-1.211370200265592
0.5197762486613998,0.6802355729886924,-0.4286115889251127,1.081562380752585,0.5532340287961476
-1.1522298138661053,0.21477650937506687,-0.21118823687669452,1.28303888949573,-0.6202206160299969
0.08171221439715794,0.5279343282390001,0.49647910057270683,0.6639328905787518,0.5086909825151661
0.512258855508926,-0.11450991770380137,-0.2492416222609599,-0.2966977356325527,1.1344252380625754
-2.159436606299378,-1.083704373178154,2.812605879214074,0.64001405895117,-1.251296304725096
-0.7551570752766243,-1.1607559617458065,-0.9682602286648828,-0.7297964982325424,0.7149527754586653
-1.276990717081887,1.5616279656375562,-0.4218243910764272,-0.7908256352653918,1.0661233307650035
-2.442370514638832,1.3057960549575085,0.6610967912005724,-0.07126163666560573,0.18818854792269527
-0.13631014508397182,-1.2948937400551572,0.17346638800607686,0.42815319522556833,1.4704753966560355
-2.0740988918629584,1.5235388786175579,0.06988052434908654,-0.9619805300978969,-0.49376050891755485
0.8062713447498357,-0.3183562492716075,-0.2966372079145662,-0.11379172071022942,-0.3453417053355688
0.5863321911311805,-0.1761957445654933,-0.9736579552937094,1.0586810416293402,0.2917166097857351
1.13876370300494,-0.1043884323953653,-0.07048576926510793,-0.38423494976849354,0.8291973220932171
0.5278654818901747,0.6930814387610563,-0.9095506478165857,-1.6771028657887608,-0.3276816111141414
0.6694427907559654,-0.5959886563644107,-0.42864954478768696,-0.4924930157533008,0.4252262835316712
-0.29033167821242206,0.7060787293146961,0.15313194742116076,-0.08034609244032999,-0.17860023968986619
-1.498532621110295,-0.026262554995085126,-0.5260903115513513,0.45243664118767296,0.34242538032102027
-0.31246870106902275,0.6532893866959568,0.43873845161444824,0.5540208034877756,-1.6552486638618922
0.22000267671894205,0.6605353073587938,1.4537119418330058,-1.8174906247858582,-0.439767231805497
0.19712820963808375,-1.4563439961616433,-0.8659280584672961,1.219228154614264,0.28945227848824495
-2.271664299438269,-0.02726799334158078,-1.1126795417836746,-1.3722627322016736,-0.9552640759116969
-0.43266338837932194,-0.7553473282110681,-0.9886595626449337,1.0921102344712634,-0.36464176072388643
1.224712854187629,0.38265953106342754,0.1026401822287044,-0.5479389323710943,1.3149236486748104
-0.9563937582291682,2.1358064363894202,0.02360096576950703,-0.9766084335729717,0.3629791193624837
0.20367195533048574,0.04899696828600419,-0.07271095080009894,-0.9498155774782348,1.9171255979090105
0.8345430787094935,0.7220262994172966,-0.419499947734301,0.6839423506168102,-0.16285303191894343
0.8041302695737473,2.08273906712891,-0.023794121725843123,0.23846715192903983,-1.4198543171109383
1.644054259880013,-0.35201340787091595,-1.582661557091144,-0.03671284619283072,0.45432014641275337
1.5573948937285143,1.5350737766801748,-0.6036622720712957,0.3113439255028074,-0.2697973657499121
0.25474667322367783,-0.5902012545005633,-0.168011895146836,-2.0978600623042833,0.3265237704093004
-0.9729504003033216,-1.1312436606413792,1.3677028438707142,1.7653147210805678,0.4651944900062917
-0.13882579633966763,-1.4354040262583676,-0.019807418613816588,1.3706849262025687,0.2516721357311801
-2.477567860462481,0.5779118769928651,-0.6110754877661547,-0.1990553475408703,0.3088240615677641
-2.0383927295006044,-0.4281819945952025,0.07781787058477199,1.663941314153997,1.1032882293067539
0.6266196548145633,1.1853118009047061,0.7519617883769572,0.9843814598738266,-0.19227197790009876
-0.042567633968557124,-0.4651308684271446,0.2497744504325694,-0.4534576314797492,0.5815988580425089
1.9582233838404208,0.14006967809196855,0.808154541935354,-0.3241712269117236,-0.3099809138460801
-0.19343432203768715,-0.96857764600505,0.2693240627153326,0.1415005177996543,0.7975490834725245
1.026194014649714,-1.1205846569923803,2.235648869232173,-0.7518015474057734,1.908909541101513
-1.9651177370859987,1.5502466327071214,-0.02718775353270436,-1.1025150490359041,-0.8245507056033254
0.001321418592651648,-1.2462649890549622,0.817518905312649,0.6193564637181825,0.3506663227130549
0.460977906559124,0.6088377908333933,0.282042674455794,0.301018428410038,-0.07655121025838199
1.348699750220568,0.6263275056655395,-0.8691939315980116,-0.8533715103292286,0.47078258078846663
1.032123938172882,-0.3109887584846031,1.4637385137513232,1.0306778384446273,1.984677574747105
0.6821960265182068,-1.2828943100137313,0.4576784562879206,0.11425665832895046,-1.0648765668112692
1.8167507738223159,-0.4824729817212878,-1.7965807213565659,0.30236107137357265,0.32328082237598577
-0.5846325198327103,0.2759612078735739,-0.25791353804280576,1.7513067509247198,-0.36214144723982933
-0.4553087379234834,0.7095697073172993,-1.8304494169708183,1.3068802452780792,1.1580080581947731
-0.1324841732556798,-0.24500908671770616,-1.1652174791304868,-0.3072037538263567,-0.9535656317622585
-2.178574207318004,0.220656443522086,-1.548814014749052,0.38779447176155635,-0.34658644407395917
-0.7582646181953346,0.8118525024632268,-0.6510428151454178,0.4635268206244455,-0.29801693319144945
2.105159993536051,-0.2661778404294725,0.9494288727842475,-0.37391636339241696,-1.0554794532119898
-1.86827209118543,-1.2368939287074845,0.10501338629587684,0.713627523664107,0.6788565213513281
0.5923662539904693,-1.795638604785269,0.04941058572046558,1.9014213101819621,0.3345828055200701
-1.167633233303203,0.05777401281234534,0.48932404238779675,0.1579228479109743,-1.8484870840209706
-0.8166810434122568,-0.7686879728683784,-1.0713600635840352,0.8022717711085673,-0.5205916683999893
0.05204780960841022,1.4276629752158034,1.9411009631908023,1.3270459975033413,-0.414604819088049
-1.172916219432801,0.49889097615182243,0.614880237616169,-0.41536123233097716,0.44499520189598235
0.17384892476939223,-1.0944344575719627,1.3343711604257222,1.1987325814903325,-1.6974234412282332
0.5165450335145596,-0.08296576637289269,-0.7617413257646622,1.236631398672154,0.07122785223691248
0.0009106629887521451,-0.475819047257355,-0.5732950083978503,1.1263521187474712,1.3985973385758166
-0.17843764383876384,0.22624536480152682,-1.3120955383799782,-0.710848889222372,0.7131293327061743
0.011002432486165913,-1.2601626948660147,0.6494873729344527,-0.8921143336940518,-1.0991995524990303
1.845576083241947,1.6812337116426805,0.11293436323645102,-0.6562565973686203,-1.5962153334162017
-1.0714754734640513,0.6385907272124529,-0.8115474241852163,-0.9285154478682524,-0.3055857270968381
1.132666796158256,0.6319057758512344,-0.866877286112687,0.9221706923837222,-0.9562646081194203
0.4720371044587533,0.8597989770508069,-1.2901556460789376,-0.6420565885072634,1.2431108530935115
-1.2449731766069188,-0.304912036619767,-1.647160144443057,-0.5938076910410397,-0.08701810532289672
0.6849907522914852,0.009064175639239102,-0.17582626127274925,0.3962553427713418,-0.8037197638578196
-0.8371455362445495,0.888339090865193,-0.6537240831381729,0.6534994480877943,0.7583893082390651
0.1944862626063379,-0.2602585650124031,-1.190791333587673,-0.7038643907528149,-0.03307598446774031
-0.36890339168976405,-1.8683325226371397,-0.531674884395796,-1.5138610125901837,1.6981827299065142
1.4550998319561805,0.28736801939333007,-0.020153799914367845,0.5208457742478104,-0.8520999177838972
0.27620853607666224,-0.1007528256309855,0.8740241105711374,-0.5317463264949929,-0.20953789616027482
-0.5861226138033945,-0.8942915348638363,-1.364536581168011,0.6984749663935741,1.6761886384617113
0.6442041787026024,-0.7171743160238931,0.8125673986607297,0.34417057220744307,1.1231520185377086
0.08400147044322753,-0.15961180943732248,0.08712201969988176,-0.8396100162754363,0.05924635623984812
-1.2336030135496543,-0.29859712721425224,-1.4169081616051338,-0.36471463548040184,0.5197214178145797
0.6454687969409163,-0.327116356785525,0.6418486463307731,-0.7724250373034031,-0.5029086026064377
1.018168171795931,-1.3340189140961505,-1.1406300918970393,-0.9061223561343289,-1.1053688328728613
0.5619397711050976,-0.613791206998188,0.6954087084546007,0.5333205767021713,-0.43728645873456107
0.5560265863616365,0.9451729515324201,0.7231476848244806,1.7150434489086874,0.652341327798967
0.4342332346046065,0.8967285547299222,-0.1276675588559974,-0.03864988196065933,-0.08704963911590081
0.028266417829368503,0.5843475754822258,0.26269131560517633,-1.444694455520008,1.6063352387174858
-0.4216822287652853,-0.8510462333885757,1.5923256801329861,2.2699242377929085,1.0243805064640867
-0.27430562664188957,2.2684728532131078,-1.4659426201909969,1.4440224204457768,-0.3393172561197967
1.7361740581364598,-0.6287756921287132,1.0854528689115448,1.3637000680108085,0.7080135468426401
0.11428002964241271,2.6718692221680977,-0.12890579124788912,-0.020286411654386445,-0.2410595512324099
2.361925713720719,1.3075002081437008,-0.0020368973027378853,0.8403430257036937,0.2571789713980693
1.0897564428778026,0.27627480048354747,-0.09751624474346861,2.1133985447267873,1.3045369780579381
-0.7349279220779346,0.3640269757517935,-0.561745792468468,0.4662925758095505,0.8170747756149642
-1.3335555462568862,-1.1318548640838964,-0.02421185171042722,-0.3369581516771837,-0.19637191971128845
1.5108123969287177,-0.34367733680745977,0.9098765938969673,-0.027116749623881855,-0.9688083324047898
0.9994690374820459,-0.8144548382809328,0.5756471390777886,-0.2872237111337374,-1.2207306255624477
0.8038013762923639,1.5962682008429079,1.7134255079145917,-0.2068607133232962,-0.1513158432652203
0.04987814008236832,0.9904715974665961,0.8034867152686059,-0.4651674672040779,0.45656713368240637
-0.14290255125641363,3.0785723436274264,0.47275356603786073,1.8958815177391342,0.6816550613710719
-0.26803714631235187,1.3384611529772337,1.0061270193694751,0.4503591964790221,0.3934479928389086
1.5000782339721497,-1.468484176822597,-1.195767975105597,-0.5803337618550192,-0.005442087400494031
0.036229644684335975,0.768670296781312,0.47134741320979656,-0.4016510783574576,0.09325775340616432
-0.3974858297723537,-0.6608750852007577,-1.8673776125486485,1.0547139368086706,3.1090718726191415
0.8226323427203542,1.1131866038064022,-0.7504014962618608,1.599909425271766,0.5146534901205162
1.1734163921522818,0.7667942855800206,0.04803569763719956,1.6457362714161752,0.17698096973663402
-0.6153631985263882,0.21510800080269912,0.9229913423906076,-0.5594568192390935,0.02978025798184443
1.0056326343678268,0.2923287405383805,-0.3858276807352626,-0.036154329949534526,-1.9713649166914033
-1.974119025635446,0.816003287858112,1.1224855420698099,-0.2707055496240011,0.46401888270560804
0.5858556691024497,-0.4527585709816241,1.8795073470290011,-2.19151841175244,1.327644993537029
-0.5348286043289439,0.8056568159530324,1.1625996533494136,0.09226600035946779,0.6835329322003886
0.9544168905280013,-1.5944579218069492,-1.5316536478385976,0.29728943486936654,-0.3045297758759541
-0.34276062230685683,-0.6991969961745117,-0.05728407506142081,-0.8773195531084191,-0.35678353819799186
1.8477269034803394,0.3172883615107891,0.4156501085728176,-0.46606523700597074,1.5261491999111598
1.0299434360007342,-0.35621189606908316,0.513913059303938,0.42693063695255423,-0.06580353766735032
-1.221121611050563,1.7948296355403865,-0.7375269432378281,-0.8782506439267531,0.03942728262598758
2.014669975320673,2.6750188708354052,1.0833391506216798,-0.5919182138232538,1.7846872137804712
0.32062577944108733,-1.3305276659934702,-2.0624744940112922,-1.3525520246684017,-1.0700344225161218
-0.3521012200573243,-1.3006431677899775,-0.19231417306302082,-0.6513900645976362,0.946442684476302
-0.2604508288829068,-0.7941880402629906,0.004064958319394164,0.4620998064185125,-2.0710818034861216
-0.0025369076188725003,0.6134772313075936,1.0144413487601414,-0.7853367339327115,1.1573580351387553
0.5049943527706368,-0.044942226609300896,-0.17478274446483563,-0.7188816277567862,-2.6407407394184825
-0.9921509091852003,-0.3986231661958136,0.6837700384011755,-0.012169644358998638,0.32203400640410995
-0.17332113168078825,-1.654297387001272,-0.46610898425944103,1.0958585910445668,-0.14538951673075443
-0.17764839335542443,-1.1199296939033494,-0.3658286825667995,-0.03835985218086164,-0.8152285801246397
-0.6552167240635345,-1.4015236465076586,-0.04388047464105681,-0.23841695744033192,-0.7027077804018933
-0.5613062319665683,-0.7313087303541095,0.27570694426222286,0.6564436017042673,-0.9961195733367354
-0.6728304157213078,-0.9601784044077415,0.6155500004499213,-1.6711904152673425,0.5451701952020557
1.2708911866171977,-0.6234229233861958,-1.127649982283141,0.3397019362121955,-1.0998366735414722
-1.5114609831033547,0.30238755647392374,-0.589842704247776,1.4869503570112879,0.3782640455208443
-0.6434998408586582,0.6953578113461912,0.5200458788274147,-0.13038229018504782,-0.957578202667835
0.7124361515405944,1.7603209942855018,0.612006421632495,-0.20893746170285923,-1.2644856967878242
-1.5719969011648263,0.6486462730233775,0.23708974007343966,1.8342028310820757,-0.29399798003608946
-0.8630924595948128,0.18529725836917124,0.3399599876237458,-1.031258991081286,1.6287671653258677
0.7699250038268831,-0.7595180013552809,1.0120633468824005,-0.8900373163283483,0.6959958120839562
-0.552185173522422,0.13535712297028668,-0.8034854674106413,0.1784677763603043,-0.10019301758313244
-0.7390087258993424,0.8771968517467029,-0.16000821524259248,-0.529259528858628,0.571548133097883
0.18324073734612378,-0.39580609575095904,-0.03939630157507762,-0.9259894410080468,0.9424778401962046
0.034873598068299386,0.5774234087529438,1.3955931242468798,1.2543549093771824,-0.053344576645120705
-0.7491329161232821,1.9771296315380034,-0.5085543645130884,-1.4872597555928129,0.8300233640742922
0.408667450518671,-0.1614310813268677,-0.2693180154841246,-0.34338579253806734,-0.8504232089362441
0.7191949888648328,0.8915346824692414,-0.928872512413298,-0.013130087791796712,-1.0194581813762646
-0.7900806331673758,0.3389045845244148,0.6623934444496496,0.0348133381870524,0.850520740032418
1.8883454410043876,-0.08121040687198183,0.607669888313203,0.13629785505600053,-1.2926257170457998
-0.21181200536791417,-0.057464051199508655,-0.32776077185028535,-0.15686313874723568,-1.571477220928094
1.3764294966538089,-0.2555505925895208,0.0028319901610047134,1.7393321378374829,-1.38498525423669
-1.2909986964250963,1.0612875521250893,-1.1799923510897081,0.9456302390710769,0.5768682789121341
-0.7276531251248292,0.6073338315663901,-2.472468269447216,0.02988567933883859,0.3052811869875284
0.30095420348052404,-0.8740799109829572,-1.1976875040949833,0.890601269272024,0.04207980345919891
1.2348622774722828,0.9040912011073701,-0.8682136278686657,-1.3595871121948566,0.7083698935406161
1.0316240207704932,-0.4896240319374699,0.7515483038643509,-1.2138120638811796,-1.1898229040575332
0.9653247151491611,0.0017706968717716872,0.7537877857923989,-0.13870305492615417,0.6756346777327227
1.4966253099717504,-2.1250226044858667,-0.3995124588123612,-1.2516229713729168,-2.322044585188289
0.08967909258175717,-0.9792786520045774,-1.6188901099778088,0.5352733203259615,-0.4866346874308744
0.1873340120562324,-0.9533792168820908,-1.0273130684421794,0.35713392551267986,-3.357322230365354
0.8275684985309256,0.5120945071959857,-0.06548724061216542,0.48549983583877,-0.3284227556799836
2.415833989101062,-0.05257242318890862,-0.04132990572033645,-1.963275630186334,1.4229886096743414
0.9241830680858206,-2.2770020963932174,-0.9715375220542211,-0.6796916830149644,-0.2279108393517597
-0.6889217294553215,0.7647019911200802,1.6196610848359478,-1.9642204367148275,0.2712491186098959
-1.699420359503727,-1.2019485263249947,-0.174037965399127,0.7696296861207205,-0.37396118676623785
0.48206224584550944,-0.19862669093915541,-0.4484084524762414,-1.167876294193064,1.1216725646054146
0.7116731566984729,0.2923877822286622,-0.33957239307650416,0.8776779567281104,0.1503726008263801
-0.15266598969690612,2.1151583366382747,-0.20932597988311905,-0.8499091516101088,1.1552052708649434
0.25772434887924905,0.5373037179255773,-0.13358896971258066,0.4869437884623737,-1.2576871565259935
0.7175795346783029,1.257275995234305,1.1519314204902682,0.25328911477505217,-0.23230142022626202
0.4276455380959367,1.996062036332208,0.9005612058846498,0.08285376553683621,0.9680651947299926
0.9547423081501869,-2.183021706689468,-0.14681503750952307,-0.8093367593112917,-0.08823212213623947
-0.27118507768770234,-0.7969621939916087,0.6754694754341742,0.5437713276533568,-0.11313544409393576
-1.305435128374083,-0.35296873952119306,1.778371160807224,0.041763624249693924,-0.8576773083890747
0.46288721190217097,0.6929575350660886,-1.3093397843442338,0.8604520871879903,-0.3706702799398075
-0.7638732020449163,-1.8985789099037202,-0.7864605417610612,-0.09982708357174286,-0.2561344751558162
0.21406767512981922,-0.23754496507436684,0.06567272307328813,0.683793907296254,0.045328717477670845
1.3492928475543975,0.1367954141381885,-0.38473658253128146,-2.113537477936221,2.48405176753829
-0.3554169409726071,0.42622370435311097,-1.447935426916765,0.037725859805891826,-1.0673161532232416
0.5706590828826203,0.5706838123803931,-1.3400748674645557,0.8478364741896705,-2.0445682462247223
1.505641534253647,1.9153590124190958,0.5480421864208914,-0.5346167821678814,0.707535457691329
-1.7233619110296237,0.07383445923062693,-1.0276723129424046,0.13179489980840614,1.8934748147332354
2.3734941334406,-0.17701894731621742,0.3205901068150963,0.08610952612713443,1.0230220497318154
2.3726415369342257,0.9260780973261997,1.7061038011485294,-0.020565900827734157,0.08349812931043571
-1.7265174582759706,0.16915266295025883,1.6415672945063893,-0.1268013497869049,-0.08080559462524513
0.8014291416091778,2.0153119373847477,-0.8934310205602428,0.6110542156624279,-0.47838632255800917
-0.11759113450870307,1.045867097665135,-0.1828039476454526,1.0574865558179052,0.6444855462749137
1.472507838715009,-1.157843550381009,0.7789169367525142,-0.4779394957046884,-1.6157817571553528
-0.5845996679001845,0.7655674681781889,-2.595748418171421,0.689724161633831,-0.05490313103336823
-0.7321107710749699,-0.22996950430257795,-0.3120592534661431,0.8026722203928585,0.8507677379998246
-0.6668089839027092,-2.0050153662785837,0.41551367437372905,1.8380613898845517,-1.6481565728932253
1.3768927359352756,1.7177556863346806,0.23498943647007836,-1.3728542470544527,-0.9610034603464268
-0.046307666390616876,0.6503345537638862,-0.20255429657114474,0.9856562965350851,-0.6350452367222923
1.8703867211277283,0.374760132241166,-0.4007419097908396,-0.7370287027392701,-1.5830349069331255
0.105904053488683,1.978738941404959,1.6343241363540235,-1.3371394986519558,-1.177684133011719
0.8806723367450355,-1.1134301879432118,-0.11047673791421238,-0.9258652180746665,1.083865290076347
0.40852162799962133,-1.337010032723978,2.568307242540592,1.01689775580866,-0.44918697992513684
-1.2592544228134928,-0.576392743121848,-0.12960770471712615,-0.6965301358673653,-0.42598452963567096
1.4588393925803687,-0.11754453834792668,1.753830637011751,-0.400440372726804,-0.3048674273266941
1.4004042453422936,-0.29262938994691956,0.25459704677395584,-1.1692504494820417,0.7694107212022687
-1.6961813951973097,0.847100872261028,1.3245978764737316,-0.47346534474030777,-0.062203377012085864
0.48469481348800836,0.0808332025625688,0.35643412998538015,-0.17502009016996953,-0.08495874658928826
0.9273184238901375,-0.36909089341118295,1.7425578030697353,0.9104209958793381,-1.214715507364998
0.045427775033286794,0.5674212454803279,0.003990627871583195,2.105306455445726,-1.6726843580414437
-1.8298606370907136,-1.3429481071924787,-1.7993384846407527,-0.3568515799628491,0.6432548405423463
-0.39202745866174543,0.24237211629055094,0.21967167886539532,1.1081870811480496,-0.9128900280035342
-0.6466798988771083,-0.3023972566369879,1.0252982916091447,0.029730214839533836,-1.8288384022827295
1.129578600897326,-1.4322121044223834,-0.9459476362082526,-1.2596310611079087,-0.6800902146102732
1.3686774470537906,0.8188126165709403,-1.1918833116818046,-0.2993764187505865,-0.477295437119296
-1.8251355941501763,1.2009438875869223,0.07178621745265455,0.8363524734949976,2.1781281296365025
0.4302606142408673,0.49444924621478636,-1.1249312804660088,-0.8005877470083725,-3.299727521665638
0.8262925652176478,0.18695335079208683,-0.2286964163486821,-1.5545950221414835,1.7800072779436564
-1.092541130938231,0.6889639177784664,0.8600237046868119,0.2183930800675115,-0.32881336440213965
-1.5870766950898718,-0.39311081597541603,1.235893657718693,-0.5002012733935385,0.4576943742134211
0.12826566294224973,-0.4454416130413288,-0.2161366202531182,0.4511478590336307,-1.0369516698197263
-1.1576742594268186,1.4409456812616468,-0.8314332243801675,-0.6171452711246966,0.7141322174128615
0.8211936279313651,-2.0819956221436575,-0.440660849686806,0.2601281395811991,0.6137698218251517
1.131099674732342,1.2985441255364751,1.3535667813708523,-0.012721357009035124,1.3881646569695376
0.9931097551856575,-0.6876810305267338,-0.6124160558417872,0.2634415466088091,1.3249843084611297
0.36008883259991376,0.5737448920464148,-1.235640596074041,-2.0000923412991956,1.4748124588275442
0.5370596898624483,0.8735494478310963,1.9279749599290728,-1.921651497742302,0.9671786177173597
0.5468334706153584,0.11910370607556572,-0.1173537244786097,-2.0228871236668233,-1.090965546899449
-0.6666819653250502,2.816339097345015,0.5552562473620921,1.7948035338338402,0.3514698011297886
-0.5559590597096515,-1.297485178950772,-1.8209813384059381,-1.247894930983812,-0.3071824408991314
0.20051344006166383,-1.7074984334091936,-1.1844005210667705,0.2236956141342996,1.1942264074513436
1.876325017381809,0.40706367785156483,0.09989074423955384,-0.41035989196744704,1.5295697280907814
-1.6610153425243834,-0.1686681830041199,-0.1351164907610884,0.04616908511643498,-0.9579997398290967
-0.5198877111249038,0.5491271195448212,2.3414870359201316,-0.09202319539798799,-0.03136157880317245
-0.9481305654620386,0.45516852139148933,-0.34996926399524936,0.5691854792621305,-0.4471975460586659
-0.7212652488057176,1.864066012540919,-0.9585600726819693,-0.7765371069509613,-0.137885769758605
-0.48545984132580844,1.515475030254508,-1.1436022571891824,-1.2227780809660402,-0.6131185999425288
2.005315546846331,-0.10654330485248455,0.24706245334661175,-0.26164993887998794,-0.47826799562147887
-0.2389949874095133,-1.5464345192345934,0.06751169837987904,-0.22500145779295597,0.5559886842274472
1.4624358048764683,-1.7163896691406935,0.5691488935298842,0.8036134166715396,0.22755537541336607
-0.2658622964893163,-0.23970360835709567,1.1689181675051494,1.0726594890493788,-1.8779776316764145
0.8419620543696528,1.4808267507171693,-1.1966202413847142,0.7703253745570063,0.33754610815548913
1.0522344268934158,-0.26804302151816606,-0.46842619322512674,0.7447998796840468,-0.5279787845661521
0.28273402891681726,-1.2085198212426618,1.0195854689101647,-0.14246765019210522,0.5887348719170286
0.4343022661997619,-0.14119578397272567,-0.4567272546424997,0.6388676810111652,0.21598310728569212
0.3580841384914533,-0.6723750426016326,0.4124751194362864,0.19074605800185135,2.148722861566379
0.0807175871353109,-0.9014970948755235,1.0499919881766335,1.5010264445796917,-1.105055193073912
-1.1169845123316893,-0.29480535148912396,-0.7979539191684623,0.5809599713271552,-0.6084946696953802
0.9197053830233298,0.7069129888736273,0.8746732497515892,0.12767777392572927,0.5785229792551916
1.3591480987413722,0.6876429616121852,0.5361102818743454,0.2318924957966646,0.6383208008913228
-0.45940491042522014,-0.4506924454494725,1.160778827297257,0.24233668036467612,0.5102278360245182
-0.06070366684303416,-0.06010760830415995,0.6542002301183226,0.9754736038156178,0.5827763811429213
0.1698517951982411,-1.5675967580844248,-0.06708362047695757,0.8773175430276455,-0.21203912863390306
0.0955184685354782,1.6798231979839435,0.11850395635180248,0.5310021190646298,0.6081090557267181
-0.21699827464442778,-0.9104061182437345,-0.7945349113675417,-1.6098817154243035,0.08327442325984025
-1.085103986654441,-0.005305893395320346,1.2313739668646808,-0.7082334059941652,0.7730022516400796
1.5625293051062792,0.4049348911049965,2.8529662142771453,0.04235021387768607,2.417942834538282
0.12028580583758722,0.028571286322217837,-0.5758970374113326,-1.006152221816526,-0.053109695729409705
0.8692779185658693,-1.228703140919304,-1.1008127122123252,0.06367399377165632,0.14481444592949438
-1.0553471980137263,0.5132084281108443,-0.352256154159911,-1.5960406221870154,-1.5575133245364519
-2.5534462149017063,2.3860292785279986,1.4880050322149445,-1.1361890088443727,-0.22290369148889966
0.16666868779733213,-1.2582304608295263,-0.6699097777883302,-0.4312188514050169,-0.5656125031287297
0.04900215528331095,0.19647621349915614,-0.8474805276217003,0.7009861903671566,-0.7316210718306589
-0.14693883627206447,0.34076791840579407,-0.9351614680195409,0.5232129890585882,1.8753268476775653
0.5417199402762182,1.2045378157482831,-0.5281834316183727,0.1429102928664463,-0.5378920308366998
0.7020789139207955,-0.22905239181793174,-0.8015280055398941,0.07379595443117182,0.10023119946039134
-0.537418349693492,0.8738903328245129,-0.10265717391768414,-1.636720448580961,2.199507080920823
-0.6413220112952586,-1.5295397208684338,-0.6700497367861197,-0.08082861291284611,1.943719621910991
0.6998008349646037,-0.35629637417217264,0.31648755079593405,0.590349183106455,-0.46525223896716195
2.5376615779938154,0.13604056091836858,-0.010871373849522602,0.23781167040030804,0.4165461906062649
-0.19467145534834643,0.005524309124220361,0.13194078641897616,-1.660350517726901,0.5763115044908228
0.36416420240978375,-0.2568217230607241,1.1585848491456745,0.7886345463007787,1.3129290202358368
-0.30665708901954686,1.0915344167598067,1.4925406278790598,0.6729187700927123,0.31869380888028404
1.63611891779124,0.0335182072291938,0.34489347509069446,1.5792584500302476,-0.11314524514545099
-1.0514402344806837,-0.8117724038680357,-0.4515290922909852,-0.613679467345863,0.848781795998724
-1.154171212565987,-0.6267105312149783,-0.15855041284367738,-0.3371383510898706,0.2479837588386587
1.571045686785744,0.07418322745935804,-1.2570941965242957,2.03670471811806,-0.35517067449195133
1.348989883733925,-0.25915245888804755,-1.1700156776146295,1.2857588243113554,-0.2568241850443303
0.7775890113870771,-0.49112524661198076,0.02757804166917299,1.1377889305228857,-0.3918151044128638
-1.6563203982787291,-0.376689499545739,-0.601438536334283,-0.6333478522245085,-0.5004064560908482
2.0851734441943557,0.9088830116621411,-0.20406903076422475,-0.9373530236816205,-1.5689374153129487
-1.2623360261219547,-1.3356160457658186,-0.8185639374707724,1.5266173317795357,0.9988482161965353
-0.1593904918219243,-1.2063909250910378,-1.608923149410433,1.686802985061679,0.5063111064323579
-0.3874820500535419,1.8136610295642204,-0.3009552721320694,-1.3120883294581869,-2.411759984612513
0.06723724606017616,-1.2558135817339522,-0.953558006208423,-0.561701210781854,0.07337953526477183
1.7151534758734572,-0.7060927198016574,1.0051370733663367,0.23567841224355915,1.2466866457771149
1.3019167796423106,1.2383636835804002,1.3386106328885614,-1.0442322152517374,-0.7517331803281883
0.15302738789177256,0.7047788913595956,0.11863183407723807,0.11730591066356698,1.3241126507055632
-0.5207679124731357,-0.7758937132101522,0.6307533137485244,-1.6541258709385855,-0.6116981106549451
1.4549632282652052,0.32793514537784235,-0.15747960248278095,-1.0826237514476345,1.0194750189728898
0.9482101689862136,-0.223710588359848,-1.0806834525187587,-0.29780807277407945,-1.5924756756801643
0.9325403165853823,0.24229490212117288,-0.4028310669314976,0.2516023608952553,-1.6077426770734546
-1.989344839452132,-0.2081666583460533,-0.803991040252875,-1.1152642264551782,0.7419933654813544
-0.06321664033699703,-0.5585926402344219,-1.1423395285546203,-0.20380132000072318,-0.3938877120960006
-0.23447868721596993,-1.3715512274564317,1.0407527032629238,-0.9401127770931915,0.22759480218374586
0.9322395995456628,-0.9365610163326208,0.6083810034738838,-0.21547293809537546,0.692711326112661
1.3539459495110917,0.2569522398442881,-1.7351226884805802,-0.2855355200868485,-0.6265764454792723
-2.0115892359476306,-0.8582801521624666,1.4558334401573287,-1.4104263643065007,0.24647040114449004
0.20599359819349464,-0.5431176180561016,-0.18186461031940238,0.6283080058096293,-2.2434580959423407
-0.910002654049779,-0.3046591262534343,-0.3844246517844869,-2.5782307428046054,-0.9507937458475968
-2.9201663448697817,-0.3529804933598704,0.7183344875470506,0.7431132005342306,0.8777212755135285
-1.1452487812400198,-0.6246904491854441,0.2330255547478519,2.2539861754961557,-1.317410704503159
-1.8240044396744655,-1.6142734992498249,-0.44945417212797495,0.03674332383333547,1.4684079597924804
-0.3752283020674332,0.8111227515028739,-0.7014908699643441,-1.2361155620337811,1.2728992352878519
-0.6133626830169004,-0.23500719039958498,-0.22609585459192222,-0.1593864130686843,-0.48632402902884253
-1.6884105589026548,-1.6048681800322528,-0.5528429975632512,-0.7188566652075242,-1.1212282079438192
0.18885409532464292,-1.4381728615271214,-0.027045217750574287,0.7431089190250831,1.347975349131173
-1.9250692074020082,-0.033126184212958314,1.2433209552210123,2.6152198289546367,1.2009798156071916
-1.3542121835595637,-0.517628174387055,-0.6022462244923843,-0.6937957673253808,1.4660182857845536
0.07343105069519122,0.09482186189976066,0.3905082569757087,0.22435239450677014,-1.6245673522227915
-2.4134120920828703,-0.8965677651799254,-0.3111031965122255,-2.1146311618687466,-0.44550274764367004
0.6658313732479365,0.8844564693872707,0.6002386941593953,0.43915402116907093,-0.21345050060413975
0.5095149500209851,-0.30587436951900826,-0.8790687034563957,-0.1576319695879391,0.047518481375070275
-0.9709327208140156,1.4260473948398542,-2.7564115638524402,-0.05530366227198052,-0.827104153432165
-0.5115805738020459,-0.3766935893117307,-1.8893032097312659,-1.2228824231453543,0.5137805762500098
-0.018554897668404197,0.7473859153990688,1.648399702793673,0.2930319374539805,-0.3407428277891845
0.6342642940753733,-2.7869841336723127,0.5316705058499335,0.8881544588616099,-0.5860817657576424
0.23663931393273813,-0.2439742540524306,1.2253251468528603,-1.8078113648035317,-0.2896936239505187
0.06494439551378044,-0.5400847446368586,1.0168288293996448,0.8284337338122781,-0.29349985240725035
1.2311039180819836,1.2418758492146564,0.7388739276933038,-0.3053206235600069,1.4106800769691763
-0.5113647611940045,1.2023286543508456,-0.5489347336254079,0.23566182664125182,-1.0505013396042722
0.6647291407378647,-0.04821548449815142,-0.08203262308542571,1.1357059168243602,0.7927607950448968
-0.7908253788902022,0.40564254639641656,0.6119115447516308,0.2785597106437136,0.5544577376506229
-1.4568202412516975,0.23039873779205183,-1.2935098976511339,0.4417931693927249,0.44310146893898367
-0.6786450566175427,0.653566537910984,0.20033065359022859,-1.298376209632939,-1.3166595311954075
0.5111911623087009,0.3363876345164015,0.34452512909918576,-0.28722598555136414,-0.48985124230355553
0.7176804927253088,-0.15195457302366974,-2.009740076783676,-0.4487714257665528,0.5086920766451837
-0.9639788664631269,-0.09819485812180435,-1.2733584512202416,0.09239974613831965,-1.9855151498583374
-2.196074022781044,-1.1524244813981133,0.6768220144282802,-0.005548091178185898,0.13385164889480244
-2.3930195440750466,0.4777625177560935,-0.291984593807395,-0.37296224046873006,-0.32483390630185094
-0.5510940697346347,-0.27124906474018967,1.0719611155261406,-0.4154622275819978,2.2551997904210093
0.5595940768168756,1.463798336427685,1.4993962061032906,-0.7113394294141357,-0.5013401770855626
-0.0893803756406922,-0.018793510945085183,-0.46354005918059926,-1.3630355417338256,-0.07667359251158519
-0.9938057816682503,1.8475384140140805,1.149399702852842,-0.4164024186165536,1.0231304263226548
-0.7184710013254901,1.2690372139958803,0.4747808813506963,-0.5083172327916855,-0.31245186063519936
-1.51213636182481,-0.5436141825473798,-0.43449178014749135,-0.3303468854625951,0.6731339410931231
0.33733934860079323,-0.014396232418576972,-0.4153981401774778,-0.2136323174202904,-1.1425079545938055
-1.6318328966242361,-0.9543424095027279,1.0771424052529215,1.3343667800610652,0.4401579643225285
-1.3070812122927515,-1.9218771267307173,0.6135868014947505,0.5151251437775728,0.09038624630861392
-0.9673512105884227,1.0308093005001293,2.1412294095778175,0.34964020484694375,-1.5656121738528168
1.2074141004348482,2.025575191674392,0.8655370475051128,0.5006886139391302,-0.9505577756271857
-2.2864083146558305,-1.4143829436451616,0.5366018389904889,-0.0003915500973660023,1.003344733279096
1.0735020999159048,-0.37295754809164106,0.6596388324845559,-0.20709123116651423,1.386119441523448
2.080723979570594,-1.0069158000654654,-0.028532734596127332,0.7456982468975927,0.6837083285625445
-1.4728115310060232,-1.1624309259946093,-0.999030430170827,0.4316809826614156,-0.8351327531533494
0.9997653508306358,1.1008815380247727,-0.6250511571493215,-1.2963935395151627,0.2057088790401493
0.5518603045157218,-0.37449716534987,0.04576466654105116,-0.6872352197129695,0.5266238161994622
-0.6415559250173754,-0.7503486324175327,-1.3244732892381077,-0.11894559167375707,0.10112102787884787
-1.524412556847271,-1.0082447845223341,-0.17344893865058672,-1.2081611950482258,0.850722460899464
1.5280791275706804,0.3432878287285983,-0.8680569004492723,1.1833620100465214,-1.8765177230777947
-0.23818070527012927,0.43465254315813834,1.004508650550021,0.6121599941009731,0.7501309053129438
-0.19057738750371492,-1.9105984712403714,0.0021180274768055683,-0.6264620736070189,1.003365316966722
-0.8611456681855455,-1.750466586603668,0.6605485312703465,-1.0240926955288596,0.5010308792386072
-1.9720155910196362,-0.14682826800718,0.28030901841850586,1.5417925781778,0.9907392964014293
-0.1398610795133086,-1.1341693218142483,-0.736030868796067,-0.4303298496328473,0.24216781664628442
1.6573043075412786,-0.17622931293165728,0.7760044723647067,-0.6176963802253572,-2.097436389192636
0.5582676867842372,-0.05208784570659688,2.1119442115200595,1.0394069008358875,0.5047904206517271
0.5092892062172165,-0.5223076251094158,-0.9648071211614201,0.7658729057984937,0.38930229626134677
-0.24063241368634314,0.2662736443590382,-0.3102332188200205,0.7051426322495664,-1.494857095304766
-0.15843015007291947,0.274877643123766,0.5177535064471973,-1.4304338459855888,-1.5252793012350345
1.3634311602569642,-1.0274715240454229,-0.6174576169446441,0.304531049763127,0.03993682190161313
-0.3278932400797132,0.3977747732369214,-0.5137362271028529,1.37379881646526,1.6169874632227172
-0.725230001123901,-1.981779534152125,-0.29328255865518077,-0.0869565403454381,1.621760746230384
0.07598102190401908,1.6789020060874766,1.704051551664058,0.14430728043248284,-2.1498759589492575
0.27816529717601624,-0.4140407931349975,-0.34214963013250915,-0.8841691276693636,-0.9571518536825194
1.454349117526326,-0.23831268215225448,-0.13334545580164464,0.392490723287268,0.3237174666524744
-0.7595200027394222,-1.3894091548129104,-0.23886018370278994,-0.09407812524637725,-0.39417957566578515
-2.2261270891793195,-0.3424944360791168,-0.01891813144580899,1.4803312537449265,0.12140278009436248
-0.1607966730325351,0.3442889314828568,-1.1448429931473638,1.118197298175047,0.6511576439294965
-2.025404368999715,-0.9075341498370432,-0.5659373797004758,0.9073497941487343,-1.7354944537117196
1.0176282194671553,-0.5340972825242327,-0.8613858767369368,0.3314893339135163,1.149543950681738
1.5138605632644073,-1.2805451125332397,-1.4319932938588156,-1.6290053393859014,-0.034824275274745534
1.9216687044116059,-0.1360481376802127,0.9081514433283775,0.3336436672024315,0.23068148295805152
0.39839185810295535,-0.08153679917867998,0.023805231455317325,-0.1474838255712809,-1.0878155778516714
0.5964320843770107,-0.6230900836329449,2.4647506175677103,0.436591868334984,-0.312073117788095
-0.5608667174267767,-1.6197096019793713,1.023135021644879,-0.4610791886225436,1.4717570206376018
0.14238926523883919,-0.162160592854803,0.3774533164654517,-0.09517074655356308,-0.36017144398584927
-2.1849650400277723,0.774210276916039,-1.095082711049282,0.7332493688229629,-0.27926148535263967
-1.2895123063590324,-2.2483941346329717,-0.31247069136500677,0.9933295682366006,-0.6728328578344661
1.247109676479105,-0.3201398316779785,0.23832156008630445,1.9662431637917344,2.096420660540696
-0.7452303065831326,-0.654076591264993,-0.6753958480929715,1.3738772458872943,-0.4485565453397488
1.5178155224397376,0.5443677564232273,-0.4282058631525886,2.0078440906650608,0.6447101954565851
-1.345927769988521,-0.0566234163549336,-0.9416346679807537,-0.35250731073631475,-0.3153756515836685
-0.31585465218247083,-0.7036272486593064,-1.0235524653131909,0.9335480880668228,-0.31747701203079826
1.3410874409329347,-0.8939142459015612,-0.4252236625091503,1.3528344615857915,-0.2276553648155147
0.027346039248208127,1.0428967668448572,1.0434285993476469,0.30708216866892624,-1.82915133112121
-0.41586192360843904,-1.6888008434678863,1.130152067492031,0.5224101024741704,-2.1409624570816055
0.5458210530902685,0.1027838721620776,-1.0118112650980813,0.20516545971954825,0.9588690663599936
0.9118841277254846,2.520423087628011,-0.45307253982003365,-0.382501937778001,-0.29550792129211817
-1.3933028520569182,0.7017745957932556,0.9455590256924191,-2.019282802144706,-0.0962484292865393
0.8831421188981302,-0.8334215901766326,-0.41215986658149295,1.2555608937661293,1.2894983303740115
0.14365676815460873,-1.4961444040513585,1.0610890246657378,0.49917142584625745,0.9944863361348402
0.34633379252452573,-0.9490575368987623,2.1173998150347773,-2.60606375086729,-0.4331188177276736
1.251900715414405,-1.1150022324478464,0.9317523864339177,-1.41238754804417,-1.9714722150678707
0.3779020703353403,-1.3406858359696545,0.2553513031350144,-0.06766655275559062,0.07539211963131151
0.07089367133215906,-0.7426712374402923,-0.0784794321224801,-0.6915474908586287,-0.3709034015999087
0.5438860197210601,0.12944316760761532,0.7294290246505989,-0.1791199372794448,-0.7851418372239591
0.03711512811482828,0.2979308099352891,-1.1393093572803243,0.2566879524498972,1.1627945726884037
0.8566621096964343,1.7654915345278777,-0.6898757183980077,0.44206604436830477,0.05014742933467382
2.859869898036139,-0.783433627806958,1.1927477810079057,-0.0699292581465436,-0.9237313712235683
0.29245042198978805,0.6961484983881874,-0.3590170822209011,-0.8168140302693271,0.8761665303620177
-1.0242510145052104,2.5418125330512145,-1.5765081905448564,1.383885256983863,0.36980130939145334
-0.711863385127358,0.6661041108875089,-1.73614144121013,1.314503132817008,0.5515703039981681
0.4886476111944321,-0.16986611704580679,0.6469612547310714,-0.363038917932519,0.5429043763873223
0.12201233823749867,-1.2899444231080075,0.563620339459007,0.5062630644936392,-0.9198867879976861
0.3127872271862552,-0.776384687020275,-1.6477621756184213,0.31534763497275486,0.413136166516758
0.710597788807267,0.21161295865609128,0.42857790216333463,-0.785967000942396,-0.38492667845890094
2.615724205074847,-0.9696245466673109,0.28380732281273646,-0.17422280840573215,-1.2626514140263223
0.21849285672395907,0.6703510058355578,0.02871562958444243,0.40656184009805935,-0.8605605064935221
0.8801134412725409,-0.13418376380961494,-0.11487458490475717,-1.8077594448377785,0.549161891840787
0.0038506038764506497,-1.3074619139996546,0.7676637351810992,1.416736194225237,-1.629720471816123
0.9442436528550521,0.08966262780949123,1.5907652920744604,-1.5281781099157898,-0.15296178231526256
-0.848751577103887,-0.44179193863925137,0.984884353732574,1.7134420438844733,-0.18280378452466264
-0.557263166696429,-0.41638661181220793,1.3303883808085768,0.19614518372305942,0.04879509424098452
1.2564815277831605,0.8168911292099056,0.8881653006424863,-0.24950174435082328,0.18810923978467592
-0.06028542148716056,0.6230921424296216,-0.08903334910001767,0.03668514277561215,-1.413442025975053
0.7173737996900456,1.3837257409846446,0.770671747161096,1.3028190415703718,-0.8796800894724198
-0.48170581915801075,-0.13529515962674046,1.1469146691105425,0.4616116973467285,0.269288936471669
-1.52635941568274,0.4055550459172876,2.5547338643570803,-1.0654696646000872,-0.7591975129226546
-1.7855951498296851,-1.0013957472925712,-0.26332284533491696,0.1103760977153344,-1.3589884449923177
0.7178666110605025,-0.8892304011408587,-0.4582167964905673,-1.7415040603163063,1.4564808763564208
0.5026321017174957,-0.11064903835635764,1.8418658616477956,-0.17942347488914448,-0.15016791664067855
-1.069646240288987,0.35641083350214364,0.8003392931323944,0.2771575900588611,-0.426090215944226
-2.3777320323903237,-1.0108406824306164,-0.42360778146569583,-0.8796115760830663,0.4482195021881036
-1.5743877034316236,1.1913127020025367,0.5997128026907323,0.03888594776373205,-1.1301086888785536
1.7263254245516433,-0.0655923586447429,0.27519044730806014,1.133235071417156,0.2615023305002507
0.9620160882596295,-1.1939528264626624,-0.13836826673941402,0.23687566691043216,0.7649500573765314
1.8027239724009527,-0.43757275246150196,-1.0192698942008138,0.3921400746611813,1.3751968948737447
0.38264647660639417,-0.5313118488778675,0.2075517580193354,0.6465996100991701,0.28289345750385214
1.6481444447735,-0.570619823476082,0.41414012364194824,-0.5045593953585082,-1.0400475813914507
0.6370054889743247,0.8979176148411503,-0.2998803249580037,-0.6758770051488099,0.7547093645520566
0.5770730083902976,0.1572332915558748,0.04655651217396058,0.20033606489941963,-1.3084051203678755
-0.4101987314830127,-0.4752493530212126,0.8406278410158694,-0.38936936997437915,0.3387148060706866
-0.6245495772273774,0.8815132325122957,1.0524117042971064,-0.09906034419417732,-0.46210555211640963
-0.9018538136652311,-0.7546168681365298,0.346822884648484,-0.41970251042753287,0.3484874032966411
0.6327843446257256,-0.6499336345173375,0.03233865469918599,1.2120058094297457,0.5415076768717805
-1.26855179231066,0.7547565663526815,0.6890316583094787,-0.3343277176834597,1.0047414499205762
-0.18118504925890871,-0.49090354116540985,0.5039540830320355,-0.38524173087151786,-0.5609541956103965
-0.04981012995920057,0.46218770803743786,-0.1307781517710496,0.07705252676044559,0.930577647340321
-1.0115509476458848,0.8464247352566318,0.4790152960452762,0.844094952521822,0.7084329028491447
1.9263413810920171,0.3068962835247438,-2.4412799925811957,1.9496624646682355,-0.5213712466416244
0.15509931213568973,-1.1349469988106082,-0.12590218361777744,-1.3357217417845522,0.288407212955429
0.17715238064267283,1.6198152263143046,-1.4784877913895422,-0.3103338164641293,-1.003740699289195
0.1561079715512177,-1.6295927268605126,-1.5368843672359098,1.8025849209569338,-2.5755405943797847
-0.5783352312953054,-0.8284391197259356,-1.123922149552325,0.8693371105834586,-0.27374279676357327
-0.255222674728917,0.6549184498829901,-0.17930929545254232,-1.1530017240733823,1.1796679996901513
1.1173401282960678,-2.533888097038564,-0.21440612651589194,-1.0742658501086835,-0.31743230861976524
1.1447117713842874,-1.7183785477638545,-1.179400700238687,0.4435574652969445,1.2941304929529802
0.22852845964520702,1.1826551063408497,0.5147066357479821,-0.12329176000842253,-0.21693228723309194
-0.5324301130195519,1.4106995283116133,0.8248273353051924,-0.29524803346333,-1.788639923767344
-0.17984484602273146,-1.4068698620617326,0.637256661382492,-0.42854125229544937,0.8702127265953897
-0.6877638046157738,-0.1251738193274873,0.34532938552549747,1.0016948697528276,0.15808901692552865
-0.3141649504877874,-0.1708610102183325,0.960341598216237,0.2139128636888647,2.328528501428369
-0.5592496866514668,-0.7506919971836219,0.7019477429298993,-0.15227219477845821,-1.621040292597387
1.2494276993299294,-2.178083047112872,0.3740362155991288,-0.8164929372761626,0.4054002960314027
-0.06324209760759099,1.0452786144465738,-0.16607535949576505,-0.480579424540398,-0.6449341796831097
-0.45238166593432416,1.013299758410083,0.32174106036162997,1.5361680460942455,-0.6733622370329408
1.5019523125918308,-0.00022398093669214725,0.8754452190336335,1.1374393702151782,1.8645546933196206
-0.34985440509610244,1.2029420821069619,1.4591706092971746,0.4131118450790484,-0.14484818586760242
-1.171002438322389,0.7841790180399371,1.4356651496434332,0.033537160443966214,1.0675166976427557
-0.024208806847226354,-2.0789524939453994,0.295214755352029,-0.33945595793199707,0.9730532010443597
0.016433476585943307,0.8143009127629306,-0.2444204662869897,0.6447697198223707,0.6226768434372049
-1.0855988095305447,1.0851116583708336,-2.6534762993786707,0.6426982106187217,1.289578352831835
0.05520914670950726,0.18489817987201737,-0.06370380258091578,0.47079906536903254,0.2779793728449659
-0.29733803968474043,-0.2733511896372338,-0.4051440862670366,0.3901106837882888,-1.964006173222768
0.3990493519005834,1.4000587205274833,0.0627067166020226,-0.45752012791752733,1.578433864753261
-0.8625864254706476,-0.8906616573354441,-0.46080638097044413,-1.1235632554780077,-1.290467881700228
-0.7377399636986715,0.7190829905807393,-0.4133397563689951,-1.1624936382970037,-1.2746793899736102
-1.0209213482650905,0.3071026338090279,1.55123415093986,-0.4128258449632843,-1.3733918339811044
0.06351504743963755,-0.7865617810622465,-0.20675445784899124,-0.7195128438766,1.022698685702811
-0.5121953209597238,-0.27486103080709556,0.23625197379635304,-0.5070541692845557,0.07543088378140364
-0.14254914966325352,0.9033524497725401,1.1978308745721877,1.7750627410608402,-0.7753823834302187
0.9445870515361072,-0.5291185823651438,0.14175187978666773,2.017295231071654,0.07444083260128552
-0.233699756514557,0.17225770985655206,0.17395693219145955,1.432013822139228,-2.139456286113489
0.9645852248697792,-1.6585080812048216,-0.2268858300706298,-1.2785404358134176,-0.3469536337238159
0.24990216828323064,1.688572197503354,-1.392313578001717,-1.736771110960204,-0.387414284667121
-1.1482123173882623,1.4594630190398965,-0.37890705170564914,0.24217755843190247,0.21059521466344927
0.9383735619611095,0.6277962652821869,1.4388051674221223,-0.8248916525136504,-0.4449124865538484
0.19895586395657006,-0.02728549150537289,-1.3595695025501338,0.9360414405589986,0.4743097832090704
-0.40334288706293825,-0.012682021077324277,-1.1888746424760788,0.5418356750724663,-0.1739381930428883
-0.6497272050959142,1.4777528713395596,-1.366346952644436,-1.4640394928915668,0.18985142442319666
1.414662368022922,-0.008299572086117021,-1.2664842416914122,0.21198416709697324,-1.4404537885840354
-0.5564145131464686,1.1661711335235985,-0.3679250858741533,0.5852935541819803,-1.2726508028950105
-0.4826412402208846,0.39293722878395143,0.2417017670030295,-2.3229795305986825,-0.513111750817847
0.13162999510334256,1.5207623691422507,-0.747489447653777,-0.9043745100737729,0.38210828839825306
-0.9220623330134461,-1.0401995999543494,0.6905580810932572,0.11785789687355593,0.12354122468709235
0.0932912499718082,-0.9090517578496283,1.2178811871740376,0.011984420692540064,0.5951453853136283
0.21286823010000977,0.875073576877901,-0.8202823873065636,-0.7136451535282767,1.4186119186967783
0.885380217595643,2.095836100278413,-0.3027531134094023,-0.3606456684949675,-0.34545070652607873
-1.7216923859782398,0.7190013487011087,0.8007745289886848,-0.5015955447394855,-0.09834343330716303
-0.25757840824001826,0.12642602393524602,-1.665069699859744,-1.622964631304548,0.044552364778074866
0.07273290073285325,0.5481726840505282,0.5163767611224923,0.30645536006727997,0.8586245622867992
-2.0493081070168873,0.5493295410938389,0.029165754923803824,0.7611408171980186,1.0430498073949268
-1.3862616886056494,0.3434653621653401,0.37971326315904413,0.8469530591078579,0.9835147590812575
-0.6903550864116434,0.9830317883557474,1.4930697960421504,-0.9560371748478973,0.7404623867418173
2.8670760002397997,-1.2076561515570654,0.2135870477951683,2.178656221366542,-0.6327765018135342
0.3580844828468753,0.5151510568818712,-0.6470072048427611,1.0510891576293142,-0.395758359303275
0.7830724877596449,1.784278687132598,-0.2576326153792528,1.1926225621222746,-1.1373531329234292
1.8010696949789164,-0.08305844045791062,0.2858070572043236,1.1913388621559013,1.3522621350914892
-0.11343744193301405,-0.10440580317021297,-0.7578584869729803,0.7933103862813659,-0.8943742274404415
-0.4822611824743521,-0.2740928212632719,-0.9214350780961684,0.21305631638665512,0.6050394183037076
-0.03844839000483379,-0.20966255940573172,-0.18102395751913528,-0.609232412913341,-1.5164422581656445
1.7543233879725577,0.26346791563259997,2.2849605010868195,-2.3194129405388706,0.9696730318442742
-1.032064253230923,1.2324554223465662,0.3484616653029018,0.4429306393507628,-0.9424859803704326
-1.4949621235903565,0.2264082159185165,-0.2782571766097165,0.7626643658851732,1.0679187343000411
1.3810529985097673,-0.4672824798624825,-1.3172939647513788,-1.3961816784202483,-0.5317462014304354
0.2505911589449356,0.34383925034466817,-0.6491944118339005,-1.2181495427750608,1.9833637618533608
0.13375883852489923,0.12046862961929648,-0.33091097219499643,0.7865850412896626,-0.24252381104252066
0.4602918229205539,-0.08512169381730064,-0.042977992372007764,-1.7377428834612971,0.4678328137998934
1.549091003257841,-0.5336252143021502,-1.7519496922067306,0.3221372814469523,1.9948192110354863
0.3848231230058757,-0.030257091073133204,0.5357137698541617,0.1457437916523028,-0.7256592175769241
-0.9428170522463867,1.3834378739590503,0.21244394742373673,0.251819847621359,-0.6083536698973748
0.2837727706909495,0.3099204183630903,-0.5616956850025844,1.3600243281797455,0.7014991421853427
-1.0617937994409254,0.06142177622664755,-0.6305489247824344,0.46428711763264996,-0.5965469671671566
0.15704918161980258,-2.0536176836737234,-0.730822098537075,0.37347184794477445,1.1057451000032477
0.36591055301261866,0.6679882296891434,-1.1716763172984437,-0.407838449917199,-1.142633138398681
-0.8394598379279168,1.7115070099953809,0.3022556001648609,-2.3344958392722392,0.8852988068991249
-0.05094033125377097,1.0249397060793843,-0.22168359046438538,-0.255611257178318,-0.6877398288746714
2.120525036671224,1.1185069031034256,0.28822769849069574,2.5388611451083856,-3.0584261035487783
0.4342398821736071,0.11617689030453728,0.07001712026808915,0.6850586221586595,0.40305184638654773
0.6751808886300422,-0.9261704347452397,-0.8462037668657492,-0.2260432415750658,1.771782810041608
1.5525557586009608,-0.5072844706656071,-1.1225818839362227,-1.3022079979125765,-0.1107055594187707
0.015220672769687596,-1.9390549213227433,0.7016336446528274,-1.0131766552318218,-0.062188537372993784
-0.8931860440182313,0.3591961988198567,-0.9458552142508232,-0.89553013376661,0.6753960411099558
2.2838702412626444,-0.4966526041124715,1.634357226489601,0.925513520962078,1.1522629943220215
-0.7195708149981705,1.1813561120057012,-1.0239641470460945,2.010237854825024,-0.49022515586490295
0.7108836410468834,-0.9524014628213886,-0.7491361154455498,1.0317487318641534,2.1119593126391543
-0.3389994490244436,1.2939081601541127,-1.0060030724626519,1.5812020066071562,-0.22741905169638135
0.07256767236660978,-1.2787538359487955,0.62314642586973,1.3003071932791228,-0.4974425583678272
0.17568896599180914,-1.326586596650499,-0.25093883864560895,-0.17062252626410815,-1.0178464426590703
1.9245601738471678,0.7630613259313151,-0.12309683829836482,-0.8655660942476999,0.7609613876295137
-0.5874053309523765,0.52444602308332,0.4033796212736254,0.11512970345702248,1.341565588973104
0.21185001118966557,-0.3454835994336726,-0.9726736622870691,0.5827581149811542,-2.204169977259895
-1.7890851548372007,0.9300167950174785,0.8530149575172515,-1.7613247407380757,-0.503626361235574
-0.8621001685073267,-0.4371542682426117,0.30239649447448425,-0.1247187588442712,0.23592309128628475
-1.2446012769269281,0.7531420488913982,0.47575006180714013,1.2177469231784075,-0.5955766363927798
0.992208320137583,-0.40914336354010883,-0.3231164090127701,-1.2028098454389022,0.5208905682725036
0.43597523224881163,-0.638319070545518,2.1584118530455605,-0.5963231591585134,0.31253985896095887
-1.3259424412453462,-0.30098043340665004,2.2431217520281526,-0.17984355585550807,1.3098948541113415
0.7870173626110156,-0.7774295304517946,0.7937097130115498,0.9183634400180467,-0.7025192379051831
0.07817511212206868,-0.87815731544127,0.07111240965175813,0.8594546269813774,-0.9434450519697537
1.1370106143585983,-0.22286615595333997,-1.0944449604509678,0.25673088847342496,0.054808747353384236
-0.6504561311011189,0.6347727635074821,0.5935765201434807,-0.4753730602656228,0.7181782610019837
0.7230152876469277,0.9329053309993974,1.2498053363763972,-0.009731689805803027,-0.5666880732620612
0.4554479903834087,0.1215982688815666,-0.07551269284538904,-0.038297782631054385,-0.26664618467365214
-0.4428851948343455,0.5250542263902154,0.48981580111401823,-0.3703682136488067,0.5602346495136411
1.8552761895061258,-0.07180834488367757,-0.25714934510265086,-1.657161609402872,-0.9721881743878137
-0.393105770621473,2.2984171650973706,1.6459353056690778,0.39604716148137176,-0.5296823736691629
-0.31128979577676646,-1.7593210400728763,1.5700956669736488,-1.038672137053415,-0.17872847470024375
-1.5025583544703522,-0.17436836374715256,0.5916269580443388,0.20112061660898584,-0.4726283994755675
0.5917328834138758,-0.5798022116793292,2.1086614307062317,-0.36648712989711946,-0.009340956616511312
0.8171708036534984,-0.5004006287942534,0.030358091026360667,-0.3106270309784254,-0.16334336303340224
0.9418197197032852,-1.324090611665606,-0.6727422309116473,-0.5425463933880033,-0.7614348714257744
0.6435578746342047,-0.11498532124433959,0.4355474733292823,-1.1473274731069605,0.7412448964738767
-0.04376018859286579,-1.6079518141727176,1.1714633685486904,0.21358003895254687,-0.9572184446293918
-0.011791992686313042,0.10460229594113042,-1.4870742875272835,-0.8283862490511384,0.880686543353013
-0.037986753980137816,-0.9140842721659995,-1.7120011893516693,0.9760926070051732,-1.5441126313789093
0.39799792922547,0.17047093809618477,-0.2645720581500772,1.189189028596751,0.7987096232009488
0.1691488762381784,-0.5830918318757522,-0.33593237899904516,0.42766457626402105,0.526956007199883
-0.5153883163888687,0.6630811636079913,1.4001098519261153,0.5824136456056578,-0.20755151424017163
0.5307124866130492,-1.1831237707755855,-0.6976117648361144,1.4539523248932145,0.09541627081376242
0.4226398978251226,-1.193022314339837,0.17487139014863373,-1.8914162215679122,0.753010337054832
0.3665573355705505,0.9898861958329295,0.33067975812854133,-0.7066115500174733,0.7183475508836865
0.22197942455421182,-0.9984195581265232,2.8260747841533647,0.5019193218526956,0.6042679671187452
0.2673699872809487,-0.39716563184208364,0.4848083251269974,1.274597881028007,-1.4681765934132749
0.5670864326607362,0.11304674453774242,-1.613149321455249,-1.6602541992055913,-0.15613351803274414
-1.3073686012974874,1.4247849199429525,-1.1600338099984346,0.8679595209894416,-0.46074548010715244
1.1708279655079683,0.3913534162511044,1.1126426457224956,-0.910043259416784,-0.7812278845658673
-1.124886194865836,-1.6033788171707863,0.08779233464619558,-0.06208278475973971,-0.649532331851369
-0.2333723222378233,0.620772043330981,-1.0449699388832963,-0.5861294873255736,1.0216799247774861
-0.5715286529716083,0.11962568132545301,-1.0573574779684227,-2.580494493381593,-0.2538183330628028
0.8026350569502056,0.973603706465019,-0.1970029305111817,0.4833942296900022,-0.36547544921512626
1.4670826986970125,-0.8876068318957692,0.7228799075969182,-0.010290969644843297,-0.3089364651642875
1.5314065040330858,0.37536692526189525,0.21406759224062888,-1.006204904361841,-1.2791712329936906
1.020754770930535,1.1094742253896868,1.118504822978369,1.0425523548431015,-0.4228828075547791
1.4821003035627967,0.23824575958983538,-0.8199168855852084,1.39245016154819,-0.6715960280225822
-0.37782021138380173,-0.17048592767990195,-0.7657627040827977,0.0155742837330739,-0.09494378745975707
-0.3815322538719243,-0.6789099286889789,2.1293182416614225,0.672789771907838,0.7797504838276613
-1.059626742799323,0.189459400683151,0.42646929078387624,0.60996114613978,0.28242915804164964
0.6926099658994412,0.14972251230481573,0.48216212702744,0.14231652825958557,1.1556662583196202
0.24613162860936802,0.5563183602833673,0.22911605622749123,0.7930976887094353,-0.3547261795223488
0.3499271659819404,1.4999517537037297,-0.464831924051815,-0.7307100993545418,-2.84754476828705
0.2589032987933756,2.0746624749003266,0.5938372062208834,0.2888302773891936,-0.7858386825740716
-0.6040096712477152,-0.3120620657842652,-0.625576502165129,-1.8269742599859977,0.6653518771381242
0.6713288042371469,-0.6342139027596543,2.4888381690240373,-0.42825365981910435,0.38507847833070463
-0.5390153378961191,0.1861595209367861,1.6635695715989427,-1.1795433773310386,-1.7212118200250046
-0.9415991974927123,-0.21594949623127166,-0.3100662542166022,-0.4466489798759273,1.1404331499230231
