-1.3786399463377237,-1.4222823400565459,-0.24001326297429595,-0.8929674171977686,-0.3273116882127214
-0.03732106584766949,1.0435218854978292,0.23225045795449906,-0.26419803330394276,0.7915882774016341
1.9023211460089993,-1.9793231568357457,-0.1929390933080659,-0.6610097509079493,0.2556535955506401
0.1046527430602703,-0.029642910404442564,0.42026354524342774,-0.25445076027872293,-1.162228722456877
1.411219637605533,-1.2918331603801334,1.7402936710111265,0.05597822439004851,-0.02078187449599629
-1.0149398285587719,0.16558355359195231,-1.451973352169293,1.1990759590309448,-1.1843750206006076
-0.12811686209118417,-1.800451137733848,0.20861564562275586,0.13696916880259613,0.7798004443048396
-1.301598933902149,0.36619984994515026,0.20545398972199005,0.4464209360448632,0.5404814449677909
1.2516068567456513,-0.4541476696462047,-0.03728664983006598,-0.29756952273850873,-0.9471781100141689
-0.8502428296433711,1.3681985644622234,-0.2832227040427422,0.1924982483029274,1.1406168555031475
-0.5692631736922519,0.245664265537835,0.40235272172442105,-2.0742922178206404,0.9798241669664549
-1.6947111386545206,-1.0099642799422437,0.10385777617443666,-0.8184292984227228,0.4877236243959092
2.0295138778463317,-0.6646330739057144,-0.2214549722906581,-0.5366556296633158,0.3784863999437485
-0.17588303837698077,-0.9577147454450942,0.42474163409855986,-0.810879475782918,0.9603777970937131
-0.6466807157939148,-0.42494556366905745,-0.7775220219213226,0.8808358401017606,-1.450200816461463
1.4450355949331428,-0.24739567449949398,0.648922235924956,-0.9536620088610707,-0.740075269116676
0.480165341092914,0.6016673412345879,-0.2675139304651413,1.0814243609226057,1.985124602032375
0.2617599772954423,0.5798991490409401,-0.041973091646138425,-0.6881106096936119,0.4965112136123792
-0.3538945604138413,-1.3623276542466858,-0.8822696304616839,-0.8567407051489535,0.012855853127912228
-0.2537305253738513,-1.377010250232731,-1.026942744988982,0.8295111404014213,-1.400670026388476
-0.29400611829208023,-1.068510931424555,-0.5815376203342209,0.8589219424336662,-1.0089578760183688
-1.4406451567387093,1.8600304561676837,0.07232798813344235,-0.6034191067712131,1.89487293089635
0.0981387674696043,-0.9757369298380526,-0.7237444988197798,-0.6148995244165576,-0.009249292862268865
-0.5361089814812905,0.7987958823006804,0.5122093617634059,-1.6928546272846967,-0.572598973286665
-0.2867587387125297,-0.799407074031767,-0.59917776899643,0.8034309171585352,1.0363663032070805
2.9801875113971787,0.944203426077899,-1.3362810040940563,1.7094255904989293,-1.4108337430030768
1.4717993002984167,-0.2835254288294,-0.356843703866706,-0.11157098078185435,-0.7273979739497547
-0.09320751483598057,1.2183093434778554,-0.5716195083034074,-1.721479231222301,-1.0313172125243362
-0.9816377204630691,-0.3454220137253046,1.1923238651050045,-1.5711575406526117,0.3954600203624344
-1.4569210354526416,1.029925136467212,0.20220139898616332,-0.7901429972768572,0.17127193253250178
1.3175894519000044,0.7881051306735153,-0.28548195980778784,0.6003706717488213,-0.023495711211959945
0.6589098342205688,-0.2152465563751149,-1.0753993028268787,0.6873368970263012,0.4491145736612699
-0.018269879855683263,0.6042634118674093,0.2729084252628194,0.631505807411485,-0.16284952505090106
0.36293706258585895,-1.5967414506977284,0.18850339424404897,0.18990877333470368,1.0512613740500842
0.7282465590327019,1.2509569742485682,0.3564709823311045,0.21619863003674616,0.289412504841863
-1.71694847834551,0.17922424129858938,-2.006675154693604,-0.8864589855060877,1.0726642725854565
0.05502853851291607,-0.6077560752666735,-2.962437177695287,-0.37735898835589554,-0.3465957909729636
-1.163250209073257,-0.004819449737982609,-0.24565534633396383,1.6023731006829904,-0.949616902088264
-1.0313326588983411,0.0787805870001965,1.0560890130386413,-0.42936699038571075,-0.8434094984276383
0.28345649822491603,-0.15073927662544426,-0.02872139518146779,-0.9600157769391371,0.011420463718659438
-0.535225518805735,-0.04085884395395291,-1.3004596202822922,1.268657206694394,-0.23638743498060721
0.0651279484324534,1.1588994346217238,0.858438064857644,-0.4419302353453828,1.1419124789106803
0.9617572539366135,0.6082114487701887,-0.45174702955332446,-0.17435325891277387,0.11523382360636882
1.0439029166893516,-0.851606339754853,-1.1378889845898617,0.06191290333621453,-0.5232017287012498
-0.554679706736072,0.22240548888317088,-1.5786740614766834,-0.3801875958655193,-0.7048109095774914
-1.4117224982482666,0.2838048049030287,-0.03542185873719803,-0.19450175976561535,0.13516506414482424
1.9920282755096945,-1.9051727812873043,0.17554351445456065,0.5040680088088034,-0.05483537031511316
-1.017929629019976,-1.382302893655391,-0.4425466907655721,-2.6649295786123908,0.8315284180171194
-2.0001925315855655,0.06059220894261631,-0.008650470523821566,0.10810506844414021,0.5175883227559068
0.5849701608428481,0.2926049455484183,-0.36651812628547326,-0.3435371032540783,0.28014245278012717
-0.37679047653956527,2.4074019616895197,0.39681138108357256,-0.8632199362826549,0.4555696527399936
-1.4223770186915992,0.7999467183897699,-0.31123606944222265,0.44047258220766067,-1.312091357687118
-0.8131079556910815,-1.0399380189115635,-1.2547771357251454,-0.4832848261743842,2.168570964691487
0.741075809816146,-0.8052137157959636,-1.3586582679390857,0.3660411865479702,-0.2789521991316998
-0.8569532397245433,0.0004346635184036252,-1.789245251904952,-2.0294369007535407,-1.1244727771795924
0.9022885394473308,0.4830655214556749,-0.48083511895512726,-0.7095377561603153,-0.09547757150729401
0.5796553739615619,0.0034684047271678273,0.1728808239971047,-0.11722058568988643,-0.2885043558970146
1.9129523198451652,-0.9175938028370576,-0.38577506800362366,-0.3513966513604601,-0.04029134353603566
1.1131756678942906,0.027740172756570976,-0.37449358053378834,-0.7223109957688914,1.0403744159564436
-0.23170864182142206,-0.0018204918220515482,-1.2330261596460534,-0.7401703476003626,0.960324813032276
-0.5320568065260957,-1.6533527005831963,-1.7645554930613954,-0.522281809129858,-1.1885943675027033
1.4117135763584718,1.2223470450682337,2.4594301041518114,-0.06608210498986854,-0.36302464933045653
0.039557697355524786,1.1155037843783222,0.7320575513951262,-1.696887213048115,-0.10334272455506108
-0.35595320995169244,1.3460046756573671,-0.8866316524745173,0.7269331973976298,-0.28133392772325455
1.3349943689437205,-0.32473741745948603,-1.4717975672276546,0.7745476690074559,-0.8041454344783745
0.5445612187472766,0.7062199642753212,-0.4351111140590008,-0.5327461843623269,0.5732555968568528
1.4231921842596498,1.7397621642520107,1.8216389752726796,0.8684828256568173,-0.3579632993388711
0.8502037085147485,-2.7742755502870717,0.9457494357487009,0.3515498642110214,-0.496211360148979
-0.2607745723201361,-2.0596997517007076,-1.4153869072096599,-1.2014564334760798,-0.6544945010661476
-0.8344312594203172,0.6397609742428939,-0.36639554460013984,-0.03699552487129758,1.1916971831060246
0.34431694018070547,-0.7633592078788819,0.25070543663736,-0.023744201194273173,0.6869684475690692
1.0240040913636617,-0.7258755390393383,-0.6731580421030293,-0.6622438487947978,-0.15074263408821373
-1.5064228838316305,-1.106109691420884,-0.17656623432989774,0.6957143196499038,-0.3535430733679956
1.1237844505683294,1.0020979899122249,0.7038218440070922,-0.39476190254764354,1.6756102450034738
1.0629850845107178,-0.576961321549189,1.0927396163517247,-1.4107897341192315,1.3415981704672217
-1.0627320740271513,-0.7478301417856298,1.0915697711040455,-0.36875810196475167,0.8418272580353858
-0.7965022333613817,0.15073235688955053,0.7260378654285947,-0.9815749382954599,-2.4356674296349614
-0.9291523695746565,-1.4539919486253718,-0.7335511994280339,0.8826948951784773,-1.6929779566957555
-0.030528655192579336,-1.1041735318863288,0.2800169161028727,0.15483558689874205,-0.03317827023576222
-0.5743687697813538,0.7978268476588452,-0.7998431231425422,1.9191394995999553,0.10822100246587867
0.3788353640149814,-0.5811270106703731,-0.8387179803532328,0.11062095137677262,-0.20703791977812477
-0.12470757993448851,1.293598040171609,0.032011230331228144,-2.136836473733379,0.545443181964034
1.1844618234712616,-2.2451086127522486,-0.5106672440699823,-2.991902586691271,-0.9940322381666498
-0.7825261789743043,0.8307237294253561,0.28199627601552885,1.089257783458775,-1.5955744917993764
-0.3392034447820044,2.307592189580229,1.1208523737590894,0.4315241805292394,0.25433922098206224
0.8608666722275584,-0.5662352776237188,-0.19334423920759763,1.2963654993495257,0.2800552565643135
-0.08483650633032706,0.6780385604803988,1.249272794582979,1.3069980523066584,-0.696075060084644
1.094983644153961,0.0830434873771891,0.3145051715065914,0.6436296439964894,-0.6414624353414194
0.7968430842488117,-0.36513161406947,-0.00231913418227554,-0.41350889978445393,0.5877080259166614
-0.08468421894916339,-0.7140402300265851,-1.2681329159540287,0.7978027479314393,-0.09080531739323529
-0.36566552524978946,-0.24211242607624492,-0.28986650059615104,0.039302150157231784,-0.579824187052492
0.19979618157375412,-0.6682853473502093,-0.11990820923958312,-0.1554484359081024,0.3118290330786301
0.4555820364680922,1.2996349044002609,0.7056340835993673,-0.6194401817854275,-3.4684095959579073
-0.04131473980524944,-0.24879335377701475,-0.9576200111653737,-1.1712383349268827,-0.6672347245127134
-0.4795627374253745,1.2824189730524775,-0.5971245749374032,-1.979753404879361,-0.3290633666481016
0.23864901687251833,0.5449616811487589,0.5580476480705803,0.411098012630702,1.810538920581423
0.4462370553901615,2.0067331687712593,-0.2830029533276099,2.5985149038005795,0.8228517396037854
1.4847900108660237,0.17880158561866238,-1.4058538691637308,-1.0763043125057252,0.10293068324617338
-0.7773087957656736,0.04610291679287633,0.45121157753208674,-0.5516722545150559,0.7841753022722155
-0.2030503889607452,0.8474521545428614,-0.5847192051697906,0.5825216935679753,0.6211403428213678
-0.11519115922713911,-0.25591567806458704,-0.7574845319491479,-0.013069562353919834,0.073153071218942
0.2414520827036643,1.9405013275700533,0.5039597171033341,1.1407895481681085,-0.6634959376478249
1.9121103876097671,-0.18069967319329544,1.8142302641760117,1.0000631426234383,0.17058000471575122
-0.06813390770887574,0.6796900802386474,-1.544511265273509,1.2600023505795062,0.9007304518188521
1.1533102656040954,-1.0923072690401152,0.07044100486515383,-0.6404962928105659,0.8326580432583479
0.07647806835791751,-0.19446263517687082,-0.5035682861407409,-0.6355946109713102,-0.21163107506986423
-2.065870537231851,2.401123396054626,0.2545989202701937,1.4435835615666215,0.0037514937807173743
-1.0441514642931495,0.7309460150503426,-0.23150066467840927,3.707339354500585,-0.20104539026464546
1.0814795137287145,-0.5316723275114349,0.7663409615183336,0.6619188298887525,-0.2044579037999356
-0.14546958171104576,-1.7167925871119538,-0.35763146650339556,1.4869672387463517,1.020491412838294
1.190823432472703,-0.15934787985688664,-0.9273345578698227,-1.2681275400996406,1.2293260542646882
0.3433609144677939,-0.5901585227489591,-1.5725463873659307,-0.06896958916902445,1.665963608583801
-0.38873994224502206,-0.3042654558163569,-0.20316064939036052,-1.639796425304497,1.4664844736587386
-2.711845992441207,0.37959931123487356,1.0700897256551962,0.7672566783986482,0.11290833707761777
1.7700535928603032,-0.8009743114042613,0.08387557715259047,-1.089056259917319,-0.49156582434673807
2.7228882920847624,0.7511344408435505,-0.47637131142648126,1.3785354705011532,0.7213094477773584
-0.8726998059460255,0.13203874427160617,0.08031535501058723,-0.04965034904946828,0.7085989049520725
-1.0447633647033494,-0.9637511624400581,0.3449395240385882,2.1036531129787237,0.18773723066643047
0.12206370801501827,-0.9345154030265561,-1.6543936004254678,0.8696527857058622,0.5040710168523219
0.8309954305990542,-0.032992670328716486,1.3411180738274124,1.6677473477834912,2.3255993778650326
-0.1405754680769426,1.2129039712649297,0.7731978830140807,0.6129900284041735,1.2550945205211723
0.9475782110576069,-1.2130075733535122,0.21692174428881952,-0.8039224102576839,-1.2041350141195615
-1.664464356192326,-0.4301922748085648,0.025084403198326083,-0.6891553432536893,-0.171543245798034
-1.7860777499024763,-0.5665977776185808,-1.4806766550453767,-0.49826553654881844,-0.8833939753008796
-0.6336460357460203,1.0631787019296959,-1.0323101896891214,0.15226544775995673,-0.3448565437453856
0.8851472749848868,-1.2791555824143717,-0.8305995431747611,-0.697954891548106,-0.5039164172992796
-1.842978789012039,0.4129645544571005,-0.43312338513903,0.8870619304719408,-0.15532090204895121
0.746821115588817,0.5278068948762848,1.2233325562800637,1.3152936051175268,-0.5631335685392258
0.44179196518696773,-0.7632797531900747,-0.5006687582750279,0.5589925930987625,-0.7289219952498728
0.5926655316290215,0.2000769620738224,-0.15049282300855624,-0.023367194924548973,-0.1812883144706426
-0.8359211727326926,1.1892150700766286,1.0736967753373676,0.7975333171050916,-1.9753140784336318
0.05165569934817748,1.4179098771126144,0.6331597967466369,0.07512317446751404,-0.9467556718175749
-0.41600025661984835,-0.13181003616254516,-0.6729114365058702,-0.5310873653958206,-1.1518381219362641
1.6338278489257376,-0.13688712326610727,0.24816815347069773,-0.13656504136686323,-0.24805001938945476
-0.8592671395094645,-0.7426451222460495,-0.22166139501590407,-0.11623590794487763,0.40830692773325855
1.17319560280906,0.9600833244672156,-0.6452275917347118,0.042390124659483885,-1.45433843140377
-0.914493279211851,-0.6089338180467828,-0.9879248019131429,-2.788946466197993,0.6473099120355186
-0.1209933212736745,0.30444173346528824,-1.0330201771862053,-0.1048437218941239,-0.5325678131570822
-1.6036357130311738,0.0530065489580899,-0.8826013124280817,-1.392687401000569,-0.6033931196546867
-1.0340521825842306,1.4668552692566896,-0.8259120009146539,1.1490122460493473,-0.6710767501651257
-0.15578927222750688,-1.0640685404095327,0.21273642379502938,-0.4901804416510079,-2.584031546268729
-1.372451865989764,-0.3340673452403687,-0.3577847689771781,-0.14795173110623586,-2.0190724721492743
-0.8823784335804329,-0.6130554611606818,-1.9814073357700857,0.7827964450622122,0.5223013796857315
0.6123033013241802,0.49760411878624977,0.03957250642122563,-0.129081876273533,-0.6390464522725717
-1.2142424474553495,-0.36786424020679287,0.9050038239272937,1.098749450619829,-0.2734082302080088
0.22123442389045675,-1.0374774474429997,-0.5950406194732578,1.1854478791800018,-0.7563458175701482
-1.3833268171710307,0.806624555555577,-0.1313303113487971,0.8095730054339759,-0.22658965632806644
0.2565945935332913,-0.3116208483177854,1.3236535508694973,-1.2481316085614025,1.1571910206449754
0.4453862377329714,-0.19583502984733486,-1.4925112618788587,-0.5326086932562327,1.5916875507104373
0.41378118994623525,-0.18128240126672363,1.1522200964288238,-0.041000502988832045,0.7927757660813374
-0.049970804683615457,-1.259824589139662,0.11498424747532564,-0.5470394179860858,1.1536397704978532
0.34253101048733064,-2.451029672630302,-0.5078615688023372,0.3581573625521029,0.4353417469063108
-1.1331862264485413,0.8566956686979829,1.40766987403661,-0.6804903380294244,-0.16118604341209766
1.924965675936472,-1.099284519955773,-1.15366368114038,-0.7957131764828876,1.5343932213927163
0.5140075121237733,0.33567017259794746,-2.094909285878714,0.41789359546940547,1.4081973692613576
-0.487150384438831,-0.18889742787453273,0.2965166430703155,2.732911371939309,-0.10063760459163683
0.5225119664869401,-0.5137062088357693,0.7601681860140934,0.6443644669805823,-1.0861104153760315
-0.9358188478872324,3.0144675358147053,-0.7368230842616849,-1.402226506714231,-0.7142672796867156
0.3595357210829139,0.3666734745980838,-2.119190686654336,-1.0021826289864841,0.19648501438225338
-0.3889736939474429,-1.160349718813708,-0.10925470437348035,-1.208966131977892,0.6967431936047519
0.6997209775292088,-0.4212439793846876,-0.5534731451552032,1.1325319918610803,0.6110636123489235
-0.7183124957354875,-2.3948190906122235,-1.369897039347256,1.2426908639482006,0.9746640332607253
-0.11706696111079828,-1.1600062958522823,0.09747156652437668,-0.3889841550542983,1.2068229575202993
-0.9101107620693479,0.9686236794544995,-0.3695741184945827,-0.04686156026128485,-0.7331246485623623
-0.25888272577312804,-2.7757753424036657,0.022164093986111993,-0.02805302189190508,-0.584762616332553
0.08749967805668833,0.14556894742526172,-0.683155173052821,1.0309515030927854,0.2785312115229097
0.5582692252177839,0.5677043206405207,-0.11125273540559853,-1.0208279832183924,0.21893610064665525
0.30541178055957413,-2.4431611564448206,0.12090600697971438,1.6121237930799026,-0.7231755358432417
1.4411942381278118,-1.2926970321576445,-0.7851761843797699,0.5430916228161886,-0.8107573906936711
1.6999136004605249,-0.5944038974603165,-0.7449136682945438,-0.2460181228511274,1.0742189174134553
0.913628097833939,0.8309261496024853,-0.8356515827784651,-1.8491450542123335,0.461103549931292
0.3472029062723573,-1.267026280923627,-0.3110832193024194,2.0927697340930487,-0.9952946980452074
0.15627997315433104,-1.598164704757445,1.0169948589566824,0.14094980245233318,-0.7088828469650531
0.6139917254357367,-0.3501733078229071,-0.11647906823465062,-1.3164185746976043,-0.6832086712182742
-0.23458703978354356,1.9456519556086576,0.8523852789962468,0.5928943405334499,0.5238460229869478
0.1952064290814831,-0.9377225038339679,-0.5751238895215813,1.1018871014185014,-0.5965084981515864
-0.6518537149813757,0.26256912573734215,-0.2635741450433667,0.6885074697946281,1.5951004072954342
-0.6571345858738307,1.8872290628206154,-0.3871527929847561,-0.9643672209671846,1.7025282384229674
-0.4228129265582422,-0.8056734732693779,-0.0701728526886285,0.027594820578899223,-0.6481070903024657
-0.2609382999126822,0.6013311556203135,1.276782918232019,-0.8511824631564726,0.9924963657400633
0.7085122716024287,-0.0859850075481343,0.8885916482524203,-1.7536172800515677,-0.8942041838043429
1.0755469167596872,-0.08131267075770922,-1.2106519616644975,-0.31645681133157433,-1.430669759236408
0.8731896072150817,-0.709143984905245,-1.4216039539387129,0.2590068098832006,-1.2276832686518968
-2.573523183016812,-1.148218886754043,-0.8860613720796019,-1.3535374835458218,0.6864785826861677
-0.24957794479710632,0.9877087305174812,-1.0993472278052057,0.9684920172510821,0.6343515181668095
-0.37287336041949043,1.7985205219281735,-1.9037326640529824,-0.04233209065059915,-0.6596269742200367
0.17337813813611977,0.39366000647374494,-0.912545856973576,0.9070710026308308,-1.5197999049012934
-1.5626021915683432,-0.22040826187831017,-0.05555609815189846,0.10080762821246426,1.934643123890961
-0.8277272578134081,0.012115634920661174,1.0054926421861865,-0.6118387561906891,-1.7448980589137466
0.03826638575457143,0.041316794107678044,-0.7120177154254592,-0.17169935843324344,-1.3749498268399827
-1.3327372347069417,-0.9515171758863761,0.3571774749685083,-0.03371828510438348,1.4248235101869553
1.5088964607238418,-0.6514955519435826,0.2032977780974776,-2.194288412058998,0.38170486830181305
0.7521519156600633,-0.9354875044249519,-1.3326640159704393,0.9347715644346412,-1.5418852634299811
1.0740873833814448,0.11907763435360567,-0.16626023394731018,-0.41383824928109436,-0.06941238469071985
0.18176808884238213,-0.12372664527443028,0.25718295848601547,-1.8091634166533086,0.05376732808292076
0.7851920322799119,-1.4323971453402455,0.21642356714463606,1.9981687999175084,-0.6685402219857344
-0.6714658363130102,-1.3390709434772792,1.416256708428621,-0.36163724228324123,-1.0772640105211295
1.4229607988297583,-0.8156934712203111,-0.6436324653185009,-0.6486331925632889,0.2494188460656791
1.872072702357462,0.39925304372698817,1.1916364579340732,-0.1091488552806283,0.5676976112286051
-0.17371009878618443,-2.0964445799383586,0.5940323245822343,-0.9414289355382967,0.7328862273908245
0.15192973216927172,-1.3978871777507076,1.1857157969529326,-0.8181678737684431,-0.5885592072105943
-0.23177697858846433,-0.3491983400244485,0.3691773877195445,-0.38739011377844945,0.694788728799883
0.16280670325699256,0.3997098833741997,0.4372020232293843,0.7274983673062824,-1.236268297978637
1.5090052199237227,0.7346330144589728,0.6791164107184411,-1.5911641476448148,0.03532591253263116
0.9388811725500469,0.3578617671326254,-0.4290274702706501,0.37902313055559933,0.35164682408742237
1.3534413250167556,0.1115908303667903,-2.021316937313383,0.826582106753568,-0.21044414764866695
-0.04435991998623658,-0.5101218017991982,-0.30115573777827404,-0.140214990775207,-1.9448728386574838
1.4976129757743382,1.4622098762446682,2.1244192912204185,-2.5746790717266834,-1.4243132508962415
-0.8109284105710052,-0.17043835513834163,0.0575073624499476,1.3334625831017828,-0.5885954715705374
-0.34701747374545244,-0.3745068945293357,0.36765529625624466,1.2106367888432101,-1.0388618629476718
-0.24015255453364712,-0.8702806266688415,-0.018237166468641028,-0.6096553118543887,0.2871512478546507
0.4371751866648992,-0.8943397311661705,0.9289305039204878,0.9046018831140006,0.6901086721716346
-0.4348922119722805,0.23324179063922384,1.5242412406570027,-0.1852182475023262,-0.4023356375840164
-0.2736373060279207,0.24363779687224862,-0.9211913456275558,-1.6466216427296387,-0.4630534878444804
0.27673238277843076,-0.14151413441907426,2.819130710007395,-0.3779696478407782,0.11589166181533625
-0.15218344125590388,-1.612606169610176,-1.0301144262372741,-0.4542035151922018,0.9199745909812653
-0.8793460183267887,-0.46766002485839436,-0.19142832483042466,1.014941010644778,1.0932849221870073
-1.3276149761084033,0.5521950360166346,-1.5724237304841782,-0.15736728684928086,0.5259965899561987
1.1661897932571483,-0.8613463216298882,0.7515946893745586,0.35181087660524685,-0.28737661782649754
-0.28246220665721977,1.6373956318890226,0.1421480868636537,0.2705490747263352,0.36768372698835655
-0.5645531001244962,0.1964133635134468,0.0269227424269116,-0.4025272909798997,0.28669010335866435
0.014232316796411971,-2.562020083074126,1.2543953813755937,1.1666477565298965,-0.5787168162177102
-1.3998885760796609,2.546495786928914,-0.6785014224817367,-0.6231768646370629,-1.9090770353679463
0.9036599121486131,-0.08213623685187353,0.32619564531584383,-0.766596161508147,-0.06520836625435894
-0.9786641381821344,-1.3503676334580879,-0.6335195941772718,-0.41381032952394525,-0.6133826001320202
-0.8224764171545773,-0.4501286191031168,0.0771062416998009,-0.17825555851082178,1.6997621327641377
0.9039564617950443,-0.3103902683541733,-0.8745637842563041,0.1777806960016836,0.3625318968166114
0.02225768947269271,-1.096643942071124,-1.0148666383698002,2.23848849906808,-1.819502710139203
-0.6835096955995607,1.2040310995767478,0.012259360595468088,-1.3500743408041842,0.4526473164972187
0.4979861884851751,0.577764931398306,0.6395582730388499,-1.2734839197214454,0.29378363708681315
0.5560295316061978,-1.3213106253180125,0.9006840446588055,-0.12156695361564808,0.049299211691574266
-0.7170084249334873,-0.14463754528869796,1.118766431027968,-0.7900976273089365,-0.1977970140500073
-0.003878080856786538,-0.9902034142820583,-1.2063176592728335,-0.2547751897602624,-0.16162321516703698
0.8419524636574208,0.4709468012272645,-0.19156482251222384,-1.7485001321663343,0.43645636199594456
0.8989002622496042,-0.8265180503197508,-1.5533696174374436,0.8111577202947623,-0.5256738759382851
-1.0007210808705085,0.8373210120992333,0.6426518600059877,1.7300098241611348,-1.520383811321177
1.088963612796688,0.8279158731837105,-0.9898753079071377,1.4083945074450106,1.0435743450433206
-1.6354716037663832,0.5632400893308288,-0.04361132203739793,-0.30600410732768857,-0.7976636432101896
1.440113073006319,0.6692540842075907,-1.6430887204554305,-2.4628164030671793,-0.03792445812173153
-0.13269569856796332,1.0092729676787398,-0.1730455960907748,1.5296721555941406,-0.4171750620516976
0.9311201475138852,0.12298620111218468,-0.9098420845231445,0.7200736233040412,-1.4580163358039027
-0.938366823480359,-0.4732956505055267,0.9081573504113928,-1.3302499689458105,1.0194362128986822
0.7530753703335819,-1.7795607848207569,-0.07461263114889664,-0.974055917952536,-0.8240646816586685
-0.9872538987355683,-0.2630659578087655,0.8521328485522988,1.3262041680158498,1.4421490637367766
0.9006173854880474,0.9805511832487089,-0.19498319461917435,0.07365700042200689,0.4865474740524415
-2.945821578920173,-0.18847310374523316,1.032523250685828,0.491746210537467,0.5753864238555616
-0.4756568655713571,1.182061093611202,0.5649069775888138,1.89317623809744,0.19654685592337304
1.1106187724964345,0.8090387783768656,-1.8688586625864216,-1.0263150251059652,0.5668677953967912
0.4695930840971081,0.20967451372517612,1.430938523748747,-0.4830274163999385,-0.22212078848135075
0.37626930181752755,1.4184438646370976,-1.7123197910695045,0.1751122400481825,-0.08069453329832899
-1.3106261223650977,0.7734700447264914,-0.2705784671829911,-1.0182207379488444,1.1984611165655834
-0.2696902356249594,-1.9952358560007004,-0.8994066087030278,0.9608194789866145,0.7869690221138804
0.6618958842171757,1.7491365923801865,-0.7106630998868181,-0.11089182569376896,2.002515534413287
-0.28976726962847416,1.0000553186527414,-0.8238021572079542,-0.412993337626988,0.6017606077931117
-0.22525324967869897,-0.29973306159013363,0.04370550329534102,-0.7460727815545584,1.1452112892883386
1.1145564438993714,0.5664124485551914,-0.4107770076265855,1.1551742524958535,-1.8376936542981077
-0.10628430727100678,-0.246915754922614,1.0167868660678678,0.3644956096409404,2.5084613608100716
-0.3959895599658856,-1.2287836165004198,0.9825769084915973,-1.3082485248479665,0.13978345890031066
-1.5084768399575208,0.48321306951722076,1.2393245295708906,0.13932623513903294,-0.05039036311743725
-0.6705362937461559,0.005678842253553452,0.8122723927551556,1.563153284357431,-0.7878771709846559
-2.2409580525552224,-0.5416821946325036,0.22328031969936035,-0.7175697194614058,-0.33201140947387864
-0.9408311375548595,0.22659615753399182,1.0829340953326025,-0.8018111161399745,0.9067837864038463
0.42102173232040374,-0.7298383051858708,-1.9355071893493516,-0.6427981321695596,-0.04613894886812501
0.47416776372455866,-0.5843408620629829,-2.2128509091142563,1.6147417772893375,0.9515231740436481
-0.46795269143074775,-1.5632809052567431,1.1713301776980352,0.3765180126487561,-1.1993991622325524
0.3038410729341473,-0.2022379410215461,-1.0919588289221387,1.6310832415502916,0.4667025517990192
0.8016246948073227,-0.031022769394152345,-0.08606377386806179,1.6614037420093428,-0.5920042136225431
0.026976025985053123,-0.6806288766832519,-1.0338660071442798,-1.2441874228621765,-0.6781165813362513
1.4983600203624245,-0.9885739947018647,0.5772841183196196,-0.4633003799778851,-0.3718626086375521
-0.8432764607880635,-1.4776039772835783,-0.5564231735188062,1.0682953302497076,0.5447190920664287
-1.39364591504504,-1.248521268564431,-0.3545868515367445,1.1694618072390042,-0.5661242683618051
0.07519364643885187,-1.1056780261869985,0.0021973887623543244,-0.553813722015193,0.09888932667486575
-0.023607516615280072,1.9521282326359517,-1.2449825539219537,-0.2613994724846822,-0.10848235144863404
1.1014406154148908,1.5182340700095436,0.597585737434618,-0.06789752902841585,-1.3394858195365835
2.0405412908721368,0.9141260710529953,-0.28577223483588754,1.6045074366874497,-1.277794179813794
-1.2534698680041343,-0.9518275466860161,-1.0653588828209402,0.5270314593583331,0.49021897122095065
0.0752346228701054,1.3328189885644406,-0.7309810040474362,-1.6618815925923605,0.050307366297825985
-0.11275067245363192,2.6900690444940043,0.9662447439353986,1.7029035801416441,-0.38719078249005545
-0.5047274427071853,0.7812108657457718,-0.2683022183159301,-0.5288483799346538,0.03616033762742045
0.0890417659701082,0.13410291920179532,0.4131901537586693,0.805229048436297,-1.4722219325068182
0.8101295772969245,0.6950468983875218,0.02422726019160073,0.035570885218145325,-0.37945892629555183
1.0982166651922347,0.2146802196760365,1.457132743577138,-0.684773734533304,-1.8166552850233602
-0.007247678966837895,-0.31959043386642955,-1.7563873252347324,-1.5091380895471938,-0.9424209652007425
-0.9119842200090957,0.8142313902502003,0.793524248790801,-0.4739087213049676,3.057513115005514
0.5067169444762122,-0.3202127884883368,-0.42579853369181414,-0.0077611698233545105,-0.9979934063508166
0.9632936017244738,-0.35720084907914773,-1.1967830590262405,-0.10995042603563625,1.808297109120046
-1.0002355186456806,1.770087777557292,-0.07550920986394027,-1.018982650059916,-0.6717921923518122
0.7120019230768958,-0.2636394382707977,0.9956215184304493,-1.465275815656621,-1.1598778867692225
0.6190375382152088,-0.9176628929935869,0.8960456679458997,-0.6787943887011174,-0.8033237861078519
1.9248616833402548,-0.12986905616682537,-0.1766417535257469,0.4669019728260961,1.942021966403229
0.3145063149035578,0.31718408655768643,-1.8985585456914658,0.08275749742821469,-1.5770932665070356
0.4559207367889306,-0.22399750873873123,-0.21791154499305518,-0.09908501405490411,0.36592953561924224
-0.5057398579978127,1.391132879644175,0.153929984703113,0.3668850041721031,0.07032837669987442
0.2337306409148847,-0.6489943294378794,-0.5025413236032261,-1.4443978113936335,-0.5307076114146249
0.0011710143479037379,0.25744670584416834,-0.14976132622473373,1.85448409692099,-0.07024427309532562
-1.1518239179613727,0.42738794799840074,-1.2012404860277002,-0.3670016671048773,-1.6860522853414333
1.8642923295867706,-0.5518012344069343,0.6365811727714551,1.1857018865309732,0.40342633657906696
1.5275333479847737,1.6732859298651517,0.2473382793257,0.8856390248909292,1.6932848329021197
1.0142211216485661,-1.7025007049250314,0.8443357264412723,0.284550665952732,-0.28629811989261433
0.194439281917575,-0.3253321996078681,-0.9404977586559902,0.09639597399166869,-1.161513784042677
0.4592459864191009,1.3449999961788273,-0.038766939740799575,-1.6482562651922457,-0.941523058124565
1.557096541704415,0.32378154695776873,-1.0216187617291832,1.7108638195377681,0.5974939151601004
-0.17449615588107587,-0.18958427676142053,2.3506274292664413,0.3651878496222796,0.9558083807545219
-1.3677326512315349,-0.2538726419661883,-0.13635886365543862,-1.7412307933996236,1.9749953227716819
2.174713191988405,0.3938788539207338,-0.45867747039665696,1.4300247827364905,-1.013283552563236
1.8068579757325274,-1.1704018305979795,0.1463185068089875,1.1100916806779955,-1.5847630498080796
-0.7669675733746555,1.0824271730153034,-0.5750651526691638,-1.0514578374403496,0.343769635329185
0.10985302200900456,1.3693328871137864,0.17548384254667987,-0.8078601194129262,-1.691017974920333
0.09527708173862104,-0.5166300106732052,-0.0993365585473397,-0.7602855394260895,-1.1588391871923047
-1.4804148856049213,1.2574336424624224,0.8290273948166432,1.7427878843796376,0.14031482508299692
1.1670177532355452,0.7362019461472614,-0.5947508149794106,0.2400488334904698,-0.7826080304409765
-0.01749681506384924,-0.04964218094097052,2.111135957468549,1.5526970096293171,1.0158042196734662
-0.44429900587820104,0.3301244995807268,-0.8576614581281087,-0.16178337735303625,-0.16291427764032454
-0.8942659472822886,-0.9948313642963121,0.05711908077096115,0.47764927123742884,1.102049277883639
1.734550729053143,0.23304741278599878,0.6127725070883308,1.6963848142840063,-0.837707307683811
-0.2145203770573909,0.306864661952852,-1.851392915582381,0.5584239972243921,-0.17571466809330386
0.12852653447745355,-0.2974398447636493,-0.6028494607054963,0.13202669037541426,-0.768534085020145
1.0304751686130011,-0.14443944919973545,0.43375394884839635,-0.1684949092551379,1.2912050933744466
0.7949943906359456,1.1018462572903958,0.31025409036641166,0.294951157689729,-1.498213304998249
-1.7360552622321443,0.7449556199723965,-1.4676251381964407,-0.21549607165379492,-1.320634437322361
0.30855127489528095,-0.554551148696174,-0.12495740049278847,-1.4008233294161376,-0.16394140200259966
0.21647918984868408,-0.31390351314490733,0.9567191010404994,-1.9477177112746606,-0.7042574258827203
1.1851119730748185,-1.330704669855272,-0.4617992641501091,-0.054883277068113356,0.5794768786475405
-1.304334222775421,-0.9397404704256401,1.5066131608396238,-0.19845667146154447,0.9852979483894169
-1.9218397717987885,-0.3326151469770614,-0.15698790420802541,0.9403838013677605,-0.5120178673480765
-0.9285861309818985,-1.1501336781424456,0.7515295269022508,1.0547669505982489,-1.3060399924009478
0.5997031131043645,-0.06779925801853749,0.36438194060621204,0.1959348628463872,-0.7210310904837476
-0.6328763621128977,0.3601589356220793,1.2210303244123466,-0.20020619489820501,1.0453842716754282
1.0628110804243707,-0.1458556883973509,1.1529043952050735,1.358661117999038,1.035925287942849
-0.16073211957589872,-1.709914846697901,-0.4632180625198371,-1.1857526781296406,-1.0747982824017128
-0.4187754644474324,-0.2991267373773274,-1.6895409406131046,1.4343190996877406,0.31055827756260046
0.22252285744170713,0.7519544677985276,-1.0981428972604173,1.3716470785666128,-0.683743338301946
0.4650604281904609,2.211899029651865,0.36896025729468435,0.5313018787057412,0.7657751941372914
1.240495461862637,-0.9667586703451765,0.145390503407862,1.9421194741481023,1.4696592383832763
1.5653667545546837,1.0832028697606184,1.325623990233951,0.10881406353520484,0.9478503824525936
0.07764571368833517,1.2683548190181335,0.10822983476095369,-0.8808420532883489,-2.7983827721854144
2.017703811446781,-1.7337625940552797,0.006881778374018473,-0.24154477825007353,0.02370518576785325
0.4712527285101591,-0.04819443434821299,3.816813186412547,-0.22363102579335137,0.9504912023539607
-1.8318261342669837,-2.678990616453989,-0.5709115146468666,-1.9931152524055717,0.6670976087802025
0.3268279287794941,-1.6631279999994497,0.9699247392340842,1.2107753195696296,-2.21131982409781
0.1384970437109526,1.174239500512416,-1.2592147320613378,-0.4775105444794621,-1.0053470880520947
0.1998205470595928,1.0017820150969885,0.1432722679729613,1.3316076535953913,-0.6103632394638574
1.128510089251466,1.3251801963221452,-1.038680077361784,-0.5369614690892293,0.0037375363457958716
0.23425493145007317,0.474788282696347,-0.510173174459698,-1.3754715516206681,0.3424072424527943
0.3260754421691144,1.4556712407905779,1.88167828508785,0.3697915931086454,-0.4721645115600389
-0.5701063951519283,0.6016200923051,1.1331530427014593,-1.463985943845031,1.7634221843572264
0.016044993883143316,1.2934865694316626,-1.3280673603805175,0.8093788656909987,0.36559986102698405
-0.2366099931534378,-1.1729937577523797,0.6226386585980274,-0.7044178780942283,1.948035515819714
-0.9428510354005603,-0.26346713745092326,0.2501992744292986,0.8543704825620937,1.507726423151214
-0.5265813262449912,-0.9702723484197877,-0.38787847156710176,-0.7854828690184964,-0.10944939263895308
0.6000500425887227,1.1155142289081763,-0.03386622909330878,2.2111771818686465,1.8264913361589608
0.6256555534699376,1.191457169550884,-1.6461590102996746,0.07365364332660276,-0.404957791544137
1.2054907604079432,-0.4101323164137614,-0.15009597833195754,0.8743335415016878,-0.2531245010316509
0.3821340424489425,-0.06364245269478047,-0.22977245766629353,1.6702503241141067,0.36931485532946506
-1.1900557195165775,-0.13985358379847732,0.5538979123114535,0.5343899214095832,-0.14820926944797452
-1.879074574128939,0.5551474194779472,1.0834131959042081,-0.6395529395937196,0.17839444875398522
0.8825885051248848,-0.975282031773073,2.546957971876646,-1.6745871983849694,0.1428643469212343
0.3379016002695337,-1.005543680275024,-1.1929343611990249,0.845990619554005,-3.1893866004508813
-0.3550630041529844,-1.073226914168372,0.4815997545320239,1.8211809509039987,1.5230599606435615
0.8461789018979778,0.30816247386514367,-0.7831348157245579,0.11503848498610622,-0.031649922339143176
-0.2741239626173759,-0.8459749675534308,0.9781690698538362,2.6893491387883484,0.2031599075744509
1.1786509941620251,0.7937540357488052,0.23371177565233922,1.035931218938082,-0.9204662035766967
0.16687466540763457,0.1637730795786252,0.36267612894687923,-0.006267368004190731,1.4116121908086157
-1.2201616355038205,0.3351727063522448,0.05254303895361977,0.9101588754558595,-0.7494457295114657
0.07374379868491004,0.004979576510450468,0.5856754352216542,0.6425676022474363,-0.2510904443265743
0.43664652609395255,0.19275023383193804,-1.5165147470342968,0.5185986564154232,0.9280433376545851
-0.6531349942448454,-0.8726942103359722,-0.48186602584974453,1.0237277762350592,-2.1613221439786834
-1.1733059842256508,2.8941367789924306,-1.1013061094175547,-2.0325887811014556,1.5996451621101522
0.36768852678136943,0.8887274775118001,-0.403535324315822,0.882523295553079,1.1082642687947575
0.4336946351666766,-0.6764517462902554,0.6619823454941139,-0.1238193814072603,-0.28568021591894455
-2.032088576013971,1.2917237312106538,-1.0607181950828355,-0.39322734027733847,0.16562779692148155
-1.3540757456490093,-0.4145978043473013,-1.1112946336194245,0.27264733539456,0.07300462313970857
1.3700351337192747,-0.9152617543356242,0.6500203529884537,-0.4800120368513315,0.9035228439390394
-0.30205866040496626,-2.3433297675192923,-2.024024992197146,-0.8725823240854965,-1.0647601361964576
-0.7603701209486635,-0.34073672872872485,1.2521700760004757,-0.7308195970886102,2.1036332768356676
-1.034930428890304,-0.40076429054588775,2.2132872102437346,-1.4988681517935802,-0.26642550542032173
1.4502457798753097,-2.2846812118747373,0.06716159419948492,-0.6956457156071274,0.6284972958948877
-0.49703778403070875,-1.2647649993346342,-0.045017879990147364,0.3023762715750072,-0.7209188659554276
-1.0403702210659016,0.6966799871428003,-1.0468022154595704,-0.19122019941720708,0.16754231501349767
-0.2164099515371765,0.5257971969695543,0.10068930838424343,0.5412665461534326,0.6288564255618627
0.815710462828237,0.19688659004692685,1.1020703446465423,1.995705258574052,-0.728908627841408
-0.03930865556694465,-0.06762219795352024,-1.0651271877569197,0.9238131076236313,-0.278304306618755
0.3667147763062007,0.4036568789883953,-0.9788269698934651,-1.628431339681002,-0.1036560572128474
-1.6201813302950674,1.0373945561985947,-1.1543330933853604,0.5339085074710228,0.620831037210166
0.452077365500879,0.7937350794020567,0.7777898706032754,1.1086797806728512,0.8590480857298413
3.209189216287852,0.6095591663269831,-0.42518661500836963,-0.06697719108387289,0.5548811902856603
-0.3488236625791775,-0.6676464135732869,-1.189573081311588,0.39818308893556414,0.9423535352415697
1.4587025707159598,1.2490072998071795,-0.5736696538396319,-0.5992568032777932,0.7383732660570853
-0.5670486553225397,0.5624140022293992,0.710190164492466,0.1585994188399008,-0.4215397830728002
-0.8171093677639479,-1.3337537891473965,1.4799556659786628,1.9681504653155943,-0.5551704644404205
0.8589521721564571,0.23934145322212613,0.8973308547463793,-0.12852493263712234,0.15652076290499894
-0.27651495095683004,-1.0414713591826845,-1.5742336392128524,-0.9098861990701747,1.2739015126445055
1.2181942251729854,-0.18642714416385942,-0.5642583739013396,-2.5684550121221648,0.9735611563885869
-0.15324736488051105,-0.8782651533548159,-1.455012066533688,0.2799528974511617,-1.266097244959835
-0.01492345174415626,-0.6625818857426207,-1.8320451748713185,-0.12901136659193208,0.6262699459265797
0.3337413081778309,0.5340709301581058,-0.5498885240955412,0.8545410757279924,1.0121782045672343
-0.03717119788713862,-0.6661995556742415,0.5415289630202634,-0.5207749827826815,-0.34084836496438514
-0.11914636223443452,0.6383892106606424,0.010210337631150904,0.024928595951283834,0.14810655397974265
-0.8575847139219277,0.690836709776228,-2.1786002372665623,-1.192526193631659,-0.9351875729184074
-0.3459664480785798,0.1425385676188625,0.3844619032745076,0.09086113421662718,-0.24498672993630347
1.1163111079437722,-0.7480086740759422,0.8395433202470626,-0.9477361784134757,-0.2766072808059414
-0.7046459781910691,1.3108788649545202,1.0020173905246694,-0.43599902760551157,-0.7070853203711385
-1.4723757862137088,-1.671101238576852,0.2007312656591904,1.0374111602572622,-0.7040716621512831
-0.30951319906000324,-0.5477191950918762,-0.2881059725936504,-1.5420263677183004,-2.1623601436986393
-0.919300307204309,1.975449483060475,1.7748724320785156,0.0908158513251114,-1.392821136964186
2.2606420756190677,-0.12763277985481614,0.11310248452700739,0.8939190225965407,-1.4084225920703297
-1.3942214212470658,-0.17077471852548362,-0.8318496472022422,-0.908816762541714,0.46001754086671415
1.958506247448371,-0.735613156904085,-1.466625644462557,1.9421756936641634,0.41463087793097586
-0.27666726823876353,0.5015650431476482,0.13607370141236388,-0.9984601799026975,-0.88229814332164
0.44399051878086815,-0.5697846217293948,1.3423673227473532,-1.156128607980639,0.001986976456285424
-0.27343949919836813,-1.1457933851420634,-0.5228116952173247,-1.1283003953303183,-0.1094911891782663
0.04120491596119053,-1.5083426622588687,1.153952197363414,-0.9492331989667688,1.4695692061668324
-0.643564742272443,-1.3053206277486664,-1.0348389544657153,-1.5410571877789172,0.13393373274508358
2.6382685418183827,0.2407580466147722,-0.22027791347690437,1.4159057157607422,-0.40544456559075137
-0.369380866958122,1.4030957079335273,-1.3024709397293976,-1.089940328256454,-0.49246059311668144
0.3600904166737256,-0.4718559147707134,0.9742592048444555,0.42659573409275364,0.8607511795013977
1.49813212022725,0.08092760479553836,0.42966226359193155,0.3771420729816756,2.1965305117602005
1.2271681867714141,-0.2476481148877817,-0.604765112611527,-0.6665918797552263,0.06478861153401926
0.13846625696982837,0.836823510581336,-1.1534465579344226,-0.7572225295607005,-0.3182242576356023
0.7250566989096291,-0.1920643670289752,-1.1798581220001954,0.28801397488433567,-2.10979467024917
-0.520559608802734,0.8759251273331227,-0.1033054715390585,-2.2269568455362223,0.5791038511537213
-0.4989554871260462,-0.2624172020173668,-1.7886151056875443,0.3335013392428902,0.40700607581516257
0.48805846111818507,-1.9863548684713996,-1.6774543423118387,0.6341097677574137,-0.5234016939744172
2.280149409886931,0.3114766539457238,-1.7584409253313493,-0.7163077787072807,0.3040948058331827
1.1439543816457474,0.4232866223734322,-1.6032693487809162,0.6894143246104694,-1.5296521578538511
1.0825481042586071,0.034314004244655805,1.392294785193194,1.2446957309868982,-1.3626765889872579
-0.5677058156279053,0.8811330348583427,1.044663248942272,-0.5504432258087543,0.7521452441677482
0.8538908851944277,1.04709584744132,-1.0353248373914687,-0.02673753920292557,-0.0012362108510378044
-1.078525763620016,-0.13991964731536674,0.797440192213019,0.06262930941149734,0.28108036087561616
-1.064762794214666,0.2089392472359977,1.0640247526010398,0.8542734481379421,-0.8596705236623782
-1.2943062942322208,-0.478785459260524,1.7966739809273167,-0.3822069806396426,-0.49015522106058146
-0.9741373035917383,0.20501068103125128,1.6706106780557433,1.1843955572915528,-0.8721495613553177
1.018785837521574,-0.21676242200366255,1.419791704040914,-0.30600994641681795,-0.43987839378886395
0.31690641866874264,-1.1350842029456751,-0.9209814778182749,-1.7574432737045493,-1.2332280928233714
2.3724075098831565,1.1483589685644415,-0.432825250941234,0.5307088856865657,-1.5728269590155817
0.13934592389196748,0.08390417875401915,-0.8065525507082513,2.455142460142439,-0.23827457761123452
-0.316622569742212,-0.3069286882184834,-1.4306764264424647,0.8001864172872878,0.14053290424593007
0.11587459108772938,0.07732352177993312,2.0610822572039877,-1.204018460440187,0.8952612854102241
0.8940309475537236,-0.9497903792865683,0.25449538733114013,-0.48455166855184423,1.5485278906755964
1.7428228243598027,0.5867082438123626,1.3280032614476291,-0.6287019936965657,-0.332938319624056
-0.4023497071578294,-0.7968489004203068,-0.5486325925444107,0.2922262964858054,-0.6518291242180422
-0.27886622600773187,1.218967379943637,0.09065462315836716,1.6219581998979828,0.08457611881691426
-1.0603869492244973,0.9516312231901458,-1.6928046601141031,1.5780396623834911,-0.5662377174478813
-0.3973571044975389,-0.8462031643287231,-1.2640828593399094,-0.23877091803977285,1.0741825582532794
0.7324418624141664,0.16272856835177124,-0.6021251153425771,-0.7735608129716834,0.4839746899024996
0.6954129702765861,0.1125435064559357,-0.36739640336315105,0.4034558259374099,-1.4700257246065702
0.7657199709942099,-0.1455796798786135,0.2867206378975354,-0.5250290726771828,-0.2072244191508128
-0.8780283042249726,-0.8042840502113316,-1.371201774837547,0.8776549456573127,-0.13195173877771973
0.4395751618733191,0.8285976095966017,2.7483592162765307,0.719481779605276,-0.30622432799980026
0.027585407283219617,-0.02498529084512524,0.7770127607149155,-1.1421676892133001,-0.016591099182569655
1.4769412599323004,-0.004690422803387529,-2.546852526743417,-0.06196628919354069,-0.4243969576203791
-0.39239783463285566,1.65115442261482,0.8241344785442362,2.316387179463417,-0.30387658117599053
0.2205051155820798,-1.491074016912924,0.9851549144188518,-1.3290530150661417,1.194211062649602
0.11888657940105961,-1.8967236058139794,-2.296426683368363,0.381813721566773,1.772671336362924
0.2240467637301304,-0.1543626647929114,-2.244849272449257,0.33995714288742335,1.2697356997709721
-2.2710784166571245,-0.39991505611661315,-1.0919403974151332,0.025490410597082482,1.9211028064804943
0.09693008194138761,-0.438296759676433,1.325428349216716,-2.0133537594847333,0.20837249377617012
0.12241991531257519,-0.08409034532465098,1.399166322784161,0.4178838477685111,-0.3317170985014624
-0.9765011858725904,0.6624012050865432,1.1496112826267104,-1.339698301528525,-1.53451283445279
-1.1326960072605559,-0.6193013570208866,1.0634745892223918,-0.3380813980464326,-1.4567264793704953
-0.8753228040161964,-0.786588493007776,0.055257729810310734,0.32892194747626197,1.0681116942372484
-0.853198839018378,1.4678851700883564,-0.44465641916970267,-0.09067319751187544,-0.8777430564863496
0.84100849467847,0.3983516797619407,-0.3424634298642788,0.19396704883580082,-1.043642954370997
0.6026947874790323,-0.05720465531260444,0.4333525887176978,1.6179767157770861,0.4337275297435831
1.5048809473086793,0.8766066811278221,0.09611825433967908,-1.047310921269868,0.647862396254998
0.7258882670604422,1.3061242499441723,-0.030245152253804832,2.02098689531414,0.10014928730526333
-0.5254385582070337,0.954320931381623,1.2142008646218485,-0.6105550674736776,-0.5316181171998184
-0.006700473078886881,-1.206921984628744,-0.024085783732404217,-0.9160637415326109,-0.5088195805303313
-1.2388807627147347,-0.4904398290469962,0.8939145385400458,-0.27888764882738754,-0.27569746385676824
-0.6978626235680443,-1.5406756118376874,-0.6251557219716073,1.2372974283668394,1.2180514514598249
0.6292121859621583,-0.2617779897516033,0.24098312501914684,-0.35403116054415246,0.10662726001645383
-0.08512970497506225,1.7641326205009324,-0.6073319573955563,-1.3652024964256935,-2.1396349478759666
0.9182510874777008,1.1723748644216399,2.3660503481584683,0.5625857205205917,-1.3407174885098998
-1.050825493891825,-2.093369103637132,-2.3188890511915137,0.9600866228776255,0.7021263810608588
0.9344099503789448,1.0743228842890256,0.714229173567359,-0.7321606072442787,0.7635524266165463
1.3320486679163617,-2.2967088897105317,-0.6552976873884236,0.021403166741990977,0.810118043619696
0.1348985693158453,1.275760527346333,0.4310268959253732,-0.16699032651498927,0.05307867618827391
0.5053508747283425,0.8673520666348647,0.1960771708871612,1.7087928866203383,-0.3198230754112617
0.6476423504481486,-0.26471067451611446,-1.007703513751026,-0.3063961363018163,-1.1647494523026332
0.07528284385310742,0.9315661626700431,-0.08867988583779557,-1.3289470232830625,0.7544059980250036
-0.7694799715477588,-1.0302886495382093,0.8190447162705359,1.1648698584896053,-0.7848923656719805
-0.8589809077411936,-0.962017195327579,-1.090330021601847,2.5586894043307224,-2.0374649268966722
-0.781181690049997,0.6391484214868259,1.2671561069499178,0.29918518113243187,-1.0827277124006458
1.4224640984228545,2.0242376003429743,0.22083695139598986,-0.6500635262007507,-0.5931863276727358
-0.051834817997721744,0.9393569573787793,-1.552137145084245,-0.2901204887773748,0.8550436464562828
0.11840077731812225,-0.9894483915535112,-2.194739974837349,-0.23183170415276286,-0.4886050950692681
0.5829761296234857,-1.4844511750775085,2.089192781375534,-1.4340483481627777,-0.1891936344834407
1.2960659674034436,-0.4217030491667406,-1.555354577031713,-0.8474583749915566,0.0024687539403946634
-0.14727322486976596,-0.5272270700804985,-1.792826094469365,-0.48487840649700314,1.1688278006905632
-0.490438592180285,-0.16103117035320363,0.270331655629895,0.07113465412031483,-0.4347795071219667
0.29850406697860277,0.04475634031874585,0.4605628872413642,-0.4087440592958516,1.4290624611902025
0.32362071327358016,0.25555588234232446,-0.6236995832724069,-0.8640555716290941,0.004052163178417809
-0.5483978470249465,-0.5147719916596001,-1.1078076494762987,-0.290076519214733,-0.8666585460041443
2.100155065820629,-0.2908833737283594,-0.7904117113968062,-1.8424585115779968,-0.273424891669993
0.4502989888701605,-1.2123095139548996,-0.21502471457685368,1.0697924965675685,-0.5861499081193947
-0.6135104452150838,0.1426375039721767,-2.5990183521112704,0.566067017899125,-0.5655898945606033
0.8476373543519287,0.7740419656486077,0.5197432157863355,-0.09715251243559941,0.15275870239742445
-0.570555568123988,0.005631652026459979,0.8929715584699088,0.49643127346221416,0.026272229688306458
-2.492277220401517,-0.6849064316624915,-1.0894134131968116,0.7581839599715308,-0.27961318759271697
-0.5352064571760973,0.3866868002924836,-0.6406850148118189,0.12193634970648595,-0.913131048719423
0.10385344475049067,0.12124470276283855,1.1667165433486684,0.16419979089317865,0.7321277101976001
0.37123347832506864,0.26531197996312195,1.1048749428523639,0.645929581537541,0.9592772941995691
-2.2895871214169876,0.5797687380628757,-0.21887297993116267,-1.032940953352898,0.38918426465084854
-1.5581915838549265,-1.4274135449237666,1.1319103269671138,0.9589119517250875,-0.7793622750882377
-1.1752822561118206,0.36107670700061145,0.09729522887771805,0.129041231681106,1.4553393353510578
0.7682040179376103,1.517951882837728,2.199340843558026,0.09395032565305707,-1.3862802726628043
-1.1978125668027249,-1.305740642895803,-0.000611399086008319,-0.13273846830647582,0.9178351299644455
-1.0989412117933008,0.29136458189018216,-0.28466723145001926,1.7901428697740858,0.6329185363537151
0.5685778578269468,0.20525703782493454,-0.5035141053632306,-0.6488648636220896,0.10558971771425292
-0.17243583791956732,-0.3430663291329203,0.4460862746291451,-2.2886452791388265,-0.716148515992695
0.16915966520434966,-0.316218691318546,-0.7464659040479434,1.3602605828004137,-1.2330875437952051
-0.590817456735296,0.9729042455743215,-1.4490640002341417,-0.22106359193751482,-0.6338699883137173
0.9039971754270432,-0.02003255588426352,0.590776636921292,-0.09781872436706839,0.28121947648882983
1.0259185987330837,-0.9021263539838856,-1.5012438194240236,-0.9180450439146401,-0.2272254758623157
-0.8292634603560011,-0.3495818165039679,0.43836398433659135,0.2577657260578266,0.4291360769831118
1.237954780834115,0.5581261303085154,2.345253110339751,-1.6680070288518636,0.5248335407781352
-0.7334822434344609,2.6479777905864594,0.9595071001434805,-1.426194062304162,-0.08439569940201072
-0.5325927569826593,0.34562129752477455,0.9452975461612348,-0.23104667595660822,0.573022675889621
1.0649917447588078,-1.6438349059106163,-0.8801383611159117,1.5944967162227135,-0.3987900102268154
0.03832999226917339,-1.5266710367923944,0.579462094757997,2.841348960396197,-0.18357804877307374
1.0499570024621379,-0.22986097654951318,-0.6895189087693732,0.6448972258100405,-0.32652665068340003
0.20816935563402028,-0.5663746955933804,-0.6179144201351416,0.5940711993343819,0.9038718671099498
-0.8371922076326225,-1.2791731941573863,0.43407325423631654,-0.11751710158874638,-1.2492593708938478
-1.8557603760646244,-1.0418285360350592,0.8972820770056426,0.7362882831959235,-0.23334637249534232
0.7841653445732758,1.1903724060028487,-1.7214599358490343,1.6036569678928065,0.01792372864171242
1.4047441817901467,1.2508312011410037,-0.5409324408413551,1.3004146084238062,0.15240738150788743
1.079312662856183,-1.215206267160748,0.23953685172488456,0.9109742759351649,-1.199938354950153
0.014785512484475296,-0.5974028258483796,-0.1979984293465265,-1.1727766936504818,-0.17232928024807143
0.03594450538993842,-1.1036341694611123,0.6516781355383863,0.5557076751502876,-1.848420551215612
-0.008714765531853118,0.10627185677549224,-1.6778018057135267,-0.37833223766034674,0.8301459082184349
0.8972399904333451,0.9740080923779043,0.05275771034391362,1.4278401903782096,0.25310732345112075
-0.7287472622758612,-0.36943232966476464,1.8404347609667016,-2.036337446561043,-0.27857088064852686
-0.1675303239217009,0.12871927818634651,0.20205181184650933,0.43344256610583454,0.9056302004841948
1.273487383796156,0.2651572982367485,0.12076981172137315,-0.4935337215739721,-1.697013520346486
-0.1805424871522105,0.874729054925036,0.2883313312189191,1.7943681801559588,0.6045344445769115
0.801010971614437,2.8011304184675048,-0.41391215396373776,-0.0986806816508074,0.5454394619255806
0.3679185256366961,0.8217226254627349,-0.8358207300789033,-0.6239373539161438,-1.0442016462201698
-0.6533915859654875,0.8693549277727607,-0.13938408555135418,0.28034042036292744,-2.170863921820473
0.630746409345817,-0.5440907978463864,-0.11510810872501454,0.9401017434744292,2.0396320800486816
2.316961831590545,-2.574591239468145,-0.6921364256626438,2.4325272848947033,-0.9466184577350185
0.7401060376144342,-0.9065829745981304,0.2057820050604988,-0.22578667653986537,-1.290738422029582
0.6972783382525732,-0.3001888823471644,-0.9722555665620983,1.0800811701633959,-0.33427016936186593
1.3006146666352478,1.645107897225661,-1.6947654197071096,-1.2906134863383907,-0.20609893241703467
-0.14363408313571516,-0.5608675310485973,0.2407218802485601,0.27176697865043586,-1.005574698356997
1.4029632606885059,1.7700062892377642,0.905955793855844,0.3681229213398072,-0.27681117628724244
-0.03801030698958059,0.40093316777977406,1.0968178659681682,-1.4971741734086648,-0.14103593894974434
1.112871961766801,-1.5019559390796726,-0.1344618831685166,0.008023372646702607,-0.5925192926950006
0.3238900026761388,1.0018611669108743,0.4448969995541957,-0.6863916950587825,0.4677369404321791
-1.3437573211941265,-0.755031409514496,0.6495918798449366,-0.33036946071117496,0.8108243855010995
0.15377422533225554,1.2667815714743391,-0.7441253278290443,-0.4832861571562932,-0.9319123821012261
-0.6762825808526453,2.2234354127794678,-0.3103747410025505,1.075280101006511,0.6456723401515794
0.8394940023028973,-0.3673414983751687,-0.6093199164084326,0.2116227969724514,-1.028800783118248
-1.2077028798861056,0.9896209745152609,-0.46813889606359266,0.7167640631271798,1.6594514891629464
-1.9902617407286178,0.4967752417612302,0.01107196296946692,-0.05175473010445674,-1.3097165216749325
0.16883180845981202,-1.6740052784834896,1.5667100021359557,-0.423883438312121,0.13783592487623975
1.6070284339373444,-0.22877400407010404,-0.38841576174457715,-1.5687771640681891,0.01784176393743259
0.24721456577666964,-0.022544764231118283,-0.4910862370793322,-0.9844104054507249,-1.2572261867989727
-0.5675569838902684,-0.9060735474323972,1.2431327948829614,-0.17449766914133075,0.6770039694784149
0.8536060982437924,-0.6026696073731556,-0.3848441352264644,1.8914060312387264,-1.2673128829599178
0.9422520881203801,-1.4516971918445134,-1.9295285095136814,-0.6201674983137823,-0.7193382059286979
-0.1342215945921,2.03764632587792,0.9756578053192937,0.03710485586594069,-0.4985142632105237
1.5186709179936533,-0.24646847082530393,0.0709187824637711,-0.9544571911486358,-0.2530490290877449
-0.6100684156217581,-0.7719895441189829,0.8221448585074034,-0.03916972478403751,-0.07992818872147846
-1.6063652994176105,0.3861095943121945,1.2850054549130934,0.5891809281765471,0.31334136967551435
0.25837932592646,-0.17326590943947387,0.5808701944989748,0.7013847558946911,-0.649567767277407
0.5259738619829505,1.2249484070743017,1.2109235115050394,-0.22435039408661764,-0.6801793942403039
0.8214987203120808,0.009885857157873237,-1.03786526653706,-0.43318357604556235,0.8051642808061142
0.3741684544190787,-1.2273766598972895,-0.13360189261291175,0.3645847404907741,0.36352795349128164
-2.1819667743220443,-0.4096157488857253,0.9364906883805447,-0.25155046113813084,-0.7348521132807069
-0.5704343565337563,-1.3646819067726046,-1.4191967815057374,2.368815336078215,-1.614867356740927
0.90977784356861,0.5700390308131449,-1.7657035298713508,0.14870827708653223,1.0009153344297326
-0.6810936428789975,0.3916624473265456,0.40059896566293035,-0.8114115766476774,-1.0737591935881927
1.138127461734969,0.1357807178230465,-1.0583997954703124,-1.5623426861602836,0.8402840918702954
-0.9767916745515317,-1.4642307825566272,-0.16388213463215834,-0.10087289279171745,-1.5566900860756123
0.4099064150379781,-0.8751486345932551,0.33563864320464903,0.6822516045390558,0.971985745682842
0.22997572477004247,1.6579043276345844,-0.1319645337923169,0.15254416901533924,0.5297057288912836
-0.9896320237508154,0.027097952679746167,-0.6450208314393637,-0.8445727532378037,0.28098135414175873
0.2995669112751113,-0.24185942436193014,-1.1879033013914302,0.3254508410037707,-0.6131460839774918
-1.3169420797764717,-0.3204182997938814,0.9245354835313376,-0.8300239372776871,1.6180618552857429
-0.5321041845231679,0.4763888365641044,-0.822171194850464,-2.53633243705495,-1.3548448553347605
0.13438750921690784,1.5078122042995408,-0.4063673847974074,-0.17728863397464625,-0.8615006116468159
0.3171830189545943,-0.7962065703276963,0.801263856804446,-0.569885888264915,0.7633195645448562
0.044471685286838765,-0.21976336091493084,0.7925135736956312,-1.6119475178974816,-0.11360837108896359
0.1817888821405466,-0.23761693005634033,0.11971112917131242,-0.8024116044765147,0.9268774182264774
-0.07943481411902657,0.6653283407344708,-1.5828014781513047,1.5388055857423624,0.35196021002391087
-0.2045964808624291,0.7266012249068785,0.8657783771503257,0.23953252076383375,1.6138926582028983
-1.2710650033100872,1.3100682076761747,-0.12631954353924646,-0.9388239940871791,1.0548199066120145
1.1713647707790957,-1.3338583249654694,-0.23737995569724044,-0.8735623171938163,-0.6778609839591229
-0.6590773049881923,0.023072781235339318,-0.7379635298559726,-1.1281010821630924,-0.16650976409766155
0.3378568237682394,0.8692887675059915,0.7714253516446439,-0.44563783823065717,-0.5229904432910132
-2.7207312101236965,1.5984551933117923,0.9688205324690158,-0.7803764243550204,-1.3875820779913959
-0.9823420226225983,0.8890867606373873,0.537659953972471,-1.437148064126868,-0.5494928747218285
-1.134350647312995,-1.0605203017879112,-0.5895115547815122,2.4263608473978158,0.23240472772019496
-0.6641354558098542,0.356693343690128,0.305493108556484,1.0969110194402432,-0.36435793184720183
0.3522477068417412,0.07706659553156045,-0.3060263314988995,-1.5166041814983382,-0.2966654819993033
0.35136965507659607,0.9094261567871095,-1.176021100890677,0.7750141757233867,-0.27908677013990424
-2.1096355694174482,1.1794151366373975,0.23543784036225848,-1.2939424521517007,0.2588711521102269
0.6252129502890821,-2.6331927008576583,-0.606085445233247,-0.7467538523202847,-0.8765765148462122
0.7084431356595081,-0.8670545698898985,1.9200230854104168,1.0443387183735364,-0.8721642901756541
1.2097965452602395,1.1081362747647265,0.7343806037246127,0.7268976345081427,1.2212576833340851
