1.338730273775077,-2.429245630166306
-0.19404483338307624,1.451383513108218
0.5522397862000602,-0.8229564013077297
-0.3643604892611977,0.06830768995985849
-1.8695483332782719,0.01412731611424223
0.6371028538261059,-1.6899797252880844
0.17791544116281038,-0.36600680910359223
-0.8578353074460878,-0.7206857882626839
-1.8834502850732526,0.9445905798298183
0.02661523010291623,2.3716915514895436
-0.09494627984922899,0.6682321080183437
0.0038491376420187982,-0.5660281100391888
-0.9428062889306968,1.4716768161870806
0.9509338940168672,-1.2096539330458618
-0.8795649840664392,-0.20742373732204525
0.23400784231674676,0.8440134343774573
0.640342190220528,1.5826568449921972
-0.2852565705284257,0.30345306233584207
1.6181308419882308,-1.0749262942752034
-0.04644726043458603,0.6857627665512691
0.6371055179644388,1.5515828111888454
0.7437619404169993,-1.401184460479075
0.5318573919075983,0.27745732362127506
1.9405754363824668,-0.15483762643260773
0.9500444608700542,0.6747340673499601
0.2904581015713823,0.41725030831276944
0.6435819237431362,-0.13632955458198376
-0.389375505969,-1.4841909271174265
0.6608365808603679,-1.1447640733563431
-0.24262698162872892,-0.12610993891809602
-2.3817658816550495,0.9342449119048137
0.8437727853961877,-1.196313164469529
0.3764721538632865,1.023659603266348
1.2144711033902074,0.5479670575746545
2.010069204717109,1.2204954930133192
0.529946562997512,1.2063624545171703
-1.6393018755191906,-0.4118574753709287
1.0804466350621396,-0.5453226973238245
0.3643467534418897,2.2281796646289016
-1.3035732151040558,1.3767265117592211
0.8318549726944362,1.7108055385202623
-0.9330093644772903,-0.9211738358048415
0.20969624701086698,-0.6493387541311538
-0.44570826377275735,0.869263313845344
-0.717938045843587,0.1039536872580224
1.7321191568248218,-1.147626260377757
0.3429376428556453,-0.3583671545642127
-1.4657206698962122,0.895724158527881
0.9127012853735225,0.9901744269385143
-1.7528807055251214,-0.10818804831741895
-0.7026726272542431,0.17913493283970539
0.38702672137912886,-0.16050401607604828
0.3957231574282121,1.6982137696905044
-0.9916387908843183,-0.6170879937653906
1.7559593733347816,-0.3983717037130678
-2.2024969515406903,-0.9759734845236189
-1.3771636475003732,-0.33830353311042555
-0.7777281338495848,-2.63374909631444
0.6627354230937393,0.8705261858792208
0.09036529084135007,1.1736632980993305
-0.11706415720633002,-0.5320593039125515
-0.027873023565015396,0.9332515908727858
1.1071736485035975,-0.5938890465972155
0.27994280314342423,1.255304266918238
0.2198068046758045,0.4404204576696508
-0.2194741996049384,-0.12286892216391314
0.7214983013282139,-0.7240321031741106
-0.4642954492662464,-0.628465500682871
2.5600709784609346,1.6743980607256308
2.352557149290037,-2.3181129536795764
0.8010049587776333,1.585511889100602
1.0064939335726097,-2.207451785191442
0.018989548147879707,0.05384348597066483
0.5929711810255407,-1.981404659155857
-1.8767304370625786,-0.19083507876561642
1.284958246345764,-0.4146174703603337
0.8032948065143648,-0.5840881217448899
0.35911122694106945,0.35021107787391315
-0.3413633961756202,1.6020522640612327
1.0988867796674469,1.3845499015411034
0.290763008914374,1.4185811242512298
2.5710932659026215,0.2247505336809453
0.26769852692134055,-0.20917842575503087
0.6916567498595239,-0.8206705726452633
0.43362375605293696,1.8624578020604867
-0.643151070114229,2.2817593349125613
-0.6656302892231236,0.3985158072939503
0.6704207290430331,-0.5911901153233353
-0.7615280891325561,-0.3468348143314272
-1.5371054214475628,-0.7874928502745073
0.8077567945016727,-0.9753077137941726
0.10668926872751681,-0.666754228200929
-0.6999279362214946,-0.6792791958205645
1.419966042903117,-1.660261652228338
-0.8704408917927966,-0.5866249817469663
-1.3522673409717145,1.789646426048027
-0.7652038300010244,0.1410383889180769
0.15532581160569472,0.8268754476880648
0.22442429597052965,-0.45340021401656444
0.4787751363590864,0.8676054570355586
1.0584748267630304,-1.4527004005743334
-1.3147319027211497,0.2045202169240212
-1.297530148819941,-0.5439544440894358
0.3776410974812796,0.027814722068163284
0.10511128517024658,2.052400022758151
0.09638995426133584,-0.1354089653753966
-0.4148782307539299,-0.11058846732572203
0.775154852973342,-1.219503368033793
0.5607417578020543,0.9126784842004992
0.41134025487072173,0.92976091047316
0.4825618561972938,0.4702969330225082
1.9817204682128071,-0.8174355111376179
0.39106956617182803,0.8879798064584924
0.2107775162822604,-0.2858632379025649
1.9736001897165114,-0.1159170815264447
0.6392416110868323,1.2841824964862965
-0.8865737999739897,-1.2328310514286138
-0.03039514580259647,-0.298709973903538
-0.8251283556805987,-0.8619877512208292
-0.19498854333687943,-0.851262811700728
2.901895699316525,-2.548935564929919
0.8016466832609405,0.27017030890346755
-0.7250882381014205,0.2380297695381043
1.1391532246720666,-0.4613439098664852
-0.03277852822728556,-0.028209735505372778
-1.3144074545811235,-0.32526408164079995
-1.0414439554753545,0.5210975940297914
2.0990333949472224,0.3378750202031818
-2.1362266199302917,-0.25726044400430087
0.5858372602863423,-0.7908511910026306
-0.1201199892594498,0.9301540548725514
-0.9805941922529755,-0.40978347804193593
-1.22677299310142,-0.05138421076055322
-1.4712945452404471,-2.4184881134626046
-0.6015607757725686,-1.6002135309581744
-1.8877474559794258,0.10024927493855577
0.9546103258560169,-2.006543255637195
-0.13298063631067386,0.23959161367329218
0.5711607287438022,1.4825260282451629
-0.3260763715984288,-1.2391584708808359
0.637427366507767,1.3287467387846863
-1.6652794995987559,-0.9651973314485027
1.1007581151196266,-0.06351264054750717
-0.39766752506946246,-0.5118451292837457
0.9539404669660603,-0.6700461714121049
-0.5494025328261695,2.0885066023585552
-0.4460607260559769,-0.6430307330586568
0.7809976416808517,-1.665273687792007
-1.293174019763292,-0.5301257999659348
0.1832849776074522,-0.14769230765759547
0.8391462034628034,-1.3842661234321658
-0.5293260650060833,-0.7977839995375249
0.45136900325935775,0.18461191494709145
-1.7150817497969117,-0.6366810230186581
-2.0004257686180664,0.35994259375855764
0.7404199985860653,1.2348516738509783
-0.12767285855867844,-0.24294913913644123
-0.18620154005902173,0.036127646377443694
0.12409856230373342,-0.23087428753986122
-0.9221060757079833,0.21956507464980052
-1.8237132992907095,0.06458641823452495
0.5936117514096967,-0.14998000651134055
-1.3335818735190923,-0.545822937982758
-0.33603500170186246,-0.8638714388662544
-0.6065058681545193,0.38107516357746646
1.5359268386922678,-0.5254630491455894
0.9896990199492163,-0.06468955543373586
-0.9092305503099544,0.5927373696288315
1.570286795380679,-0.31151330867021926
0.3921336271845265,-0.3517049317795397
0.34218397671211054,-0.4280361709332568
0.39322913475078347,-1.020652514571638
0.6888910809842644,-0.4715318044521538
0.11923192498983437,-1.3025648578547293
-0.48966585548650815,-0.07988096886385143
-0.692102071913937,1.508136117221427
0.790625747041918,-0.5002971900686634
-0.7478814484911235,-0.3328657059051655
0.45130981203733267,-2.3526173322552193
-0.5345642215742064,-0.4604342398915612
-0.5042705176058203,0.21565304575092792
-1.7904840866835938,1.0557716374506467
0.7511814836388995,0.863571083149768
0.8041697793625745,1.4920132425880335
1.0277308147900546,0.6156895820421545
0.4873235879872823,-0.8479063126933939
0.2898880547008312,-1.0798601545378375
0.46878681611781947,-0.5149567998783411
2.6248858278646674,-0.13818625490474726
1.358332208875435,0.9758734688010571
1.0984308409983612,0.10999206022460017
-0.9810870250503926,-1.2951218016933728
1.6364753409830826,-0.7518788708757514
-1.1359112799597852,0.9854303858675987
0.224494498413214,0.6466347593691636
0.2174901010742454,0.7517017078511712
-0.960727621253058,-0.9529777331680575
-1.478274238656702,-0.775668546517328
0.6518378025735424,-0.9047746151925969
0.8974372740565559,0.8141969437306437
