-0.3662253425406389,0.07901407177767768
-0.12311153171795348,-0.49166048890874875
0.969752421863736,-0.04214624333591928
1.1730800175234606,1.0179998405166697
-0.3272674369633618,-2.98877393791711
0.13341001994786067,0.10361294940867147
0.034649380370671945,-0.29747147623587494
-0.4984793104536536,-1.2630991638075095
-0.672924958527521,0.9369135857760654
1.18335345499676,-0.8447579406825356
0.28577809519202924,0.09745899152677925
-2.3906299994829467,-3.0086285565642323
-1.0991488936484566,0.43703023523852086
0.46202237638258703,0.3060546498734363
-0.2966202933810567,0.0675210036940238
0.8920803723803644,-2.24832591744739
-0.005611240893585338,0.8803057349432861
1.501155530425875,-0.19177355455428313
-0.05921446843325202,-0.026424500028953617
1.47823323279162,0.43162341103150886
-0.37954573844227757,-1.1184557271501188
-1.6818113742630967,-1.0489098790859575
-0.9235363053762989,0.46754890460581294
0.624964624491206,1.6734448777186834
1.2491516683677664,0.7964466087179009
0.04671551497794877,-0.7209291443611572
-0.24642809662544973,-0.039860091981250304
-0.17221734612979955,0.8614996410848319
-0.571878927217619,-0.22074677546862373
0.5795921582313968,0.09254167116021342
0.18195949433953168,-0.8719369338507621
-1.1886261510907494,0.31886601773933476
-1.6562442711259246,-0.0963361605934893
0.18564503443392535,-1.4983494099083567
0.7996989231169955,0.21655215595284882
1.017118349506165,1.4820632675503653
-0.07070101862044859,0.5971081613467197
-0.7139583872417224,0.7459080903373655
0.3035955778175376,-0.9085280589816569
0.1863608584439235,-1.0515854841504417
1.4828129533893204,0.3019265568892044
-1.5024044672056458,1.2806951097510835
-1.042663268054914,0.5931438614910277
-0.5852478863648309,1.264005402405473
0.9134135612713012,-0.7854518977435762
0.15741020102797634,-1.1073167841954816
0.29083547430274004,0.6523577791724416
0.10670148477479509,-1.3508862788764344
0.21549137596742957,-1.1545717654488719
0.6915037467162161,1.6083055693740789
0.5005494979636602,-0.9821777193993264
-3.0503357564323057,-0.621036816952132
-0.8702538835499236,-0.2109311402995914
-0.6129516153705873,0.2891049079687275
1.1624080962363115,1.5501109359320917
-0.3944479627755306,0.133052578132167
-0.1361258193911692,0.1899195986863106
-0.24512148658380098,0.4087491706306616
-0.8161659920326351,-1.1321694133308489
0.9044536373544183,-1.48669731915448
0.1686919954226939,-0.013355338777026915
0.21542735362170734,1.7594378126254688
-1.075354169919262,0.4431247315281754
-0.25605811683394303,0.4351000156544297
0.9827041463023192,-2.612074986717871
-0.5686198548502869,0.13488716351293084
-0.3347336762702122,2.2551688753677674
0.10811355533893117,0.6806282874815218
1.1295583662594624,-1.9459200611020544
-0.2074723097970172,-0.11862787098828122
0.5539434229644066,0.005259224847299255
-0.0889759185521219,2.810402844435547
-0.8494340005449345,-0.2568894673075474
-1.0978315746829852,0.4663923038947513
-0.37155401852493075,-1.992538476965952
1.8207330837963354,1.7490171128551637
-0.7723264684862642,-0.16437928906759433
0.2720332114772543,0.62052501171481
0.15726307129577208,-0.27995539038152184
-0.6550722038868209,-2.003060790703187
-0.107869095728244,0.23745887556350942
-1.6210413834783326,0.38252337095969874
2.217946454318753,0.5348092872392196
-0.4835755368194744,-0.565997814312941
0.25294363816376686,-0.017192475605046696
1.355334237216992,1.3633728423199438
1.1208152425225133,0.013961175084525221
-1.4138500156936615,0.19503481001339643
1.9355298883810994,-1.5754370180999329
1.4571189910163551,-0.26880345007358397
1.344385775874679,-0.6178370811908255
0.7299842508829512,0.4162183964154184
-2.4969538503348785,-0.5066772281133642
0.4266274345557498,-1.326719352848113
-0.19422405037617999,-0.796645954038734
1.976481104278597,0.0954779922969453
-0.8046582727298598,1.3976729390058473
-0.3841567836822597,-1.2051276421515347
0.2077761459635893,-0.7949000953044105
1.9174825593099654,0.35051471618016494
0.3845578997599374,1.5114853430038049
-0.17933104898336535,0.46383337419932874
1.222302891693521,0.29199087024170567
-1.2089365144460176,0.20532833966185035
1.141276818735685,-0.5180388807132841
-1.0760051382666893,0.8484200537728059
1.7819024828525991,-0.38766973655862813
-0.668335933809168,-1.1557502732089704
0.34542760314480475,-0.3314996083379834
0.31895762250951765,0.47069219453704464
-0.04150879437913574,-0.8613925435494559
-0.1529555169326405,0.860267963775477
-1.2459884462314976,-0.5009569926322458
0.5308269885057963,-1.350155467454747
0.09710341000547187,0.4004922948128348
-0.8771423535644031,0.3537794454433735
0.8934733378824731,0.2864303020935149
-0.02649547164594953,0.7541739031937896
-0.1073121649092708,-0.7280158470348246
-0.43286910447354676,0.15407036455829426
-2.12362816544109,0.1208147533585384
-0.16312171577194667,0.47776671709526475
-0.5724050911879234,-0.49871362722140267
2.3437678608678394,1.501083197480103
0.5239012501977337,-1.8001587846166598
-0.4474194102028771,-0.12006746466707319
1.4058367721422043,0.012922459182269117
0.7888014859041217,-0.07309996491694233
0.9493674941058412,0.8908620659674858
1.1176463122388498,-1.0238733438993723
0.9418616598132195,-0.08508567804459853
-0.6234480411319825,-0.9448055951069055
0.048896691562950866,-1.1169436625419913
0.04548344382621548,-0.29253172937756083
-0.5271441560574168,-0.3977904393789058
0.3322504924605626,-1.7808481190483656
-0.03566942349389985,-0.5821940339062053
1.0396913459466635,0.24056962594843592
-1.0566396759206875,0.9902987846215308
-2.4573933583781473,0.3520096632061909
0.9256037548762008,-1.568037745488869
0.06336810023835178,-0.8711624347912273
1.4009234160691417,1.7952595303671097
-0.0981316357195305,0.13804426435384118
0.5496531912739832,-1.1737975352361836
0.2623669168404325,0.9892576372081412
1.5856402786932777,-0.9416207221556137
-0.32171494136550227,1.5591050791059105
0.6656677238094044,-1.1866086132699425
0.5653052940923854,0.4320324627825448
-0.23740725206623015,0.494441108526951
-0.09394949695369337,1.4236492763156523
0.41823085392479264,-0.17579610549238991
0.5989684810357102,1.6005071457079767
-0.9834813879140205,0.0737643553415994
-0.9784094037228073,0.53140296387937
0.6694646035035715,-1.0560578116850616
0.682330478352492,-0.47713485507805137
0.747886817476453,-1.3436859251697892
-0.8491345638529163,1.3589532981780459
-0.3658931151452919,0.16632222341100503
-0.22808616996021622,0.9185244867373887
0.5417170484594372,-1.3589847346899084
1.3804042261044869,-0.05110852807718027
-0.24242576482247435,-1.990547111563282
-1.478866026172574,0.5879430014272647
-1.293536604633276,-0.8042732841567314
-0.21003210773696562,0.6115059693313907
-1.021597748745798,-1.2422127725568688
1.1632436969746354,-0.14091512819571894
-0.27265250119968765,-0.8592646219932235
0.6808893477621493,-0.18462155551869477
-1.047574571120896,0.818732642952145
0.8569883982454087,0.9171835446043884
1.2286943076728742,-0.015057781213800544
0.5801501597512719,-0.6854698689493115
0.12323978213750265,1.3886308886756205
0.9789472530116311,-0.01024098431808537
-1.5438192583488843,-0.12515828624022424
-0.021471033647926612,0.17387908170774985
-1.8647852575913872,-0.271107664924324
-0.3263425973350308,1.039107401157238
-0.6976724968022192,0.24150719257643669
0.4275959659767907,-0.5037155450487959
0.5433314536745817,-0.7452140929581391
0.45219231247808417,-1.1745427522219554
0.538524504696797,0.48322538759068523
1.4183358621031297,-1.4016046184799809
0.1807969295168732,0.19575693759685495
-1.083569625516937,2.0740729865447767
0.8650482725461489,0.03134182064982367
-0.40671350349044594,1.3697628496404626
-0.7615348109683374,-1.1911649043927282
0.9760614181773516,1.2894885527560784
0.3954941569653457,-0.9930509815684796
-0.9094441643636424,-1.253509039389908
0.16373216484299102,0.14637826280682759
0.22448020017478587,-1.0808922149159228
-0.44955514044475586,0.6438959574362906
0.18263966952810914,-0.3317828144198382
